Timestamp,Epoch,s,u,v
20200222-024846.885833,0,[0.02099861 0.01490595 0.01069905],"[[-0.8207601  -0.16369164 -0.53978306]
 [ 0.30150846 -0.02794839 -0.2981926 ]
 [-0.4830486   0.34840858  0.6960694 ]
 [ 0.04593244  0.9225159  -0.3676994 ]]","[[ 0.7059974   0.70313364  0.08468188]
 [-0.4552387   0.358962    0.8148032 ]
 [-0.5425179   0.6137994  -0.5735199 ]]"
20200222-024846.885833,1,[0.02095513 0.01712213 0.00982499],"[[-0.88147646 -0.25037557  0.3622465 ]
 [ 0.30862865  0.05503762  0.3791372 ]
 [-0.29800478  0.94174886 -0.1206954 ]
 [ 0.19733429  0.21769781  0.84289116]]","[[ 0.90196604  0.37743378  0.20976478]
 [-0.23957275  0.8415691  -0.48411438]
 [-0.35925263  0.38640073  0.8494894 ]]"
20200222-024846.885833,2,[0.02509568 0.01998292 0.00860186],"[[-0.7282831   0.54792315  0.35659164]
 [ 0.36838257 -0.15207213  0.5736567 ]
 [ 0.57619476  0.80319786  0.02824848]
 [ 0.0435604  -0.17755981  0.7368601 ]]","[[ 0.82430035 -0.54526114  0.15237848]
 [ 0.5416607   0.6812318  -0.49247038]
 [ 0.1647199   0.48848087  0.85688615]]"
20200222-024846.885833,3,[0.03352043 0.02016535 0.00805682],"[[-0.6121766   0.66216725  0.37614092]
 [ 0.41036853 -0.19303267  0.6852856 ]
 [ 0.66408354  0.6855428   0.04116582]
 [-0.12581979 -0.23303233  0.6222594 ]]","[[ 0.7101712  -0.6970795   0.09867724]
 [ 0.6293308   0.56572527 -0.5328206 ]
 [ 0.31559405  0.44049448  0.8404553 ]]"
20200222-024846.885833,4,[0.04280796 0.02018674 0.00780308],"[[-0.5759281   0.68530035  0.39271986]
 [ 0.4378439  -0.20076123  0.74290943]
 [ 0.65593326  0.65245515  0.02662858]
 [-0.21529353 -0.2536936   0.5414309 ]]","[[ 0.67341006 -0.7365582   0.06325392]
 [ 0.6337922   0.53116626 -0.56228995]
 [ 0.38056087  0.41874135  0.8245176 ]]"
20200222-024846.885833,5,[0.05228299 0.02018627 0.0076776 ],"[[-0.557203    0.6943675   0.4060768 ]
 [ 0.45574188 -0.20269258  0.7760734 ]
 [ 0.63848805  0.63694996  0.00620581]
 [-0.27231818 -0.2665783   0.4824662 ]]","[[ 0.6543942  -0.7551021   0.03985957]
 [ 0.6293513   0.51467913 -0.5822563 ]
 [ 0.41914806  0.4061108   0.81202775]]"
20200222-024846.885833,6,[0.06160456 0.02017698 0.00760799],"[[-0.54688764  0.69830465  0.41582638]
 [ 0.46643993 -0.2031408   0.7952765 ]
 [ 0.6227596   0.62863886 -0.01162561]
 [-0.30906072 -0.27553216  0.4410087 ]]","[[ 0.64270204 -0.765755    0.02352769]
 [ 0.62410885  0.50551265 -0.595773  ]
 [ 0.4443226   0.39758825  0.8028083 ]]"
20200222-024846.885833,7,[0.07108912 0.02017598 0.00757058],"[[-0.5385234   0.70176077  0.4232818 ]
 [ 0.4735399  -0.20372103  0.8073093 ]
 [ 0.6110892   0.6219891  -0.02756523]
 [-0.33514518 -0.28135222  0.41027355]]","[[ 0.6338045  -0.7734018   0.01190117]
 [ 0.6195965   0.49843016 -0.606356  ]
 [ 0.46302488  0.39168513  0.7951043 ]]"
20200222-024846.885833,8,[0.08034073 0.02017305 0.00754957],"[[-0.5324917   0.7040173   0.42934865]
 [ 0.47882494 -0.20386432  0.815504  ]
 [ 0.6011013   0.6172304  -0.04154202]
 [-0.35476255 -0.2860517   0.3858589 ]]","[[ 0.6273191  -0.7787557   0.00317416]
 [ 0.61577696  0.4935298  -0.6142043 ]
 [ 0.47674865  0.38725665  0.7891406 ]]"
20200222-024846.885833,9,[0.08968911 0.02016333 0.00753801],"[[-0.5285988   0.7049232   0.43472564]
 [ 0.4833077  -0.20341541  0.8213895 ]
 [ 0.5916004   0.61420333 -0.05407949]
 [-0.37014273 -0.2906202   0.36525095]]","[[ 0.62239885 -0.7826885  -0.0042912 ]
 [ 0.61234134  0.4903379  -0.6201669 ]
 [ 0.48750162  0.38336346  0.7844581 ]]"
20200222-024846.885833,10,[0.09916184 0.02016439 0.00753338],"[[-0.5240511   0.70684093  0.43899807]
 [ 0.48649788 -0.2036399   0.8255976 ]
 [ 0.5850017   0.6105542  -0.06539115]
 [-0.3827053  -0.29347855  0.3484147 ]]","[[ 0.6180065  -0.78611356 -0.00967165]
 [ 0.60960484  0.48693916 -0.6255176 ]
 [ 0.49643743  0.38067806  0.78015006]]"
20200222-024846.885833,11,[0.10849875 0.02015896 0.00753042],"[[-0.52133316  0.70763606  0.44268143]
 [ 0.48904318 -0.20346057  0.82872885]
 [ 0.5788383   0.608249   -0.07496427]
 [-0.3924218  -0.29645976  0.33409855]]","[[ 0.6146247  -0.78868675 -0.01449221]
 [ 0.60718596  0.48474908 -0.62955844]
 [ 0.50354934  0.37814263  0.77681804]]"
20200222-024846.885833,12,[0.11765369 0.02015573 0.00753166],"[[-0.5188018   0.7085225   0.4458303 ]
 [ 0.4911483  -0.20335731  0.8310335 ]
 [ 0.5738884   0.6060803  -0.0836243 ]
 [-0.40033737 -0.29884505  0.32190895]]","[[ 0.611773   -0.79082096 -0.01833262]
 [ 0.60516536  0.48282465 -0.6329735 ]
 [ 0.5094201   0.37614182  0.77395636]]"
20200222-024846.885833,13,[0.12680985 0.02015388 0.00753429],"[[-0.51651114  0.7094323   0.44852883]
 [ 0.49281174 -0.20334826  0.83281773]
 [ 0.5698872   0.6040428  -0.09141627]
 [-0.40691754 -0.30081227  0.31125525]]","[[ 0.6092954  -0.7926514  -0.02152013]
 [ 0.6034238   0.48110527 -0.6359384 ]
 [ 0.5144309   0.37448853  0.7714398 ]]"
20200222-024846.885833,14,[0.13528761 0.02015152 0.00753435],"[[-0.51504606  0.71004194  0.45059597]
 [ 0.49368444 -0.20337555  0.8343759 ]
 [ 0.5667414   0.6024394  -0.09770347]
 [-0.4120771  -0.30256534  0.30205023]]","[[ 0.60732347 -0.7940878  -0.02413974]
 [ 0.6020122   0.47982487 -0.6382394 ]
 [ 0.5184009   0.3730853   0.76945937]]"
20200222-024846.885833,15,[0.14411615 0.02014892 0.00754061],"[[-0.51338285  0.7106833   0.4528057 ]
 [ 0.49504623 -0.20324916  0.8354481 ]
 [ 0.56363606  0.60088086 -0.1043914 ]
 [-0.41675165 -0.30423933  0.293422  ]]","[[ 0.6055114  -0.7953945  -0.02653076]
 [ 0.6006758   0.47863793 -0.6403863 ]
 [ 0.5220583   0.3718248   0.76759475]]"
20200222-024846.885833,16,[0.15317021 0.0201482  0.00754867],"[[-0.51156783  0.71151495  0.45481572]
 [ 0.49630862 -0.20322226  0.8362341 ]
 [ 0.56116205  0.5992257  -0.11078805]
 [-0.42080146 -0.30557486  0.28562424]]","[[ 0.6038251  -0.79660577 -0.02854665]
 [ 0.5994699   0.47741812 -0.6424236 ]
 [ 0.52538687  0.37079862  0.7658181 ]]"
20200222-024846.885833,17,[0.16155212 0.02014553 0.00755781],"[[-0.51025975  0.71202934  0.45667943]
 [ 0.49748242 -0.20300537  0.8369102 ]
 [ 0.5585631   0.5979221  -0.11683096]
 [-0.4244448  -0.30707014  0.27816463]]","[[ 0.6024787  -0.7975584  -0.03033236]
 [ 0.5984449   0.47656044 -0.64401394]
 [ 0.52809393  0.36985245  0.7644122 ]]"
20200222-024846.885833,18,[0.17021382 0.02014605 0.00756503],"[[-0.5088275   0.71283627  0.45814016]
 [ 0.49817398 -0.20308109  0.8374903 ]
 [ 0.55705124  0.5964314  -0.12207092]
 [-0.42733052 -0.30804643  0.27169105]]","[[ 0.6011623  -0.7984954  -0.03176847]
 [ 0.5975262   0.47554493 -0.6456158 ]
 [ 0.5306285   0.36913735  0.76300144]]"
20200222-024846.885833,19,[0.17871173 0.02014648 0.00757603],"[[-0.50733256  0.7136451   0.45962   ]
 [ 0.4991162  -0.20304017  0.8378332 ]
 [ 0.5555504   0.5949926  -0.1274402 ]
 [-0.42995447 -0.30898076  0.26560155]]","[[ 0.5999967  -0.7993217  -0.03299935]
 [ 0.5966954   0.47461247 -0.6470686 ]
 [ 0.53287786  0.36854842  0.7617175 ]]"
20200222-024846.885833,20,[0.1863489  0.02014668 0.00758378],"[[-0.5063547   0.7142756   0.46072173]
 [ 0.49950233 -0.2030281   0.83833027]
 [ 0.5543545   0.5937666  -0.13195635]
 [-0.4321961  -0.30988845  0.2598561 ]]","[[ 0.5990534  -0.79998636 -0.0340114 ]
 [ 0.5960234   0.47387907 -0.64822423]
 [ 0.53468794  0.36804923  0.7606894 ]]"
20200222-024846.885833,21,[0.19465967 0.02014534 0.00759559],"[[-0.505301    0.7148133   0.46205044]
 [ 0.5003802  -0.2028554   0.83851737]
 [ 0.5529409   0.59264255 -0.1368814 ]
 [-0.43421996 -0.31091237  0.25428513]]","[[ 0.59812677 -0.80063164 -0.0351196 ]
 [ 0.5953179   0.47322682 -0.64934826]
 [ 0.5365082   0.36748517  0.75967985]]"
20200222-024846.885833,22,[0.20293537 0.02014634 0.00761059],"[[-0.50379777  0.7156539   0.46337897]
 [ 0.5014103  -0.2027274   0.838558  ]
 [ 0.5516136   0.5912403  -0.1422028 ]
 [-0.43646076 -0.3117304   0.24875395]]","[[ 0.59724414 -0.80125487 -0.03591782]
 [ 0.5946831   0.47242877 -0.6505098 ]
 [ 0.53819275  0.36715344  0.75864804]]"
20200222-024846.885833,23,[0.21151386 0.02014596 0.00762405],"[[-0.5026474   0.71629536  0.46458796]
 [ 0.502284   -0.20258649  0.8385713 ]
 [ 0.5505055   0.5900564  -0.14702307]
 [-0.43817803 -0.31259114  0.24359979]]","[[ 0.5964195  -0.8018294  -0.03678829]
 [ 0.5940664   0.47177392 -0.6515476 ]
 [ 0.5397858   0.36674106  0.75771517]]"
20200222-024846.885833,24,[0.22001453 0.0201438  0.00763502],"[[-0.50199467  0.71666265  0.4656335 ]
 [ 0.50289696 -0.20241575  0.83864397]
 [ 0.54955786  0.58915794 -0.15121715]
 [-0.43941098 -0.3135532   0.23873651]]","[[ 0.59569144 -0.8023267  -0.03772968]
 [ 0.5934936   0.47132143 -0.6523967 ]
 [ 0.5412181   0.3662348   0.7569379 ]]"
20200222-024846.885833,25,[0.22652851 0.02014371 0.00764765],"[[-0.5013521   0.7171514   0.46639684]
 [ 0.50326973 -0.20220001  0.83882207]
 [ 0.54864615  0.58819896 -0.15522456]
 [-0.44085512 -0.3143743   0.23400289]]","[[ 0.59516954 -0.8026907  -0.03822297]
 [ 0.5931013   0.47086468 -0.65308285]
 [ 0.54222137  0.36602494  0.75632113]]"
20200222-024846.885833,26,[0.23375554 0.02014153 0.00765995],"[[-0.50096476  0.71742594  0.4672065 ]
 [ 0.50372016 -0.20192435  0.8389055 ]
 [ 0.5477657   0.5874492  -0.15904318]
 [-0.44187436 -0.31532478  0.22947975]]","[[ 0.59464246 -0.803048   -0.03891329]
 [ 0.5926726   0.4705398  -0.653706  ]
 [ 0.5432676   0.3656585   0.7557475 ]]"
20200222-024846.885833,27,[0.24238178 0.02014023 0.00767488],"[[-0.5001208   0.7179139   0.46819156]
 [ 0.504546   -0.20171158  0.83871305]
 [ 0.5470601   0.58649486 -0.16328415]
 [-0.44276157 -0.31612635  0.22515668]]","[[ 0.5940226  -0.80347294 -0.0396027 ]
 [ 0.59218943  0.47007546 -0.6544774 ]
 [ 0.5444712   0.36532202  0.75504357]]"
20200222-024846.885833,28,[0.25014344 0.02013788 0.00768857],"[[-0.49970335  0.71819353  0.46898597]
 [ 0.50510913 -0.201426    0.83864355]
 [ 0.54636675  0.58576614 -0.16703863]
 [-0.44344628 -0.31702343  0.22096987]]","[[ 0.593524   -0.80380905 -0.04025454]
 [ 0.59178084  0.4697701  -0.65506613]
 [ 0.5454584   0.36497557  0.7544986 ]]"
20200222-024846.885833,29,[0.25783107 0.02013727 0.00770077],"[[-0.49919525  0.71862745  0.4696109 ]
 [ 0.5054183  -0.20127358  0.83865786]
 [ 0.54597294  0.5848961  -0.1705918 ]
 [-0.44415104 -0.31774196  0.21683386]]","[[ 0.5930407  -0.8041411  -0.0407402 ]
 [ 0.5914154   0.46937746 -0.6556774 ]
 [ 0.54637975  0.36474895  0.75394124]]"
20200222-024846.885833,30,[0.26617682 0.02013926 0.00771628],"[[-0.49807754  0.71943563  0.47030813]
 [ 0.50600165 -0.20120817  0.8384637 ]
 [ 0.5457625   0.58367693 -0.17464156]
 [-0.44499937 -0.31819686  0.2128123 ]]","[[ 0.59251153 -0.8045176  -0.04100914]
 [ 0.5910494   0.46875802 -0.6564501 ]
 [ 0.5473489   0.36471587  0.75325406]]"
20200222-024846.885833,31,[0.2728175  0.02013819 0.00773434],"[[-0.49751356  0.7198335   0.47099617]
 [ 0.50666183 -0.20080882  0.83827907]
 [ 0.54486597  0.58285385 -0.17867194]
 [-0.44597656 -0.31905684  0.20863159]]","[[ 0.59215814 -0.8047611  -0.04133258]
 [ 0.59075767  0.4684312  -0.6569457 ]
 [ 0.5480457   0.36459813  0.7528041 ]]"
20200222-024846.885833,32,[0.28014466 0.02013783 0.00775037],"[[-0.4969247   0.72030324  0.47158062]
 [ 0.50716305 -0.20054471  0.8381161 ]
 [ 0.5444083   0.5819791  -0.18237641]
 [-0.44662192 -0.31975815  0.20472398]]","[[ 0.5917716  -0.80502915 -0.04164567]
 [ 0.59045845  0.4680549  -0.6574826 ]
 [ 0.5487852   0.36448953  0.75231785]]"
20200222-024846.885833,33,[0.28655693 0.02013907 0.00776518],"[[-0.49640068  0.7208619   0.47191167]
 [ 0.50732464 -0.20034447  0.83811396]
 [ 0.5442037   0.5810523  -0.18571612]
 [-0.44727018 -0.32031006  0.20093273]]","[[ 0.5914432  -0.8052646  -0.04176046]
 [ 0.5902246   0.46762595 -0.65799767]
 [ 0.54939044  0.36452016  0.7518612 ]]"
20200222-024846.885833,34,[0.2942762  0.02013785 0.00778096],"[[-0.4959697   0.72123253  0.4724441 ]
 [ 0.5078029  -0.20006588  0.83791554]
 [ 0.5438856   0.58028466 -0.18918957]
 [-0.44759223 -0.32104033  0.19723392]]","[[ 0.59108025 -0.80551237 -0.04211945]
 [ 0.5899333   0.46732062 -0.65847564]
 [ 0.55009353  0.36436424  0.7514225 ]]"
20200222-024846.885833,35,[0.30152646 0.02013788 0.00779763],"[[-0.49541014  0.7217234   0.47290376]
 [ 0.50823367 -0.19980231  0.83772   ]
 [ 0.5435471   0.5794009  -0.19277109]
 [-0.44813457 -0.32169724  0.19345959]]","[[ 0.59074914 -0.8057447  -0.04232186]
 [ 0.58967996  0.4669488  -0.65896624]
 [ 0.55072075  0.36432734  0.7509809 ]]"
20200222-024846.885833,36,[0.30850932 0.02013912 0.00781672],"[[-0.4946568   0.7223555   0.47332102]
 [ 0.5087542  -0.19951436  0.8374514 ]
 [ 0.543248    0.57840675 -0.19649202]
 [-0.44873735 -0.32224545  0.18982488]]","[[ 0.59043646 -0.8059711  -0.04237115]
 [ 0.5894503   0.46648893 -0.659497  ]
 [ 0.55130136  0.3644155   0.750512  ]]"
20200222-024846.885833,37,[0.3144879  0.02014103 0.0078373 ],"[[-0.4939016   0.7230224   0.47365382]
 [ 0.5092278  -0.19916427  0.8371985 ]
 [ 0.54277253  0.57738096 -0.20030437]
 [-0.4496067  -0.32280543  0.18608844]]","[[ 0.5901815  -0.8061624  -0.04228371]
 [ 0.58926654  0.4660121  -0.6599983 ]
 [ 0.55177057  0.36460245  0.75007623]]"
20200222-024846.885833,38,[0.31935996 0.02014207 0.00785588],"[[-0.49358484  0.7234892   0.47379276]
 [ 0.5093645  -0.19875908  0.83714116]
 [ 0.54225504  0.57655823 -0.20365298]
 [-0.4504232  -0.3234792   0.18232   ]]","[[ 0.5899978  -0.80630064 -0.04221243]
 [ 0.5891259   0.46565643 -0.66037494]
 [ 0.55211705  0.36475125  0.7497488 ]]"
20200222-024846.885833,39,[0.32626823 0.020142   0.00787188],"[[-0.4932878   0.7238976   0.47400987]
 [ 0.5095574  -0.19848415  0.8370108 ]
 [ 0.5421793   0.5757893  -0.20673096]
 [-0.4506214  -0.3241036   0.17885625]]","[[ 0.589735   -0.80648583 -0.04234687]
 [ 0.58892226  0.46533987 -0.6607795 ]
 [ 0.552615    0.36474574  0.7493845 ]]"
20200222-024846.885833,40,[0.33315915 0.02014221 0.00788987],"[[-0.49285707  0.7243641   0.47426507]
 [ 0.5098952  -0.19817036  0.8367784 ]
 [ 0.54198956  0.57495797 -0.21004677]
 [-0.45093906 -0.32472843  0.17537028]]","[[ 0.58948165 -0.8066669  -0.04242516]
 [ 0.5887258   0.46499312 -0.66119844]
 [ 0.5530943   0.36478758  0.7490106 ]]"
20200222-024846.885833,41,[0.33982444 0.02014232 0.00790871],"[[-0.49246553  0.724812    0.47448292]
 [ 0.5102482  -0.19781451  0.8365312 ]
 [ 0.5417969   0.57415843 -0.21331356]
 [-0.45119902 -0.32535973  0.17198485]]","[[ 0.5892495  -0.80683374 -0.04247674]
 [ 0.58854264  0.46465704 -0.66159755]
 [ 0.55353636  0.3648467   0.7486551 ]]"
20200222-024846.885833,42,[0.34593883 0.020142   0.00792737],"[[-0.4922628   0.72516906  0.47461557]
 [ 0.51049685 -0.19740951  0.8363468 ]
 [ 0.54158705  0.57345974 -0.21638362]
 [-0.45139092 -0.3260416   0.16864815]]","[[ 0.58905363 -0.8069741  -0.04252869]
 [ 0.58838093  0.4643758  -0.6619388 ]
 [ 0.55391693  0.36489442  0.74835026]]"
20200222-024846.885833,43,[0.35313883 0.02014281 0.00794715],"[[-0.491705    0.72571975  0.47482336]
 [ 0.51092505 -0.19709097  0.8360114 ]
 [ 0.54151475  0.5725579  -0.21974729]
 [-0.45160142 -0.32659367  0.16534422]]","[[ 0.5888116  -0.8071512  -0.04252064]
 [ 0.5881979   0.46398056 -0.66237855]
 [ 0.5543684   0.36500558  0.74796164]]"
20200222-024846.885833,44,[0.35966435 0.02014347 0.00796643],"[[-0.49133304  0.7262004   0.47491744]
 [ 0.51117724 -0.19673623  0.83577317]
 [ 0.5413649   0.5717234  -0.22295077]
 [-0.45190057 -0.32720113  0.16195586]]","[[ 0.5886075  -0.8073019  -0.0424842 ]
 [ 0.58804095  0.4636215  -0.66276914]
 [ 0.55475146  0.36512843  0.7476177 ]]"
20200222-024846.885833,45,[0.36548313 0.02014462 0.00798668],"[[-0.49097726  0.72670335  0.47492984]
 [ 0.51139885 -0.19633956  0.8355521 ]
 [ 0.54123265  0.57089317 -0.22607674]
 [-0.4521945  -0.3277716   0.158694  ]]","[[ 0.58843344 -0.80743504 -0.04236551]
 [ 0.58790857  0.46324435 -0.66315025]
 [ 0.55507636  0.3653127   0.7472864 ]]"
20200222-024846.885833,46,[0.3712101  0.0201471  0.00800981],"[[-0.4903421   0.72738045  0.47494838]
 [ 0.5117756  -0.1959184   0.8352102 ]
 [ 0.54102445  0.5698955  -0.22953224]
 [-0.45270628 -0.32825726  0.15544419]]","[[ 0.58825886 -0.80757606 -0.04210034]
 [ 0.58778447  0.46275192 -0.66360384]
 [ 0.5553926   0.36562493  0.7468986 ]]"
20200222-024846.885833,47,[0.37635922 0.02014938 0.00803207],"[[-0.48988688  0.7279857   0.47486725]
 [ 0.5119812  -0.19547838  0.8349592 ]
 [ 0.5407752   0.56896436 -0.23281428]
 [-0.45326406 -0.32879293  0.15212314]]","[[ 0.5881122  -0.807697   -0.04182978]
 [ 0.58767915  0.46229792 -0.6640135 ]
 [ 0.55565953  0.36593187  0.74654967]]"
20200222-024846.885833,48,[0.38142055 0.02015068 0.00805553],"[[-0.4895287   0.72849566  0.47481647]
 [ 0.51228243 -0.19495495  0.834649  ]
 [ 0.5403829   0.56812155 -0.23613502]
 [-0.45377794 -0.32943067  0.14883122]]","[[ 0.5879799  -0.8078045  -0.04161144]
 [ 0.58757293  0.4619025  -0.6643826 ]
 [ 0.5559117   0.36619383  0.7462334 ]]"
20200222-024846.885833,49,[0.3894913  0.02015246 0.00807727],"[[-0.4888082   0.7291733   0.4748971 ]
 [ 0.51278234 -0.19465889  0.8341858 ]
 [ 0.54060507  0.5671087  -0.2394436 ]
 [-0.45372546 -0.32985115  0.14585394]]","[[ 0.5877464  -0.80798113 -0.04148021]
 [ 0.5874035   0.46142533 -0.6648637 ]
 [ 0.55633754  0.3664056   0.74581194]]"
20200222-024846.885833,50,[0.39620093 0.02015357 0.00809927],"[[-0.48838538  0.7297056   0.47486058]
 [ 0.5131196  -0.19424906  0.83383036]
 [ 0.5406066   0.5662444  -0.24257477]
 [-0.4537979  -0.3304006   0.14279981]]","[[ 0.58757186 -0.80811554 -0.0413366 ]
 [ 0.5872691   0.46102604 -0.6652594 ]
 [ 0.5566637   0.36661202  0.7454671 ]]"
20200222-024846.885833,51,[0.40101457 0.02015471 0.00812265],"[[-0.4881862   0.7301594   0.47467676]
 [ 0.5133063  -0.19369672  0.8335731 ]
 [ 0.54033965  0.56547487 -0.24561456]
 [-0.4541185  -0.33103934  0.13968253]]","[[ 0.5874634  -0.80820626 -0.04110195]
 [ 0.58717877  0.46065396 -0.6655968 ]
 [ 0.55687326  0.36687955  0.7451788 ]]"
20200222-024846.885833,52,[0.40582833 0.02015509 0.0081452 ],"[[-0.48814768  0.730512    0.47447023]
 [ 0.51342106 -0.1931324   0.8333502 ]
 [ 0.54003936  0.56479055 -0.24853581]
 [-0.45438752 -0.3317584   0.13651054]]","[[ 0.5873635  -0.8082877  -0.04093153]
 [ 0.5870892   0.4603443  -0.6658901 ]
 [ 0.5570733   0.36708906  0.7449263 ]]"
20200222-024846.885833,53,[0.41243523 0.02015726 0.00816685],"[[-0.48769748  0.73112726  0.47428364]
 [ 0.5136159  -0.19276603  0.8330447 ]
 [ 0.5402411   0.5638537  -0.25151533]
 [-0.4544111  -0.33220962  0.13353364]]","[[ 0.5871992  -0.80841935 -0.04068636]
 [ 0.58697253  0.45988438 -0.6663106 ]
 [ 0.55736935  0.3673752   0.74456346]]"
20200222-024846.885833,54,[0.41888925 0.02015865 0.00819059],"[[-0.48728836  0.7316767   0.47413936]
 [ 0.5139527  -0.19229741  0.8326494 ]
 [ 0.5402216   0.5629725  -0.25463888]
 [-0.45449236 -0.33276567  0.13055982]]","[[ 0.5870502  -0.8085386  -0.04046414]
 [ 0.58685696  0.4594611  -0.6667041 ]
 [ 0.55764776  0.3676421   0.7442232 ]]"
20200222-024846.885833,55,[0.42475605 0.02015965 0.00821314],"[[-0.48708248  0.7321341   0.4739065 ]
 [ 0.5141228  -0.1918115   0.8323556 ]
 [ 0.5401955   0.5621835  -0.2575399 ]
 [-0.45455155 -0.3333733   0.1275536 ]]","[[ 0.58692586 -0.8086391  -0.04026069]
 [ 0.58675706  0.4590907  -0.66704714]
 [ 0.5578837   0.36788398  0.7439268 ]]"
20200222-024846.885833,56,[0.43111706 0.02016109 0.00823691],"[[-0.4867193   0.732672    0.47369933]
 [ 0.5144151  -0.19133575  0.8319728 ]
 [ 0.54022336  0.56131446 -0.260572  ]
 [-0.454577   -0.33392903  0.1246295 ]]","[[ 0.58678854 -0.80875057 -0.04002031]
 [ 0.58665043  0.45867094 -0.6674296 ]
 [ 0.55814034  0.36816216  0.74359673]]"
20200222-024846.885833,57,[0.4368043 0.0201621 0.0082593],"[[-0.4866044   0.73310435  0.47337812]
 [ 0.51449275 -0.19083884  0.83172846]
 [ 0.5402635   0.56055635 -0.26331723]
 [-0.4545644  -0.3345375   0.12167621]]","[[ 0.5866769  -0.8088426  -0.03979933]
 [ 0.58656037  0.45830628 -0.66775924]
 [ 0.5583524   0.3684142   0.74331266]]"
20200222-024846.885833,58,[0.44308215 0.02016386 0.00828518],"[[-0.48615545  0.7336929   0.4731485 ]
 [ 0.51487696 -0.19031145  0.83126307]
 [ 0.54020137  0.55963284 -0.2664976 ]
 [-0.45468324 -0.33509323  0.11879074]]","[[ 0.5865476  -0.80895126 -0.03949203]
 [ 0.58645976  0.45784426 -0.66816425]
 [ 0.5585936   0.36874974  0.7429649 ]]"
20200222-024846.885833,59,[0.4493273  0.02016534 0.00830861],"[[-0.4859087   0.7341996   0.4728205 ]
 [ 0.5150491  -0.18982697  0.8309449 ]
 [ 0.5403464   0.55880123 -0.26930732]
 [-0.45458004 -0.3356458   0.11595464]]","[[ 0.58642566 -0.80905247 -0.03923067]
 [ 0.58636504  0.45743182 -0.6685298 ]
 [ 0.5588211   0.3690395   0.7426498 ]]"
20200222-024846.885833,60,[0.45413285 0.02016654 0.00833432],"[[-0.48580697  0.7346375   0.472426  ]
 [ 0.5151982  -0.18919112  0.8306271 ]
 [ 0.54013485  0.55803573 -0.27220988]
 [-0.4547715  -0.33631918  0.11302293]]","[[ 0.58634543 -0.8091258  -0.03891543]
 [ 0.5862944   0.45703655 -0.668862  ]
 [ 0.5589793   0.36936828  0.74236727]]"
20200222-024846.885833,61,[0.45887858 0.02016855 0.00835887],"[[-0.4856842   0.73513275  0.47194883]
 [ 0.5152169  -0.18861642  0.83037645]
 [ 0.5400825   0.55721945 -0.2749841 ]
 [-0.4549434  -0.33691263  0.11010536]]","[[ 0.5862641  -0.8092024  -0.03854951]
 [ 0.5862308   0.45660245 -0.66921425]
 [ 0.5591316   0.36973736  0.7420689 ]]"
20200222-024846.885833,62,[0.46424007 0.02017091 0.00838503],"[[-0.4853832   0.7357093   0.47151738]
 [ 0.5154128  -0.18803854  0.83001107]
 [ 0.54008603  0.5563254  -0.27791324]
 [-0.4550385  -0.33745474  0.10731973]]","[[ 0.58616763 -0.80929095 -0.03815221]
 [ 0.5861572   0.45611957 -0.6696078 ]
 [ 0.55930954  0.37013924  0.7417343 ]]"
20200222-024846.885833,63,[0.468871   0.02017326 0.00841161],"[[-0.4851966   0.7362498   0.47100595]
 [ 0.51550424 -0.18740746  0.82969326]
 [ 0.53996086  0.55546105 -0.28080717]
 [-0.45528215 -0.33804974  0.10445172]]","[[ 0.58609104 -0.8093665  -0.03772293]
 [ 0.586097    0.4556402  -0.6699867 ]
 [ 0.559453    0.370564    0.741414  ]]"
20200222-024846.885833,64,[0.4726434  0.020175   0.00843672],"[[-0.4852911   0.73666036  0.470389  ]
 [ 0.51538455 -0.18674234  0.82952356]
 [ 0.53984207  0.554738   -0.28338307]
 [-0.4554577  -0.33870965  0.10158096]]","[[ 0.58603984 -0.8094218  -0.03733112]
 [ 0.58605194  0.45522997 -0.670305  ]
 [ 0.5595537   0.37094748  0.74114615]]"
20200222-024846.885833,65,[0.47631848 0.02017707 0.00846347],"[[-0.48529562  0.7371178   0.46977884]
 [ 0.51535994 -0.18603909  0.82927525]
 [ 0.5396345   0.55396307 -0.28611684]
 [-0.45572677 -0.3393693   0.09873246]]","[[ 0.58598995 -0.8094779  -0.03689373]
 [ 0.5860077   0.45478356 -0.67064655]
 [ 0.55965227  0.3713722   0.740859  ]]"
20200222-024846.885833,66,[0.48067892 0.0201785  0.00849099],"[[-0.4852689   0.7375517   0.4692281 ]
 [ 0.515474   -0.18532223  0.8289465 ]
 [ 0.53945506  0.55320567 -0.28889406]
 [-0.45583925 -0.34005436  0.09598403]]","[[ 0.58592945 -0.8095395  -0.03650656]
 [ 0.5859513   0.45435888 -0.67098373]
 [ 0.5597749   0.371758    0.74057287]]"
20200222-024846.885833,67,[0.48656332 0.02018067 0.00851744],"[[-0.48501286  0.73811185  0.46870655]
 [ 0.5156402  -0.18474315  0.8285621 ]
 [ 0.5395607   0.5523064  -0.29171935]
 [-0.45579836 -0.3406153   0.09326706]]","[[ 0.58583206 -0.8096277  -0.03610718]
 [ 0.5858766   0.4538714  -0.67137873]
 [ 0.5599549   0.37216085  0.7402342 ]]"
20200222-024846.885833,68,[0.4900241  0.02018315 0.0085451 ],"[[-0.4850521   0.73858523  0.4679937 ]
 [ 0.51555496 -0.18399909  0.82832146]
 [ 0.53933495  0.5515087  -0.29442632]
 [-0.45611987 -0.34128323  0.09043525]]","[[ 0.58579016 -0.80968    -0.03561145]
 [ 0.5858394   0.45338947 -0.67173666]
 [ 0.56003773  0.3726342   0.73993343]]"
20200222-024846.885833,69,[0.49507713 0.02018539 0.00857398],"[[-0.48484328  0.7391336   0.46741065]
 [ 0.5157528  -0.18330206  0.8278984 ]
 [ 0.5392307   0.55061984 -0.29734042]
 [-0.45624122 -0.341906    0.08774922]]","[[ 0.585715   -0.8097546  -0.03514801]
 [ 0.5857773   0.45288134 -0.6721335 ]
 [ 0.5601811   0.37308985  0.73959523]]"
20200222-024846.885833,70,[0.49929237 0.02018712 0.00860254],"[[-0.48484257  0.73958015  0.4667577 ]
 [ 0.5158365  -0.1825461   0.8275636 ]
 [ 0.53907907  0.54984343 -0.30006063]
 [-0.45632705 -0.342594    0.08508597]]","[[ 0.58566254 -0.80981165 -0.03470711]
 [ 0.5857278   0.4524247  -0.6724842 ]
 [ 0.5602879   0.37351984  0.7392972 ]]"
20200222-024846.885833,71,[0.5026522  0.02018945 0.00862987],"[[-0.48497897  0.74001765  0.46596104]
 [ 0.51567554 -0.18179293  0.82737654]
 [ 0.5389816   0.54908854 -0.3025613 ]
 [-0.45647892 -0.3432591   0.08237291]]","[[ 0.585626   -0.80985904 -0.03421269]
 [ 0.5856946   0.45195192 -0.6728309 ]
 [ 0.56036067  0.37398914  0.73900485]]"
20200222-024846.885833,72,[0.5084193  0.02019126 0.0086596 ],"[[-0.4847536   0.74055207  0.46537733]
 [ 0.5159812  -0.18107592  0.8268929 ]
 [ 0.5389781   0.5482073  -0.3054457 ]
 [-0.45637724 -0.3438938   0.07984471]]","[[ 0.5855429  -0.8099376  -0.03377522]
 [ 0.58562344  0.45144975 -0.6732299 ]
 [ 0.56052196  0.37442535  0.7386616 ]]"
20200222-024846.885833,73,[0.5157308  0.02019374 0.00869013],"[[-0.48421156  0.7412371   0.4648689 ]
 [ 0.5164995  -0.18044387  0.8262659 ]
 [ 0.53917354  0.5471638  -0.30851838]
 [-0.4561353  -0.34441233  0.07744646]]","[[ 0.58542657 -0.8100413  -0.03330354]
 [ 0.58553386  0.45087028 -0.6736959 ]
 [ 0.5607371   0.37489912  0.7382579 ]]"
20200222-024846.885833,74,[0.51971763 0.02019675 0.00872013],"[[-0.48411432  0.741798    0.46407863]
 [ 0.5165432  -0.1796655   0.82591915]
 [ 0.53908074  0.5462699  -0.31126052]
 [-0.45629856 -0.3450295   0.07486605]]","[[ 0.5853773  -0.8101004  -0.03272585]
 [ 0.5854935   0.45030883 -0.67410636]
 [ 0.56083053  0.37544572  0.73790896]]"
20200222-024846.885833,75,[0.52363116 0.02019886 0.00874798],"[[-0.4842707   0.742219    0.46323398]
 [ 0.516404   -0.17889942  0.82569677]
 [ 0.539043    0.5455084  -0.31372848]
 [-0.45633462 -0.3457262   0.07220433]]","[[ 0.5853359  -0.8101496  -0.03224111]
 [ 0.5854551   0.44983444 -0.67445636]
 [ 0.56091374  0.37590778  0.73761046]]"
20200222-024846.885833,76,[0.52838415 0.02020158 0.00877851],"[[-0.48413506  0.74278265  0.4624525 ]
 [ 0.5165228  -0.17812374  0.8252918 ]
 [ 0.5389981   0.5445931  -0.31650877]
 [-0.4563976  -0.34635907  0.06966498]]","[[ 0.58527577 -0.8102151  -0.03168236]
 [ 0.5854053   0.4492697  -0.6748759 ]
 [ 0.56102866  0.37644148  0.73725075]]"
20200222-024846.885833,77,[0.53210807 0.0202048  0.00880836],"[[-0.48413613  0.74332476  0.46154922]
 [ 0.51644254 -0.17732328  0.82500464]
 [ 0.53893375  0.5437103  -0.31912178]
 [-0.45656276 -0.34699258  0.06708683]]","[[ 0.58523476 -0.81026816 -0.0310733 ]
 [ 0.5853719   0.44869515 -0.67528677]
 [ 0.5611059   0.37701192  0.73690027]]"
20200222-024846.885833,78,[0.53588194 0.02020708 0.00883799],"[[-0.48426795  0.7437706   0.4606514 ]
 [ 0.51635903 -0.17649569  0.82473934]
 [ 0.53887415  0.5429214  -0.32161945]
 [-0.45658845 -0.34769398  0.06454515]]","[[ 0.58519804 -0.8103153  -0.03053449]
 [ 0.5853365   0.44818193 -0.6756583 ]
 [ 0.5611813   0.377521    0.73658234]]"
20200222-024846.885833,79,[0.5396279  0.02021067 0.0088704 ],"[[-0.4841552   0.7443772   0.4597374 ]
 [ 0.5164238  -0.17562488  0.8243501 ]
 [ 0.53874195  0.54196984 -0.32439554]
 [-0.45678985 -0.34832004  0.06209468]]","[[ 0.5851562  -0.8103709  -0.02985557]
 [ 0.58530176  0.44754648 -0.67610943]
 [ 0.5612612   0.37815514  0.7361961 ]]"
20200222-024846.885833,80,[0.54155713 0.02021345 0.00890011],"[[-0.48452893  0.7447668   0.45865482]
 [ 0.51607233 -0.17470019  0.8242279 ]
 [ 0.5385213   0.54124564 -0.32672155]
 [-0.45705158 -0.349078    0.05947508]]","[[ 0.58515364 -0.81039524 -0.02923924]
 [ 0.5852916   0.44702235 -0.676465  ]
 [ 0.5612745   0.37872243  0.73589426]]"
20200222-024846.885833,81,[0.54612833 0.0202166  0.00893217],"[[-0.48442018  0.74535006  0.45774597]
 [ 0.51616913 -0.17385532  0.8238175 ]
 [ 0.53849494  0.5402989  -0.3294508 ]
 [-0.45708817 -0.34972075  0.05705725]]","[[ 0.5851008  -0.8104561  -0.02860443]
 [ 0.58524764  0.44640478 -0.6769108 ]
 [ 0.56137556  0.37932035  0.7355092 ]]"
20200222-024846.885833,82,[0.5506932  0.02021976 0.00896335],"[[-0.48435697  0.7459172   0.4568019 ]
 [ 0.51619005 -0.17303646  0.823447  ]
 [ 0.53852344  0.5393621  -0.33209193]
 [-0.4570984  -0.3503638   0.05460678]]","[[ 0.5850491  -0.81051517 -0.0279782 ]
 [ 0.58520573  0.4457967  -0.6773474 ]
 [ 0.561473    0.3799085   0.73513097]]"
20200222-024846.885833,83,[0.55327517 0.02022357 0.00899826],"[[-0.48435804  0.74649954  0.455759  ]
 [ 0.51621485 -0.17201874  0.82304525]
 [ 0.5381721   0.5384212  -0.33489355]
 [-0.45748252 -0.35107055  0.05221434]]","[[ 0.5850312  -0.81055415 -0.02721216]
 [ 0.5851853   0.445123   -0.67780805]
 [ 0.56151295  0.38061473  0.7347351 ]]"
20200222-024846.885833,84,[0.5585806  0.02022653 0.00903193],"[[-0.48415717  0.74710864  0.45486236]
 [ 0.51646686 -0.17114542  0.82252544]
 [ 0.53815347  0.537425   -0.33772954]
 [-0.4574328  -0.35172775  0.04991337]]","[[ 0.5849694  -0.81062007 -0.02656765]
 [ 0.58513254  0.44448042 -0.67827505]
 [ 0.5616322   0.38122463  0.7343277 ]]"
20200222-024846.885833,85,[0.56206864 0.02022985 0.00906575],"[[-0.48419267  0.74765456  0.45381278]
 [ 0.51648104 -0.17017454  0.8221445 ]
 [ 0.53798074  0.53650695 -0.34039766]
 [-0.4575824  -0.35244015  0.04755831]]","[[ 0.58493966 -0.8106644  -0.02586089]
 [ 0.58510274  0.44383615 -0.67872244]
 [ 0.56169415  0.38188043  0.73393935]]"
20200222-024846.885833,86,[0.5654001  0.02023386 0.00909876],"[[-0.48421746  0.7482435   0.45269153]
 [ 0.5163881  -0.16923751  0.8218211 ]
 [ 0.53790236  0.53554696 -0.34298462]
 [-0.45775324 -0.3531003   0.04518855]]","[[ 0.5849101  -0.8107096  -0.02510603]
 [ 0.5850782   0.44315484 -0.6791888 ]
 [ 0.5617507   0.38257533  0.73353416]]"
20200222-024846.885833,87,[0.5679483  0.02023774 0.00913158],"[[-0.4843867   0.74877393  0.4515037 ]
 [ 0.5161828  -0.1682532   0.8215595 ]
 [ 0.53774774  0.53464615 -0.34547725]
 [-0.4579872  -0.35381094  0.04278023]]","[[ 0.58489513 -0.8107435  -0.02434957]
 [ 0.5850625   0.44249386 -0.67963326]
 [ 0.56178266  0.38326812  0.733148  ]]"
20200222-024846.885833,88,[0.57304806 0.0202416  0.00916557],"[[-0.48418498  0.7494384   0.45046234]
 [ 0.51634043 -0.16736144  0.82109433]
 [ 0.5378528   0.5335901  -0.34819767]
 [-0.45789972 -0.3544211   0.04057236]]","[[ 0.58483726 -0.8108071  -0.02360998]
 [ 0.5850172   0.44177946 -0.6801367 ]
 [ 0.56188995  0.38395694  0.73270506]]"
20200222-024846.885833,89,[0.57633626 0.02024472 0.00920127],"[[-0.48427856  0.74995583  0.44934574]
 [ 0.51639104 -0.16629373  0.82066256]
 [ 0.5375632   0.53267074 -0.35090658]
 [-0.45808336 -0.3552105   0.03828963]]","[[ 0.58481497 -0.8108444  -0.02287092]
 [ 0.58498913  0.44111574 -0.68059146]
 [ 0.5619424   0.38464084  0.7323061 ]]"
20200222-024846.885833,90,[0.57863206 0.02024997 0.00923709],"[[-0.48428282  0.7506283   0.44806343]
 [ 0.5162654  -0.16522764  0.8203171 ]
 [ 0.53734404  0.5316159  -0.35358286]
 [-0.45847744 -0.35586718  0.03602404]]","[[ 0.58480024 -0.8108805  -0.02194604]
 [ 0.5849774   0.44031492 -0.68111986]
 [ 0.56197     0.3854811   0.7318429 ]]"
20200222-024846.885833,91,[0.583704   0.02025411 0.00927151],"[[-0.48411244  0.75129855  0.4469367 ]
 [ 0.5163864  -0.16430277  0.81987584]
 [ 0.53750455  0.5305438  -0.35623524]
 [-0.45833322 -0.35648063  0.0338773 ]]","[[ 0.5847445  -0.8109413  -0.02116781]
 [ 0.5849342   0.4395704  -0.68163764]
 [ 0.56207275  0.38620204  0.7313837 ]]"
20200222-024846.885833,92,[0.58773565 0.0202588  0.00930648],"[[-0.4840286   0.75196874  0.44571152]
 [ 0.5163962  -0.16330959  0.8194991 ]
 [ 0.53758216  0.52948266 -0.35882366]
 [-0.45831957 -0.3571013   0.03175065]]","[[ 0.58470565 -0.81099105 -0.0203209 ]
 [ 0.5849041   0.43879506 -0.6821628 ]
 [ 0.56214464  0.38697866  0.7309179 ]]"
20200222-024846.885833,93,[0.5908267  0.02026247 0.00934094],"[[-0.48422033  0.75248694  0.44443652]
 [ 0.51625687 -0.1622518   0.8192047 ]
 [ 0.5375103   0.52856445 -0.36125895]
 [-0.45835847 -0.35785133  0.02952785]]","[[ 0.58468646 -0.8110243  -0.01953608]
 [ 0.5848828   0.4380989  -0.6826286 ]
 [ 0.562187    0.3876973   0.7305045 ]]"
20200222-024846.885833,94,[0.59475046 0.02026586 0.00937725],"[[-0.48427406  0.75304043  0.4432306 ]
 [ 0.51633793 -0.16116655  0.8187723 ]
 [ 0.53740823  0.5275916  -0.3638773 ]
 [-0.45832968 -0.3586115   0.02742008]]","[[ 0.5846562  -0.8110645  -0.0187503 ]
 [ 0.58485043  0.43738198 -0.68311554]
 [ 0.5622519   0.38842162  0.73006946]]"
20200222-024846.885833,95,[0.59974205 0.02027065 0.00941424],"[[-0.48403445  0.75377584  0.4420137 ]
 [ 0.51653314 -0.16014779  0.81826377]
 [ 0.5374966   0.52642864 -0.36663738]
 [-0.4582593  -0.35923234  0.02540932]]","[[ 0.58460367 -0.8111225  -0.01786353]
 [ 0.5848097   0.43654922 -0.68368316]
 [ 0.562349    0.3892369   0.7295605 ]]"
20200222-024846.885833,96,[0.6025972  0.02027481 0.00945115],"[[-0.48417133  0.7543436   0.44067731]
 [ 0.5164756  -0.15899383  0.81789625]
 [ 0.53731877  0.52544093 -0.36919722]
 [-0.45838827 -0.35999787  0.02330678]]","[[ 0.58458877 -0.81115204 -0.01698599]
 [ 0.5847907   0.4357798  -0.68419   ]
 [ 0.5623842   0.39003655  0.72910607]]"
20200222-024846.885833,97,[0.6074843  0.02027892 0.00948791],"[[-0.48406136  0.7549975   0.4394272 ]
 [ 0.51662534 -0.15794358  0.8174136 ]
 [ 0.53738064  0.5243408  -0.37186736]
 [-0.45826286 -0.36069295  0.02128171]]","[[ 0.5845426  -0.8112026  -0.01613776]
 [ 0.58475107  0.43498626 -0.68472856]
 [ 0.5624733   0.39081645  0.72861946]]"
20200222-024846.885833,98,[0.60945207 0.02028471 0.00952409],"[[-0.48422003  0.7556459   0.4379128 ]
 [ 0.5163278  -0.15679446  0.81715983]
 [ 0.5372627   0.5232714  -0.37432194]
 [-0.45856914 -0.36138943  0.01911795]]","[[ 0.58453625 -0.8112266  -0.015128  ]
 [ 0.58474624  0.43412316 -0.68528026]
 [ 0.562485    0.3917251   0.7281224 ]]"
20200222-024846.885833,99,[0.6122738  0.02028946 0.00956154],"[[-0.48436642  0.7562442   0.4364736 ]
 [ 0.5162092  -0.15560694  0.8168101 ]
 [ 0.5371068   0.5222308  -0.37685737]
 [-0.45873034 -0.36215466  0.017045  ]]","[[ 0.58452153 -0.81125426 -0.01418231]
 [ 0.5847291   0.43329614 -0.685818  ]
 [ 0.5625179   0.3925826   0.72763485]]"
20200222-024846.885833,100,[0.6161131  0.02029519 0.00959945],"[[-0.48425293  0.7569883   0.43504456]
 [ 0.51622856 -0.15447907  0.8163868 ]
 [ 0.5371474   0.52103823 -0.37950093]
 [-0.458781   -0.36280048  0.01508938]]","[[ 0.58448803 -0.8112956  -0.01316674]
 [ 0.5847039   0.43238285 -0.68641573]
 [ 0.56257904  0.39350307  0.72709024]]"
20200222-024846.885833,101,[0.6208349  0.02030047 0.00963739],"[[-0.48409656  0.75772077  0.43365538]
 [ 0.5163454  -0.15337072  0.81592065]
 [ 0.53726816  0.5198427  -0.38215506]
 [-0.45867306 -0.3634559   0.01318161]]","[[ 0.5844438  -0.8113426  -0.01219211]
 [ 0.5846692   0.43148527 -0.6870098 ]
 [ 0.56266105  0.39439026  0.7265458 ]]"
20200222-024846.885833,102,[0.6265552  0.0203053  0.00967585],"[[-0.4838504   0.7584649   0.43231624]
 [ 0.5166027  -0.15227912  0.81538075]
 [ 0.53745586  0.5186164  -0.3848744 ]
 [-0.45842278 -0.36411372  0.01133991]]","[[ 0.58438754 -0.8113968  -0.01124648]
 [ 0.5846242   0.43059102 -0.6876089 ]
 [ 0.5627663   0.3952551   0.72599417]]"
20200222-024846.885833,103,[0.627105   0.02031058 0.00971473],"[[-0.48425877  0.7590027   0.43066612]
 [ 0.51625806 -0.15091005  0.815137  ]
 [ 0.53707     0.51762706 -0.38728738]
 [-0.45883226 -0.36497074  0.00929923]]","[[ 0.5844063  -0.8113974  -0.01018422]
 [ 0.58462965  0.42971498 -0.6881521 ]
 [ 0.56274104  0.39620638  0.725495  ]]"
20200222-024846.885833,104,[0.6317595  0.02031563 0.00975471],"[[-0.48413768  0.75971586  0.42922902]
 [ 0.516447   -0.14969584  0.8146262 ]
 [ 0.53709215  0.51642334 -0.38998732]
 [-0.45872155 -0.3656907   0.00751266]]","[[ 0.5843668  -0.8114378  -0.00917201]
 [ 0.5845945   0.42878804 -0.68875986]
 [ 0.5628187   0.39712647  0.72493154]]"
20200222-024846.885833,105,[0.6353015  0.02032133 0.00979497],"[[-0.48411727  0.76042974  0.42768052]
 [ 0.5164853  -0.14841832  0.81418425]
 [ 0.53702015  0.51522124 -0.39263353]
 [-0.45878395 -0.36642274  0.00569892]]","[[ 0.5843421  -0.8114671  -0.00808406]
 [ 0.58457154  0.42782113 -0.68938017]
 [ 0.56286794  0.39810824  0.72435457]]"
20200222-024846.885833,106,[0.6398412  0.02032659 0.00983547],"[[-0.48402157  0.76114786  0.42617774]
 [ 0.51664793 -0.14716303  0.81368214]
 [ 0.5370329   0.51399606 -0.39532134]
 [-0.4586873  -0.3671582   0.00394039]]","[[ 0.58430547 -0.8115035  -0.00703123]
 [ 0.58453846  0.4268627  -0.6900023 ]
 [ 0.5629406   0.39906207  0.7237732 ]]"
20200222-024846.885833,107,[0.6445023  0.02033209 0.00987584],"[[-0.4839121   0.76188153  0.42464444]
 [ 0.5167945  -0.145913    0.8131838 ]
 [ 0.5370789   0.5127425  -0.3980014 ]
 [-0.45858386 -0.36788782  0.00218106]]","[[ 0.584267   -0.8115396  -0.00595868]
 [ 0.58450514  0.42588478 -0.69063437]
 [ 0.56301486  0.40003204  0.7231796 ]]"
20200222-024846.885833,108,[0.6470496  0.02033868 0.00991618],"[[-4.8399088e-01  7.6260746e-01  4.2293203e-01]
 [ 5.1665729e-01 -1.4456868e-01  8.1283164e-01]
 [ 5.3699237e-01  5.1151395e-01 -4.0054098e-01]
 [-4.5875636e-01 -3.6862352e-01  3.7627452e-04]]","[[ 0.5842546  -0.8115564  -0.00477163]
 [ 0.58449376  0.42485234 -0.69127965]
 [ 0.5630397   0.40109438  0.7225716 ]]"
20200222-024846.885833,109,[0.6516633  0.02034508 0.00995647],"[[-0.48383498  0.7634013   0.42131168]
 [ 0.5167468  -0.14332138  0.81236184]
 [ 0.5371228   0.51018655 -0.40319118]
 [-0.45866704 -0.3693057  -0.00135855]]","[[ 0.5842154  -0.8115905  -0.00362379]
 [ 0.5844637   0.42381    -0.6919445 ]
 [ 0.5631115   0.4021267   0.7219416 ]]"
20200222-024846.885833,110,[0.6539196  0.02035175 0.00999764],"[[-0.48395526  0.76411676  0.41954583]
 [ 0.5166021  -0.14191519  0.8119993 ]
 [ 0.53696847  0.5089471  -0.40574533]
 [-0.45888394 -0.37007928 -0.00312352]]","[[ 0.5842086  -0.81159997 -0.0023995 ]
 [ 0.5844551   0.42275208 -0.6925987 ]
 [ 0.5631275   0.40321976  0.7213192 ]]"
20200222-024846.885833,111,[0.6572965  0.02035785 0.01003813],"[[-0.48403612  0.7648123   0.4178216 ]
 [ 0.5165362  -0.14056003  0.8116292 ]
 [ 0.53698814  0.507718   -0.4082393 ]
 [-0.45884955 -0.37084645 -0.00484801]]","[[ 0.584189   -0.8116167  -0.00123709]
 [ 0.5844361   0.4217245  -0.69324076]
 [ 0.56316763  0.40426058  0.720705  ]]"
20200222-024846.885833,112,[0.6606537  0.02036508 0.01008037],"[[-0.48396128  0.7656261   0.41605082]
 [ 0.5165509  -0.13916244  0.8111888 ]
 [ 0.536973    0.50635445 -0.4108924 ]
 [-0.45892978 -0.37155825 -0.00647234]]","[[ 5.8416641e-01 -8.1163388e-01  4.7250225e-05]
 [ 5.8441824e-01  4.2058945e-01 -6.9394511e-01]
 [ 5.6320953e-01  4.0540707e-01  7.2002792e-01]]"
20200222-024846.885833,113,[0.66503966 0.02037212 0.0101228 ],"[[-0.483808    0.76645553  0.41430628]
 [ 0.51666963 -0.13778456  0.81070375]
 [ 0.53704846  0.5049561  -0.41357565]
 [-0.4588691  -0.37226418 -0.00803894]]","[[ 0.58413166 -0.8116578   0.00131366]
 [ 0.5843905   0.41944844 -0.6946587 ]
 [ 0.5632741   0.40653983  0.71933836]]"
20200222-024846.885833,114,[0.6670815  0.02037954 0.01016646],"[[-0.48390684  0.7672206   0.41241917]
 [ 0.516576   -0.13624063  0.81030077]
 [ 0.5368223   0.50362325 -0.41620985]
 [-0.4591354  -0.3730615  -0.00962955]]","[[ 0.58412784 -0.81165737  0.00266832]
 [ 0.5843832   0.41827866 -0.69536984]
 [ 0.56328595  0.40774423  0.7186471 ]]"
20200222-024846.885833,115,[0.6692508  0.0203877  0.01020936],"[[-0.48394698  0.7680393   0.41048056]
 [ 0.51643366 -0.1347332   0.80993193]
 [ 0.53672385  0.5022327  -0.41879642]
 [-0.45936778 -0.37379798 -0.01121698]]","[[ 0.5841202  -0.81165695  0.00406895]
 [ 0.584377    0.41706538 -0.69610345]
 [ 0.5633002   0.40898588  0.71793   ]]"
20200222-024846.885833,116,[0.6735853  0.02039608 0.01025298],"[[-0.48369735  0.76897055  0.4086129 ]
 [ 0.516551   -0.13329902  0.80942446]
 [ 0.5368127   0.5006929  -0.42155218]
 [-0.45939535 -0.37446246 -0.01269172]]","[[ 0.58408433 -0.8116745   0.00547991]
 [ 0.58435196  0.41579726 -0.6968826 ]
 [ 0.5633633   0.4102404   0.7171643 ]]"
