Timestamp,Epoch,s,u,v
20200220-133203.277149,0,[0.03028081 0.01004626 0.00423222],"[[-0.45429227  0.3692254  -0.7982031 ]
 [ 0.7157881   0.5403383  -0.08004788]
 [ 0.51666707 -0.545261   -0.596554  ]
 [ 0.11967046  0.5238299   0.02422989]]","[[ 0.95324206 -0.26011124 -0.15385634]
 [ 0.2994103   0.8819759   0.36396694]
 [ 0.04102568 -0.39301476  0.9186164 ]]"
20200220-133203.277149,1,[0.03741438 0.0098969  0.00495252],"[[-0.49832377  0.4196849  -0.53384674]
 [ 0.6903494   0.6169583   0.17744964]
 [ 0.523871   -0.38744345 -0.75775087]
 [-0.02550313  0.5414006  -0.33065587]]","[[ 0.9146866  -0.14780554 -0.37616733]
 [ 0.35710016  0.7314447   0.5809203 ]
 [ 0.18928237 -0.6656894   0.72182405]]"
20200220-133203.277149,2,[0.04562145 0.01022918 0.00564366],"[[-0.5178284  -0.41991085 -0.30482858]
 [ 0.66336286 -0.63461405  0.3070549 ]
 [ 0.52371585  0.23585802 -0.79690313]
 [-0.13238543 -0.6044097  -0.42159557]]","[[ 0.869129    0.00381115 -0.49457103]
 [ 0.4010782  -0.5905462   0.7002797 ]
 [ 0.28939816  0.8069948   0.5147894 ]]"
20200220-133203.277149,3,[0.05460297 0.01066035 0.00603995],"[[-0.5251962  -0.393858   -0.16282398]
 [ 0.63950515 -0.63445914  0.3844546 ]
 [ 0.52229387  0.12308439 -0.8025143 ]
 [-0.20593917 -0.65359575 -0.4262087 ]]","[[ 0.828341   -0.11782554 -0.5476937 ]
 [ 0.43309978 -0.4854347   0.75945884]
 [ 0.3553532   0.86629695  0.3510753 ]]"
20200220-133203.277149,4,[0.06357432 0.01104896 0.00630959],"[[-0.52558994 -0.36252087 -0.06964258]
 [ 0.62207663 -0.6296626   0.43388933]
 [ 0.5195902   0.04614063 -0.79650205]
 [-0.2584606  -0.6855468  -0.41530064]]","[[ 0.7964119  -0.20599172 -0.56859106]
 [ 0.45543757 -0.41427463  0.788006  ]
 [ 0.39787546  0.88653487  0.23611683]]"
20200220-133203.277149,5,[0.07299696 0.01138542 0.00647249],"[[-0.52471894 -0.33430836 -0.01070666]
 [ 0.60721475 -0.6261445   0.46681696]
 [ 0.5178927  -0.00745704 -0.7878585 ]
 [-0.29622313 -0.70436174 -0.40155554]]","[[ 0.77029353 -0.2711995  -0.5771471 ]
 [ 0.4724412  -0.36518553  0.8021465 ]
 [ 0.42830747  0.89055634  0.15317422]]"
20200220-133203.277149,6,[0.08221324 0.01166081 0.00657669],"[[-0.5234769  -0.31157365  0.02756465]
 [ 0.59504807 -0.6240988   0.48923045]
 [ 0.516997   -0.04454655 -0.77940977]
 [-0.32342562 -0.7151493  -0.39040303]]","[[ 0.7500808  -0.31822863 -0.57974946]
 [ 0.48492727 -0.3314264   0.80932194]
 [ 0.44969374  0.8881931   0.09427886]]"
20200220-133203.277149,7,[0.09154782 0.01188641 0.00667449],"[[-0.52126247 -0.29265457  0.05732281]
 [ 0.5860345  -0.6217057   0.5060343 ]
 [ 0.51570827 -0.07264979 -0.77174675]
 [-0.34481066 -0.7228814  -0.380855  ]]","[[ 0.73350054 -0.35430312 -0.58004   ]
 [ 0.49492013 -0.3065095   0.81308424]
 [ 0.4658661   0.8834712   0.04947311]]"
20200220-133203.277149,8,[0.10046262 0.01207657 0.00673972],"[[-0.5197009  -0.27768123  0.07777463]
 [ 0.5779666  -0.62060684  0.51856303]
 [ 0.51531833 -0.0934892  -0.76504457]
 [-0.36098838 -0.72732407 -0.3738319 ]]","[[ 0.7204551  -0.38187855 -0.5788895 ]
 [ 0.5025149  -0.287803    0.81525964]
 [ 0.47793627  0.8782586   0.01544949]]"
20200220-133203.277149,9,[0.10949407 0.01223183 0.00680727],"[[-0.5176027  -0.2652605   0.09500944]
 [ 0.5720425  -0.6190316   0.52853376]
 [ 0.51473784 -0.10995961 -0.759144  ]
 [-0.37403175 -0.73098963 -0.36786595]]","[[ 0.7093583  -0.40393528 -0.5776221 ]
 [ 0.50893885 -0.27342933  0.8162216 ]
 [ 0.48763955  0.87296784 -0.011619  ]]"
20200220-133203.277149,10,[0.11897502 0.01236333 0.00686402],"[[-0.5155702  -0.25509793  0.1086121 ]
 [ 0.56709975 -0.6177468   0.536544  ]
 [ 0.51460093 -0.12284248 -0.75387007]
 [-0.38441068 -0.73363745 -0.36332357]]","[[ 0.6995236  -0.42210874 -0.57662034]
 [ 0.5145822  -0.26235643  0.81631756]
 [ 0.4958548   0.86775196 -0.03368514]]"
20200220-133203.277149,11,[0.12820566 0.01247275 0.00692271],"[[-0.51355463 -0.24672087  0.1201599 ]
 [ 0.56341016 -0.616156    0.5432002 ]
 [ 0.51429594 -0.13354279 -0.7493724 ]
 [-0.39284968 -0.73596704 -0.35907683]]","[[ 0.69132704 -0.43701413 -0.57540053]
 [ 0.51924646 -0.2532858   0.81622887]
 [ 0.5024443   0.8630557  -0.05181473]]"
20200220-133203.277149,12,[0.13702603 0.0125737  0.00695973],"[[-0.5124049  -0.23993704  0.1280799 ]
 [ 0.55924    -0.615745    0.5486595 ]
 [ 0.5148267  -0.14191782 -0.74526113]
 [-0.39955664 -0.7369856  -0.35658708]]","[[ 0.6845369  -0.44939455 -0.57398087]
 [ 0.5230041  -0.24573515  0.81613797]
 [ 0.5078152   0.8588707  -0.06682044]]"
20200220-133203.277149,13,[0.14566337 0.01266263 0.00700215],"[[-0.51109606 -0.23391278  0.1355824 ]
 [ 0.5559269  -0.614916    0.55356026]
 [ 0.51511157 -0.14943206 -0.7415325 ]
 [-0.40544537 -0.7381281  -0.354002  ]]","[[ 0.67867064 -0.46018878 -0.5723918 ]
 [ 0.52623665 -0.23896743  0.8160694 ]
 [ 0.51232904  0.855056   -0.07998796]]"
20200220-133203.277149,14,[0.15400498 0.01274134 0.00705813],"[[-0.50934005 -0.22811724  0.14380558]
 [ 0.5537213  -0.6131863   0.5582681 ]
 [ 0.5148024  -0.15685515 -0.73808354]
 [-0.41102815 -0.7398387  -0.3505556 ]]","[[ 0.6736043  -0.46995544 -0.57043767]
 [ 0.5290334  -0.23238502  0.8161623 ]
 [ 0.51612115  0.851551   -0.09208662]]"
20200220-133203.277149,15,[0.1624387  0.01281813 0.00710262],"[[-0.5081832  -0.22317527  0.15001498]
 [ 0.5511316  -0.6120918   0.5624777 ]
 [ 0.5148988  -0.16334915 -0.73491424]
 [-0.4157914  -0.7408464  -0.34787232]]","[[ 0.6690167  -0.47880223 -0.5684757 ]
 [ 0.53152335 -0.22640973  0.8162238 ]
 [ 0.5195183   0.8482257  -0.10302265]]"
20200220-133203.277149,16,[0.17068641 0.01288795 0.00715565],"[[-0.50672233 -0.21837327  0.15669136]
 [ 0.54927933 -0.6104012   0.5665553 ]
 [ 0.51462746 -0.16975573 -0.7319089 ]
 [-0.42033717 -0.7422308  -0.34463355]]","[[ 0.6649556  -0.48696864 -0.56630015]
 [ 0.5337316  -0.22056817  0.8163824 ]
 [ 0.5224604   0.84511036 -0.11324244]]"
20200220-133203.277149,17,[0.1788672  0.01295054 0.00719183],"[[-0.50593615 -0.2148355   0.16095498]
 [ 0.5470137  -0.60969836  0.569821  ]
 [ 0.5151067  -0.1744144  -0.72917837]
 [-0.423639   -0.7427606  -0.3430697 ]]","[[ 0.661333   -0.49374637 -0.5646711 ]
 [ 0.53567386 -0.21607935  0.8163109 ]
 [ 0.52506423  0.84233266 -0.12158659]]"
20200220-133203.277149,18,[0.18720853 0.01300226 0.00723962],"[[-0.50462383 -0.21153316  0.16602658]
 [ 0.5458435  -0.6081426   0.57293004]
 [ 0.51519024 -0.17887071 -0.7266396 ]
 [-0.4266011  -0.7439231  -0.34085348]]","[[ 0.6579647  -0.4999147  -0.56317645]
 [ 0.53751343 -0.21200252  0.81617045]
 [ 0.52741045  0.83972615 -0.12922072]]"
20200220-133203.277149,19,[0.19590707 0.01305169 0.00728271],"[[-0.5034438  -0.20864965  0.17037942]
 [ 0.5446263  -0.6067991   0.5757988 ]
 [ 0.51553535 -0.18275382 -0.7241767 ]
 [-0.4291259  -0.74488974 -0.33910772]]","[[ 0.65476227 -0.5056312  -0.5618037 ]
 [ 0.5392524  -0.20832098  0.81597126]
 [ 0.52961606  0.83722115 -0.1362621 ]]"
20200220-133203.277149,20,[0.20469618 0.01309677 0.00732564],"[[-0.5023311  -0.20616415  0.17431338]
 [ 0.5436248  -0.60540473  0.5784659 ]
 [ 0.51589817 -0.18627933 -0.7218958 ]
 [-0.4312593  -0.74584264 -0.337429  ]]","[[ 0.6518067  -0.5108734  -0.5604966 ]
 [ 0.5408559  -0.20494361  0.8157653 ]
 [ 0.53162307  0.83486915 -0.14272529]]"
20200220-133203.277149,21,[0.21297418 0.01314279 0.00737048],"[[-0.5013448  -0.20358676  0.17824312]
 [ 0.542601   -0.603938    0.5811889 ]
 [ 0.5160569  -0.19009267 -0.7196826 ]
 [-0.43350127 -0.7467773  -0.3354194 ]]","[[ 0.64923733 -0.5159654  -0.558812  ]
 [ 0.542233   -0.20122959  0.81577575]
 [ 0.5333617   0.8326383  -0.14912772]]"
20200220-133203.277149,22,[0.22057721 0.01318428 0.00740717],"[[-0.500782   -0.20161697  0.18105389]
 [ 0.5413221  -0.6030485   0.58348674]
 [ 0.5165313  -0.19305794 -0.7176281 ]
 [-0.43518138 -0.7472695  -0.33432448]]","[[ 0.6470682  -0.52023476 -0.55736756]
 [ 0.5433778  -0.1981433   0.81576955]
 [ 0.5348303   0.8307197  -0.15447171]]"
20200220-133203.277149,23,[0.22916265 0.01322422 0.00744959],"[[-0.49986193 -0.19962183  0.18433836]
 [ 0.5405219  -0.60162395  0.5858887 ]
 [ 0.5168837  -0.19616002 -0.71558297]
 [-0.43681303 -0.7481451  -0.33270815]]","[[ 0.64477843 -0.52464026 -0.55588996]
 [ 0.54460454 -0.19498542  0.8157125 ]
 [ 0.536346    0.82869387 -0.15999906]]"
20200220-133203.277149,24,[0.2365479  0.01326124 0.00748857],"[[-0.4992879  -0.1978641   0.18707879]
 [ 0.5395327  -0.6005511   0.5880589 ]
 [ 0.51726097 -0.19894025 -0.7136532 ]
 [-0.43824306 -0.74873936 -0.3314922 ]]","[[ 0.6429554  -0.52844805 -0.55439246]
 [ 0.5455637  -0.19204095  0.8157699 ]
 [ 0.5375581   0.82696015 -0.16482823]]"
20200220-133203.277149,25,[0.24372873 0.01329698 0.00752853],"[[-0.4987816  -0.19619717  0.18972285]
 [ 0.53861886 -0.5994236   0.5901907 ]
 [ 0.51755345 -0.20172656 -0.7118071 ]
 [-0.4395964  -0.7493361  -0.33016807]]","[[ 0.64129007 -0.5320928  -0.552833  ]
 [ 0.5464369  -0.18909693  0.81587315]
 [ 0.53865933  0.8252998  -0.16948916]]"
20200220-133203.277149,26,[0.25209555 0.01333094 0.00757209],"[[-0.49790487 -0.1945644   0.19271778]
 [ 0.5381213  -0.5978694   0.59237385]
 [ 0.51787907 -0.20444335 -0.7099236 ]
 [-0.44081467 -0.7502666  -0.32857522]]","[[ 0.63945776 -0.5358327  -0.5513412 ]
 [ 0.5474154  -0.18621385  0.81588054]
 [ 0.5398428   0.82353383 -0.17424716]]"
20200220-133203.277149,27,[0.2586122  0.01336369 0.00761384],"[[-0.49743214 -0.19293062  0.19538896]
 [ 0.537352   -0.59665614  0.5944208 ]
 [ 0.51803607 -0.20718533 -0.7081466 ]
 [-0.44210032 -0.7509018  -0.3271316 ]]","[[ 0.63812685 -0.53912777 -0.5496686 ]
 [ 0.5481062  -0.18328221  0.81608033]
 [ 0.5407161   0.8220396  -0.17854193]]"
20200220-133203.277149,28,[0.26627162 0.01339373 0.00765965],"[[-0.49664026 -0.19141532  0.19834298]
 [ 0.537043   -0.5949903   0.5965006 ]
 [ 0.5181913  -0.20985529 -0.7063842 ]
 [-0.44318336 -0.7518692  -0.32537502]]","[[ 0.63663703 -0.5424687  -0.5481067 ]
 [ 0.5488995  -0.18047209  0.8161736 ]
 [ 0.5416666   0.82046175 -0.18286559]]"
20200220-133203.277149,29,[0.27350736 0.01342382 0.00770093],"[[-0.49605513 -0.19001748  0.2008596 ]
 [ 0.5364608  -0.5936779   0.598447  ]
 [ 0.5185155  -0.2122363  -0.70461553]
 [-0.4441628  -0.75259244 -0.32408863]]","[[ 0.6353137  -0.54556125 -0.5465707 ]
 [ 0.5495925  -0.1777966   0.8162943 ]
 [ 0.54251695  0.8189941  -0.18687971]]"
20200220-133203.277149,30,[0.28072384 0.01345083 0.00774059],"[[-0.495566   -0.18891852  0.20304263]
 [ 0.53592366 -0.59246385  0.6002346 ]
 [ 0.51894546 -0.21426852 -0.7029307 ]
 [-0.44485542 -0.7532502  -0.32307982]]","[[ 0.6340697  -0.548355   -0.5452178 ]
 [ 0.5502449  -0.17543942  0.8163649 ]
 [ 0.5433104   0.8176355  -0.19048873]]"
20200220-133203.277149,31,[0.28912446 0.01347764 0.00778259],"[[-0.49487013 -0.18790483  0.205334  ]
 [ 0.5356521  -0.5909192   0.60210174]
 [ 0.51940703 -0.21632904 -0.7012553 ]
 [-0.44541758 -0.7541271  -0.32179582]]","[[ 0.63268644 -0.5512957  -0.5438576 ]
 [ 0.55098027 -0.17304164  0.81638074]
 [ 0.5441772   0.81616765 -0.19427198]]"
20200220-133203.277149,32,[0.29607588 0.013504   0.00783121],"[[-0.49409962 -0.18639576  0.2083381 ]
 [ 0.53554934 -0.58906084  0.60411656]
 [ 0.51940066 -0.21899092 -0.6995531 ]
 [-0.44640246 -0.7551865  -0.31978735]]","[[ 0.63160294 -0.5542524  -0.5421087 ]
 [ 0.5515528  -0.17017783  0.816596  ]
 [ 0.54485506  0.8147661  -0.1982146 ]]"
20200220-133203.277149,33,[0.30332693 0.01353027 0.00787503],"[[-0.4935307  -0.18519974  0.21073534]
 [ 0.53524226 -0.58749735  0.6059988 ]
 [ 0.51963454 -0.22128955 -0.6979022 ]
 [-0.44712788 -0.7560283  -0.31825837]]","[[ 0.6305297  -0.5570363  -0.54050237]
 [ 0.5521151  -0.16755597  0.81675804]
 [ 0.54552835  0.8134098  -0.20189911]]"
20200220-133203.277149,34,[0.30971506 0.01355215 0.00791514],"[[-0.49319786 -0.18432848  0.21267058]
 [ 0.5348226  -0.5862981   0.6076053 ]
 [ 0.52000904 -0.2230596  -0.6963357 ]
 [-0.44756135 -0.75665176 -0.31733856]]","[[ 0.6296435  -0.559313   -0.53918266]
 [ 0.5525748  -0.1654235   0.816882  ]
 [ 0.5460862   0.8122832  -0.20490439]]"
20200220-133203.277149,35,[0.31546453 0.01357521 0.0079596 ],"[[-0.49283403 -0.1831323   0.21499695]
 [ 0.53448695 -0.58483917  0.6093786 ]
 [ 0.52007586 -0.22533959 -0.6947578 ]
 [-0.4482847  -0.75739557 -0.31582555]]","[[ 0.62887573 -0.56174684 -0.53754616]
 [ 0.5529703  -0.16287358  0.8171267 ]
 [ 0.54657036  0.81111825 -0.20820202]]"
20200220-133203.277149,36,[0.32268667 0.0135963  0.0080002 ],"[[-0.49238    -0.18238027  0.21689701]
 [ 0.5342175  -0.5834797   0.6109875 ]
 [ 0.5205578  -0.22697626 -0.69318265]
 [-0.44854572 -0.7581365  -0.31487805]]","[[ 0.62794477 -0.56401753 -0.5362552 ]
 [ 0.5534582  -0.16079447  0.8172082 ]
 [ 0.54714656  0.8099565  -0.2111901 ]]"
20200220-133203.277149,37,[0.32925498 0.01362026 0.0080464 ],"[[-0.4918401  -0.18110815  0.21939103]
 [ 0.5340188  -0.5817677   0.6128623 ]
 [ 0.52066135 -0.22933458 -0.691529  ]
 [-0.4492534  -0.75904644 -0.31313697]]","[[ 0.62712646 -0.56658393 -0.5345045 ]
 [ 0.5538841  -0.15809397  0.8174465 ]
 [ 0.54765403  0.8086958  -0.2146769 ]]"
20200220-133203.277149,38,[0.33625332 0.01364053 0.00809087],"[[-0.49128264 -0.18017277  0.22162375]
 [ 0.53393763 -0.5801209   0.6145582 ]
 [ 0.520958   -0.23122062 -0.6899339 ]
 [-0.4496159  -0.7599572  -0.3117566 ]]","[[ 0.626296   -0.56888026 -0.53303725]
 [ 0.5543208  -0.15580885  0.8175893 ]
 [ 0.5481622   0.8075264  -0.2177597 ]]"
20200220-133203.277149,39,[0.34258616 0.01365956 0.00813513],"[[-0.49087057 -0.17928572  0.22371942]
 [ 0.5338089  -0.5785528   0.61620384]
 [ 0.5211825  -0.23310791 -0.688402  ]
 [-0.44995913 -0.76078534 -0.3103953 ]]","[[ 0.6255813  -0.5710427  -0.53156215]
 [ 0.5546938  -0.15355363  0.81776285]
 [ 0.54860085  0.8064314  -0.22069359]]"
20200220-133203.277149,40,[0.34845796 0.01367837 0.00817848],"[[-0.49055418 -0.17839399  0.22571485]
 [ 0.53358084 -0.57709974  0.61781377]
 [ 0.5214105  -0.23495296 -0.68686754]
 [-0.4503097  -0.7615303  -0.30914694]]","[[ 0.6249469  -0.57311183 -0.5300793 ]
 [ 0.555021   -0.15132028  0.81795704]
 [ 0.54899263  0.80538493 -0.22352198]]"
20200220-133203.277149,41,[0.3546212  0.01370201 0.0082249 ],"[[-0.49014702 -0.17710389  0.22805853]
 [ 0.5333256  -0.5753655   0.6197011 ]
 [ 0.52146417 -0.237376   -0.6852152 ]
 [-0.45099285 -0.76239187 -0.30731058]]","[[ 0.6242901  -0.5755739  -0.5281822 ]
 [ 0.55535746 -0.14850856  0.818244  ]
 [ 0.5493994   0.8041517  -0.2269368 ]]"
20200220-133203.277149,42,[0.36127234 0.01372099 0.00827159],"[[-0.48962963 -0.17611383  0.2303202 ]
 [ 0.53333396 -0.57353115  0.62144154]
 [ 0.52164453 -0.23940276 -0.683628  ]
 [-0.4513365  -0.763369   -0.3056402 ]]","[[ 0.6236107  -0.5777998  -0.5265523 ]
 [ 0.55571413 -0.14607503  0.81844   ]
 [ 0.5498105   0.8030004  -0.22999756]]"
20200220-133203.277149,43,[0.36687788 0.01373873 0.00831793],"[[-0.4892595  -0.1750792   0.23252825]
 [ 0.5332408  -0.571836    0.62312514]
 [ 0.52174836 -0.2414242  -0.68205255]
 [-0.45172846 -0.76424176 -0.3040559 ]]","[[ 0.62306684 -0.5798664  -0.5249216 ]
 [ 0.5559954  -0.1436823   0.8186723 ]
 [ 0.5501426   0.8019416  -0.23287937]]"
20200220-133203.277149,44,[0.37283328 0.01375919 0.00836549],"[[-0.48882926 -0.17386156  0.23486255]
 [ 0.5331394  -0.5699783   0.62495244]
 [ 0.5217906  -0.2437236  -0.6804198 ]
 [-0.45226398 -0.7651769  -0.30216354]]","[[ 0.62249845 -0.5821509  -0.52306396]
 [ 0.5562887  -0.14097862  0.8189431 ]
 [ 0.5504893   0.8007654  -0.23608497]]"
20200220-133203.277149,45,[0.378199   0.01377775 0.00841037],"[[-0.48860377 -0.17284778  0.23684414]
 [ 0.5328944  -0.56839705  0.6266337 ]
 [ 0.5219162  -0.24574822 -0.6788494 ]
 [-0.45265144 -0.7659349  -0.3006635 ]]","[[ 0.6220128  -0.58418757 -0.5213683 ]
 [ 0.5565351  -0.13853313  0.81919307]
 [ 0.55078924  0.7997083  -0.23895155]]"
20200220-133203.277149,46,[0.38276756 0.0137962  0.00845342],"[[-0.48861232 -0.17187934  0.23857856]
 [ 0.5324412  -0.5670592   0.6282573 ]
 [ 0.52202487 -0.2477312  -0.6773073 ]
 [-0.45304996 -0.76650536 -0.29937908]]","[[ 0.6216185  -0.5860919  -0.51969874]
 [ 0.5567285  -0.13615556  0.8194602 ]
 [ 0.55103886  0.79872274 -0.24165723]]"
20200220-133203.277149,47,[0.3885024  0.0138156  0.00850244],"[[-0.48817566 -0.17059736  0.240966  ]
 [ 0.53240937 -0.56505424  0.6301206 ]
 [ 0.52201635 -0.25009927 -0.67564267]
 [-0.4535678  -0.7675029  -0.29730552]]","[[ 0.6211178  -0.5883465  -0.5177463 ]
 [ 0.55698717 -0.13336445  0.81974334]
 [ 0.5513421   0.79753524 -0.24486642]]"
20200220-133203.277149,48,[0.3936072  0.0138325  0.00854879],"[[-0.4879216  -0.16951898  0.24304147]
 [ 0.5322464  -0.5633447   0.6318134 ]
 [ 0.52210826 -0.25213122 -0.67402667]
 [-0.4539257  -0.7683328  -0.2956866 ]]","[[ 0.6206946  -0.5903145  -0.5160106 ]
 [ 0.5572025  -0.1309014   0.819994  ]
 [ 0.5516009   0.7964882  -0.24767494]]"
20200220-133203.277149,49,[0.39988175 0.01385043 0.00859491],"[[-0.48757032 -0.16857179  0.24500577]
 [ 0.53217185 -0.56148154  0.63355744]
 [ 0.5223294  -0.25411475 -0.6724135 ]
 [-0.4541372  -0.7692515  -0.29400235]]","[[ 0.6201781  -0.5923996  -0.5142392 ]
 [ 0.5574697  -0.12838289  0.8202106 ]
 [ 0.5519119   0.79534936 -0.2506246 ]]"
20200220-133203.277149,50,[0.40549794 0.01386583 0.00863955],"[[-0.48732886 -0.16773231  0.24682236]
 [ 0.5320282  -0.55982596  0.63516223]
 [ 0.5225978  -0.25584707 -0.67082816]
 [-0.45425597 -0.770067   -0.29263833]]","[[ 0.61973983 -0.5942449  -0.5126359 ]
 [ 0.5576942  -0.12611948  0.82040906]
 [ 0.5521773   0.79433423 -0.25324568]]"
20200220-133203.277149,51,[0.41040888 0.01388226 0.00868537],"[[-0.48718503 -0.1667194   0.24870569]
 [ 0.5318101  -0.5581309   0.6368524 ]
 [ 0.5227068  -0.25785735 -0.6692239 ]
 [-0.45453963 -0.77084637 -0.29103956]]","[[ 0.6193702  -0.59615695 -0.5108595 ]
 [ 0.55788004 -0.12363844  0.82066035]
 [ 0.5524043   0.7932909  -0.25600606]]"
20200220-133203.277149,52,[0.4157486  0.0138995  0.00873164],"[[-0.4869866  -0.16567163  0.25061485]
 [ 0.53162503 -0.55632544  0.6386005 ]
 [ 0.5228377  -0.2599252  -0.6675875 ]
 [-0.45481828 -0.77168274 -0.28932437]]","[[ 0.61897314 -0.598154   -0.5090031 ]
 [ 0.55808103 -0.12105257  0.82090914]
 [ 0.5526462   0.7921857  -0.25889015]]"
20200220-133203.277149,53,[0.42235988 0.01391778 0.00878072],"[[-0.48650548 -0.16453855  0.25279966]
 [ 0.53170437 -0.55409056  0.64049   ]
 [ 0.5229879  -0.26215306 -0.66587937]
 [-0.4550676  -0.77277833 -0.28717482]]","[[ 0.61848015 -0.6003768  -0.5069817 ]
 [ 0.55833817 -0.11823326  0.82114524]
 [ 0.5529386   0.790929   -0.26208833]]"
20200220-133203.277149,54,[0.4269937  0.01393194 0.00882658],"[[-0.48643985 -0.16362616  0.25455263]
 [ 0.53150856 -0.5523847   0.6421349 ]
 [ 0.5231202  -0.26404595 -0.66428703]
 [-0.45521462 -0.7735488  -0.28563765]]","[[ 0.61816484 -0.60215175 -0.5052581 ]
 [ 0.5584963  -0.11585806  0.8213762 ]
 [ 0.5531313   0.7899306  -0.26468012]]"
20200220-133203.277149,55,[0.43220922 0.01394563 0.00887407],"[[-0.48621437 -0.16268106  0.2564549 ]
 [ 0.5314853  -0.5504374   0.6438331 ]
 [ 0.523267   -0.26597744 -0.66266334]
 [-0.455314   -0.7744737  -0.28387886]]","[[ 0.617812   -0.60400534 -0.5034738 ]
 [ 0.5586779  -0.11339974  0.82159567]
 [ 0.55334204  0.7888713  -0.26738474]]"
20200220-133203.277149,56,[0.43615672 0.01395984 0.00892268],"[[-0.48609546 -0.16145578  0.25851148]
 [ 0.5313377  -0.54852384  0.6455925 ]
 [ 0.52323467 -0.26816306 -0.66096914]
 [-0.45565006 -0.7753334  -0.28196093]]","[[ 0.61756015 -0.60586745 -0.50154185]
 [ 0.5588031  -0.11076325  0.8218703 ]
 [ 0.5534969   0.78781736 -0.27015767]]"
20200220-133203.277149,57,[0.44205052 0.01397311 0.00897316],"[[-0.48563778 -0.16038099  0.26070005]
 [ 0.531562   -0.546173    0.647404  ]
 [ 0.5233657  -0.27023485 -0.65926045]
 [-0.45572597 -0.7764959  -0.2797838 ]]","[[ 0.6171706  -0.6078612  -0.49960503]
 [ 0.5590088  -0.10810614  0.82208407]
 [ 0.5537234   0.78664976 -0.27307984]]"
20200220-133203.277149,58,[0.44913492 0.01398834 0.00902179],"[[-0.48515746 -0.15946876  0.26265153]
 [ 0.5317452  -0.54381025  0.6492431 ]
 [ 0.52368695 -0.27219084 -0.6575478 ]
 [-0.45565498 -0.7776581  -0.27772006]]","[[ 0.6167058  -0.6099406  -0.49764082]
 [ 0.5592536  -0.10541776  0.8222667 ]
 [ 0.553994    0.785404   -0.27609968]]"
20200220-133203.277149,59,[0.45488533 0.01400395 0.00907106],"[[-0.48481613 -0.15830539  0.26470208]
 [ 0.53177625 -0.541529    0.6511222 ]
 [ 0.5238402  -0.2743645  -0.6557742 ]
 [-0.45580557 -0.7787232  -0.27555913]]","[[ 0.6163456  -0.6119992  -0.49555534]
 [ 0.55943954 -0.10259011  0.82249784]
 [ 0.5542071   0.7841762  -0.27914563]]"
20200220-133203.277149,60,[0.4597147  0.01402034 0.0091198 ],"[[-0.48467913 -0.15705626  0.2666373 ]
 [ 0.53162867 -0.53937197  0.65302896]
 [ 0.5238766  -0.27670297 -0.6540048 ]
 [-0.4560817  -0.7796452  -0.27337754]]","[[ 0.6160579  -0.61404985 -0.49337155]
 [ 0.5595833  -0.09965198  0.8227611 ]
 [ 0.55438185  0.782951   -0.28222063]]"
20200220-133203.277149,61,[0.46600527 0.01403476 0.00916844],"[[-0.4843114  -0.15603755  0.26856378]
 [ 0.5317101  -0.53705245  0.65486836]
 [ 0.524158   -0.278687   -0.65222937]
 [-0.4560541  -0.7807438  -0.27132684]]","[[ 0.6156814  -0.61604506 -0.4913499 ]
 [ 0.5597791  -0.09692862  0.8229534 ]
 [ 0.5546022   0.7817245  -0.28517205]]"
20200220-133203.277149,62,[0.46942517 0.01404804 0.0092178 ],"[[-0.48429784 -0.15470766  0.2705347 ]
 [ 0.5315192  -0.5349814   0.6567106 ]
 [ 0.5240968  -0.2809895  -0.650437  ]
 [-0.45636126 -0.78160435 -0.2692101 ]]","[[ 0.6155016  -0.6179041  -0.48923635]
 [ 0.55986565 -0.09411113  0.82322156]
 [ 0.5547145   0.78060085 -0.28801775]]"
20200220-133203.277149,63,[0.4771338  0.01406192 0.00926751],"[[-0.48371834 -0.15380159  0.27248377]
 [ 0.531842   -0.53230685  0.6586111 ]
 [ 0.52452004 -0.2829098  -0.6486376 ]
 [-0.45611358 -0.78291535 -0.266933  ]]","[[ 0.61505103 -0.62000555 -0.48714003]
 [ 0.56010514 -0.09129882  0.8233753 ]
 [ 0.5549726   0.77926743 -0.29111487]]"
20200220-133203.277149,64,[0.4824754  0.01407566 0.00931777],"[[-0.48346052 -0.15259019  0.27447012]
 [ 0.53189045 -0.52985275  0.66053843]
 [ 0.52464134 -0.2851514  -0.6468009 ]
 [-0.4561903  -0.78400296 -0.26458237]]","[[ 0.61476094 -0.6220232  -0.48492897]
 [ 0.56025445 -0.08836029  0.8235942 ]
 [ 0.5551432   0.77799714 -0.2941708 ]]"
20200220-133203.277149,65,[0.48699978 0.01408848 0.00936835],"[[-0.4833062  -0.15131319  0.2764525 ]
 [ 0.53188443 -0.5274339   0.6624656 ]
 [ 0.52467537 -0.28746516 -0.64495367]
 [-0.456322   -0.785036   -0.26219937]]","[[ 0.6145274  -0.6239881  -0.4826954 ]
 [ 0.5603729  -0.0854058   0.8238253 ]
 [ 0.5552822   0.77675265 -0.2971818 ]]"
20200220-133203.277149,66,[0.49294013 0.01410356 0.00941952],"[[-0.48296475 -0.15001196  0.27849156]
 [ 0.53199774 -0.5247225   0.66451067]
 [ 0.5248163  -0.28985873 -0.64303726]
 [-0.45638943 -0.7862218  -0.2595588 ]]","[[ 0.61421084 -0.62615895 -0.48028123]
 [ 0.5605371  -0.08221861  0.82403773]
 [ 0.5554667   0.77534837 -0.3004858 ]]"
20200220-133203.277149,67,[0.4973003  0.01411837 0.00947199],"[[-0.4827735  -0.14843415  0.28064734]
 [ 0.5320037  -0.52201515  0.66662   ]
 [ 0.5247238  -0.2925538  -0.64106596]
 [-0.4566909  -0.7873243  -0.2566886 ]]","[[ 0.61399335 -0.62833345 -0.47771236]
 [ 0.56064665 -0.07884596  0.8242927 ]
 [ 0.55559635  0.7739382  -0.30386212]]"
20200220-133203.277149,68,[0.5024702  0.01413245 0.00952042],"[[-0.48265782 -0.14725894  0.28237325]
 [ 0.53188586 -0.51962674  0.6685615 ]
 [ 0.52494574 -0.29472247 -0.6391652 ]
 [-0.4566951  -0.7883154  -0.25447688]]","[[ 0.61373836 -0.63031316 -0.4754266 ]
 [ 0.5607746  -0.07585724  0.82448614]
 [ 0.555749    0.772626   -0.3069071 ]]"
20200220-133203.277149,69,[0.5083675  0.01414711 0.00957245],"[[-0.48228413 -0.14583683  0.28446364]
 [ 0.53204113 -0.5167052   0.6706794 ]
 [ 0.5250828  -0.29721218 -0.63715315]
 [-0.4567515  -0.78956443 -0.25160602]]","[[ 0.6134447  -0.63253367 -0.47284952]
 [ 0.56092715 -0.07249279  0.824685  ]
 [ 0.5559192   0.7711329  -0.31033495]]"
20200220-133203.277149,70,[0.513373   0.01416134 0.0096227 ],"[[-0.48212257 -0.14446789  0.28634518]
 [ 0.5319889  -0.51406187  0.67272955]
 [ 0.52522117 -0.29960373 -0.63515514]
 [-0.45682415 -0.79063714 -0.24903625]]","[[ 0.6132068  -0.6346142  -0.47036374]
 [ 0.5610471  -0.06926447  0.82488084]
 [ 0.5560608   0.76971877 -0.313575  ]]"
20200220-133203.277149,71,[0.51660603 0.01417643 0.00967173],"[[-0.48229858 -0.1429615   0.2880529 ]
 [ 0.5316143  -0.511713    0.67479587]
 [ 0.52518535 -0.30218214 -0.6331465 ]
 [-0.45711553 -0.79145294 -0.24658035]]","[[ 0.6130707  -0.63663083 -0.46780908]
 [ 0.56110746 -0.06596527  0.8251103 ]
 [ 0.5561497   0.76834214 -0.3167769 ]]"
20200220-133203.277149,72,[0.52063257 0.01419025 0.00972271],"[[-0.48226765 -0.14144106  0.2899308 ]
 [ 0.5314924  -0.5090047   0.6769162 ]
 [ 0.5251863  -0.30478597 -0.6310957 ]
 [-0.4572887  -0.7924734  -0.24380948]]","[[ 0.61289454 -0.6387303  -0.4651709 ]
 [ 0.56119365 -0.06256279  0.82531667]
 [ 0.55625707  0.766883   -0.32010698]]"
20200220-133203.277149,73,[0.522998   0.01420355 0.00977487],"[[-0.482399   -0.13965295  0.29191068]
 [ 0.53125    -0.50631917  0.6790962 ]
 [ 0.52497166 -0.30765292 -0.6289681 ]
 [-0.4576779  -0.7934024  -0.24086359]]","[[ 0.61280704 -0.64081156 -0.46241525]
 [ 0.56123114 -0.05902121  0.8255519 ]
 [ 0.55631554  0.7654259  -0.32347476]]"
20200220-133203.277149,74,[0.5296431  0.01421657 0.00982518],"[[-0.48203987 -0.13845739  0.29370296]
 [ 0.53140825 -0.50329715  0.68118894]
 [ 0.52537394 -0.30984107 -0.6268942 ]
 [-0.45741147 -0.79468226 -0.23816857]]","[[ 0.6125014  -0.642949   -0.45984635]
 [ 0.56139094 -0.05572712  0.8256723 ]
 [ 0.5564911   0.763879   -0.3268128 ]]"
20200220-133203.277149,75,[0.53184843 0.01423282 0.0098787 ],"[[-0.48214036 -0.13631135  0.29583257]
 [ 0.53112817 -0.5003129   0.6835781 ]
 [ 0.5250488  -0.31311917 -0.62458736]
 [-0.45800385 -0.7956525  -0.23472294]]","[[ 0.6124213  -0.64526993 -0.45669127]
 [ 0.56142336 -0.05169822  0.82591224]
 [ 0.55654645  0.76220345 -0.33060855]]"
20200220-133203.277149,76,[0.5357356  0.01424721 0.00992881],"[[-0.48219857 -0.13473262  0.29755744]
 [ 0.5308911  -0.49752283  0.6857702 ]
 [ 0.5251177  -0.31574804 -0.6224089 ]
 [-0.4581385  -0.7966312  -0.23191753]]","[[ 0.61226356 -0.6473911  -0.4538921 ]
 [ 0.56149817 -0.048139    0.82607657]
 [ 0.5566445   0.76063615 -0.33403513]]"
20200220-133203.277149,77,[0.54305637 0.01426183 0.00998055],"[[-0.481727   -0.13334854  0.299449  ]
 [ 0.53114843 -0.49404734  0.6880472 ]
 [ 0.5255306  -0.31819797 -0.6201726 ]
 [-0.45786235 -0.7980511  -0.22870876]]","[[ 0.611936   -0.6497448  -0.45096102]
 [ 0.5616709  -0.04442157  0.82616735]
 [ 0.55683035  0.75885326 -0.33775958]]"
20200220-133203.277149,78,[0.54773575 0.01427572 0.01003456],"[[-0.48149174 -0.13149098  0.30154797]
 [ 0.53125453 -0.49054718  0.69043386]
 [ 0.52553886 -0.32116014 -0.6178223 ]
 [-0.4579779  -0.7993306  -0.22509007]]","[[ 0.6117444  -0.6521136  -0.44779083]
 [ 0.56176925 -0.04041209  0.82630634]
 [ 0.55694187  0.75704336 -0.3416155 ]]"
20200220-133203.277149,79,[0.5533847  0.01428825 0.01008694],"[[-0.48120272 -0.12992336  0.3034642 ]
 [ 0.53140557 -0.48711067  0.6927129 ]
 [ 0.5257833  -0.32374704 -0.6155182 ]
 [-0.4578249  -0.8006436  -0.22180006]]","[[ 0.6115128  -0.6543692  -0.44480678]
 [ 0.56188965 -0.03665433  0.8263996 ]
 [ 0.5570746   0.75528634 -0.3452687 ]]"
20200220-133203.277149,80,[0.5553888  0.01430177 0.01014101],"[[-0.48131192 -0.12772967  0.30552647]
 [ 0.5312077  -0.48377737  0.6951675 ]
 [ 0.5255193  -0.32702535 -0.6130478 ]
 [-0.45824307 -0.80168515 -0.2181018 ]]","[[ 0.6114537  -0.65667444 -0.44147843]
 [ 0.56191343 -0.03247229  0.8265585 ]
 [ 0.5571156   0.7534748  -0.34913886]]"
20200220-133203.277149,81,[0.5581808  0.01431514 0.01019245],"[[-0.48145828 -0.12583528  0.30729672]
 [ 0.53093743 -0.4806401   0.697517  ]
 [ 0.52547586 -0.32995126 -0.61064315]
 [-0.4584522  -0.8026723  -0.2148334 ]]","[[ 0.6113609  -0.65886915 -0.43832543]
 [ 0.5619537  -0.02852896  0.8266765 ]
 [ 0.5571767   0.75171626 -0.3528125 ]]"
20200220-133203.277149,82,[0.5626074  0.01433033 0.0102461 ],"[[-0.48131415 -0.12379416  0.3092953 ]
 [ 0.5309343  -0.47690523  0.7000433 ]
 [ 0.52549124 -0.33310655 -0.6080924 ]
 [-0.45858932 -0.8039131  -0.21094783]]","[[ 0.6111902  -0.6613369  -0.4348331 ]
 [ 0.5620394  -0.02417584  0.8267571 ]
 [ 0.55727744  0.7496992  -0.35692134]]"
20200220-133203.277149,83,[0.5661384  0.01434451 0.01029951],"[[-0.48130292 -0.12171787  0.31122828]
 [ 0.5308407  -0.47324136  0.70256233]
 [ 0.52544713 -0.33628735 -0.6055156 ]
 [-0.45875987 -0.80507    -0.20710787]]","[[ 0.61106366 -0.6637347  -0.43134356]
 [ 0.5621005  -0.0198408   0.8268308 ]
 [ 0.55735457  0.74770474 -0.36096162]]"
20200220-133203.277149,84,[0.5705639  0.01436086 0.01035278],"[[-0.4811842  -0.11956191  0.3131774 ]
 [ 0.5307748  -0.46937448  0.7051646 ]
 [ 0.5254859  -0.33953416 -0.60284334]
 [-0.4589164  -0.8062933  -0.20308301]]","[[ 0.6108987  -0.666264   -0.4276623 ]
 [ 0.56218225 -0.01528769  0.82687205]
 [ 0.55745304  0.74555916 -0.3652225 ]]"
20200220-133203.277149,85,[0.57303286 0.01437573 0.01040652],"[[-0.48131108 -0.11722453  0.31510568]
 [ 0.53055125 -0.46560073  0.7077966 ]
 [ 0.52530676 -0.3429896  -0.60011333]
 [-0.45924696 -0.8073617  -0.19898893]]","[[ 0.6108239  -0.6687183  -0.4239223 ]
 [ 0.562214   -0.01067307  0.82692283]
 [ 0.557503    0.7434393  -0.36944345]]"
20200220-133203.277149,86,[0.57370144 0.01439213 0.01046172],"[[-0.48158234 -0.11442934  0.31716913]
 [ 0.5301892  -0.46166977  0.7106057 ]
 [ 0.5248446  -0.34694555 -0.59719306]
 [-0.45990884 -0.80832905 -0.19443208]]","[[ 0.6108248  -0.67129713 -0.419825  ]
 [ 0.5622038  -0.00562873  0.8269796 ]
 [ 0.5575121   0.7411669  -0.37396768]]"
20200220-133203.277149,87,[0.5781047  0.01440642 0.01051432],"[[-0.481485   -0.11232341  0.31899846]
 [ 0.5301379  -0.45766917  0.7131878 ]
 [ 0.52499086 -0.35005066 -0.5944275 ]
 [-0.45990318 -0.8095599  -0.19041863]]","[[ 0.61066896 -0.67375004 -0.41610634]
 [ 0.5622814  -0.00108255  0.8269453 ]
 [ 0.55760485  0.7389587  -0.37817603]]"
20200220-133203.277149,88,[0.58053625 0.01442275 0.01056736],"[[-0.48165485 -0.10985414  0.32081538]
 [ 0.5298435  -0.4536572   0.7159298 ]
 [ 0.52484256 -0.35364303 -0.5915169 ]
 [-0.46023306 -0.8105948  -0.18609014]]","[[ 0.61059844 -0.6762916  -0.4120671 ]
 [ 0.56230974  0.00384436  0.82691777]
 [ 0.5576533   0.73662406 -0.3826327 ]]"
20200220-133203.277149,89,[0.5867458  0.01443869 0.01062051],"[[-0.48131117 -0.1077215   0.32269108]
 [ 0.53001404 -0.44908017  0.71863836]
 [ 0.525152   -0.3568415  -0.5886069 ]
 [-0.460043   -0.8120267  -0.18157971]]","[[ 0.6103673  -0.6789617  -0.40799847]
 [ 0.5624302   0.00877318  0.8267982 ]
 [ 0.55778486  0.73412126 -0.38722345]]"
20200220-133203.277149,90,[0.58908737 0.01445268 0.01067332],"[[-0.48152462 -0.10535406  0.3244037 ]
 [ 0.52975774 -0.4449489   0.7213572 ]
 [ 0.52507216 -0.3603252  -0.5856511 ]
 [-0.46020654 -0.8130725  -0.17725295]]","[[ 0.61030525 -0.6814267  -0.40396178]
 [ 0.56245536  0.01366005  0.8267149 ]
 [ 0.55782735  0.73175895 -0.3916089 ]]"
20200220-133203.277149,91,[0.59334314 0.01446892 0.01072736],"[[-0.48139864 -0.10282405  0.32630777]
 [ 0.5297616  -0.44020054  0.724219  ]
 [ 0.5251283  -0.36395687 -0.58252174]
 [-0.4602694  -0.81436235 -0.17233236]]","[[ 0.6101604  -0.6841552  -0.39954433]
 [ 0.5625279   0.01897925  0.8265604 ]
 [ 0.55791265  0.72908926 -0.39643684]]"
20200220-133203.277149,92,[0.59740674 0.01448626 0.01078109],"[[-0.4813308  -0.10017595  0.32818854]
 [ 0.5296773  -0.4354209   0.72712094]
 [ 0.5251568  -0.3676755  -0.5792942 ]
 [-0.4604051  -0.81559056 -0.16734861]]","[[ 0.6100261  -0.68690264 -0.39500967]
 [ 0.5625934   0.02441588  0.826373  ]
 [ 0.55799335  0.72633904 -0.40134123]]"
20200220-133203.277149,93,[0.5996251  0.01450315 0.01083667],"[[-0.48138916 -0.09711145  0.3302006 ]
 [ 0.52954465 -0.43037054  0.7301773 ]
 [ 0.52490854 -0.37185284 -0.5758639 ]
 [-0.46077994 -0.81674725 -0.16183291]]","[[ 0.60996747 -0.68973356 -0.39013764]
 [ 0.5626188   0.03024627  0.8261631 ]
 [ 0.5580322   0.7234312  -0.40650636]]"
20200220-133203.277149,94,[0.603743   0.0145193  0.01089086],"[[-0.48129427 -0.09440173  0.3320618 ]
 [ 0.529566   -0.425192    0.7331451 ]
 [ 0.52495384 -0.37568113 -0.57249403]
 [-0.46080238 -0.8180242  -0.15647411]]","[[ 0.609836   -0.69253373 -0.38535327]
 [ 0.56268466  0.03593443  0.82589024]
 [ 0.55810934  0.72049    -0.4115922 ]]"
20200220-133203.277149,95,[0.60485125 0.01453592 0.01094351],"[[-0.48167592 -0.09150185  0.33369574]
 [ 0.5291218  -0.4205185   0.7361211 ]
 [ 0.524734   -0.37967393 -0.5690656 ]
 [-0.46116406 -0.81892586 -0.15145068]]","[[ 0.6098266  -0.6951635  -0.3806037 ]
 [ 0.56267923  0.04157181  0.8256295 ]
 [ 0.558125    0.7176486  -0.41650566]]"
20200220-133203.277149,96,[0.6060192  0.01455118 0.01099606],"[[-0.48204798 -0.08864446  0.33529148]
 [ 0.5287182  -0.4157392   0.739085  ]
 [ 0.5245677  -0.38359925 -0.5655973 ]
 [-0.46142802 -0.81985027 -0.1463996 ]]","[[ 0.6098169  -0.6977603  -0.3758377 ]
 [ 0.56267494  0.04720643  0.82532936]
 [ 0.55814016  0.7147742  -0.42139947]]"
20200220-133203.277149,97,[0.6100169  0.01456775 0.01104964],"[[-0.48200965 -0.08579994  0.33704033]
 [ 0.5286888  -0.41023934  0.7421279 ]
 [ 0.5246537  -0.38752306 -0.5619904 ]
 [-0.46140358 -0.8210771  -0.14077117]]","[[ 0.6096941  -0.7005893  -0.3707393 ]
 [ 0.5627356   0.05319081  0.82492393]
 [ 0.55821294  0.71157944 -0.42667666]]"
20200220-133203.277149,98,[0.6120543  0.01458625 0.01110494],"[[-0.48209476 -0.08231996  0.33895814]
 [ 0.52853745 -0.40439835  0.74539155]
 [ 0.5244043  -0.39206806 -0.55805075]
 [-0.46177137 -0.82217276 -0.13445371]]","[[ 0.6096465  -0.70357394 -0.3651229 ]
 [ 0.56275505  0.05976962  0.82445997]
 [ 0.55824536  0.70810395 -0.43237808]]"
20200220-133203.277149,99,[0.6139139  0.01460597 0.01115921],"[[-0.48227602 -0.0788234   0.34074602]
 [ 0.5282651  -0.3985871   0.7486663 ]
 [ 0.5241645  -0.3966221  -0.5540377 ]
 [-0.4621659  -0.8231682  -0.12819262]]","[[ 0.60960585 -0.7065346  -0.35942936]
 [ 0.56276894  0.06640595  0.8239426 ]
 [ 0.5582757   0.7045559  -0.43809718]]"
20200220-133203.277149,100,[0.6169409  0.01462468 0.01121237],"[[-0.48233786 -0.07555158  0.3424365 ]
 [ 0.528101   -0.3926829   0.75185114]
 [ 0.52414554 -0.4008869  -0.55005544]
 [-0.4623107  -0.8242464  -0.12205168]]","[[ 0.6095234  -0.7094436  -0.35379526]
 [ 0.56280637  0.07293183  0.823365  ]
 [ 0.55832803  0.70097846 -0.44373304]]"
20200220-133203.277149,101,[0.61994094 0.01464408 0.01126648],"[[-0.48232973 -0.07201259  0.34422863]
 [ 0.5280047  -0.38638496  0.75512695]
 [ 0.5240754  -0.40537772 -0.5458598 ]
 [-0.46250856 -0.82534224 -0.11544184]]","[[ 0.6094412  -0.7124541  -0.3478369 ]
 [ 0.5628449   0.0798016   0.8227012 ]
 [ 0.55837893  0.6971663  -0.4496355 ]]"
20200220-133203.277149,102,[0.62396264 0.01466293 0.01131949],"[[-0.48224887 -0.06867012  0.34590757]
 [ 0.5279805  -0.37998536  0.75833535]
 [ 0.52419066 -0.4096487  -0.54167736]
 [-0.46248993 -0.8264888  -0.1089095 ]]","[[ 0.6093234  -0.7154265  -0.34189183]
 [ 0.5629032   0.08661198  0.8219723 ]
 [ 0.5584488   0.69329894 -0.4554906 ]]"
20200220-133203.277149,103,[0.6248138  0.0146822  0.01137224],"[[-0.4825964  -0.06497142  0.3474536 ]
 [ 0.52757996 -0.37379104  0.76164705]
 [ 0.52394867 -0.4142978  -0.5373043 ]
 [-0.4628586  -0.8272946  -0.10234256]]","[[ 0.6093257  -0.7183147  -0.33577704]
 [ 0.56289274  0.09360915  0.82121193]
 [ 0.55845684  0.689392   -0.46137255]]"
20200220-133203.277149,104,[0.6267268  0.01470144 0.01142458],"[[-0.4828286  -0.06136358  0.34896404]
 [ 0.5272917  -0.36734948  0.76493174]
 [ 0.5238604  -0.41883063 -0.5328712 ]
 [-0.4630448  -0.8281727  -0.09566615]]","[[ 0.6092891  -0.7212159  -0.32956725]
 [ 0.56290454  0.1006704   0.82036823]
 [ 0.5584849   0.68535626 -0.46731308]]"
20200220-133203.277149,105,[0.62648374 0.01472263 0.01147868],"[[-0.48322946 -0.0570919   0.3505825 ]
 [ 0.52688426 -0.36042988  0.7684586 ]
 [ 0.52340275 -0.4240518  -0.52800345]
 [-0.46360737 -0.8288613  -0.08818129]]","[[ 0.60932964 -0.7242629  -0.32273927]
 [ 0.5628741   0.10841767  0.81940126]
 [ 0.55847126  0.6809471  -0.4737309 ]]"
20200220-133203.277149,106,[0.6305329  0.01474259 0.01153224],"[[-0.48305187 -0.0532053   0.3522775 ]
 [ 0.5269924  -0.35290837  0.7718141 ]
 [ 0.5235028  -0.42874038 -0.5231853 ]
 [-0.4635566  -0.8299438  -0.08050191]]","[[ 0.6092123  -0.72737914 -0.31588   ]
 [ 0.56293464  0.11611663  0.8183041 ]
 [ 0.5585384   0.67634064 -0.48020655]]"
20200220-133203.277149,107,[0.6353258  0.01476607 0.01158643],"[[-0.48274714 -0.0489866   0.3540497 ]
 [ 0.5272114  -0.34474543  0.7752884 ]
 [ 0.5235616  -0.43379048 -0.5180562 ]
 [-0.4635587  -0.83100945 -0.0720726 ]]","[[ 0.6090651  -0.7306851  -0.30844596]
 [ 0.56301236  0.12440535  0.8170315 ]
 [ 0.55862045  0.67128414 -0.4871557 ]]"
20200220-133203.277149,108,[0.6380964  0.01478817 0.01163923],"[[-0.48277223 -0.04477103  0.35559416]
 [ 0.52713233 -0.33695158  0.7787116 ]
 [ 0.5235074  -0.43877295 -0.5128946 ]
 [-0.46368343 -0.83182776 -0.06403281]]","[[ 0.6089957  -0.7337808  -0.30114794]
 [ 0.56304485  0.13251302  0.8157333 ]
 [ 0.55866337  0.6663379  -0.4938513 ]]"
20200220-133203.277149,109,[0.6407337  0.01481117 0.01169129],"[[-0.4828569  -0.04049119  0.3570362 ]
 [ 0.52700293 -0.32902217  0.7821353 ]
 [ 0.52343386 -0.44382066 -0.50761116]
 [-0.46382567 -0.83254325 -0.05586288]]","[[ 0.60893416 -0.73685765 -0.29366663]
 [ 0.5630722   0.1407771   0.8143289 ]
 [ 0.5587029   0.66122824 -0.50062805]]"
20200220-133203.277149,110,[0.6436191  0.01483358 0.01174269],"[[-0.4829004  -0.03623783  0.35841763]
 [ 0.52690196 -0.32095376  0.7854991 ]
 [ 0.52346396 -0.44874236 -0.502251  ]
 [-0.46386108 -0.8332503  -0.04766367]]","[[ 0.60886437 -0.73987746 -0.28612146]
 [ 0.5631044   0.14905944  0.8128313 ]
 [ 0.55874646  0.6560203  -0.50738525]]"
20200220-133203.277149,111,[0.6452638  0.0148564  0.01179367],"[[-0.48315027 -0.03182012  0.3596747 ]
 [ 0.52664214 -0.31282628  0.78890157]
 [ 0.5233462  -0.45383984 -0.49670932]
 [-0.4640288  -0.83376056 -0.03934881]]","[[ 0.6088418  -0.7428398  -0.27838925]
 [ 0.56310964  0.15751225  0.811232  ]
 [ 0.5587659   0.6506756  -0.5142003 ]]"
20200220-133203.277149,112,[0.6478919  0.01488333 0.01184548],"[[-0.4831574  -0.0269246   0.36107004]
 [ 0.526556   -0.30391288  0.7923844 ]
 [ 0.5232092  -0.45928338 -0.49076197]
 [-0.46427354 -0.83424884 -0.03013336]]","[[ 0.6087797  -0.74598473 -0.269989  ]
 [ 0.56313795  0.16662642  0.8093894 ]
 [ 0.55880475  0.644781   -0.5215311 ]]"
20200220-133203.277149,113,[0.65373373 0.01490987 0.01189623],"[[-0.482794   -0.02238575  0.36245778]
 [ 0.52679497 -0.29463705  0.79565895]
 [ 0.5235089  -0.46426618 -0.4848869 ]
 [-0.46404245 -0.83495176 -0.02087298]]","[[ 0.608606   -0.7491127  -0.26158902]
 [ 0.56323     0.17563924  0.80741733]
 [ 0.5589014   0.63873374 -0.5288179 ]]"
20200220-133203.277149,114,[0.6595535  0.01493691 0.01194671],"[[-0.48241866 -0.01771584  0.363803  ]
 [ 0.5270842  -0.28498918  0.79891163]
 [ 0.5237962  -0.46936312 -0.4788122 ]
 [-0.46378005 -0.835563   -0.01123724]]","[[ 0.6084355  -0.75223655 -0.25287655]
 [ 0.5633209   0.18492676  0.8052773 ]
 [ 0.5589954   0.63241    -0.53626657]]"
20200220-133203.277149,115,[0.6621285  0.01496463 0.01199658],"[[-0.4824781  -0.01267797  0.36493918]
 [ 0.5269853  -0.2755089   0.80224544]
 [ 0.5237227  -0.4747817  -0.4724608 ]
 [-0.46391347 -0.8357729  -0.00159945]]","[[ 0.6083799  -0.7552143  -0.2439779 ]
 [ 0.5633459   0.19439165  0.8030276 ]
 [ 0.55903065  0.6259898  -0.5437108 ]]"
20200220-133203.277149,116,[0.6645028  0.0149957  0.01204716],"[[-0.48248106 -0.00711562  0.36611778]
 [ 0.526954   -0.26531357  0.8056435 ]
 [ 0.5234929  -0.48062935 -0.46563607]
 [-0.4642057  -0.83579516  0.00890767]]","[[ 0.6083291  -0.75828004 -0.23440804]
 [ 0.56336933  0.20450418  0.80049556]
 [ 0.5590623   0.619023   -0.5515976 ]]"
