Timestamp,Epoch,s,u,v
20200221-171709.907450,0,[1.3036162  0.97252643 0.525381  ],"[[-0.44152468 -0.5621253   0.63088846]
 [-0.00365194 -0.76199114 -0.46684253]
 [-0.72989124  0.3197647   0.06155974]
 [ 0.5218254  -0.0336923   0.61664283]]","[[-0.1435298   0.98340535 -0.11096434]
 [ 0.26940182  0.14671622  0.9517862 ]
 [ 0.95227206  0.10671569 -0.28598934]]"
20200221-171709.907450,1,[1.3009479 0.9748854 0.52241  ],"[[-0.44216898 -0.56939614  0.62488264]
 [ 0.0019044  -0.7569133  -0.47121087]
 [-0.73152393  0.31907302  0.06059804]
 [ 0.51899517 -0.0325981   0.6195239 ]]","[[-0.14948095  0.98277074 -0.10870641]
 [ 0.26522642  0.14576626  0.9531039 ]
 [ 0.9525285   0.11363904 -0.28244597]]"
20200221-171709.907450,2,[1.2958678  0.9771861  0.52029955],"[[-0.44119096 -0.5767544   0.6194661 ]
 [ 0.00910509 -0.7525342  -0.47414786]
 [-0.7346326   0.31652862  0.05903781]
 [ 0.51534677 -0.02925157  0.62286425]]","[[-0.15950173  0.98133624 -0.10741505]
 [ 0.25871232  0.1465572   0.9547715 ]
 [ 0.9526945   0.1244981  -0.27725992]]"
20200221-171709.907450,3,[1.2929627  0.9771997  0.51809704],"[[-0.43855408 -0.5859832   0.6132691 ]
 [ 0.01756839 -0.7473831  -0.478548  ]
 [-0.7377298   0.3119749   0.05903862]
 [ 0.5129485  -0.02671202  0.6256254 ]]","[[-0.16899306  0.98021394 -0.10306296]
 [ 0.25398463  0.14434467  0.95637673]
 [ 0.95233047  0.13544457 -0.2733525 ]]"
20200221-171709.907450,4,[1.289834   0.97841716 0.5158607 ],"[[-0.43693116 -0.5938179   0.6075835 ]
 [ 0.02456233 -0.7424871  -0.48217294]
 [-0.74033993  0.30903012  0.05856516]
 [ 0.510279   -0.02436496  0.628428  ]]","[[-0.1774061   0.97902185 -0.10021658]
 [ 0.24920869  0.14320311  0.9578038 ]
 [ 0.9520621   0.14494537 -0.2693858 ]]"
20200221-171709.907450,5,[1.2892365 0.979809  0.5128573],"[[-0.43711337 -0.6007996   0.6016128 ]
 [ 0.02900165 -0.7370233  -0.48680794]
 [-0.74121356  0.30859786  0.05885994]
 [ 0.5086193  -0.02458748  0.63056785]]","[[-0.18084332  0.9787526  -0.09663991]
 [ 0.2471983   0.14033934  0.95874804]
 [ 0.9519394   0.149494   -0.2673254 ]]"
20200221-171709.907450,6,[1.2866638 0.9821369 0.5094057],"[[-0.43718347 -0.6083508   0.59496486]
 [ 0.03481697 -0.7313495  -0.4913636 ]
 [-0.74311745  0.30735055  0.05776487]
 [ 0.50540614 -0.02394108  0.6334366 ]]","[[-0.1872775   0.977772   -0.09428192]
 [ 0.24278805  0.13907625  0.9600583 ]
 [ 0.95183057  0.15690675 -0.2634372 ]]"
20200221-171709.907450,7,[1.282557  0.9841778 0.505481 ],"[[-0.4357115  -0.617867    0.5870919 ]
 [ 0.04349553 -0.7250288  -0.49649498]
 [-0.74657136  0.30344638  0.05578315]
 [ 0.5008943  -0.0222241   0.6369491 ]]","[[-0.1980166   0.9758982  -0.09171737]
 [ 0.23604491  0.13829237  0.9618514 ]
 [ 0.95135283  0.16881308 -0.25774002]]"
20200221-171709.907450,8,[1.2818894  0.98696756 0.50244856],"[[-0.4365635  -0.62336075  0.58182067]
 [ 0.04679132 -0.71990716 -0.49986696]
 [-0.74707943  0.3044119   0.05569202]
 [ 0.4990943  -0.0221026   0.63915265]]","[[-0.20075451  0.9754918  -0.09007329]
 [ 0.23404641  0.13704172  0.96251845]
 [ 0.9512727   0.17214859 -0.25582212]]"
20200221-171709.907450,9,[1.2812095 0.9883615 0.4989328],"[[-0.4362957  -0.6306823   0.57518166]
 [ 0.05173513 -0.7139232  -0.50468147]
 [-0.74826294  0.30338815  0.05578322]
 [ 0.49706328 -0.02256267  0.6413663 ]]","[[-0.20488493  0.9749603  -0.08645585]
 [ 0.23173289  0.13413642  0.96348697]
 [ 0.9509585   0.17736934 -0.25341287]]"
20200221-171709.907450,10,[1.2775369  0.9906135  0.49575096],"[[-0.4345483  -0.6386096   0.5685792 ]
 [ 0.05905251 -0.70824754 -0.50833833]
 [-0.7512664   0.30023646  0.05429352]
 [ 0.4932343  -0.02052827  0.6444859 ]]","[[-0.21439417  0.973066   -0.08472185]
 [ 0.22589138  0.1337831   0.9649224 ]
 [ 0.9502676   0.18773581 -0.2484895 ]]"
20200221-171709.907450,11,[1.2755222  0.99461883 0.49289846],"[[-0.43470338 -0.6437597   0.56379855]
 [ 0.06303965 -0.70345306 -0.5105104 ]
 [-0.75261897  0.30061862  0.05332129]
 [ 0.49053466 -0.01885272  0.64704525]]","[[-0.2197835   0.971836   -0.08502832]
 [ 0.22214794  0.13472731  0.9656599 ]
 [ 0.9499188   0.1933472  -0.24550225]]"
20200221-171709.907450,12,[1.2738482  0.99590236 0.48959282],"[[-0.43233165 -0.6520085   0.55704004]
 [ 0.07001375 -0.69731325 -0.514778  ]
 [-0.75509346  0.29719424  0.05300727]
 [ 0.48787415 -0.01773604  0.6495384 ]]","[[-0.22766662  0.9702937  -0.08184129]
 [ 0.2182796   0.13276412  0.96681315]
 [ 0.94895834  0.20224683 -0.24202129]]"
20200221-171709.907450,13,[1.2718303  0.99834234 0.485671  ],"[[-0.43052363 -0.660055    0.5500132 ]
 [ 0.07688105 -0.69095343 -0.51899004]
 [-0.7576257   0.294338    0.05190741]
 [ 0.4845022  -0.01661499  0.6522581 ]]","[[-0.23595007  0.96847475 -0.07990085]
 [ 0.21367952  0.13191691  0.9679562 ]
 [ 0.9479814   0.21131614 -0.23806901]]"
20200221-171709.907450,14,[1.2691642  1.0009007  0.48306596],"[[-0.42747244 -0.6672238   0.5446131 ]
 [ 0.08389083 -0.6855906  -0.5212528 ]
 [-0.7605801   0.29085425  0.05102174]
 [ 0.4814016  -0.01347541  0.6550489 ]]","[[-0.24573345  0.9661056  -0.07908957]
 [ 0.20855975  0.13237543  0.9690097 ]
 [ 0.9466351   0.22162314 -0.23401983]]"
20200221-171709.907450,15,[1.2676799 1.0036037 0.4797657],"[[-0.42547286 -0.6741086   0.53876656]
 [ 0.0897714  -0.6798148  -0.52428454]
 [-0.7627402   0.28859937  0.0504025 ]
 [ 0.47868723 -0.01182542  0.6575072 ]]","[[-0.25312558  0.9642958  -0.07785336]
 [ 0.20473108  0.13204494  0.9698708 ]
 [ 0.9455225   0.22956009 -0.23084526]]"
20200221-171709.907450,16,[1.2674047  1.0067245  0.47710907],"[[-0.42521065 -0.67881     0.5342786 ]
 [ 0.09280074 -0.6749024  -0.5264604 ]
 [-0.7634092   0.28913975  0.05066951]
 [ 0.47727433 -0.01104978  0.65940773]]","[[-0.25613347  0.96357274 -0.07696307]
 [ 0.20323084  0.13151911  0.97025776]
 [ 0.9450359   0.23287418 -0.22951414]]"
20200221-171709.907450,17,[1.2658879 1.0096097 0.4745715],"[[-0.423387   -0.6844962   0.5294962 ]
 [ 0.09766266 -0.66981685 -0.5283978 ]
 [-0.7652219   0.28762552  0.05037538]
 [ 0.47501698 -0.0090383   0.6617339 ]]","[[-0.26245195  0.96192604 -0.07627051]
 [ 0.19996485  0.13154307  0.9709329 ]
 [ 0.9439985   0.23957177 -0.2268751 ]]"
20200221-171709.907450,18,[1.2643931  1.0123307  0.47146773],"[[-0.42101642 -0.69104445  0.52390647]
 [ 0.10320779 -0.6641135  -0.53115207]
 [-0.7674183   0.28522903  0.04989062]
 [ 0.4724007  -0.00742892  0.66401094]]","[[-0.26978177  0.95998603 -0.07513074]
 [ 0.19629471  0.1312136   0.97172606]
 [ 0.9427016   0.24740621 -0.22383924]]"
20200221-171709.907450,19,[1.263106   1.015279   0.46899328],"[[-0.41878614 -0.6965898   0.51937133]
 [ 0.10797727 -0.65907395 -0.5328961 ]
 [-0.7692972   0.28347245  0.04969812]
 [ 0.47025642 -0.0052795   0.6661873 ]]","[[-0.2762576   0.95818615 -0.07457336]
 [ 0.19316405  0.13136607  0.9723326 ]
 [ 0.94147193  0.2542094  -0.22137801]]"
20200221-171709.907450,20,[1.2618971  1.0165505  0.46537566],"[[-0.41466737 -0.7048396   0.51245695]
 [ 0.11526577 -0.6523029  -0.53671986]
 [-0.7721384   0.27872205  0.04942295]
 [ 0.46751148 -0.00400795  0.6684882 ]]","[[-0.28527534  0.9557584  -0.07172113]
 [ 0.1893587   0.1295591   0.973323  ]
 [ 0.93955374  0.26408407 -0.21794116]]"
20200221-171709.907450,21,[1.2609562  1.0196012  0.46287683],"[[-0.4116768  -0.7105819   0.5080169 ]
 [ 0.12046508 -0.64706933 -0.5382131 ]
 [-0.7741982   0.276356    0.04931824]
 [ 0.46543238 -0.00134616  0.6706812 ]]","[[-0.29249325  0.9535983  -0.0713997 ]
 [ 0.1862493   0.1300441   0.97385824]
 [ 0.9379547   0.27154878 -0.21564402]]"
20200221-171709.907450,22,[1.2598755 1.0225912 0.4605026],"[[-0.4087263  -0.7161155   0.5036636 ]
 [ 0.12532306 -0.6419158  -0.5397167 ]
 [-0.77621484  0.2740826   0.0492731 ]
 [ 0.46338663  0.00107581  0.6727559 ]]","[[-0.29942924  0.9514757  -0.07096507]
 [ 0.1832177   0.13033302  0.9743943 ]
 [ 0.9363617   0.27876014 -0.21335268]]"
20200221-171709.907450,23,[1.2586092  1.0254413  0.45766252],"[[-0.40523285 -0.72239286  0.4985605 ]
 [ 0.13099158 -0.63618577 -0.5417308 ]
 [-0.77858627  0.27093297  0.04892858]
 [ 0.4609021   0.00334639  0.6749599 ]]","[[-0.30736557  0.94899434 -0.07025578]
 [ 0.1796973   0.13038553  0.9750427 ]
 [ 0.9344705   0.2870698  -0.21060777]]"
20200221-171709.907450,24,[1.2578573  1.0269169  0.45480502],"[[-0.40058547 -0.72944564  0.49294704]
 [ 0.13738696 -0.6300206  -0.5442995 ]
 [-0.78115785  0.26637432  0.04906385]
 [ 0.45874712  0.00530098  0.6770039 ]]","[[-0.31577164  0.9463877  -0.06810808]
 [ 0.17663415  0.12915803  0.9757657 ]
 [ 0.93224937  0.2960889  -0.20794882]]"
20200221-171709.907450,25,[1.2577218  1.0301754  0.45193255],"[[-0.3988171  -0.73431486  0.488385  ]
 [ 0.14096798 -0.6246913  -0.5461724 ]
 [-0.7823503   0.26552036  0.04927212]
 [ 0.4571661   0.00641806  0.67878425]]","[[-0.32009014  0.9449812  -0.0674739 ]
 [ 0.17499857  0.1289714   0.97608507]
 [ 0.9310842   0.30062735 -0.20665286]]"
20200221-171709.907450,26,[1.2562929 1.0331078 0.4503101],"[[-0.39280817 -0.7404016   0.4849412 ]
 [ 0.14760949 -0.6195939  -0.5464415 ]
 [-0.78555006  0.2603475   0.04910717]
 [ 0.45477918  0.01129809  0.6810448 ]]","[[-0.33099777  0.94118875 -0.06785288]
 [ 0.1706868   0.13043684  0.9766536 ]
 [ 0.92806613  0.31168848 -0.20382279]]"
20200221-171709.907450,27,[1.2564623 1.03527   0.4480764],"[[-0.39091867 -0.74472094  0.4809171 ]
 [ 0.15068074 -0.6147387  -0.5478607 ]
 [-0.78643006  0.25949213  0.04998289]
 [ 0.45387867  0.01228616  0.68269265]]","[[-0.33409324  0.9402058  -0.06629249]
 [ 0.17000869  0.12929241  0.9769242 ]
 [ 0.92708087  0.31511334 -0.20303887]]"
20200221-171709.907450,28,[1.2564033 1.0386266 0.4453232],"[[-0.3886691  -0.7494644   0.47660124]
 [ 0.15430653 -0.6094355  -0.5494446 ]
 [-0.78772473  0.25827116  0.05023669]
 [ 0.45234427  0.0136903   0.68442535]]","[[-0.33871058  0.938585   -0.06582825]
 [ 0.1684217   0.12931517  0.9771958 ]
 [ 0.92569405  0.3198996  -0.20187852]]"
20200221-171709.907450,29,[1.2559487  1.0404159  0.44320002],"[[-0.3835809  -0.75537235  0.4722928 ]
 [ 0.15996556 -0.6038915  -0.5506923 ]
 [-0.7900774   0.25388026  0.05067467]
 [ 0.4506159   0.01651179  0.6863744 ]]","[[-0.34664264  0.9357805  -0.06445045]
 [ 0.16590905  0.12879513  0.97769433]
 [ 0.92320824  0.32821754 -0.19990033]]"
20200221-171709.907450,30,[1.2555317  1.042222   0.44106817],"[[-0.3782918  -0.76126224  0.46800113]
 [ 0.16564874 -0.59828    -0.551876  ]
 [-0.7924514   0.24932894  0.05111422]
 [ 0.44886175  0.01939625  0.68832797]]","[[-0.35471207  0.9328426  -0.06312026]
 [ 0.16338857  0.12831634  0.97818166]
 [ 0.92058897  0.33665967 -0.19793114]]"
20200221-171709.907450,31,[1.254574  1.0466226 0.4384569],"[[-0.37302095 -0.76698095  0.46409267]
 [ 0.17140603 -0.5925591  -0.55270827]
 [-0.79524076  0.24509755  0.05049963]
 [ 0.44617024  0.02326443  0.6903489 ]]","[[-0.3644581   0.92899406 -0.06434659]
 [ 0.15945402  0.1303362   0.97856385]
 [ 0.9174665   0.34638518 -0.1956339 ]]"
20200221-171709.907450,32,[1.2541984  1.0498556  0.43636128],"[[-0.36739555 -0.7724784   0.4605261 ]
 [ 0.17698015 -0.58707917 -0.5533044 ]
 [-0.79775846  0.2405867   0.05058213]
 [ 0.4441619   0.02707628  0.6922511 ]]","[[-0.37334922  0.92544216 -0.06455418]
 [ 0.15647626  0.13141005  0.9789008 ]
 [ 0.91439915  0.35537058 -0.19387157]]"
20200221-171709.907450,33,[1.25339    1.052622   0.43335798],"[[-0.36081368 -0.77918226  0.45544565]
 [ 0.18359564 -0.58046186 -0.5550791 ]
 [-0.80079263  0.23458974  0.05018697]
 [ 0.44140404  0.03010522  0.69421756]]","[[-0.38376826  0.9212061  -0.06403933]
 [ 0.15268151  0.13169514  0.9794615 ]
 [ 0.91071963  0.3661085  -0.19119158]]"
20200221-171709.907450,34,[1.2535682 1.056329  0.4313644],"[[-0.35777187 -0.7830474   0.45243442]
 [ 0.18682265 -0.5757323  -0.55550635]
 [-0.8020613   0.2330454   0.05069279]
 [ 0.44022056  0.03253908  0.69580615]]","[[-0.38839802  0.91925037 -0.06423116]
 [ 0.15150124  0.13245565  0.9795423 ]
 [ 0.9089524   0.3707211  -0.19071312]]"
20200221-171709.907450,35,[1.252747  1.0592763 0.4300196],"[[-0.34868446 -0.7892366   0.4496349 ]
 [ 0.1942207  -0.57000554 -0.55518454]
 [-0.8057212   0.22516976  0.05063362]
 [ 0.43761992  0.03870125  0.6978788 ]]","[[-0.40151343  0.91354704 -0.06495184]
 [ 0.14702995  0.13429579  0.97997284]
 [ 0.90397424  0.38392228 -0.18824035]]"
20200221-171709.907450,36,[1.252727   1.0640377  0.42697638],"[[-0.3437497  -0.7944793   0.44558823]
 [ 0.19906014 -0.5639048  -0.55637085]
 [-0.80787516  0.22154078  0.05030829]
 [ 0.43537205  0.04163386  0.6995509 ]]","[[-0.4093906   0.9099726  -0.06594844]
 [ 0.14436617  0.13598278  0.98013633]
 [ 0.90086514  0.39173782 -0.18703933]]"
20200221-171709.907450,37,[1.2528908  1.06736    0.42404073],"[[-0.3389298  -0.7996857   0.4411707 ]
 [ 0.20358782 -0.5577939  -0.5578789 ]
 [-0.8097619   0.21785584  0.05047578]
 [ 0.4335487   0.04367207  0.701136  ]]","[[-0.41618875  0.90691334 -0.06553689]
 [ 0.14244913  0.13621703  0.98038423]
 [ 0.89805084  0.39868915 -0.18588102]]"
20200221-171709.907450,38,[1.2521569 1.0697737 0.4217657],"[[-0.32721144 -0.8073288   0.4369273 ]
 [ 0.21261533 -0.55037093 -0.5586654 ]
 [-0.8140757   0.20699362  0.05001357]
 [ 0.43012574  0.04965642  0.70319724]]","[[-0.43210652  0.8994303  -0.06564365]
 [ 0.1370701   0.13744693  0.9809793 ]
 [ 0.8913449   0.4148897  -0.18267672]]"
20200221-171709.907450,39,[1.2525449  1.073753   0.42048404],"[[-0.32319745 -0.81060874  0.4350327 ]
 [ 0.21572407 -0.54602623 -0.558234  ]
 [-0.8153724   0.20480867  0.05075328]
 [ 0.42915568  0.05312657  0.70465994]]","[[-0.43707722  0.8969801  -0.06625996]
 [ 0.13613425  0.13879557  0.98091966]
 [ 0.8890619   0.41971737 -0.18277408]]"
20200221-171709.907450,40,[1.2524155 1.0749567 0.4187052],"[[-0.31161955 -0.81755185  0.43118134]
 [ 0.22405997 -0.538933   -0.5587157 ]
 [-0.8190978   0.19418749  0.05093062]
 [ 0.42634407  0.0587475   0.7066299 ]]","[[-0.45138937  0.8899263  -0.06541038]
 [ 0.131871    0.13902657  0.9814691 ]
 [ 0.88252914  0.4343989  -0.1801106 ]]"
20200221-171709.907450,41,[1.2521302 1.0777258 0.4175104],"[[-0.29967272 -0.8237402   0.42870662]
 [ 0.23213662 -0.53232825 -0.55817425]
 [-0.82286835  0.18369168  0.05092056]
 [ 0.42331588  0.06584788  0.7085615 ]]","[[-0.46636942  0.8821077  -0.06622475]
 [ 0.12710758  0.14091296  0.98182863]
 [ 0.8754104   0.44947714 -0.17784007]]"
20200221-171709.907450,42,[1.252333   1.0806576  0.41529423],"[[-0.28955397 -0.82976943  0.4250637 ]
 [ 0.23914127 -0.5252272  -0.55873704]
 [-0.8258856   0.17491986  0.05090627]
 [ 0.42057428  0.07086546  0.7103116 ]]","[[-0.47867516  0.8754765  -0.06641524]
 [ 0.1234794   0.14201987  0.982132  ]
 [ 0.86926574  0.46192122 -0.17608471]]"
20200221-171709.907450,43,[1.252268  1.08491   0.4131296],"[[-0.27780434 -0.8359646   0.42191687]
 [ 0.2469304  -0.51774323 -0.55894005]
 [-0.8293466   0.16473022  0.0504295 ]
 [ 0.41717437  0.07725886  0.7120598 ]]","[[-0.49319854  0.86726135 -0.06791697]
 [ 0.11877412  0.14447515  0.98235416]
 [ 0.8617701   0.47642884 -0.17426315]]"
20200221-171709.907450,44,[1.2526891  1.086568   0.41149208],"[[-0.26886478 -0.8409044   0.41870743]
 [ 0.25262702 -0.511451   -0.5592661 ]
 [-0.8316023   0.1571042   0.05098087]
 [ 0.41512543  0.08133659  0.71365696]]","[[-0.50289416  0.86174434 -0.06703796]
 [ 0.11641717  0.14438197  0.9826501 ]
 [ 0.85647225  0.4863645  -0.17293069]]"
20200221-171709.907450,45,[1.2524213  1.0881456  0.40996397],"[[-0.25039423 -0.8485409   0.41535798]
 [ 0.26380154 -0.5022666  -0.559106  ]
 [-0.8363217   0.1398781   0.05037345]
 [ 0.41021654  0.09022576  0.7157798 ]]","[[-0.52433133  0.848821   -0.06767389]
 [ 0.1091638   0.14582537  0.9832693 ]
 [ 0.84448814  0.5081712  -0.16912133]]"
20200221-171709.907450,46,[1.2531049  1.0918906  0.40838632],"[[-0.24316989 -0.8523029   0.41311553]
 [ 0.26800656 -0.49656808 -0.5589883 ]
 [-0.83792305  0.1345249   0.05098657]
 [ 0.40856564  0.09435581  0.7171248 ]]","[[-0.53181386  0.8441195  -0.0680904 ]
 [ 0.10764875  0.14713363  0.98324126]
 [ 0.8399915   0.5155714  -0.16911612]]"
20200221-171709.907450,47,[1.2537705 1.0946225 0.4063381],"[[-0.23082824 -0.8577966   0.4098154 ]
 [ 0.27515262 -0.48875156 -0.5593804 ]
 [-0.8406145   0.12376802  0.05100645]
 [ 0.40543354  0.09993924  0.7187091 ]]","[[-0.5450719   0.8355988  -0.06834575]
 [ 0.10388356  0.14820632  0.98348516]
 [ 0.8319284   0.52897006 -0.16758806]]"
20200221-171709.907450,48,[1.2541718  1.0951611  0.40442926],"[[-0.21670304 -0.86361665  0.40590253]
 [ 0.28303015 -0.48039648 -0.5599306 ]
 [-0.8434852   0.11085989  0.05107148]
 [ 0.4018288   0.10533574  0.7204947 ]]","[[-0.5598274   0.8258664  -0.06736562]
 [ 0.09946568  0.1476906   0.9840195 ]
 [ 0.82261777  0.5441803  -0.16482659]]"
20200221-171709.907450,49,[1.2548578  1.0976088  0.40292823],"[[-0.21082987 -0.86667013  0.40344578]
 [ 0.28614712 -0.47521544 -0.5599333 ]
 [-0.844481    0.10662831  0.05199826]
 [ 0.40065286  0.10809149  0.721805  ]]","[[-0.56495374  0.8224315  -0.06658701]
 [ 0.0989996   0.14767957  0.98406804]
 [ 0.81916213  0.5493607  -0.1648525 ]]"
20200221-171709.907450,50,[1.2551473 1.0993657 0.4010593],"[[-0.19349296 -0.87264514  0.39997888]
 [ 0.29536718 -0.46576256 -0.5600833 ]
 [-0.8476832   0.09078973  0.051532  ]
 [ 0.39591852  0.11538074  0.7236491 ]]","[[-0.58302104  0.80969226 -0.06696784]
 [ 0.0931017   0.14846599  0.9845252 ]
 [ 0.8071049   0.56776416 -0.16194256]]"
20200221-171709.907450,51,[1.2560391  1.1033328  0.40010038],"[[-0.18459441 -0.8756518   0.3987493 ]
 [ 0.2997505  -0.4599992  -0.55923927]
 [-0.8490501   0.08400043  0.05222248]
 [ 0.3939398   0.12074171  0.7249298 ]]","[[-0.59128034  0.80361116 -0.06779935]
 [ 0.09145622  0.15034333  0.98439455]
 [ 0.8012637   0.57585245 -0.16239029]]"
20200221-171709.907450,52,[1.2568417  1.1057266  0.39873445],"[[-0.17795771 -0.8784774   0.39648074]
 [ 0.30290383 -0.4546476  -0.55914974]
 [-0.84994954  0.07908006  0.05317793]
 [ 0.3926395   0.12376937  0.7261725 ]]","[[-0.59679466  0.7995885  -0.06703804]
 [ 0.09095872  0.15042463  0.98442817]
 [ 0.7972217   0.58140373 -0.16250217]]"
20200221-171709.907450,53,[1.2575159  1.1073178  0.39701197],"[[-0.15949616 -0.8837654   0.39329904]
 [ 0.311867   -0.44478005 -0.5591572 ]
 [-0.8526676   0.06233105  0.05283679]
 [ 0.38763127  0.13131762  0.72792006]]","[[-0.6149981   0.7856375  -0.06746162]
 [ 0.0850483   0.15114334  0.98484635]
 [ 0.78392863  0.59994113 -0.15977001]]"
20200221-171709.907450,54,[1.2585647  1.1087785  0.39564633],"[[-0.1481567  -0.88722986  0.3907124 ]
 [ 0.3171015  -0.437668   -0.5589752 ]
 [-0.8540226   0.05269777  0.05340059]
 [ 0.38489166  0.13598947  0.7294101 ]]","[[-0.6251074   0.7776702  -0.06685705]
 [ 0.08265412  0.15112504  0.9850531 ]
 [ 0.77615017  0.610238   -0.15874703]]"
20200221-171709.907450,55,[1.2595924  1.1109577  0.39345294],"[[-0.13264993 -0.8915775   0.38729215]
 [ 0.32413656 -0.42833975 -0.5594158 ]
 [-0.8557934   0.03902152  0.05325783]
 [ 0.38073245  0.14174579  0.7309048 ]]","[[-0.6394399   0.765913   -0.06703635]
 [ 0.07837876  0.15167598  0.9853177 ]
 [ 0.76483554  0.62479734 -0.157019  ]]"
20200221-171709.907450,56,[1.2610645 1.1130842 0.3911688],"[[-0.11686361 -0.8956861   0.38383728]
 [ 0.3310208  -0.41878754 -0.55996794]
 [-0.8573023   0.02514536  0.05312642]
 [ 0.37656438  0.14741537  0.73231316]]","[[-0.6536262   0.7538253  -0.06723344]
 [ 0.0742139   0.15225036  0.9855518 ]
 [ 0.75317013  0.6391927  -0.15545917]]"
20200221-171709.907450,57,[1.2626235 1.1156361 0.3899151],"[[-0.10130605 -0.8988203   0.38188562]
 [ 0.33755443 -0.41009903 -0.5594238 ]
 [-0.8585307   0.01174899  0.05329599]
 [ 0.3724498   0.1542807   0.7337354 ]]","[[-0.6671995   0.7417701  -0.067984  ]
 [ 0.07028487  0.15355378  0.98563737]
 [ 0.74155563  0.6528386  -0.15458624]]"
20200221-171709.907450,58,[1.2643174  1.1170491  0.38869554],"[[-0.08198873 -0.9020674   0.37959844]
 [ 0.34543008 -0.39997867 -0.55891365]
 [-0.85980666 -0.00550293  0.05312138]
 [ 0.366999    0.1620543   0.73532224]]","[[-0.68412346  0.72611976 -0.06874114]
 [ 0.06464945  0.1542461   0.9859151 ]
 [ 0.7264954   0.6700436  -0.15246662]]"
20200221-171709.907450,59,[1.2654059  1.118561   0.38803396],"[[ 0.07034607 -0.9039475   0.37814516]
 [-0.3498843  -0.39330778 -0.55802375]
 [ 0.86034787 -0.01531793  0.05375894]
 [-0.3639152   0.16719383  0.7366991 ]]","[[ 0.69337195  0.71732026 -0.06846163]
 [-0.06237187  0.15439782  0.986038  ]
 [-0.7178754   0.679421   -0.15179572]]"
20200221-171709.907450,60,[1.2669774  1.1205956  0.38645303],"[[ 0.05394096 -0.9064659   0.37566915]
 [-0.35607335 -0.38391852 -0.55790347]
 [ 0.86093146 -0.02964879  0.05374186]
 [-0.35930383  0.17334071  0.7380567 ]]","[[ 0.7068163   0.7040325  -0.06891329]
 [-0.05821583  0.154979    0.986201  ]
 [-0.70499766  0.69305104 -0.1505275 ]]"
20200221-171709.907450,61,[1.2681576  1.1226336  0.38485125],"[[ 0.04507785 -0.9083221   0.37322828]
 [-0.3590424  -0.37747395 -0.557931  ]
 [ 0.8610637  -0.03665482  0.05451151]
 [-0.35724697  0.17640986  0.739217  ]]","[[ 0.71305037  0.6977983  -0.06809212]
 [-0.05743502  0.15493043  0.98625433]
 [-0.69875634  0.6993382  -0.15055127]]"
20200221-171709.907450,62,[1.2702062  1.1248636  0.38367108],"[[ 0.02855182 -0.91010004  0.37144387]
 [-0.36492628 -0.3682394  -0.55735666]
 [ 0.86124766 -0.05091502  0.05463061]
 [-0.3525135   0.18309885  0.74053895]]","[[ 0.72606313  0.68417114 -0.06886258]
 [-0.05340653  0.15595078  0.9863199 ]
 [-0.68555075  0.7124529  -0.14976935]]"
20200221-171709.907450,63,[1.2719527 1.1279244 0.3821191],"[[ 0.01474675 -0.9116572   0.36948243]
 [-0.36951548 -0.35978138 -0.5571428 ]
 [ 0.861151   -0.062407    0.05500237]
 [-0.34879765  0.1885304   0.7416533 ]]","[[ 0.736268    0.6731287  -0.06933372]
 [-0.05077373  0.15712455  0.9862729 ]
 [-0.6747825   0.7226407  -0.14986302]]"
20200221-171709.907450,64,[1.2736917 1.1290038 0.381023 ],"[[ 0.00253222 -0.9128681   0.36747575]
 [-0.37344342 -0.3523527  -0.55668   ]
 [ 0.86097354 -0.0727596   0.05546376]
 [-0.34533656  0.19293688  0.7429618 ]]","[[ 0.74510646  0.66337657 -0.06890389]
 [-0.04849317  0.1569255   0.9864192 ]
 [-0.66518     0.731646   -0.14909546]]"
20200221-171709.907450,65,[1.2760143  1.1311222  0.37993285],"[[-0.01417758 -0.91372585  0.36595514]
 [-0.37882352 -0.34308487 -0.5560608 ]
 [ 0.86051303 -0.08720116  0.05553179]
 [-0.34030712  0.19948268  0.7441702 ]]","[[ 0.75749     0.6491123  -0.06972975]
 [-0.04445397  0.15784515  0.9864627 ]
 [-0.6513316   0.74413586 -0.14842175]]"
20200221-171709.907450,66,[1.2781329 1.133342  0.3794221],"[[-0.03130118 -0.9139305   0.36519626]
 [-0.3842268  -0.33404654 -0.55486935]
 [ 0.8597755  -0.10202611  0.05570764]
 [-0.3349269   0.20672344  0.7454182 ]]","[[ 0.76990086  0.63422704 -0.07077339]
 [-0.04024734  0.158937    0.9864681 ]
 [-0.63689315  0.7566342  -0.14789169]]"
20200221-171709.907450,67,[1.2808126  1.1371874  0.37797403],"[[-0.05102303 -0.91405636  0.36384383]
 [-0.3901517  -0.3230298  -0.55444014]
 [ 0.8585016  -0.11896893  0.05558196]
 [-0.3288666   0.21447478  0.7464077 ]]","[[ 0.78375214  0.61682326 -0.07253747]
 [-0.03545237  0.16103546  0.9863117 ]
 [-0.62006104  0.77045226 -0.14807974]]"
20200221-171709.907450,68,[1.2823012 1.1389965 0.3765947],"[[-0.06071451 -0.9145862   0.36179808]
 [-0.3925864  -0.31641337 -0.5543483 ]
 [ 0.8577354  -0.12678783  0.05622917]
 [-0.32631236  0.21757673  0.7474215 ]]","[[ 0.78963065  0.60936755 -0.07179645]
 [-0.03457368  0.16101383  0.9863464 ]
 [-0.6126077   0.77636707 -0.14820951]]"
20200221-171709.907450,69,[1.2850755  1.1405914  0.37521568],"[[-0.07756391 -0.91438204  0.35991815]
 [-0.39713728 -0.30670726 -0.55403864]
 [ 0.85633785 -0.14141288  0.05613692]
 [-0.32086074  0.2232453   0.7485643 ]]","[[ 0.80103296  0.59421974 -0.07245021]
 [-0.0304594   0.16133098  0.9864302 ]
 [-0.59784484  0.7879561  -0.14733098]]"
20200221-171709.907450,70,[1.2872261 1.1414192 0.3742883],"[[-0.08909716 -0.9142314   0.3582657 ]
 [-0.39993656 -0.29962128 -0.5534601 ]
 [ 0.8552706  -0.15111983  0.05659309]
 [-0.3172137   0.22709145  0.7497497 ]]","[[ 0.8082933   0.58435327 -0.07206278]
 [-0.02841474  0.16096604  0.9865507 ]
 [-0.5880938   0.79537475 -0.14671203]]"
20200221-171709.907450,71,[1.2891272  1.142111   0.37344328],"[[-0.10083137 -0.9138658   0.356654  ]
 [-0.40270275 -0.29255098 -0.55284065]
 [ 0.8540646  -0.16110004  0.05701902]
 [-0.31342822  0.2308905   0.75094235]]","[[ 0.8155948   0.5741731  -0.07162786]
 [-0.02627443  0.16041248  0.98670036]
 [-0.57802665  0.8028657  -0.14591764]]"
20200221-171709.907450,72,[1.292667  1.1445205 0.3726079],"[[-0.12267245 -0.91187596  0.3558629 ]
 [-0.40821892 -0.28085884 -0.55185795]
 [ 0.8514072  -0.18026122  0.05665457]
 [-0.3056382   0.23896971  0.752067  ]]","[[ 0.8298089   0.55315995 -0.0736982 ]
 [-0.02010281  0.16160935  0.98665   ]
 [-0.5576856   0.8172494  -0.14522493]]"
20200221-171709.907450,73,[1.2961577 1.1444985 0.3713081],"[[-0.1398963  -0.9104569   0.35373196]
 [-0.41203082 -0.2709685  -0.5515331 ]
 [ 0.84917706 -0.19558461  0.05615494]
 [-0.29926223  0.24370255  0.75334704]]","[[ 0.840768    0.53625965 -0.07439587]
 [-0.01511417  0.16061054  0.9869021 ]
 [-0.5411845   0.8286312  -0.14314131]]"
20200221-171709.907450,74,[1.2979232  1.1466292  0.37094206],"[[-0.15006499 -0.9093081   0.3532595 ]
 [-0.4142223  -0.2647867  -0.5504443 ]
 [ 0.8475439  -0.20382132  0.05689576]
 [-0.29592133  0.24799927  0.75430894]]","[[ 0.8461592   0.5277364  -0.07422137]
 [-0.01404931  0.16131134  0.9868036 ]
 [-0.5327449   0.83395016 -0.14390941]]"
20200221-171709.907450,75,[1.3009989  1.1479496  0.37018862],"[[-0.16596483 -0.9072196   0.3522436 ]
 [-0.4175426  -0.2557619  -0.54960036]
 [ 0.84499407 -0.21762474  0.05685676]
 [-0.28999832  0.253334    0.75540155]]","[[ 0.8555099   0.5123153  -0.07507444]
 [-0.01004875  0.1613913   0.9868394 ]
 [-0.51768917  0.84349644 -0.14321996]]"
20200221-171709.907450,76,[1.3051481  1.1469015  0.36985725],"[[-0.18253532 -0.9045856   0.35121003]
 [-0.4207666  -0.2468651  -0.5484141 ]
 [ 0.8423833  -0.23260692  0.05631706]
 [-0.28289002  0.2582177   0.75678396]]","[[ 0.8656875   0.4947466  -0.07623034]
 [-0.0044265   0.15984227  0.9871326 ]
 [-0.5005654   0.8542109  -0.14056344]]"
20200221-171709.907450,77,[1.3070723  1.1484587  0.36864784],"[[-0.19174007 -0.9036056   0.3495255 ]
 [-0.42211947 -0.24055152 -0.54817957]
 [ 0.84060967 -0.24001357  0.05687599]
 [-0.28004763  0.260817    0.7576916 ]]","[[ 0.870127    0.48699883 -0.07557346]
 [-0.00369765  0.15979359  0.9871435 ]
 [-0.49281397  0.8586607  -0.14084144]]"
20200221-171709.907450,78,[1.3086967  1.1483058  0.36789763],"[[-0.196849   -0.90329003  0.34787232]
 [-0.42259693 -0.23656248 -0.5476226 ]
 [ 0.83974165 -0.2439805   0.05750903]
 [-0.2783819   0.26187658  0.7588064 ]]","[[ 0.87234396  0.48324475 -0.07409889]
 [-0.00399326  0.15860263  0.9873344 ]
 [-0.48887646  0.86099935 -0.14028575]]"
20200221-171709.907450,79,[1.3135194 1.1484429 0.3667908],"[[-0.2160357  -0.8997662   0.3463029 ]
 [-0.42585546 -0.22571377 -0.54706854]
 [ 0.8360171  -0.26118422  0.05652274]
 [-0.2702804   0.26693994  0.7599972 ]]","[[ 0.88331074  0.4625874  -0.07599507]
 [ 0.00240902  0.15762836  0.98749554]
 [-0.468782    0.87244844 -0.13812041]]"
20200221-171709.907450,80,[1.3176873  1.1477629  0.36517945],"[[-0.2288727  -0.897779    0.34375006]
 [-0.42733973 -0.21756382 -0.5471383 ]
 [ 0.83352953 -0.27251315  0.05586983]
 [-0.26500323  0.2690645   0.76115346]]","[[ 0.89027655  0.44895238 -0.07648229]
 [ 0.00628422  0.15581158  0.987767  ]
 [-0.4553771   0.8798663  -0.13589408]]"
20200221-171709.907450,81,[1.321558   1.1487149  0.36406004],"[[-0.2413288  -0.8953085   0.34240764]
 [-0.42889744 -0.20984082 -0.54670984]
 [ 0.8308007  -0.28315726  0.05567874]
 [-0.25995642  0.2724178   0.7620797 ]]","[[ 0.8965311   0.43620166 -0.0772016 ]
 [ 0.00940668  0.1554918   0.9877925 ]
 [-0.44288087  0.88631284 -0.13530003]]"
20200221-171709.907450,82,[1.3259176  1.1484478  0.36341447],"[[-0.25352764 -0.8925513   0.34133342]
 [-0.43033785 -0.2026093  -0.5458569 ]
 [ 0.8281618  -0.29390392  0.0552274 ]
 [-0.25432566  0.2755401   0.76320493]]","[[ 0.90282905  0.42283544 -0.07816739]
 [ 0.01326338  0.15431434  0.9879329 ]
 [-0.42979532  0.89297116 -0.13371123]]"
20200221-171709.907450,83,[1.3275514  1.148357   0.36279434],"[[-0.2574104  -0.8920856   0.3399791 ]
 [-0.43035462 -0.1994069  -0.54520416]
 [ 0.8273568  -0.296775    0.05589154]
 [-0.25301284  0.27630568  0.764227  ]]","[[ 0.9041828   0.42020077 -0.07671139]
 [ 0.01258698  0.15330184  0.9880993 ]
 [-0.42696002  0.89438796 -0.13332382]]"
20200221-171709.907450,84,[1.3297842  1.150228   0.36258063],"[[-0.2664666  -0.88972753  0.33984447]
 [-0.43157476 -0.19377895 -0.5440515 ]
 [ 0.824934   -0.30414402  0.05648908]
 [-0.24944511  0.2798773   0.76506394]]","[[ 0.9079669   0.41198036 -0.07660477]
 [ 0.01349756  0.15396127  0.9879848 ]
 [-0.41882443  0.8980915  -0.13423099]]"
20200221-171709.907450,85,[1.3320007 1.1514186 0.3611331],"[[-0.27414805 -0.8883843   0.3378869 ]
 [-0.43191314 -0.18810378 -0.54406846]
 [ 0.82295907 -0.31020182  0.05692948]
 [-0.24704722  0.28136274  0.765886  ]]","[[ 0.9110065   0.4053631  -0.07581522]
 [ 0.01383993  0.15368666  0.9880228 ]
 [-0.41215977  0.90114444 -0.13439931]]"
20200221-171709.907450,86,[1.3355979 1.1506257 0.360453 ],"[[-0.28079757 -0.8869697   0.336522  ]
 [-0.43211305 -0.18359022 -0.54342675]
 [ 0.82156295 -0.31586006  0.05683997]
 [-0.2438559   0.28250983  0.7669484 ]]","[[ 0.9141078   0.39835498 -0.07563398]
 [ 0.01543156  0.15221944  0.9882263 ]
 [-0.40517783  0.90451235 -0.13299772]]"
20200221-171709.907450,87,[1.339565  1.1514202 0.3599217],"[[-0.29214242 -0.8837806   0.3358986 ]
 [-0.43311498 -0.17677191 -0.54253215]
 [ 0.8185821  -0.32560223  0.05675178]
 [-0.23872109  0.2857742   0.7678606 ]]","[[ 0.9192515   0.38616562 -0.07650464]
 [ 0.01843231  0.15190311  0.9882235 ]
 [-0.39323926  0.909836   -0.13251923]]"
20200221-171709.907450,88,[1.3438611  1.1523482  0.35933945],"[[-0.30279845 -0.8806463   0.33537036]
 [-0.4339718  -0.17026052 -0.5417563 ]
 [ 0.8156808  -0.33471623  0.05655067]
 [-0.23376538  0.28885734  0.76865375]]","[[ 0.92392623  0.37464935 -0.07744729]
 [ 0.02128402  0.15178807  0.98818386]
 [-0.38197803  0.91465735 -0.13226692]]"
20200221-171709.907450,89,[1.346678  1.1525214 0.3588525],"[[-0.31017146 -0.87856513  0.33450884]
 [-0.43442607 -0.16547483 -0.54095185]
 [ 0.813623   -0.34097677  0.05661936]
 [-0.23040219  0.29064786  0.76959014]]","[[ 0.92691416  0.36724448 -0.07721139]
 [ 0.02249751  0.15099768  0.9882781 ]
 [-0.37459838  0.9177861  -0.1316998 ]]"
20200221-171709.907450,90,[1.3490808  1.1538169  0.35791522],"[[-0.31749517 -0.87663716  0.33330274]
 [-0.43464905 -0.16029088 -0.54053324]
 [ 0.8114212  -0.34676948  0.05710528]
 [-0.227756    0.2925153   0.77037126]]","[[ 0.92952585  0.3607025  -0.076653  ]
 [ 0.02287478  0.15106721  0.9882587 ]
 [-0.36804718  0.92036545 -0.13216986]]"
20200221-171709.907450,91,[1.352558  1.1526045 0.3570237],"[[-0.32266542 -0.8755195   0.33155823]
 [-0.43426535 -0.15651435 -0.54013366]
 [ 0.8103018  -0.35118896  0.05693988]
 [-0.22519289  0.2926354   0.7714162 ]]","[[ 0.9317239   0.35507518 -0.0762386 ]
 [ 0.02405493  0.14912687  0.9885254 ]
 [-0.36237     0.92286676 -0.13040376]]"
20200221-171709.907450,92,[1.3565003  1.1547365  0.35694528],"[[-0.33392134 -0.8714241   0.33199805]
 [-0.43525657 -0.14980161 -0.5388844 ]
 [ 0.80666983 -0.36066043  0.05708544]
 [-0.21984608  0.29682294  0.77208924]]","[[ 0.93608725  0.3431615  -0.07733569]
 [ 0.02660768  0.15014566  0.9883057 ]
 [-0.35076013  0.9271982  -0.1314187 ]]"
20200221-171709.907450,93,[1.3605236  1.1568112  0.35686517],"[[-0.34498772 -0.8672328   0.33242977]
 [-0.4361462  -0.1431679  -0.537677  ]
 [ 0.8029615  -0.36999443  0.05720715]
 [-0.21450628  0.3008559   0.7727362 ]]","[[ 0.94024605  0.3313424  -0.07841961]
 [ 0.0291578   0.15111208  0.9880864 ]
 [-0.33924514  0.931331   -0.13242133]]"
20200221-171709.907450,94,[1.36464    1.1588273  0.35681748],"[[-0.3558107  -0.86295164  0.3329246 ]
 [-0.4369274  -0.13664593 -0.5364439 ]
 [ 0.7992256  -0.37913263  0.05730474]
 [-0.20912075  0.30479625  0.77337277]]","[[ 0.9441942   0.31964806 -0.07951245]
 [ 0.03171656  0.15204516  0.9878645 ]
 [-0.32785845  0.9352579  -0.13342205]]"
20200221-171709.907450,95,[1.3670648  1.1572512  0.35585818],"[[-0.35659528 -0.8634639   0.33086342]
 [-0.43604684 -0.13510787 -0.53629196]
 [ 0.79943776 -0.37958333  0.05732913]
 [-0.20881137  0.30346674  0.77435994]]","[[ 0.9443354   0.319601   -0.07801001]
 [ 0.03086479  0.15000889  0.9882026 ]
 [-0.3275328   0.93560266 -0.13179432]]"
20200221-171709.907450,96,[1.3703274  1.1572964  0.35495165],"[[-0.3618794  -0.8619264   0.32955167]
 [-0.4357598  -0.13118353 -0.53600097]
 [ 0.797842   -0.38392124  0.05725844]
 [-0.20640896  0.30410227  0.775126  ]]","[[ 0.94612724  0.31435275 -0.0776241 ]
 [ 0.0315099   0.14920759  0.9883037 ]
 [-0.32225809  0.93750703 -0.13126415]]"
20200221-171709.907450,97,[1.3752589  1.1564591  0.35457683],"[[-0.36928174 -0.8591878   0.32888067]
 [-0.4354879  -0.12664433 -0.53508574]
 [ 0.79573065 -0.39053613  0.05677013]
 [-0.20197381  0.30535007  0.7760783 ]]","[[ 0.9490948   0.30503806 -0.07855418]
 [ 0.03436205  0.14763291  0.9884451 ]
 [-0.31311056  0.9408273  -0.1296359 ]]"
20200221-171709.907450,98,[1.3801805  1.1551479  0.35338253],"[[-0.37569514 -0.85726064  0.3270033 ]
 [-0.43479    -0.122196   -0.53495324]
 [ 0.7940086  -0.39628366  0.05594382]
 [-0.19839661  0.3051745   0.7770228 ]]","[[ 0.9516088   0.29695526 -0.07910825]
 [ 0.03680813  0.14542961  0.98868364]
 [-0.30509952  0.9437519  -0.12746175]]"
20200221-171709.907450,99,[1.3843932  1.1566887  0.35261694],"[[-0.38450214 -0.85381883  0.3264833 ]
 [-0.4347559  -0.11640868 -0.5344746 ]
 [ 0.7908355  -0.4036004   0.05588384]
 [-0.1942288   0.3074882   0.7775747 ]]","[[ 0.95446104  0.28747025 -0.07978292]
 [ 0.03870522  0.14584735  0.98854965]
 [-0.29581475  0.94662005 -0.128079  ]]"
20200221-171709.907450,100,[1.3881532 1.1555935 0.3522114],"[[-0.38799033 -0.8526851   0.32554302]
 [-0.43421698 -0.11388794 -0.53379375]
 [ 0.7899893  -0.4066639   0.05561029]
 [-0.19192651  0.3075419   0.7784558 ]]","[[ 0.95570165  0.2833699  -0.07959892]
 [ 0.03958497  0.14423588  0.9887513 ]
 [-0.29166338  0.9481022  -0.12662926]]"
20200221-171709.907450,101,[1.3900083  1.1554973  0.35185307],"[[-0.39028934 -0.85201824  0.3247522 ]
 [-0.4339448  -0.11185905 -0.5330763 ]
 [ 0.78924763 -0.40834564  0.05600711]
 [-0.19092973  0.3079063   0.7792491 ]]","[[ 0.95617694  0.2821273  -0.07829246]
 [ 0.03860183  0.14359455  0.98888344]
 [-0.29023337  0.94856995 -0.12641118]]"
20200221-171709.907450,102,[1.3933082  1.1557274  0.35198402],"[[-0.3957074  -0.84959173  0.32490367]
 [-0.43398324 -0.10847244 -0.5318476 ]
 [ 0.78730685 -0.4130009   0.05607105]
 [-0.18767627  0.30961     0.78002024]]","[[ 0.9578831   0.27626973 -0.07832599]
 [ 0.0395615   0.14319886  0.9889029 ]
 [-0.2844201   0.9503521  -0.12623814]]"
20200221-171709.907450,103,[1.3981246 1.1558706 0.3512545],"[[-0.40266725 -0.8468031   0.32413974]
 [-0.4335829  -0.10387205 -0.53139687]
 [ 0.7849152  -0.41905072  0.05552883]
 [-0.18377426  0.31069508  0.7806838 ]]","[[ 0.9601713   0.26798338 -0.07909457]
 [ 0.04170522  0.14245021  0.98892295]
 [-0.27628198  0.9528341  -0.12560031]]"
20200221-171709.907450,104,[1.4026973 1.1574819 0.3509281],"[[-0.4110453  -0.8429651   0.32431775]
 [-0.43354657 -0.09851385 -0.530564  ]
 [ 0.78163064 -0.4260948   0.05541937]
 [-0.17925647  0.31328654  0.78118426]]","[[ 0.96266127  0.25861    -0.08002691]
 [ 0.04374548  0.1431249   0.98873746]
 [-0.2671512   0.95532    -0.12646776]]"
20200221-171709.907450,105,[1.4082508 1.1567028 0.3506262],"[[-0.41611153 -0.8407757   0.32392013]
 [-0.43293756 -0.09525999 -0.52982426]
 [ 0.78013235 -0.4307014   0.05467248]
 [-0.17552769  0.3138759   0.78190356]]","[[ 0.96440786  0.25169116 -0.08104903]
 [ 0.04609873  0.14178188  0.9888239 ]
 [-0.26036957  0.95736593 -0.12513295]]"
20200221-171709.907450,106,[1.4127954 1.1580846 0.3499467],"[[-0.42361116 -0.8374159   0.32355738]
 [-0.43255752 -0.0902224  -0.5293781 ]
 [ 0.7771608  -0.43693075  0.05453163]
 [-0.17166379  0.31573078  0.78236544]]","[[ 0.96648204  0.2433787  -0.08172603]
 [ 0.04779542  0.14219722  0.98868376]
 [-0.25224572  0.9594513  -0.1257987 ]]"
20200221-171709.907450,107,[1.4174645 1.1595873 0.3496584],"[[-0.43119445 -0.8337262   0.32372496]
 [-0.43227708 -0.08528715 -0.5285938 ]
 [ 0.77406317 -0.4432681   0.05446849]
 [-0.16743417  0.31802535  0.7828308 ]]","[[ 0.9685304   0.23479392 -0.08258829]
 [ 0.04966373  0.14283858  0.9884993 ]
 [-0.2438904   0.9614932  -0.12668276]]"
20200221-171709.907450,108,[1.4206364  1.1609367  0.34982407],"[[-0.43705845 -0.83062994  0.32428023]
 [-0.4323785  -0.08147772 -0.5274493 ]
 [ 0.7714291  -0.44813746  0.05471935]
 [-0.16408959  0.32029322  0.783355  ]]","[[ 0.9699502   0.22885938 -0.08258118]
 [ 0.05028088  0.14354013  0.9883663 ]
 [-0.23805064  0.9628184  -0.12771954]]"
20200221-171709.907450,109,[1.4243813 1.1612384 0.3499372],"[[-0.44105074 -0.8285517   0.3245331 ]
 [-0.43216637 -0.07880881 -0.5264236 ]
 [ 0.76985836 -0.45153055  0.05468544]
 [-0.16132177  0.32157668  0.78394264]]","[[ 0.97096425  0.2245016  -0.08262945]
 [ 0.05095294  0.1434      0.98835236]
 [-0.23373573  0.963865   -0.12779725]]"
20200221-171709.907450,110,[1.4276106  1.1625537  0.35011497],"[[-0.4467197  -0.82545507  0.32510757]
 [-0.4322415  -0.07511899 -0.5253442 ]
 [ 0.76722634 -0.4562631   0.0548932 ]
 [-0.1580276   0.3237372   0.7844141 ]]","[[ 0.97228134  0.2187299  -0.08262095]
 [ 0.05155811  0.14409843  0.9882193 ]
 [-0.22805864  0.96508706 -0.12882692]]"
20200221-171709.907450,111,[1.4334737  1.1618618  0.35027424],"[[-0.45081112 -0.8232469   0.32540095]
 [-0.43160006 -0.0726366  -0.52431417]
 [ 0.76595086 -0.4600896   0.05422416]
 [-0.1543036   0.32450935  0.78502774]]","[[ 0.9735289   0.21264574 -0.08380397]
 [ 0.05383357  0.14301349  0.98825556]
 [-0.2221334   0.9666069  -0.12778029]]"
20200221-171709.907450,112,[1.438325  1.1630768 0.3496476],"[[-0.45731354 -0.8199984   0.32512116]
 [-0.43098474 -0.06815138 -0.5239215 ]
 [ 0.7631645  -0.4655084   0.05399414]
 [-0.15065321  0.32597473  0.7854218 ]]","[[ 0.9750658   0.2052063  -0.08448184]
 [ 0.05543824  0.14337665  0.98811436]
 [-0.21488     0.9681599  -0.12842536]]"
20200221-171709.907450,113,[1.444979   1.1643518  0.34865385],"[[-0.46508393 -0.8160806   0.32469293]
 [-0.43001413 -0.06286611 -0.52388585]
 [ 0.75991094 -0.47213995  0.05323244]
 [-0.14601552  0.32732904  0.7856745 ]]","[[ 0.97693855  0.19539145 -0.08610123]
 [ 0.05834739  0.14360304  0.98791385]
 [-0.20539434  0.9701548  -0.12889072]]"
20200221-171709.907450,114,[1.4490175  1.1630723  0.34753987],"[[-0.46572882 -0.81649184  0.32289457]
 [-0.4289404  -0.061702   -0.5241714 ]
 [ 0.76021016 -0.47264296  0.05260531]
 [-0.14555869  0.32579505  0.78626716]]","[[ 0.97710264  0.19480284 -0.08557151]
 [ 0.05824436  0.14192712  0.9881621 ]
 [-0.2046417   0.9705197  -0.12733118]]"
20200221-171709.907450,115,[1.4549206 1.1621639 0.347354 ],"[[-0.4687116  -0.81500465  0.32265282]
 [-0.42800906 -0.05968169 -0.52349865]
 [ 0.7594609  -0.4754453   0.05185508]
 [-0.14260787  0.325818    0.78686416]]","[[ 0.97793937  0.19012578 -0.08652642]
 [ 0.0600991   0.14061968  0.98823804]
 [-0.20005685  0.9716369  -0.12609112]]"
20200221-171709.907450,116,[1.4605446  1.1625069  0.34713542],"[[-0.47314763 -0.81256866  0.32277137]
 [-0.42733583 -0.05669719 -0.5229289 ]
 [ 0.7577081  -0.4793284   0.05131635]
 [-0.13926114  0.3267442   0.7872298 ]]","[[ 0.9789612   0.18435675 -0.08744948]
 [ 0.06182801  0.14041713  0.98816013]
 [-0.19445337  0.97277737 -0.12606452]]"
20200221-171709.907450,117,[1.4641033  1.1623623  0.34702086],"[[-0.4761214  -0.8109987   0.3225802 ]
 [-0.42687145 -0.05457715 -0.52214676]
 [ 0.7564922  -0.48190066  0.05121746]
