Timestamp,Epoch,s,u,v
20200220-143358.173100,0,[0.03163694 0.01500524 0.00665236],"[[-0.5662921  -0.3830802  -0.3277977 ]
 [ 0.01358099  0.4618844  -0.87305105]
 [ 0.58269006 -0.7237769  -0.35631067]
 [-0.582753   -0.3406751  -0.05808026]]","[[ 0.75930184 -0.25064585 -0.60053086]
 [ 0.06749255  0.94820124 -0.31041783]
 [ 0.64722914  0.19516946  0.7368877 ]]"
20200220-143358.173100,1,[0.04020849 0.01596767 0.00691511],"[[-0.58079475 -0.268472   -0.42998776]
 [ 0.16984965  0.5694135  -0.79206675]
 [ 0.53100693 -0.7400765  -0.40081275]
 [-0.59317815 -0.2365967  -0.16459136]]","[[ 0.73133653 -0.33674204 -0.5930866 ]
 [ 0.24054974  0.94108075 -0.23770332]
 [ 0.638187    0.03117431  0.76925   ]]"
20200220-143358.173100,2,[0.04966639 0.01649099 0.00699024],"[[-0.5758489  -0.20434481 -0.48223808]
 [ 0.25841236  0.6093715  -0.7379693 ]
 [ 0.5094588  -0.7450103  -0.41943696]
 [-0.5848702  -0.17852038 -0.21661215]]","[[ 0.706187   -0.385573   -0.59382945]
 [ 0.33195218  0.92112285 -0.20332396]
 [ 0.62538606 -0.05353821  0.7784767 ]]"
20200220-143358.173100,3,[0.05924384 0.01680667 0.00701284],"[[-0.5681068  -0.16665587 -0.5138733 ]
 [ 0.31169984  0.629059   -0.7008854 ]
 [ 0.5014195  -0.74535877 -0.42870107]
 [-0.57330334 -0.14474276 -0.24679795]]","[[ 0.6878141  -0.41379735 -0.59639215]
 [ 0.38422412  0.9046111  -0.18452795]
 [ 0.61586016 -0.10222732  0.7811952 ]]"
20200220-143358.173100,4,[0.06876857 0.0170364  0.00701785],"[[-0.5604998  -0.14103529 -0.5350858 ]
 [ 0.3470275   0.6400592  -0.6742932 ]
 [ 0.49773908 -0.745081   -0.43379897]
 [-0.56362    -0.12364272 -0.2661394 ]]","[[ 0.674115   -0.43202004 -0.5991058 ]
 [ 0.41778615  0.89190906 -0.17306909]
 [ 0.60911727 -0.13362963  0.7817412 ]]"
20200220-143358.173100,5,[0.07854354 0.0172013  0.00701667],"[[-0.5532505  -0.12267714 -0.55054194]
 [ 0.3715053   0.64740026 -0.65408665]
 [ 0.4969795  -0.74405676 -0.43681014]
 [-0.5557959  -0.11046717 -0.2797695 ]]","[[ 0.66339463 -0.4449222  -0.60162437]
 [ 0.44148362  0.88189644 -0.16538128]
 [ 0.6041522  -0.15589426  0.7814712 ]]"
20200220-143358.173100,6,[0.08846476 0.01735231 0.00701353],"[[-0.5478071  -0.10848248 -0.562059  ]
 [ 0.39027813  0.65176535 -0.63872844]
 [ 0.49611494 -0.74384975 -0.43853417]
 [-0.54905415 -0.10060517 -0.28948927]]","[[ 0.6546588  -0.45482314 -0.60378635]
 [ 0.45931128  0.8737195  -0.16014865]
 [ 0.60037905 -0.17248313  0.7808934 ]]"
20200220-143358.173100,7,[0.09793778 0.0174716  0.00700973],"[[-0.5430433  -0.09765809 -0.5714144 ]
 [ 0.40440458  0.6554816  -0.62603605]
 [ 0.4967838  -0.7429605  -0.43967018]
 [-0.5429244  -0.09389605 -0.29707658]]","[[ 0.64799595 -0.4617491  -0.60571355]
 [ 0.47226137  0.8675253  -0.15610604]
 [ 0.5975537  -0.18489903  0.7802192 ]]"
20200220-143358.173100,8,[0.10749422 0.01758446 0.00700614],"[[-0.5382715  -0.08791425 -0.5790334 ]
 [ 0.41597286  0.657984   -0.6155085 ]
 [ 0.4971707  -0.74252266 -0.44037625]
 [-0.53856444 -0.08937689 -0.30321306]]","[[ 0.64236784 -0.4673574  -0.607405  ]
 [ 0.48271844  0.86231005 -0.15298547]
 [ 0.5952702  -0.19493264  0.77952206]]"
20200220-143358.173100,9,[0.11642884 0.01767651 0.0070031 ],"[[-0.5349555  -0.08079931 -0.58530486]
 [ 0.4247064   0.6602879  -0.60691947]
 [ 0.49840882 -0.7416653  -0.4408001 ]
 [-0.53388757 -0.08616062 -0.30783522]]","[[ 0.63797563 -0.4714537  -0.6088665 ]
 [ 0.4906125   0.8582808  -0.15051049]
 [ 0.5935372  -0.20269549  0.7788633 ]]"
20200220-143358.173100,10,[0.12495994 0.01777413 0.00700033],"[[-0.53136617 -0.07352126 -0.5907183 ]
 [ 0.43262175  0.6618169  -0.59929645]
 [ 0.49894956 -0.7413227  -0.44115233]
 [-0.53060114 -0.08386651 -0.31189823]]","[[ 0.6342957  -0.47472176 -0.6101708 ]
 [ 0.4970808   0.8549191  -0.14840525]
 [ 0.5920978  -0.20917132  0.77824646]]"
20200220-143358.173100,11,[0.13418885 0.01786359 0.00699813],"[[-0.5283229  -0.06736001 -0.59550184]
 [ 0.43935746  0.6630521  -0.5926959 ]
 [ 0.4997333  -0.74098235 -0.44121605]
 [-0.527358   -0.08227592 -0.31530476]]","[[ 0.6308264  -0.4778086  -0.6113567 ]
 [ 0.50298846  0.8517546  -0.14668563]
 [ 0.59081346 -0.21497221  0.77764153]]"
20200220-143358.173100,12,[0.14352979 0.01794889 0.00699652],"[[-0.5255749  -0.06184268 -0.5996812 ]
 [ 0.44512102  0.6639898  -0.5869714 ]
 [ 0.50050557 -0.7407247  -0.44114774]
 [-0.5245311  -0.08136424 -0.3181754 ]]","[[ 0.6277514  -0.48048764 -0.6124214 ]
 [ 0.5081036   0.8489607  -0.14524688]
 [ 0.58971095 -0.2199946   0.7770737 ]]"
20200220-143358.173100,13,[0.15230043 0.01803452 0.00699537],"[[-0.52309805 -0.05661187 -0.6033592 ]
 [ 0.45026127  0.66466236 -0.58187735]
 [ 0.5010351  -0.7406024  -0.44111574]
 [-0.5221085  -0.08079261 -0.32061395]]","[[ 0.62518823 -0.4826069  -0.6133762 ]
 [ 0.51230586  0.8466487  -0.14397503]
 [ 0.5887975  -0.22422473  0.776557  ]]"
20200220-143358.173100,14,[0.16129282 0.0181153  0.00699456],"[[-0.5205861  -0.05174164 -0.6067193 ]
 [ 0.45474157  0.6652675  -0.57721895]
 [ 0.50173515 -0.7404122  -0.44099826]
 [-0.52005965 -0.08081788 -0.32284787]]","[[ 0.6228525  -0.48448253 -0.61427313]
 [ 0.51607096  0.84455365 -0.14282818]
 [ 0.5879844  -0.22804765  0.7760597 ]]"
20200220-143358.173100,15,[0.16982228 0.01819336 0.0069942 ],"[[-0.51870024 -0.04753012 -0.60970134]
 [ 0.4585878   0.66576004 -0.5731913 ]
 [ 0.50242037 -0.740233   -0.44086158]
 [-0.5179004  -0.08099005 -0.3245877 ]]","[[ 0.6208643  -0.48601943 -0.61507136]
 [ 0.5192305   0.842783   -0.14183283]
 [ 0.5873052  -0.2313049   0.7756099 ]]"
20200220-143358.173100,16,[0.17845106 0.01826537 0.00699411],"[[-0.5167305  -0.04362399 -0.61247444]
 [ 0.46182615  0.6663623  -0.56940985]
 [ 0.50341296 -0.73985195 -0.4407069 ]
 [-0.51602453 -0.08171251 -0.32622793]]","[[ 0.61906195 -0.48733422 -0.615847  ]
 [ 0.522058    0.84119546 -0.14087425]
 [ 0.58670056 -0.23429798  0.77516896]]"
20200220-143358.173100,17,[0.18682452 0.0183399  0.00699423],"[[-0.5149077  -0.03975432 -0.61504114]
 [ 0.4649314   0.66677815 -0.5658962 ]
 [ 0.50416714 -0.73961234 -0.4405745 ]
 [-0.5143195  -0.08246323 -0.32768872]]","[[ 0.6174584  -0.4884582  -0.6165661 ]
 [ 0.524553    0.83979005 -0.13998924]
 [ 0.586165   -0.23698407  0.7747575 ]]"
20200220-143358.173100,18,[0.19605537 0.01841405 0.00699477],"[[-0.5132128  -0.0361484  -0.6174884 ]
 [ 0.467858    0.6670474  -0.5626676 ]
 [ 0.5049284  -0.739453   -0.44029105]
 [-0.51261    -0.08336863 -0.3290243 ]]","[[ 0.6158335  -0.4896544  -0.6172417 ]
 [ 0.5270423   0.83835727 -0.13922425]
 [ 0.5856409  -0.23957357  0.7743572 ]]"
20200220-143358.173100,19,[0.20427181 0.01848897 0.0069954 ],"[[-0.5117811  -0.03267049 -0.6196972 ]
 [ 0.47051165  0.6672326  -0.5597343 ]
 [ 0.5055073  -0.739342   -0.44011924]
 [-0.5110396  -0.08430252 -0.33010277]]","[[ 0.6145122  -0.4905353  -0.61785907]
 [ 0.5290576   0.83720857 -0.13849106]
 [ 0.58521175 -0.24177866  0.77399623]]"
20200220-143358.173100,20,[0.21271834 0.01856193 0.00699613],"[[-0.5103614  -0.02936514 -0.62183607]
 [ 0.47294676  0.66744506 -0.5569115 ]
 [ 0.50621665 -0.7391602  -0.43990687]
 [-0.50950694 -0.08542065 -0.33113697]]","[[ 0.61326295 -0.4913404  -0.6184604 ]
 [ 0.53094655  0.83612883 -0.13778418]
 [ 0.5848115  -0.24387147  0.77364236]]"
20200220-143358.173100,21,[0.22101967 0.01863849 0.006997  ],"[[-0.50880784 -0.02582551 -0.623843  ]
 [ 0.47541288  0.6674827  -0.55417216]
 [ 0.5066609  -0.7391226  -0.43974817]
 [-0.50832236 -0.08658757 -0.33216634]]","[[ 0.61211526 -0.49204803 -0.61903423]
 [ 0.5326744   0.8351412  -0.13710298]
 [ 0.5844424  -0.24582087  0.77330405]]"
20200220-143358.173100,22,[0.22954303 0.01871056 0.00699806],"[[-0.50743425 -0.02267882 -0.62579197]
 [ 0.47752303  0.66765887 -0.5515808 ]
 [ 0.50739515 -0.73890656 -0.43954453]
 [-0.5069837  -0.08794587 -0.33308172]]","[[ 0.6110345  -0.49268213 -0.6195976 ]
 [ 0.53428555  0.83422    -0.13644071]
 [ 0.58410263 -0.247672    0.7729701 ]]"
20200220-143358.173100,23,[0.23758933 0.01878196 0.00699933],"[[-0.50632817 -0.01976141 -0.6275567 ]
 [ 0.47935688  0.6677762  -0.5492924 ]
 [ 0.5080575  -0.7387119  -0.4393736 ]
 [-0.5056938  -0.08938062 -0.33376804]]","[[ 0.61008763 -0.49320197 -0.6201167 ]
 [ 0.5356853   0.8334215  -0.13582954]
 [ 0.5838101  -0.2493195   0.7726613 ]]"
20200220-143358.173100,24,[0.24497762 0.01885114 0.00700068],"[[-0.50524896 -0.01691765 -0.62916636]
 [ 0.4808672   0.6679761  -0.5471291 ]
 [ 0.5087782  -0.7384024  -0.439317  ]
 [-0.5046139  -0.09101538 -0.3343658 ]]","[[ 0.6092846  -0.49355155 -0.6206282 ]
 [ 0.5368678   0.8327636  -0.13519613]
 [ 0.58356273 -0.2508224   0.7723619 ]]"
20200220-143358.173100,25,[0.25291896 0.01892076 0.00700221],"[[-0.50424427 -0.01421806 -0.6307565 ]
 [ 0.48234627  0.6680934  -0.5450902 ]
 [ 0.50950575 -0.7381446  -0.4391547 ]
 [-0.5034717  -0.09269084 -0.3349123 ]]","[[ 0.6084656  -0.49394992 -0.6211144 ]
 [ 0.538063    0.83208483 -0.13462166]
 [ 0.58331627 -0.25228602  0.7720712 ]]"
20200220-143358.173100,26,[0.26156437 0.01898979 0.00700384],"[[-0.5032597  -0.01166344 -0.6323982 ]
 [ 0.48380855  0.6682385  -0.54304224]
 [ 0.5103776  -0.73784053 -0.43889412]
 [-0.5021689  -0.09440672 -0.33548412]]","[[ 0.60762763 -0.49437463 -0.6215966 ]
 [ 0.539279    0.831387   -0.13406734]
 [ 0.5830668  -0.253751    0.77177954]]"
20200220-143358.173100,27,[0.2692797  0.01906702 0.00700552],"[[-0.50216275 -0.0085995  -0.6338209 ]
 [ 0.48547918  0.6680352  -0.54111755]
 [ 0.51060635 -0.73786455 -0.43881664]
 [-0.50142145 -0.0959729  -0.33600992]]","[[ 0.6069077  -0.49470323 -0.62203836]
 [ 0.5403257   0.8307918  -0.13354084]
 [ 0.5828474  -0.25505632  0.7715148 ]]"
20200220-143358.173100,28,[0.27744904 0.01913689 0.00700736],"[[-0.50126475 -0.00609054 -0.6352571 ]
 [ 0.48670876  0.6680867  -0.5393186 ]
 [ 0.5113378  -0.73760074 -0.4386286 ]
 [-0.5003814  -0.09781843 -0.33643606]]","[[ 0.6062075  -0.49500278 -0.6224828 ]
 [ 0.5413316   0.8302205  -0.13301927]
 [ 0.5826429  -0.2563323   0.77124655]]"
20200220-143358.173100,29,[0.28456593 0.01921361 0.00700923],"[[-0.50054693 -0.00333104 -0.63652676]
 [ 0.48810443  0.6678806  -0.53766996]
 [ 0.51153576 -0.73759615 -0.4386113 ]
 [-0.49953777 -0.09937988 -0.33669713]]","[[ 0.60561824 -0.495216   -0.6228864 ]
 [ 0.54217905  0.8297459  -0.13252807]
 [ 0.58246756 -0.2574545   0.77100503]]"
20200220-143358.173100,30,[0.2916217  0.0192883  0.00701099],"[[-4.9961567e-01 -5.2038347e-04 -6.3777465e-01]
 [ 4.8934695e-01  6.6778922e-01 -5.3593820e-01]
 [ 5.1190305e-01 -7.3744589e-01 -4.3863338e-01]
 [-4.9887773e-01 -1.0114736e-01 -3.3706722e-01]]","[[ 0.6050707  -0.49535093 -0.6233109 ]
 [ 0.54296553  0.8293172  -0.13198951]
 [ 0.5823039  -0.25857338  0.7707541 ]]"
20200220-143358.173100,31,[0.29805025 0.01936178 0.00701303],"[[-0.49905583  0.00199689 -0.63884467]
 [ 0.49028587  0.6676769  -0.53453887]
 [ 0.512213   -0.7372939  -0.43871272]
 [-0.49819753 -0.10296228 -0.33715957]]","[[ 0.6045989  -0.49543828 -0.6236993 ]
 [ 0.54363537  0.8289563  -0.13149828]
 [ 0.58216894 -0.2595613   0.77052397]]"
20200220-143358.173100,32,[0.30592802 0.01943438 0.00701488],"[[-0.49822444  0.00448642 -0.64017004]
 [ 0.49141726  0.6676787  -0.53282416]
 [ 0.51286286 -0.7370207  -0.43859276]
 [-0.49724573 -0.10481133 -0.3375163 ]]","[[ 0.6040455  -0.4955868  -0.6241177 ]
 [ 0.54442316  0.82852125 -0.13098148]
 [ 0.58200747 -0.26066536  0.7702733 ]]"
20200220-143358.173100,33,[0.31228235 0.01950842 0.00701679],"[[-0.49746734  0.00712922 -0.64123   ]
 [ 0.49232575  0.66761446 -0.5313109 ]
 [ 0.5132345  -0.7367853  -0.43872112]
 [-0.49672097 -0.10671242 -0.33772254]]","[[ 0.6036244  -0.49559253 -0.62452036]
 [ 0.5450207   0.82821226 -0.13044901]
 [ 0.58188504 -0.26163432  0.7700373 ]]"
20200220-143358.173100,34,[0.3199281  0.01958325 0.00701882],"[[-0.49671462  0.00964143 -0.6424189 ]
 [ 0.49337518  0.6675263  -0.5297379 ]
 [ 0.51372576 -0.7365656  -0.43867522]
 [-0.4959247  -0.1085665  -0.33799365]]","[[ 0.6031304  -0.49569404 -0.6249169 ]
 [ 0.54571897  0.8278301  -0.12995443]
 [ 0.58174276 -0.26264963  0.7697991 ]]"
20200220-143358.173100,35,[0.3255597  0.01966075 0.00702092],"[[-0.49620017  0.01227703 -0.6433048 ]
 [ 0.49421427  0.6673212  -0.52845216]
 [ 0.5138143  -0.73644483 -0.43892103]
 [-0.49551255 -0.11036653 -0.33800256]]","[[ 0.6027845  -0.49565166 -0.6252842 ]
 [ 0.5462062   0.8275861  -0.12946083]
 [ 0.581644   -0.26349714  0.769584  ]]"
20200220-143358.173100,36,[0.33313802 0.01973649 0.0070231 ],"[[-0.49555802  0.01467505 -0.64440507]
 [ 0.49514914  0.6671661  -0.52704626]
 [ 0.51425654 -0.7362532  -0.43886533]
 [-0.4947625  -0.11227348 -0.33817387]]","[[ 0.60233265 -0.49573478 -0.62565374]
 [ 0.5468398   0.827239   -0.12900381]
 [ 0.5815168  -0.26442918  0.7693605 ]]"
20200220-143358.173100,37,[0.3400949  0.01981585 0.00702505],"[[-0.49475622  0.01738892 -0.645458  ]
 [ 0.49621466  0.66694456 -0.5255289 ]
 [ 0.5144952  -0.736117   -0.4389449 ]
 [-0.49424908 -0.11408069 -0.33842412]]","[[ 0.60193247 -0.49574384 -0.62603146]
 [ 0.5474046   0.82694227 -0.12850961]
 [ 0.5813998  -0.26533836  0.7691359 ]]"
20200220-143358.173100,38,[0.34646672 0.01989427 0.00702715],"[[-0.4942014   0.01992645 -0.6464012 ]
 [ 0.49706826  0.6667593  -0.5241864 ]
 [ 0.5147208  -0.73593545 -0.4391047 ]
 [-0.49371094 -0.1159059  -0.33849832]]","[[ 0.60158503 -0.4957046  -0.6263964 ]
 [ 0.54789114  0.82669544 -0.12802388]
 [ 0.58130115 -0.2661798   0.7689195 ]]"
20200220-143358.173100,39,[0.35216027 0.01996864 0.00702932],"[[-0.4938447   0.02218277 -0.64720917]
 [ 0.49752095  0.6666882  -0.52306944]
 [ 0.515092   -0.7356119  -0.43932113]
 [-0.4932247  -0.11794066 -0.33840162]]","[[ 0.6012974  -0.49560142 -0.6267541 ]
 [ 0.5482871   0.8265079  -0.12753785]
 [ 0.58122516 -0.266953    0.76870894]]"
20200220-143358.173100,40,[0.35781872 0.02004191 0.00703159],"[[-0.4936011   0.02429192 -0.64799947]
 [ 0.49785468  0.6666783  -0.5220077 ]
 [ 0.51555246 -0.73521876 -0.43953997]
 [-0.4926507  -0.12001491 -0.33824512]]","[[ 0.60102427 -0.4954823  -0.6271102 ]
 [ 0.5486606   0.82633495 -0.12705253]
 [ 0.5811553  -0.267709    0.76849884]]"
20200220-143358.173100,41,[0.36393023 0.02012436 0.00703362],"[[-0.49304798  0.02693521 -0.6488808 ]
 [ 0.4987706   0.6663989  -0.5206795 ]
 [ 0.51561826 -0.73509413 -0.43976334]
 [-0.49220896 -0.12175336 -0.33831203]]","[[ 0.60071886 -0.4954074  -0.62746185]
 [ 0.54908854  0.8261241  -0.12657371]
 [ 0.58106697 -0.2684969   0.76829076]]"
20200220-143358.173100,42,[0.3687336  0.02020458 0.00703571],"[[-0.4926925   0.02945503 -0.6495593 ]
 [ 0.49931607  0.6661952  -0.5195742 ]
 [ 0.5156676  -0.7348694  -0.44016224]
 [-0.49196005 -0.12362519 -0.33819032]]","[[ 0.60049564 -0.49523738 -0.6278097 ]
 [ 0.549397    0.8259948  -0.12607795]
 [ 0.5810061  -0.2692075   0.76808804]]"
20200220-143358.173100,43,[0.37527943 0.0202831  0.00703783],"[[-0.49215156  0.03182119 -0.6504409 ]
 [ 0.49994817  0.66607225 -0.518296  ]
 [ 0.5160614  -0.73454607 -0.44031563]
 [-0.49144617 -0.12560907 -0.33825794]]","[[ 0.60019606 -0.49514475 -0.62816906]
 [ 0.5498111   0.8257933  -0.12559165]
 [ 0.5809239  -0.26999468  0.76787394]]"
20200220-143358.173100,44,[0.38185164 0.02036115 0.00703988],"[[-0.49153203  0.03418805 -0.6513213 ]
 [ 0.50053173  0.66598445 -0.5169842 ]
 [ 0.5165321  -0.7341655  -0.44046423]
 [-0.49097753 -0.12766004 -0.33837712]]","[[ 0.5999089  -0.49502864 -0.6285348 ]
 [ 0.55020785  0.82560515 -0.12509033]
 [ 0.5808449  -0.27078196  0.7676563 ]]"
20200220-143358.173100,45,[0.3894626  0.02044272 0.00704205],"[[-0.49083555  0.03661345 -0.6522915 ]
 [ 0.50136423  0.66576326 -0.51561075]
 [ 0.5169265  -0.7339088  -0.44048697]
 [-0.4904091  -0.12960231 -0.33857498]]","[[ 0.59957564 -0.4949877  -0.628885  ]
 [ 0.55066943  0.8253668  -0.12463081]
 [ 0.5807515  -0.27158216  0.7674443 ]]"
20200220-143358.173100,46,[0.3958094  0.02052529 0.00704408],"[[-0.4903681   0.039009   -0.6531482 ]
 [ 0.50208807  0.6655477  -0.51435333]
 [ 0.5171778  -0.73365206 -0.4406669 ]
 [-0.48987108 -0.13145036 -0.33860108]]","[[ 0.59931237 -0.49487272 -0.6292264 ]
 [ 0.551033    0.82519495 -0.12416133]
 [ 0.58067846 -0.27231306  0.76724064]]"
20200220-143358.173100,47,[0.40217057 0.02060577 0.00704613],"[[-0.48985344  0.04133828 -0.6539751 ]
 [ 0.5026423   0.6654349  -0.513092  ]
 [ 0.5175895  -0.73326695 -0.44086367]
 [-0.4893831  -0.13344407 -0.33866334]]","[[ 0.5990622  -0.49472436 -0.62958103]
 [ 0.55137664  0.8250395  -0.12366676]
 [ 0.5806102  -0.27305222  0.76702946]]"
20200220-143358.173100,48,[0.40773028 0.02069035 0.00704837],"[[-0.48952338  0.04375774 -0.65463406]
 [ 0.50319993  0.6651409  -0.5120422 ]
 [ 0.5176392  -0.73305136 -0.441193  ]
 [-0.4890871  -0.13530864 -0.33854866]]","[[ 0.5988452  -0.4945751  -0.6299048 ]
 [ 0.551673    0.82490927 -0.12321367]
 [ 0.5805527  -0.2737156   0.7668367 ]]"
20200220-143358.173100,49,[0.41252413 0.02077151 0.00705043],"[[-0.48932743  0.04598432 -0.65524507]
 [ 0.50349003  0.6650106  -0.51105344]
 [ 0.5178657  -0.7326657  -0.44158864]
 [-0.4887446  -0.1372858  -0.33834565]]","[[ 0.59867454 -0.49435437 -0.63024014]
 [ 0.5519027   0.82482815 -0.12272665]
 [ 0.58051026 -0.2743579   0.7666391 ]]"
20200220-143358.173100,50,[0.4174196  0.02085295 0.00705252],"[[-0.48906702  0.04823799 -0.6558471 ]
 [ 0.5037573   0.6648984  -0.5100322 ]
 [ 0.5181306  -0.73224205 -0.44199333]
 [-0.48844934 -0.13930035 -0.3381918 ]]","[[ 0.5985046  -0.4941255  -0.6305809 ]
 [ 0.55213183  0.8247486  -0.12222993]
 [ 0.5804677  -0.27500865  0.7664383 ]]"
20200220-143358.173100,51,[0.4214527  0.02093589 0.00705458],"[[-0.48889464  0.05055155 -0.65633655]
 [ 0.5039549   0.66475123 -0.5090987 ]
 [ 0.51824534 -0.7318416  -0.44252625]
 [-0.48829615 -0.14127344 -0.33795175]]","[[ 0.5983711  -0.49385923 -0.630916  ]
 [ 0.55231017  0.8247032  -0.1217291 ]
 [ 0.5804355  -0.2756222   0.7662421 ]]"
20200220-143358.173100,52,[0.4280966  0.02102361 0.00705646],"[[-0.48827505  0.05305952 -0.657167  ]
 [ 0.5047449   0.6644776  -0.50775236]
 [ 0.5184707  -0.73155934 -0.4427252 ]
 [-0.48786098 -0.14309028 -0.3381028 ]]","[[ 0.5981323  -0.49371544 -0.6312549 ]
 [ 0.5526405   0.82455194 -0.12125357]
 [ 0.5803673  -0.2763314   0.76603836]]"
20200220-143358.173100,53,[0.4338881  0.02111184 0.00705857],"[[-0.48790923  0.05547284 -0.6578365 ]
 [ 0.50534254  0.66417223 -0.5066396 ]
 [ 0.51854914 -0.73130035 -0.44304994]
 [-0.48752463 -0.1449084  -0.33804473]]","[[ 0.5979316  -0.49354818 -0.6315759 ]
 [ 0.5529147   0.82443506 -0.12079833]
 [ 0.58031315 -0.27697852  0.7658459 ]]"
20200220-143358.173100,54,[0.4384515  0.02119627 0.00706056],"[[-0.4877513   0.05766873 -0.6583819 ]
 [ 0.5055744   0.66401935 -0.5056891 ]
 [ 0.5187525  -0.7308767  -0.4434907 ]
 [-0.48722583 -0.14687446 -0.33782816]]","[[ 0.59779    -0.49330157 -0.6319024 ]
 [ 0.5531033   0.8243791  -0.12031563]
 [ 0.580279   -0.2775839   0.7656524 ]]"
20200220-143358.173100,55,[0.44568163 0.02128096 0.00706266],"[[-0.48732242  0.05975616 -0.6592198 ]
 [ 0.50607467  0.6638751  -0.5044907 ]
 [ 0.51928294 -0.7304301  -0.44357705]
 [-0.48657042 -0.14889935 -0.3378735 ]]","[[ 0.59755576 -0.4931643  -0.6322312 ]
 [ 0.55342126  0.8242315  -0.11986371]
 [ 0.5802173  -0.27826488  0.7654519 ]]"
20200220-143358.173100,56,[0.4513308  0.02136897 0.00706474],"[[-0.48709577  0.061972   -0.6598544 ]
 [ 0.5065115   0.66362756 -0.50346863]
 [ 0.5194618  -0.7300841  -0.44390026]
 [-0.48615134 -0.15078048 -0.33773327]]","[[ 0.59737915 -0.49297506 -0.63254523]
 [ 0.553659    0.824137   -0.11941381]
 [ 0.5801722  -0.2788791   0.7652624 ]]"
20200220-143358.173100,57,[0.45632002 0.02145816 0.00706674],"[[-0.48685372  0.06427212 -0.6604044 ]
 [ 0.5068973   0.66334707 -0.50249   ]
 [ 0.5195443  -0.72974944 -0.4443108 ]
 [-0.4859038  -0.15266272 -0.3375762 ]]","[[ 0.5972284  -0.49275696 -0.63285774]
 [ 0.5538621   0.8240668  -0.1189566 ]
 [ 0.5801338  -0.27947158  0.76507556]]"
20200220-143358.173100,58,[0.46055868 0.02154571 0.00706866],"[[-0.48672932  0.06647491 -0.66087157]
 [ 0.5070784   0.66315717 -0.5015908 ]
 [ 0.51968104 -0.7293142  -0.444814  ]
 [-0.485693   -0.15461077 -0.33733606]]","[[ 0.5971114  -0.49249002 -0.63317573]
 [ 0.55401653  0.8240317  -0.11847875]
 [ 0.58010656 -0.28004485  0.7648864 ]]"
20200220-143358.173100,59,[0.4661494  0.0216362  0.00707076],"[[-0.48642582  0.06876352 -0.66145796]
 [ 0.5075012   0.66288364 -0.50055176]
 [ 0.5198299  -0.7289483  -0.44518033]
 [-0.48539606 -0.15649751 -0.3372473 ]]","[[ 0.5969473  -0.49228474 -0.63349015]
 [ 0.55423766  0.82394856 -0.1180233 ]
 [ 0.58006436 -0.2806504   0.7646966 ]]"
20200220-143358.173100,60,[0.47311792 0.02172574 0.00707283],"[[-0.485967    0.07095289 -0.6622059 ]
 [ 0.50800747  0.662676   -0.4993556 ]
 [ 0.52024025 -0.7285039  -0.4453596 ]
 [-0.484886   -0.15845673 -0.3373165 ]]","[[ 0.596746   -0.49211264 -0.6338134 ]
 [ 0.55450994  0.82383054 -0.11756735]
 [ 0.5800111  -0.28129798  0.76449895]]"
20200220-143358.173100,61,[0.4770299  0.02181846 0.0070748 ],"[[-0.48579332  0.0733414  -0.6625709 ]
 [ 0.5082563   0.6623502  -0.49848932]
 [ 0.52014714 -0.72815794 -0.44596064]
 [-0.48489928 -0.16031042 -0.33708662]]","[[ 0.59664154 -0.49184343 -0.6341206 ]
 [ 0.55464834  0.8238036  -0.11710114]
 [ 0.57998633 -0.28184655  0.76431566]]"
20200220-143358.173100,62,[0.4824529  0.02191005 0.00707668],"[[-0.4854109   0.07564379 -0.6631391 ]
 [ 0.5086249   0.66211635 -0.49739715]
 [ 0.5203696  -0.72770923 -0.4463512 ]
 [-0.48465696 -0.1622328  -0.33706564]]","[[ 0.59649646 -0.49160355 -0.634443  ]
 [ 0.55484354  0.8237398  -0.11662398]
 [ 0.5799488  -0.2824508   0.764121  ]]"
20200220-143358.173100,63,[0.48702592 0.02199988 0.00707871],"[[-0.48537308  0.07768665 -0.66357857]
 [ 0.5087127   0.6619328  -0.49656925]
 [ 0.52057713 -0.727215   -0.4468261 ]
 [-0.4843796  -0.16421989 -0.3367924 ]]","[[ 0.5963835  -0.49134535 -0.63474923]
 [ 0.5549905   0.8237056  -0.11616668]
 [ 0.57992435 -0.28299984  0.7639364 ]]"
20200220-143358.173100,64,[0.4893254  0.0220928  0.00708068],"[[-0.48545936  0.07996568 -0.6637537 ]
 [ 0.5086637   0.661677   -0.49589384]
 [ 0.520421   -0.7267738  -0.44763324]
 [-0.48451245 -0.16609958 -0.33637005]]","[[ 0.59633565 -0.49100858 -0.6350546 ]
 [ 0.5550486   0.8237344  -0.1156835 ]
 [ 0.5799179  -0.2835      0.76375574]]"
20200220-143358.173100,65,[0.49391192 0.02218501 0.00708244],"[[-0.48526764  0.08212925 -0.66423136]
 [ 0.5088592   0.661485   -0.49492666]
 [ 0.5206415  -0.7262618  -0.4481051 ]
 [-0.48426238 -0.16803701 -0.33622292]]","[[ 0.5962253  -0.49073535 -0.6353693 ]
 [ 0.55519444  0.8237028  -0.11520728]
 [ 0.5798918  -0.28406397  0.763566  ]]"
20200220-143358.173100,66,[0.49842697 0.02227828 0.00708424],"[[-0.48502135  0.08436109 -0.66466844]
 [ 0.50903845  0.66127527 -0.4939551 ]
 [ 0.52082837 -0.72574455 -0.44861645]
 [-0.48411983 -0.16997996 -0.33610684]]","[[ 0.5961183  -0.49045488 -0.6356863 ]
 [ 0.55533594  0.82367474 -0.1147255 ]
 [ 0.57986635 -0.28462946  0.7633749 ]]"
20200220-143358.173100,67,[0.50281656 0.02237232 0.00708608],"[[-0.4849462   0.08647192 -0.6651096 ]
 [ 0.50921047  0.66106665 -0.4930491 ]
 [ 0.5209902  -0.7252415  -0.44912595]
 [-0.48384005 -0.17186615 -0.33588308]]","[[ 0.5960163  -0.49018198 -0.6359922 ]
 [ 0.5554695   0.8236491  -0.11426102]
 [ 0.5798433  -0.2851729   0.76318955]]"
20200220-143358.173100,68,[0.50627226 0.02246904 0.00708795],"[[-0.4849013   0.08873773 -0.6653825 ]
 [ 0.50932276  0.660763   -0.49226037]
 [ 0.5209128  -0.7248056  -0.4497977 ]
 [-0.48384959 -0.17370692 -0.33559993]]","[[ 0.59593767 -0.48988965 -0.6362909 ]
 [ 0.55557084  0.82364464 -0.11379919]
 [ 0.5798268  -0.2856875   0.7630094 ]]"
20200220-143358.173100,69,[0.5106874  0.02256346 0.00708982],"[[-0.4847686   0.09084636 -0.6657845 ]
 [ 0.50940853  0.6605762  -0.4913594 ]
 [ 0.52113104 -0.7242429  -0.4503225 ]
 [-0.4836574  -0.17566504 -0.33542007]]","[[ 0.5958399  -0.48960578 -0.63660103]
 [ 0.5556985   0.8236238  -0.11332642]
 [ 0.57980514 -0.2862339   0.76282114]]"
20200220-143358.173100,70,[0.51505005 0.02265868 0.00709168],"[[-0.48464346  0.09295262 -0.66617405]
 [ 0.5094883   0.660385   -0.49046338]
 [ 0.5213414  -0.7236742  -0.45085716]
 [-0.48347196 -0.1776149  -0.33523947]]","[[ 0.59574497 -0.48931897 -0.6369104 ]
 [ 0.5558217   0.82360554 -0.11285394]
 [ 0.5797845  -0.28677642  0.76263297]]"
20200220-143358.173100,71,[0.51839024 0.02275492 0.00709364],"[[-0.48479638  0.09496182 -0.6664222 ]
 [ 0.50942487  0.6601505  -0.4897986 ]
 [ 0.521374   -0.72315514 -0.45151237]
 [-0.4833507  -0.17952669 -0.33483618]]","[[ 0.595678   -0.4890232  -0.63720006]
 [ 0.5559043   0.823611   -0.11240581]
 [ 0.57977414 -0.28726462  0.7624571 ]]"
20200220-143358.173100,72,[0.52262336 0.02285402 0.00709542],"[[-0.48462713  0.09718114 -0.666794  ]
 [ 0.5096164   0.65987736 -0.4888727 ]
 [ 0.52145815 -0.72264934 -0.45207694]
 [-0.48322758 -0.1813714  -0.33468774]]","[[ 0.59558576 -0.4887415  -0.6375025 ]
 [ 0.556026    0.8235923  -0.11194103]
 [ 0.5797524  -0.28779742  0.76227283]]"
20200220-143358.173100,73,[0.52514833 0.02295342 0.00709725],"[[-0.48470733  0.09937613 -0.6669406 ]
 [ 0.50955355  0.65959734 -0.48819062]
 [ 0.52135086 -0.7221398  -0.4528646 ]
 [-0.48332965 -0.18322152 -0.3343258 ]]","[[ 0.59553987 -0.4884146  -0.6377959 ]
 [ 0.55608153  0.82361805 -0.11147526]
 [ 0.57974625 -0.2882785   0.76209563]]"
20200220-143358.173100,74,[0.52926874 0.02305407 0.00709908],"[[-0.48459795  0.10155661 -0.6672718 ]
 [ 0.509707    0.659304   -0.4873232 ]
 [ 0.5213991  -0.7216366  -0.4534511 ]
 [-0.48322514 -0.18505444 -0.33413514]]","[[ 0.5954526  -0.48813632 -0.63809013]
 [ 0.556195    0.8236024  -0.11102267]
 [ 0.5797268  -0.28879377  0.76191515]]"
20200220-143358.173100,75,[0.5350057  0.02315416 0.00710077],"[[-0.48434615  0.10360112 -0.6678166 ]
 [ 0.5100075   0.65906763 -0.48627827]
 [ 0.52172697 -0.7210766  -0.45379385]
 [-0.48280647 -0.1869371  -0.33410433]]","[[ 0.5953286  -0.48789853 -0.63838774]
 [ 0.5563602   0.8235506  -0.11057855]
 [ 0.57969576 -0.28934294  0.7617306 ]]"
20200220-143358.173100,76,[0.5423852  0.02325816 0.00710243],"[[-0.48376366  0.10583311 -0.6685325 ]
 [ 0.51066387  0.6587277  -0.48497632]
 [ 0.52207744 -0.7206005  -0.45396596]
 [-0.4823176  -0.18871191 -0.33433056]]","[[ 0.5951613  -0.48771247 -0.6386859 ]
 [ 0.55658793  0.8234547  -0.11014717]
 [ 0.57964903 -0.28992957  0.7615431 ]]"
20200220-143358.173100,77,[0.54528296 0.0233605  0.00710419],"[[-0.4838653   0.10793224 -0.6687047 ]
 [ 0.5106225   0.65842474 -0.48430526]
 [ 0.5220068  -0.72008365 -0.45469242]
 [-0.482336   -0.19054505 -0.3339722 ]]","[[ 0.5951102  -0.48740488 -0.6389682 ]
 [ 0.5566503   0.82347196 -0.10970191]
 [ 0.57964176 -0.29039714  0.7613705 ]]"
20200220-143358.173100,78,[0.54923755 0.02346207 0.00710588],"[[-0.48379526  0.10999604 -0.6690057 ]
 [ 0.5106442   0.6582032  -0.48345658]
 [ 0.5221722  -0.71946967 -0.45529014]
 [-0.48220417 -0.19243903 -0.33378458]]","[[ 0.5950373  -0.487105   -0.6392648 ]
 [ 0.5567433   0.8234704  -0.10924046]
 [ 0.5796272  -0.29090428  0.761188  ]]"
20200220-143358.173100,79,[0.55297595 0.02356699 0.00710762],"[[-0.483728    0.11216396 -0.6692598 ]
 [ 0.51075095  0.6578797  -0.48263916]
 [ 0.52216315 -0.71894896 -0.45593435]
 [-0.48216832 -0.19423272 -0.33357826]]","[[ 0.59496534 -0.48681822 -0.63955003]
 [ 0.55683583  0.8234667  -0.10879614]
 [ 0.57961214 -0.29139447  0.76101184]]"
20200220-143358.173100,80,[0.5556778  0.02367365 0.00710932],"[[-0.48384643  0.11432183 -0.6693901 ]
 [ 0.5107753   0.6574984  -0.48198813]
 [ 0.5219611  -0.71848756 -0.456703  ]
 [-0.48224303 -0.1959649  -0.33320737]]","[[ 0.59491813 -0.48651958 -0.63982135]
 [ 0.55689377  0.8234843  -0.10836617]
 [ 0.57960504 -0.29184353  0.76084524]]"
20200220-143358.173100,81,[0.56034815 0.0237784  0.00711091],"[[-0.48369634  0.11635862 -0.6697683 ]
 [ 0.5109207   0.6572314  -0.48107365]
 [ 0.5221708  -0.7178953  -0.4571912 ]
 [-0.48201236 -0.19782287 -0.333099  ]]","[[ 0.594831   -0.48624885 -0.6401079 ]
 [ 0.55700713  0.82346535 -0.10792559]
 [ 0.5795855  -0.2923472   0.7606667 ]]"
20200220-143358.173100,82,[0.5630109  0.02388453 0.00711259],"[[-0.48383197  0.11841477 -0.66989774]
 [ 0.5108396   0.65692425 -0.4804238 ]
 [ 0.52209556 -0.7173402  -0.4579473 ]
 [-0.4820438  -0.19962902 -0.33273697]]","[[ 0.59478927 -0.48593578 -0.6403844 ]
 [ 0.5570564   0.82348955 -0.1074853 ]
 [ 0.5795809  -0.29279912  0.76049626]]"
20200220-143358.173100,83,[0.5665415  0.02399143 0.00711422],"[[-0.48385984  0.12045203 -0.6701155 ]
 [ 0.5108483   0.656618   -0.47968274]
 [ 0.52212226 -0.7167731  -0.45859534]
 [-0.4819774  -0.20144707 -0.3324757 ]]","[[ 0.59472907 -0.4856457  -0.64066046]
 [ 0.55713177  0.8234951  -0.10705254]
 [ 0.57957023 -0.29326499  0.76032495]]"
20200220-143358.173100,84,[0.5719285  0.02409851 0.00711581],"[[-0.48362634  0.12247203 -0.67055255]
 [ 0.5110567   0.65636665 -0.47867367]
 [ 0.5224232  -0.71614    -0.45902026]
 [-0.48166484 -0.20329127 -0.33246213]]","[[ 0.59462893 -0.48538718 -0.6409492 ]
 [ 0.55726355  0.82346296 -0.10661282]
 [ 0.57954645 -0.29378253  0.76014334]]"
20200220-143358.173100,85,[0.57553667 0.02420764 0.00711734],"[[-0.483566    0.12457734 -0.6707898 ]
 [ 0.5111304   0.6560733  -0.4778294 ]
 [ 0.5224751  -0.7155413  -0.45967433]
 [-0.4815909  -0.20505968 -0.33229518]]","[[ 0.59456825 -0.4850882  -0.64123195]
 [ 0.55734116  0.82346815 -0.10616645]
 [ 0.57953405 -0.2942617   0.75996745]]"
20200220-143358.173100,86,[0.5817243  0.02431962 0.00711879],"[[-0.4831629   0.12673406 -0.67132056]
 [ 0.51161194  0.65572155 -0.4766665 ]
 [ 0.52271426 -0.7149958  -0.46001643]
 [-0.4812247  -0.20675734 -0.33241904]]","[[ 0.5944492  -0.48486185 -0.6415133 ]
 [ 0.55750173  0.8234139  -0.10574307]
 [ 0.57950175 -0.29478586  0.7597889 ]]"
20200220-143358.173100,87,[0.5861045  0.02442947 0.00712033],"[[-0.48309422  0.12871186 -0.671619  ]
 [ 0.51169395  0.6554207  -0.475835  ]
 [ 0.52286476 -0.71439    -0.4605532 ]
 [-0.48104277 -0.20857687 -0.33226508]]","[[ 0.5943758  -0.48459047 -0.64178634]
 [ 0.5575955   0.82340467 -0.10531969]
 [ 0.5794867  -0.2952577   0.7596171 ]]"
20200220-143358.173100,88,[0.5903063  0.02454267 0.00712187],"[[-0.48298076  0.1308383  -0.6718871 ]
 [ 0.51188225  0.65505767 -0.47495624]
 [ 0.5228763  -0.71383893 -0.4611572 ]
 [-0.48094347 -0.21027291 -0.33214164]]","[[ 0.59430313 -0.48431826 -0.64205885]
 [ 0.5576899   0.82339495 -0.10489429]
 [ 0.57947034 -0.29573083  0.7594455 ]]"
20200220-143358.173100,89,[0.5926699  0.02465342 0.0071233 ],"[[-0.48312682  0.13281837 -0.6719601 ]
 [ 0.5117068   0.6547795  -0.47432154]
 [ 0.5228621  -0.71319145 -0.46193925]
 [-0.48099878 -0.2120874  -0.33181393]]","[[ 0.59427464 -0.4839928  -0.64233065]
 [ 0.5577209   0.8234298  -0.104455  ]
 [ 0.57946974 -0.2961663   0.7592763 ]]"
20200220-143358.173100,90,[0.59698117 0.02476579 0.00712466],"[[-0.48294595  0.1348683  -0.67225116]
 [ 0.5118016   0.65450096 -0.47339508]
 [ 0.5230549  -0.71252626 -0.46250042]
 [-0.4808698  -0.21388277 -0.3317662 ]]","[[ 0.59420615 -0.48370332 -0.64261204]
 [ 0.5578095   0.8234258  -0.10401279]
 [ 0.57945466 -0.29665008  0.7590989 ]]"
20200220-143358.173100,91,[0.60107917 0.02488085 0.007126  ],"[[-0.48284373  0.13692816 -0.67251843]
 [ 0.5119602   0.65414643 -0.47252804]
 [ 0.5231102  -0.71194446 -0.4630831 ]
 [-0.48074412 -0.21558942 -0.33164778]]","[[ 0.59413993 -0.48342973 -0.64287907]
 [ 0.5578952   0.82342064 -0.10359367]
 [ 0.5794402  -0.29711     0.75893   ]]"
20200220-143358.173100,92,[0.60720295 0.02499732 0.00712716],"[[-0.48244485  0.1389975  -0.6730375 ]
 [ 0.51241016  0.6538005  -0.47136924]
 [ 0.5234055  -0.7113473  -0.4634012 ]
 [-0.4803426  -0.21727781 -0.33179966]]","[[ 0.5940339  -0.48319852 -0.64315087]
 [ 0.55803794  0.8233757  -0.10318028]
 [ 0.5794113  -0.29760998  0.7587561 ]]"
20200220-143358.173100,93,[0.6132878  0.02511414 0.00712839],"[[-0.4820338   0.14107713 -0.6735256 ]
 [ 0.5128136   0.65346736 -0.47021475]
 [ 0.5237084  -0.71072245 -0.46374923]
 [-0.47999525 -0.21897787 -0.331961  ]]","[[ 0.5939311  -0.48295814 -0.6434264 ]
 [ 0.5581759   0.82333493 -0.10275976]
 [ 0.579384   -0.2981129   0.7585796 ]]"
20200220-143358.173100,94,[0.6163555  0.02523067 0.0071298 ],"[[-0.48211616  0.14304937 -0.6736429 ]
 [ 0.5127646   0.653127   -0.46952704]
 [ 0.5236877  -0.7101043  -0.46445838]
 [-0.47998708 -0.2207118  -0.33170435]]","[[ 0.59388983 -0.48266375 -0.6436851 ]
 [ 0.558225    0.82335293 -0.10234585]
 [ 0.5793787  -0.298539    0.75841594]]"
20200220-143358.173100,95,[0.61945873 0.02534781 0.00713107],"[[-0.4821548   0.14502206 -0.67378956]
 [ 0.5127378   0.65281    -0.46878195]
 [ 0.5237197  -0.709456   -0.46514764]
 [-0.47994217 -0.22244112 -0.3314946 ]]","[[ 0.59384847 -0.48236454 -0.6439476 ]
 [ 0.5582752   0.82337135 -0.10192477]
 [ 0.5793729  -0.29897213  0.7582498 ]]"
20200220-143358.173100,96,[0.62442666 0.0254693  0.0071323 ],"[[-0.48188168  0.14715795 -0.67413193]
 [ 0.51309615  0.6524045  -0.46775606]
 [ 0.5237947  -0.7088891  -0.46565104]
 [-0.47975165 -0.22403002 -0.33154112]]","[[ 0.5937674  -0.48211515 -0.64420927]
 [ 0.55838364  0.8233481  -0.10151764]
 [ 0.57935154 -0.29943794  0.75808233]]"
20200220-143358.173100,97,[0.626315   0.02558805 0.00713374],"[[-0.48217222  0.14906435 -0.6741021 ]
 [ 0.51287514  0.6520678  -0.4672404 ]
 [ 0.52365214 -0.7082556  -0.4665078 ]
 [-0.47985187 -0.22574659 -0.331124  ]]","[[ 0.5937498  -0.48180133 -0.64446014]
 [ 0.5583992   0.8233879  -0.10110802]
 [ 0.5793547  -0.2998331   0.7579238 ]]"
20200220-143358.173100,98,[0.62912714 0.02570796 0.00713511],"[[-0.48229647  0.15099366 -0.67417634]
 [ 0.51278025  0.6517224  -0.46659222]
 [ 0.5236152  -0.70761585 -0.4672451 ]
 [-0.47986877 -0.22746168 -0.33084676]]","[[ 0.59371495 -0.4815063  -0.64471257]
 [ 0.55843925  0.8234105  -0.10070162]
 [ 0.5793516  -0.30024472  0.757763  ]]"
20200220-143358.173100,99,[0.6320412  0.02582887 0.00713634],"[[-0.4823634   0.15294246 -0.6742758 ]
 [ 0.51272523  0.65138596 -0.4658849 ]
 [ 0.5236132  -0.706959   -0.46796185]
 [-0.47986206 -0.22915924 -0.330628  ]]","[[ 0.5936796  -0.4812086  -0.6449672 ]
 [ 0.55848086  0.8234323  -0.10029042]
 [ 0.5793476  -0.30066147  0.7576008 ]]"
20200220-143358.173100,100,[0.6348923  0.02595305 0.00713754],"[[-0.4823677   0.15502712 -0.6743653 ]
 [ 0.5127872   0.65099764 -0.46511114]
 [ 0.5235045  -0.7063491  -0.4687231 ]
 [-0.4799106  -0.23073815 -0.3304568 ]]","[[ 0.59364223 -0.48091394 -0.6452215 ]
 [ 0.55852765  0.823451   -0.09987808]
 [ 0.579341   -0.3010822   0.7574389 ]]"
20200220-143358.173100,101,[0.6366125  0.02607747 0.00713882],"[[-0.48254663  0.15706941 -0.67430055]
 [ 0.512656    0.6506074  -0.46452218]
 [ 0.5232811  -0.7057312  -0.46962407]
 [-0.48011434 -0.23234293 -0.33013815]]","[[ 0.59362566 -0.48060083 -0.64547014]
 [ 0.5585438   0.8234896  -0.09946831]
 [ 0.5793424  -0.3014764   0.75728095]]"
20200220-143358.173100,102,[0.63623375 0.02620287 0.00714018],"[[-0.48301628  0.15908478 -0.67400223]
 [ 0.5122881   0.65018004 -0.464217  ]
 [ 0.52280325 -0.7051494  -0.4707575 ]
 [-0.48055503 -0.23392834 -0.32956138]]","[[ 0.5936468  -0.4802576  -0.64570594]
 [ 0.55850637  0.8235635  -0.09906538]
 [ 0.57935673 -0.30182108  0.7571327 ]]"
20200220-143358.173100,103,[0.63809806 0.02632891 0.00714133],"[[-0.48313233  0.1611191  -0.67397976]
 [ 0.51219743  0.649812   -0.463553  ]
 [ 0.5226489  -0.7044974  -0.47161916]
 [-0.4807029  -0.23551874 -0.32931057]]","[[ 0.5936289  -0.4799433  -0.6459561 ]
 [ 0.5585254   0.8236003  -0.0986515 ]
 [ 0.5793567  -0.30222046  0.7569733 ]]"
20200220-143358.173100,104,[0.6398524  0.02645227 0.00714263],"[[-0.48343697  0.16290328 -0.6739276 ]
 [ 0.5118827   0.6495284  -0.46304137]
 [ 0.5226151  -0.70376265 -0.4724628 ]
 [-0.4807682  -0.23726198 -0.32892683]]","[[ 0.5936186  -0.47962442 -0.64620215]
 [ 0.5585302   0.82364535 -0.09824561]
 [ 0.5793626  -0.30260307  0.7568159 ]]"
20200220-143358.173100,105,[0.6436454  0.02658023 0.00714365],"[[-0.48330674  0.16491461 -0.67409396]
 [ 0.5119991   0.6491446  -0.46218404]
 [ 0.5226613  -0.70310575 -0.47308737]
 [-0.48072544 -0.23886637 -0.3288946 ]]","[[ 0.5935667  -0.47935274 -0.6464516 ]
 [ 0.55859715  0.8236476  -0.0978466 ]
 [ 0.57935137 -0.30302754  0.75665474]]"
20200220-143358.173100,106,[0.6463817  0.02670963 0.00714472],"[[-0.48329133  0.16695136 -0.67414546]
 [ 0.5120209   0.64874494 -0.46143   ]
 [ 0.522575   -0.70245945 -0.4738427 ]
 [-0.48081133 -0.24043311 -0.3287598 ]]","[[ 0.5935336  -0.47906265 -0.6466971 ]
 [ 0.55863786  0.8236675  -0.09744596]
 [ 0.5793461  -0.303432    0.75649667]]"
20200220-143358.173100,107,[0.64806813 0.02683976 0.00714586],"[[-0.48345795  0.1689485  -0.6740707 ]
 [ 0.51189876  0.64834756 -0.4608284 ]
 [ 0.5223694  -0.70181334 -0.47472963]
 [-0.4809973  -0.24199128 -0.3284776 ]]","[[ 0.5935193  -0.47875664 -0.64693666]
 [ 0.55865145  0.82370526 -0.09704809]
 [ 0.57934755 -0.30381224  0.75634295]]"
20200220-143358.173100,108,[0.6496806  0.02696869 0.00714708],"[[-0.48376217  0.17076713 -0.67398936]
 [ 0.51165587  0.6480006  -0.46032473]
 [ 0.5222356  -0.70112544 -0.47559202]
 [-0.48109487 -0.24363202 -0.3281024 ]]","[[ 0.59350914 -0.478452   -0.6471711 ]
 [ 0.55865693  0.82374704 -0.0966598 ]
 [ 0.5793525  -0.30417818  0.75619185]]"
20200220-143358.173100,109,[0.65454465 0.02709868 0.00714798],"[[-0.48353913  0.17264386 -0.67429286]
 [ 0.51182747  0.6476959  -0.45932993]
 [ 0.5225259  -0.70037377 -0.47605914]
 [-0.4808221  -0.2452778  -0.32819602]]","[[ 0.59344363 -0.47819296 -0.6474229 ]
 [ 0.55874294  0.82373554 -0.09626191]
 [ 0.579337   -0.30461684  0.7560273 ]]"
20200220-143358.173100,110,[0.6572783  0.02722813 0.00714892],"[[-0.48361954  0.17443693 -0.6743579 ]
 [ 0.5116821   0.6474044  -0.45863044]
 [ 0.5226391  -0.6996037  -0.47675246]
 [-0.48077205 -0.2469696  -0.32803437]]","[[ 0.5934178  -0.47789553 -0.64766586]
 [ 0.5587712   0.82376266 -0.09586383]
 [ 0.579336   -0.30500978  0.7558697 ]]"
20200220-143358.173100,111,[0.659936   0.02736158 0.00714994],"[[-0.48367825  0.17636068 -0.6743851 ]
 [ 0.511648    0.6470251  -0.45792338]
 [ 0.522583   -0.6989193  -0.47750342]
 [-0.4808105  -0.24853045 -0.32787412]]","[[ 0.5933883  -0.4776117  -0.64790237]
 [ 0.55880624  0.82378393 -0.09547692]
 [ 0.5793324  -0.30539703  0.7557161 ]]"
20200220-143358.173100,112,[0.66253245 0.0274967  0.00715098],"[[-0.4837446   0.1782736  -0.67442185]
 [ 0.511658    0.646605   -0.45723495]
 [ 0.5224861  -0.69827694 -0.47823158]
 [-0.48083794 -0.25005972 -0.32769728]]","[[ 0.5933587  -0.47733968 -0.64812976]
 [ 0.55884147  0.8238029  -0.09510493]
 [ 0.5793286  -0.30577052  0.7555678 ]]"
20200220-143358.173100,113,[0.66607594 0.02763131 0.00715191],"[[-0.483704    0.18014537 -0.6745402 ]
 [ 0.51168454  0.6462542  -0.45643136]
 [ 0.5225721  -0.69755167 -0.47887087]
 [-0.48075715 -0.25164422 -0.32764062]]","[[ 0.5933164  -0.477069   -0.6483679 ]
 [ 0.5588944   0.8238113  -0.09472038]
 [ 0.5793209  -0.30617002  0.7554119 ]]"
20200220-143358.173100,114,[0.667491   0.02776947 0.00715296],"[[-0.48391426  0.18209    -0.6744232 ]
 [ 0.51158774  0.6457863  -0.45589653]
 [ 0.52227885 -0.69694746 -0.4797568 ]
 [-0.48096758 -0.2531157  -0.32732958]]","[[ 0.59330595 -0.47678542 -0.6485859 ]
 [ 0.558903    0.8238473  -0.09435596]
 [ 0.57932335 -0.30651465  0.75527024]]"
20200220-143358.173100,115,[0.6700514  0.02790621 0.00715395],"[[-0.4840065   0.1839169  -0.67444116]
 [ 0.51151675  0.64539975 -0.45524094]
 [ 0.522248   -0.6962525  -0.48047367]
 [-0.48098323 -0.25468832 -0.32715452]]","[[ 0.5932798  -0.47651112 -0.64881134]
 [ 0.5589327   0.8238693  -0.09398628]
 [ 0.57932127 -0.30688176  0.7551227 ]]"
20200220-143358.173100,116,[0.67348444 0.02804497 0.0071548 ],"[[-0.4839612   0.18578602 -0.67456   ]
 [ 0.5116011   0.6449954  -0.45445013]
 [ 0.5222777  -0.69557136 -0.48109582]
 [-0.48090702 -0.25621253 -0.32709402]]","[[ 0.59323853 -0.47625467 -0.64903736]
 [ 0.55898464  0.82387567 -0.09362084]
 [ 0.5793135  -0.30726245  0.7549739 ]]"
