Timestamp,Epoch,s,u,v
20200222-125531.681294,0,[1.1887103  0.9617032  0.38119453],"[[ 0.8577818  -0.00667575  0.2604587 ]
 [-0.25519052 -0.86464024  0.31686535]
 [ 0.24482842 -0.3835244  -0.88944405]
 [-0.37302426  0.32444006 -0.2016104 ]]","[[ 0.94479555 -0.14224407 -0.29517448]
 [-0.11279313  0.70460594 -0.700577  ]
 [ 0.30763462  0.69519573  0.6496643 ]]"
20200222-125531.681294,1,[1.1811748 0.9580202 0.3829655],"[[ 0.8562034   0.02157936  0.25832397]
 [-0.22481285 -0.87430835  0.31909642]
 [ 0.25441396 -0.37536553 -0.8901286 ]
 [-0.3894211   0.3069526  -0.19778132]]","[[ 0.9480254  -0.11002487 -0.29856756]
 [-0.14003369  0.69830203 -0.7019721 ]
 [ 0.28572473  0.70729685  0.64660084]]"
20200222-125531.681294,2,[1.1814154 0.9544187 0.3851554],"[[ 0.8543377   0.04042253  0.25831148]
 [-0.20363402 -0.8811611   0.31945524]
 [ 0.26216537 -0.36848727 -0.8906755 ]
 [-0.39988723  0.2934934  -0.19473228]]","[[ 0.94978386 -0.09022838 -0.29961568]
 [-0.15595566  0.6936152  -0.70326084]
 [ 0.27127206  0.7146726   0.644713  ]]"
20200222-125531.681294,3,[1.1759794  0.94887304 0.38752243],"[[ 0.8507738   0.06926349 -0.2575726 ]
 [-0.1716208  -0.88977194 -0.319954  ]
 [ 0.2733661  -0.358273    0.891395  ]
 [-0.41473007  0.27413315  0.19157489]]","[[ 0.9515126  -0.05738834  0.3022092 ]
 [-0.18251558  0.6854971   0.7048276 ]
 [ 0.2476124   0.72581017 -0.6417848 ]]"
20200222-125531.681294,4,[1.1759657 0.9447908 0.3900918],"[[ 0.8475694   0.08727907 -0.25809976]
 [-0.15055692 -0.8955831  -0.3190971 ]
 [ 0.28107554 -0.35011744  0.89216214]
 [-0.42421147  0.2602519   0.18870248]]","[[ 0.952161   -0.03737863  0.3033021 ]
 [-0.19815373  0.68005425  0.70587635]
 [ 0.23264655  0.73220843 -0.6401145 ]]"
20200222-125531.681294,5,[1.1716802  0.9406996  0.39245853],"[[ 0.8432906   0.10967599 -0.2573825 ]
 [-0.12459389 -0.90125114 -0.31900936]
 [ 0.28893405 -0.3409209   0.89310914]
 [-0.43572226  0.2439066   0.18531986]]","[[ 0.95197433 -0.0105128   0.30599725]
 [-0.21973139  0.67252564  0.7067016 ]
 [ 0.21322042  0.7399991  -0.63791716]]"
20200222-125531.681294,6,[1.1701217  0.93640244 0.39501184],"[[ 0.83893836  0.12854216 -0.25738254]
 [-0.10198935 -0.9059272  -0.3183182 ]
 [ 0.29594886 -0.33221468  0.893997  ]
 [-0.44519147  0.22892454  0.182201  ]]","[[ 0.95135313  0.01174926  0.30787885]
 [-0.23719563  0.6656804   0.7075365 ]
 [ 0.19663589  0.7461446  -0.63608396]]"
20200222-125531.681294,7,[1.166312   0.93064415 0.3976079 ],"[[ 0.83320695  0.15142305 -0.2569593 ]
 [-0.07455494 -0.91041136 -0.31788424]
 [ 0.3039322  -0.3220884   0.8949229 ]
 [-0.45588723  0.21090622  0.17898169]]","[[ 0.9497217   0.03942493  0.3106033 ]
 [-0.25899336  0.6563554   0.7086043 ]
 [ 0.17592947  0.75342107 -0.6335657 ]]"
20200222-125531.681294,8,[1.1659226 0.9270844 0.3999227],"[[ 0.82898897  0.16583349 -0.2566161 ]
 [-0.05626371 -0.9132344  -0.3176635 ]
 [ 0.3082855  -0.31513277  0.89578724]
 [-0.4632192   0.19797385  0.17550933]]","[[ 0.9481853   0.05678568  0.31260192]
 [-0.27275828  0.650057    0.70924526]
 [ 0.16293406  0.7577607  -0.6318633 ]]"
20200222-125531.681294,9,[1.1633571  0.9221661  0.40235838],"[[ 0.82326376  0.18454514 -0.25593486]
 [-0.03285654 -0.9159215  -0.31749424]
 [ 0.31383416 -0.30650464  0.896726  ]
 [-0.4718741   0.1818954   0.17198057]]","[[ 0.94556963  0.0800337   0.3154243 ]
 [-0.29111674  0.6412029   0.71000683]
 [ 0.14542648  0.7631863  -0.62960124]]"
20200222-125531.681294,10,[1.1598053  0.9158883  0.40448374],"[[ 0.8163002   0.20676614 -0.2542169 ]
 [-0.0052462  -0.91757494 -0.31880763]
 [ 0.3195033  -0.29790673  0.89747864]
 [-0.48119023  0.1629601   0.16813014]]","[[ 0.94162834  0.10710368  0.319163  ]
 [-0.31269023  0.6295346   0.7112743 ]
 [ 0.12474405  0.76955533 -0.6262776 ]]"
20200222-125531.681294,11,[1.1586771  0.9095978  0.40675086],"[[ 0.8100682   0.22414656 -0.2532361 ]
 [ 0.01729139 -0.918622   -0.31965035]
 [ 0.32402974 -0.29058015  0.89812213]
 [-0.4883599   0.14647633  0.16453554]]","[[ 0.93806326  0.12785801  0.32200864]
 [-0.32907298  0.619565    0.71263605]
 [ 0.10838901  0.7744621  -0.62326586]]"
20200222-125531.681294,12,[1.1573101  0.9041678  0.40921706],"[[ 0.8037509   0.2399132  -0.2525147 ]
 [ 0.03825014 -0.91937387 -0.3195119 ]
 [ 0.32800147 -0.28284773  0.8990092 ]
 [-0.49491107  0.13111404  0.16103119]]","[[ 0.9341236   0.14779049  0.3249178 ]
 [-0.34468102  0.6100719   0.71344763]
 [ 0.09278243  0.77844113 -0.620823  ]]"
20200222-125531.681294,13,[1.1606728  0.89944196 0.41146883],"[[ 0.8002241   0.24740136 -0.2525438 ]
 [ 0.04971001 -0.9199759  -0.31993598]
 [ 0.32983196 -0.27898794  0.89941734]
 [-0.49837893  0.1208424   0.1578335 ]]","[[ 0.9325244   0.15532413  0.32599488]
 [-0.35067192  0.604975    0.7148669 ]
 [ 0.08618271  0.780948   -0.61862165]]"
20200222-125531.681294,14,[1.1614826  0.89286304 0.4142829 ],"[[ 0.79427046  0.260002   -0.2527474 ]
 [ 0.0676685  -0.92047244 -0.3191023 ]
 [ 0.33353928 -0.27161533  0.90018517]
 [-0.50329655  0.1065583   0.15478773]]","[[ 0.9290823   0.17083994  0.32805508]
 [-0.36253002  0.5964715   0.71609634]
 [ 0.07333761  0.7842421  -0.61610556]]"
20200222-125531.681294,15,[1.1606637  0.887309   0.41678745],"[[ 0.7884429   0.27189285 -0.25202388]
 [ 0.08477432 -0.9203526  -0.3189182 ]
 [ 0.33579668 -0.2652923   0.9010713 ]
 [-0.50834185  0.0929797   0.1511468 ]]","[[ 0.92499346  0.18650818  0.3310614 ]
 [-0.37507454  0.58773655  0.71685755]
 [ 0.0608771   0.7872614  -0.61360687]]"
20200222-125531.681294,16,[1.1600913  0.88040173 0.4194601 ],"[[ 0.78176785  0.28519467 -0.25150073]
 [ 0.10378154 -0.9197173  -0.31871238]
 [ 0.3388226  -0.2582789   0.9018343 ]
 [-0.51309615  0.07794952  0.14786729]]","[[ 0.9203444   0.20345168  0.3340259 ]
 [-0.3882939   0.57758826  0.7180667 ]
 [ 0.04683752  0.7905688  -0.6105792 ]]"
20200222-125531.681294,17,[1.1575207  0.876611   0.42185584],"[[ 0.7755848   0.2965234  -0.2501956 ]
 [ 0.12049636 -0.9189027  -0.3181792 ]
 [ 0.33972633 -0.25193435  0.90307516]
 [-0.5182036   0.06496628  0.14359438]]","[[ 0.9148993   0.22058018  0.3380885 ]
 [-0.40226164  0.5683636   0.7177385 ]
 [ 0.03383831  0.79265845 -0.6087262 ]]"
20200222-125531.681294,18,[1.1584196  0.8699436  0.42408344],"[[ 0.76996183  0.30686384 -0.24891314]
 [ 0.13612594 -0.9174887  -0.3194218 ]
 [ 0.3409251  -0.24777272  0.90359825]
 [-0.5219182   0.05155514  0.13972332]]","[[ 0.91060764  0.23303531  0.34130403]
 [-0.41262245  0.5589562   0.7192434 ]
 [ 0.02316488  0.79577816 -0.60514534]]"
20200222-125531.681294,19,[1.1587551  0.8655337  0.42636505],"[[ 0.7650693   0.31487218 -0.24783112]
 [ 0.14900127 -0.916434   -0.31964317]
 [ 0.34114733 -0.24366586  0.90442824]
 [-0.5254394   0.0403914   0.13571139]]","[[ 0.90649843  0.24412338  0.34447727]
 [-0.42197016  0.5513149   0.7197173 ]
 [ 0.01421563  0.7977818  -0.6027787 ]]"
20200222-125531.681294,20,[1.1585279  0.8593528  0.42933807],"[[ 0.7589163   0.32420817 -0.24761942]
 [ 0.16417322 -0.9153755  -0.31826928]
 [ 0.34254995 -0.23710883  0.90547043]
 [-0.52891684  0.02749969  0.1323365 ]]","[[ 0.9014959   0.25776312  0.34765467]
 [-0.4327788   0.5421877   0.72023284]
 [ 0.00284457  0.79974425 -0.60033435]]"
20200222-125531.681294,21,[1.1585091  0.8523171  0.43142623],"[[ 0.7528311   0.3344071  -0.2455605 ]
 [ 0.17993148 -0.9128225  -0.32024515]
 [ 0.3428048  -0.23396361  0.9059715 ]
 [-0.53231055  0.01371905  0.127902  ]]","[[ 0.8960128   0.27065283  0.35200584]
 [-0.44394997  0.53118634  0.7216299 ]
 [-0.00833049  0.80286264 -0.5961061 ]]"
20200222-125531.681294,22,[1.1599985  0.845781   0.43367717],"[[ 0.7480937   0.34137917 -0.24427783]
 [ 0.19185932 -0.91094226 -0.32167497]
 [ 0.3428324  -0.23160225  0.9063653 ]
 [-0.53480077  0.00226288  0.12391969]]","[[ 0.89216363  0.2789521   0.35528877]
 [-0.4514283   0.52269614  0.7231884 ]
 [-0.01602688  0.8055897  -0.5922572 ]]"
20200222-125531.681294,23,[1.1595838  0.8396527  0.43606374],"[[ 0.7421548   0.35001916 -0.24262726]
 [ 0.20610179 -0.9085346  -0.32240066]
 [ 0.34267613 -0.22791325  0.9071286 ]
 [-0.5378675  -0.01037909  0.1196148 ]]","[[ 0.88647217  0.29119837  0.35968143]
 [-0.46202186  0.51235324  0.72389925]
 [-0.02651429  0.80789715 -0.5887269 ]]"
20200222-125531.681294,24,[1.16351    0.83496904 0.43889502],"[[ 0.7397455   0.35145628 -0.24326251]
 [ 0.21160519 -0.90852153 -0.32144442]
 [ 0.34251648 -0.22530277  0.90767634]
 [-0.5391497  -0.01748966  0.11670682]]","[[ 0.8855038   0.29276472  0.3607938 ]
 [-0.46375138  0.5090982   0.72508895]
 [-0.02860099  0.80938756 -0.58657813]]"
20200222-125531.681294,25,[1.1661003  0.82862246 0.44182882],"[[ 0.7359585   0.3553287  -0.24330321]
 [ 0.22029704 -0.9075702  -0.3209045 ]
 [ 0.34262878 -0.22211733  0.9082495 ]
 [-0.5407774  -0.02687161  0.11360885]]","[[ 0.8829317   0.29771268  0.3630409 ]
 [-0.46828988  0.50291276  0.7264871 ]
 [-0.03370647  0.81144685 -0.5834535 ]]"
20200222-125531.681294,26,[1.1686529  0.82363784 0.44453678],"[[ 0.732759    0.35819596 -0.24314833]
 [ 0.22761689 -0.90674806 -0.32053128]
 [ 0.34208718 -0.21969812  0.9088425 ]
 [-0.542431   -0.03516728  0.11020011]]","[[ 0.88065654  0.30166587  0.36529696]
 [-0.47225618  0.4976945   0.7275124 ]
 [-0.03765936  0.81320226 -0.58076143]]"
20200222-125531.681294,27,[1.1686031  0.8190539  0.44665653],"[[ 0.72815996  0.36406505 -0.24108846]
 [ 0.2384326  -0.9043483  -0.32165775]
 [ 0.34047404 -0.21804845  0.9095629 ]
 [-0.5449867  -0.04544777  0.1053934 ]]","[[ 0.8756195   0.31057277  0.36991253]
 [-0.4808827   0.48889482  0.72782797]
 [-0.04519521  0.8151847  -0.57743484]]"
20200222-125531.681294,28,[1.1707399  0.8149384  0.44969654],"[[ 0.72495914  0.3663064  -0.24133095]
 [ 0.24533257 -0.90388715 -0.3198216 ]
 [ 0.3396733  -0.21444443  0.9105126 ]
 [-0.5466882  -0.05311398  0.10217739]]","[[ 0.8730021   0.3152006   0.3721771 ]
 [-0.48522377  0.48426744  0.72804046]
 [-0.04924556  0.81617004 -0.5757094 ]]"
20200222-125531.681294,29,[1.1742908  0.8106463  0.45181108],"[[ 0.7228521   0.36797166 -0.24036218]
 [ 0.25062397 -0.9026689  -0.3213086 ]
 [ 0.33830294 -0.21487811  0.9106817 ]
 [-0.547927   -0.06010925  0.09821074]]","[[ 0.8716628   0.31612414  0.37452596]
 [-0.48745117  0.4797504   0.7295416 ]
 [-0.05094674  0.81847733 -0.5722757 ]]"
20200222-125531.681294,30,[1.1770632  0.8071676  0.45425665],"[[ 0.7205613   0.36936563 -0.23989621]
 [ 0.25592995 -0.90188026 -0.32127643]
 [ 0.3368702  -0.21381956  0.9112156 ]
 [-0.54937226 -0.06679824  0.09442987]]","[[ 0.8698862   0.31828105  0.376823  ]
 [-0.49038061  0.4757179   0.73021877]
 [-0.05315337  0.81999385 -0.56989914]]"
20200222-125531.681294,31,[1.1791618  0.7987538  0.45619926],"[[ 0.71624416  0.37512913 -0.23694691]
 [ 0.26635256 -0.89810944 -0.32567146]
 [ 0.3356658  -0.21584383  0.91092265]
 [-0.5507988  -0.07803407  0.08952488]]","[[ 0.8658893   0.32306632  0.3819215 ]
 [-0.49669808  0.4646219   0.7330878 ]
 [-0.05938688  0.8244726  -0.56277746]]"
20200222-125531.681294,32,[1.1820916  0.79420626 0.45895848],"[[ 0.71389556  0.37627843 -0.23662211]
 [ 0.2715763  -0.8972689  -0.32549596]
 [ 0.3344346  -0.21474302  0.9114075 ]
 [-0.5520447  -0.08490427  0.08601795]]","[[ 0.8642339   0.32466018  0.38431185]
 [-0.4993144   0.4601165   0.73415136]
 [-0.0615215   0.8263708  -0.55975586]]"
20200222-125531.681294,33,[1.1852043  0.7909334  0.46144322],"[[ 0.71183664  0.37722942 -0.23601757]
 [ 0.27629733 -0.8964117  -0.3255005 ]
 [ 0.3327668  -0.2141201   0.9119104 ]
 [-0.55336595 -0.09108325  0.0822468 ]]","[[ 0.8626081   0.32613185  0.38671064]
 [-0.5019066   0.45622143  0.7348141 ]
 [-0.06322064  0.8279493  -0.55722815]]"
20200222-125531.681294,34,[1.1884439  0.78642887 0.46422213],"[[ 0.7094551   0.37844858 -0.2355917 ]
 [ 0.2815699  -0.8953873  -0.32545748]
 [ 0.33149952 -0.21323079  0.91234577]
 [-0.55452704 -0.09793524  0.07873622]]","[[ 0.86090595  0.3276762   0.3891908 ]
 [-0.5045418   0.45152387  0.7359102 ]
 [-0.06541134  0.82991254 -0.55404586]]"
20200222-125531.681294,35,[1.1904215 0.7815576 0.4667704],"[[ 0.70638454  0.38098752 -0.23418462]
 [ 0.2884438  -0.8934564  -0.32632467]
 [ 0.32974768 -0.21303652  0.9127527 ]
 [-0.5559561  -0.1058292   0.0745153 ]]","[[ 0.8578274   0.33115357  0.39302617]
 [-0.5092492   0.44463074  0.7368642 ]
 [-0.06926371  0.8322505  -0.55005616]]"
20200222-125531.681294,36,[1.1928704 0.7791111 0.4696307],"[[ 0.7042712   0.38138846 -0.23412633]
 [ 0.29293102 -0.89307153 -0.32470044]
 [ 0.32787475 -0.21099465  0.91362953]
 [-0.55739707 -0.11156729  0.07095964]]","[[ 0.85579604  0.33360565  0.39537355]
 [-0.51238656  0.44140252  0.7366301 ]
 [-0.07122511  0.8329893  -0.5486856 ]]"
20200222-125531.681294,37,[1.1963811 0.7730445 0.4714563],"[[ 0.70196956  0.38374865 -0.2315195 ]
 [ 0.29869196 -0.89009315 -0.32924262]
 [ 0.32610667 -0.21502885  0.91303515]
 [-0.5582802  -0.11930609  0.06606918]]","[[ 0.85407615  0.33314842  0.3994576 ]
 [-0.5149727   0.43351552  0.73950505]
 [-0.07319383  0.83730316 -0.5418175 ]]"
20200222-125531.681294,38,[1.1973191  0.7678854  0.47379336],"[[ 0.6983728   0.38714978 -0.2290715 ]
 [ 0.3066387  -0.8871529  -0.33124003]
 [ 0.3237828  -0.21610932  0.913282  ]
 [-0.5598332  -0.12795408  0.06101241]]","[[ 0.8497632   0.33772236  0.4047793 ]
 [-0.521319    0.4243225   0.7403898 ]
 [-0.07828923  0.8401753  -0.53663456]]"
20200222-125531.681294,39,[1.1977272  0.7621874  0.47679263],"[[ 0.69425917  0.39052233 -0.22732656]
 [ 0.31519356 -0.88449526 -0.33161175]
 [ 0.32176358 -0.21533655  0.9138744 ]
 [-0.5613601  -0.13707942  0.05648084]]","[[ 0.84482926  0.34355766  0.41016078]
 [-0.5283373   0.41476128  0.7408325 ]
 [-0.08439986  0.84258    -0.53191686]]"
20200222-125531.681294,40,[1.2004415 0.7572211 0.4779935],"[[ 0.69196486  0.393286   -0.22325802]
 [ 0.3210836  -0.88054794 -0.3376995 ]
 [ 0.31892973 -0.22156972  0.913011  ]
 [-0.5624717  -0.14445996  0.05026015]]","[[ 0.84210604  0.34346226  0.4158019 ]
 [-0.5322906   0.40530992  0.74323004]
 [-0.08674283  0.84720594 -0.5241356 ]]"
20200222-125531.681294,41,[1.2029157  0.7528413  0.48049372],"[[ 0.68964696  0.39456296 -0.22148319]
 [ 0.32626045 -0.878463   -0.33927   ]
 [ 0.31668574 -0.22313859  0.91310304]
 [-0.5636053  -0.1511043   0.04565455]]","[[ 0.83958864  0.34452862  0.41998917]
 [-0.53586876  0.3985      0.74434024]
 [-0.08908078  0.84999865 -0.51919836]]"
20200222-125531.681294,42,[1.2059623  0.7483449  0.48397583],"[[ 0.6874277   0.3947237  -0.22146738]
 [ 0.33071032 -0.87764144 -0.33811033]
 [ 0.31524503 -0.22178102  0.9136904 ]
 [-0.5645303  -0.15732794  0.04247234]]","[[ 0.83782667  0.34542722  0.42276108]
 [-0.5383016   0.39364183  0.7451695 ]
 [-0.09098535  0.8518958  -0.51574755]]"
20200222-125531.681294,43,[1.2085406  0.744129   0.48646724],"[[ 0.685286    0.3957879  -0.21953882]
 [ 0.33553028 -0.8754736  -0.33994547]
 [ 0.3128708  -0.22386758  0.9136815 ]
 [-0.56561023 -0.16364945  0.03775639]]","[[ 0.83542526  0.34593698  0.42707425]
 [-0.5416785   0.3867676   0.7463212 ]
 [-0.09300163  0.8548325  -0.510502  ]]"
20200222-125531.681294,44,[1.2110345  0.7411751  0.48867798],"[[ 0.6834347   0.39660326 -0.21746999]
 [ 0.3398254  -0.8734549  -0.3416967 ]
 [ 0.31010437 -0.22616926  0.9137138 ]
 [-0.56680745 -0.16920346  0.03282043]]","[[ 0.8330373   0.34649575  0.43126488]
 [-0.5450711   0.38079116  0.74692404]
 [-0.09458417  0.8572857  -0.50607824]]"
20200222-125531.681294,45,[1.214796   0.7386961  0.49112225],"[[ 0.6822974   0.3962229  -0.21641529]
 [ 0.34260103 -0.8723267  -0.3425824 ]
 [ 0.3078374  -0.22775704  0.91377306]
 [-0.56774193 -0.17372394  0.02864822]]","[[ 0.8321419   0.34526762  0.4339704 ]
 [-0.54644656  0.37711143  0.74778545]
 [-0.09453093  0.8594051  -0.50248057]]"
20200222-125531.681294,46,[1.216726   0.73518455 0.4940686 ],"[[ 0.6799379   0.39703074 -0.21501075]
 [ 0.34753773 -0.87061024 -0.34270132]
 [ 0.30530173 -0.22821397  0.9141868 ]
 [-0.5689402  -0.17978631  0.02426834]]","[[ 0.8291009   0.3471264   0.43828666]
 [-0.5505952   0.3707269   0.74793494]
 [-0.09714326  0.8614319  -0.49849615]]"
20200222-125531.681294,47,[1.2200755 0.7295662 0.496465 ],"[[ 0.6781804   0.39803097 -0.21213073]
 [ 0.35163516 -0.8673817  -0.34749886]
 [ 0.30323896 -0.23373018  0.9131715 ]
 [-0.56962293 -0.18598484  0.01905381]]","[[ 0.82767487  0.34429845  0.44318518]
 [-0.55256236  0.36186972  0.7508164 ]
 [-0.09812966  0.8663192  -0.48975673]]"
20200222-125531.681294,48,[1.2240508  0.72613966 0.49919513],"[[ 0.6769447   0.39781284 -0.21081877]
 [ 0.354509   -0.8658029  -0.3491468 ]
 [ 0.30123118 -0.23614216  0.9129235 ]
 [-0.5703761  -0.19070065  0.0149247 ]]","[[ 0.8268889   0.34218997  0.44627434]
 [-0.5537306   0.35689512  0.7523352 ]
 [-0.09816841  0.8692134  -0.48459372]]"
20200222-125531.681294,49,[1.2276924 0.7218506 0.5012086],"[[ 0.6754337   0.3987986  -0.20753711]
 [ 0.35822967 -0.86241907 -0.35431302]
 [ 0.29877824 -0.24236389  0.91175884]
 [-0.57113254 -0.19609319  0.00929855]]","[[ 0.8254464   0.33920917  0.45119324]
 [-0.5557642   0.3484482   0.75479144]
 [-0.09881471  0.87379694 -0.47614568]]"
20200222-125531.681294,50,[1.2314849  0.71860605 0.5039423 ],"[[ 0.6741811   0.39855948 -0.20621441]
 [ 0.3610493  -0.860675   -0.3562204 ]
 [ 0.29682875 -0.24512213  0.9113491 ]
 [-0.5718529  -0.20075803  0.00502846]]","[[ 0.824699    0.336856    0.4543123 ]
 [-0.55686474  0.34322038  0.75637394]
 [-0.09885985  0.8767713  -0.47063673]]"
20200222-125531.681294,51,[1.2348166  0.7156927  0.50556767],"[[ 0.67298514  0.39920005 -0.20287184]
 [ 0.36419553 -0.857394   -0.36137897]
 [ 0.2940012  -0.25169727  0.91008085]
 [-0.5727271  -0.20533815 -0.00100849]]","[[ 0.8233217   0.33379292  0.4590466 ]
 [-0.55887157  0.33567792  0.7582764 ]
 [-0.09901551  0.8808535  -0.4629183 ]]"
20200222-125531.681294,52,[1.2383507  0.7106447  0.50786436],"[[ 0.67148376  0.40018278 -0.19914065]
 [ 0.36774382 -0.85335195 -0.36776793]
 [ 0.29178232 -0.2593668   0.9083188 ]
 [-0.57335603 -0.21064954 -0.00685914]]","[[ 0.8221084   0.32925954  0.46446344]
 [-0.56056404  0.32550922  0.76145375]
 [-0.09952881  0.88635886 -0.45217493]]"
20200222-125531.681294,53,[1.2420499 0.7087023 0.5103285],"[[ 0.6705827   0.39952776 -0.19769205]
 [ 0.369911   -0.85178566 -0.36956605]
 [ 0.28934827 -0.26244956  0.90785867]
 [-0.5742493  -0.21438043 -0.01147246]]","[[ 0.8214139   0.3267605   0.4674469 ]
 [-0.5616745   0.32119998  0.76246464]
 [-0.09899938  0.8888521  -0.44737127]]"
20200222-125531.681294,54,[1.2441646  0.70575243 0.5133086 ],"[[ 0.6687531   0.39972612 -0.19552816]
 [ 0.37374485 -0.8496392  -0.3709436 ]
 [ 0.28634492 -0.26509616  0.9076881 ]
 [-0.5754049  -0.21921803 -0.01648654]]","[[ 0.8186738   0.32646328  0.4724355 ]
 [-0.5653719   0.31403342  0.7627175 ]
 [-0.10063868  0.89151835 -0.441664  ]]"
20200222-125531.681294,55,[1.2483549 0.7027984 0.5160335],"[[ 0.66773164  0.39946488 -0.1935033 ]
 [ 0.37612984 -0.84736174 -0.3740019 ]
 [ 0.28416863 -0.26946732  0.9067691 ]
 [-0.5761154  -0.22314402 -0.02118688]]","[[ 0.8180603   0.32283184  0.47597986]
 [-0.56632423  0.30787253  0.7645202 ]
 [-0.10027034  0.8949826  -0.4346859 ]]"
20200222-125531.681294,56,[1.2521416 0.7010118 0.518468 ],"[[ 0.666894    0.39884394 -0.19181749]
 [ 0.3781796  -0.84554    -0.37627473]
 [ 0.2816813  -0.27320597  0.9060617 ]
 [-0.5769648  -0.22659323 -0.02599956]]","[[ 0.8173924   0.3198776   0.47911167]
 [-0.56739926  0.30318442  0.7655961 ]
 [-0.09963783  0.89764    -0.42931902]]"
20200222-125531.681294,57,[1.2560611 0.6982612 0.521188 ],"[[ 0.66592354  0.3985082  -0.18973927]
 [ 0.38043553 -0.8431781  -0.3794794 ]
 [ 0.2794649  -0.2778451   0.90501106]
 [-0.5776797  -0.23031262 -0.03081375]]","[[ 0.8168077   0.315984    0.4826793 ]
 [-0.568322    0.29689547  0.7673743 ]
 [-0.0991727   0.90111434 -0.4220872 ]]"
20200222-125531.681294,58,[1.2600975  0.6945102  0.52423185],"[[ 0.6648706   0.39838758 -0.1871927 ]
 [ 0.3827926  -0.8401563  -0.38394925]
 [ 0.2775164  -0.28378364  0.90347123]
 [-0.578275   -0.23428996 -0.03580266]]","[[ 0.81636494  0.31081232  0.48676917]
 [-0.56902885  0.28873524  0.76995987]
 [-0.09876563  0.90555376 -0.41257453]]"
20200222-125531.681294,59,[1.2638109  0.6905247  0.52497816],"[[ 0.66357845  0.4006899  -0.17977805]
 [ 0.38638094 -0.8326001  -0.39672667]
 [ 0.27434197 -0.29915318  0.8990441 ]
 [-0.5788869  -0.23818462 -0.0448081 ]]","[[ 0.8146326   0.302813    0.49464935]
 [-0.57143986  0.2732687   0.7738092 ]
 [-0.09914726  0.91303253 -0.39565307]]"
20200222-125531.681294,60,[1.2675525 0.6873558 0.5266059],"[[ 0.6624933   0.40168726 -0.17458801]
 [ 0.3891662  -0.82696646 -0.40576187]
 [ 0.27163115 -0.31045622  0.8956252 ]
 [-0.5795418  -0.24164225 -0.05226974]]","[[ 0.8135276   0.29593816  0.5005934 ]
 [-0.5730356   0.26139215  0.7767269 ]
 [-0.09901194  0.91874653 -0.38223276]]"
20200222-125531.681294,61,[1.27236    0.68562573 0.52833897],"[[ 0.6620078   0.40157038 -0.17124067]
 [ 0.39072484 -0.8231554  -0.4120009 ]
 [ 0.2692922  -0.31870678  0.89304364]
 [-0.5801393  -0.24409604 -0.05835159]]","[[ 0.8136717   0.28953186  0.5040928 ]
 [-0.57308745  0.25405213  0.7791202 ]
 [-0.09751426  0.92283744 -0.37264207]]"
20200222-125531.681294,62,[1.2733812  0.6839319  0.53053916],"[[ 0.6602292   0.40210447 -0.16683382]
 [ 0.39457524 -0.8192479  -0.4161041 ]
 [ 0.26495582 -0.32535002  0.89147323]
 [-0.5815544  -0.24757297 -0.06556892]]","[[ 0.809644    0.28815067  0.5113176 ]
 [-0.57842517  0.24404873  0.778373  ]
 [-0.0995023   0.925964   -0.36426622]]"
20200222-125531.681294,63,[1.279099  0.6791804 0.5324072],"[[ 0.65970457  0.40335172 -0.1601484 ]
 [ 0.3962207  -0.8109276  -0.43055496]
 [ 0.26375228 -0.3422425   0.8851924 ]
 [-0.5815786  -0.25014767 -0.0735478 ]]","[[ 0.810991    0.27443436  0.5167008 ]
 [-0.5768582   0.22773007  0.7844577 ]
 [-0.09761383  0.93425095 -0.34299675]]"
20200222-125531.681294,64,[1.2838115 0.6762639 0.5332036],"[[ 0.6589482   0.40477148 -0.15286407]
 [ 0.39851466 -0.8024202  -0.44409707]
 [ 0.26123846 -0.35873193  0.87896734]
 [-0.58200306 -0.25217628 -0.08262588]]","[[ 0.81071216  0.26332086  0.52288425]
 [-0.5774136   0.21220618  0.7883922 ]
 [-0.09664084  0.9410793  -0.32408318]]"
20200222-125531.681294,65,[1.2871987 0.6730277 0.535564 ],"[[ 0.65759164  0.405869   -0.14645582]
 [ 0.40150115 -0.7951273  -0.45432135]
 [ 0.25845447 -0.3717141   0.8740286 ]
 [-0.5827276  -0.25469828 -0.09064618]]","[[ 0.80898553  0.2546949   0.52978593]
 [-0.5797456   0.19675216  0.79068565]
 [-0.09714711  0.946794   -0.3068279 ]]"
20200222-125531.681294,66,[1.290146  0.6708812 0.5375917],"[[ 0.65651685  0.4063332  -0.14070979]
 [ 0.4040067  -0.788668   -0.46316713]
 [ 0.25527093 -0.3834764   0.8694547 ]
 [-0.58361036 -0.25659743 -0.09861803]]","[[ 0.8072494   0.2469798   0.53605   ]
 [-0.58214945  0.18359177  0.7920834 ]
 [-0.09721423  0.9514701  -0.29198346]]"
20200222-125531.681294,67,[1.2934262 0.6675282 0.5385917],"[[ 0.6550641   0.40840638 -0.13075732]
 [ 0.40745342 -0.7769665  -0.4794943 ]
 [ 0.25205    -0.4036365   0.86079305]
 [-0.58424646 -0.25807932 -0.10965081]]","[[ 0.8050641   0.23424174  0.5449797 ]
 [-0.5850348   0.16173789  0.7947171 ]
 [-0.09801205  0.9586302  -0.26724887]]"
20200222-125531.681294,68,[1.2987024 0.664786  0.540436 ],"[[ 0.6543799   0.40925172 -0.123601  ]
 [ 0.40919834 -0.767326   -0.49316543]
 [ 0.2503206  -0.42029372  0.85293925]
 [-0.5845368  -0.25899243 -0.11834376]]","[[ 0.80552965  0.22073957  0.54990554]
 [-0.5846105   0.14459439  0.79832524]
 [-0.09670871  0.9645552  -0.24552174]]"
20200222-125531.681294,69,[1.3040257  0.66222936 0.54214156],"[[ 0.6537139   0.4101497  -0.11583487]
 [ 0.41092312 -0.75671774 -0.5077158 ]
 [ 0.24855237 -0.43802574  0.8441329 ]
 [-0.584827   -0.25940093 -0.12746297]]","[[ 0.8059907   0.20635113  0.554796  ]
 [-0.58419317  0.12627438  0.8017315 ]
 [-0.09538168  0.9702959  -0.22232488]]"
20200222-125531.681294,70,[1.3065181  0.6596721  0.54353535],"[[ 0.65207934  0.41162214 -0.10550991]
 [ 0.4144496  -0.7438975  -0.52336025]
 [ 0.2450219  -0.4579596   0.8340685 ]
 [-0.5856518  -0.2597241  -0.13889177]]","[[ 0.80306214  0.19312984  0.5637303 ]
 [-0.58798945  0.10323273  0.80225384]
 [-0.09674374  0.97572726 -0.19646063]]"
20200222-125531.681294,71,[1.3115356 0.6575291 0.5450685],"[[ 0.65142155  0.41232973 -0.09692127]
 [ 0.41607445 -0.7314554  -0.5391357 ]
 [ 0.24327868 -0.4772816   0.8232915 ]
 [-0.5859586  -0.25915122 -0.1487613 ]]","[[ 0.80355686  0.17708911  0.56827444]
 [-0.5875368   0.08299912  0.8049297 ]
 [-0.09537798  0.9806888  -0.17074087]]"
20200222-125531.681294,72,[1.3138465  0.65611625 0.5460284 ],"[[ 0.6501277   0.41288388 -0.08699146]
 [ 0.4190336  -0.7190782  -0.5531162 ]
 [ 0.23917243 -0.49583638  0.8129631 ]
 [-0.58697665 -0.25806978 -0.1599577 ]]","[[ 0.8005508   0.164307    0.5763002 ]
 [-0.5914929   0.06226726  0.80390257]
 [-0.09620215  0.9844421  -0.14703451]]"
20200222-125531.681294,73,[1.3163348  0.65487015 0.54689133],"[[ 0.6488382   0.41324094 -0.077034  ]
 [ 0.42197213 -0.7062272  -0.5670533 ]
 [ 0.23514311 -0.51443547  0.8019915 ]
 [-0.5879252  -0.25657627 -0.17124707]]","[[ 0.7975887   0.15103008  0.5839881 ]
 [-0.59534794  0.04138006  0.8024018 ]
 [-0.09702134  0.98766273 -0.1229197 ]]"
20200222-125531.681294,74,[1.319134   0.65393525 0.5490372 ],"[[ 0.64767337  0.41300943 -0.06914189]
 [ 0.4243955  -0.69582444 -0.5778053 ]
 [ 0.23154372 -0.5292182   0.7929143 ]
 [-0.58889323 -0.25530368 -0.18068634]]","[[ 0.79510945  0.1394329   0.59022   ]
 [-0.5985754   0.02394458  0.80070865]
 [-0.09751255  0.9899421  -0.10249966]]"
20200222-125531.681294,75,[1.3218309  0.6537335  0.55104023],"[[ 0.646725    0.4121659  -0.06287257]
 [ 0.4264716  -0.6878944  -0.58553225]
 [ 0.22750995 -0.5407631   0.78575915]
 [-0.5900071  -0.25396022 -0.18916053]]","[[ 0.79253346  0.13039503  0.5957249 ]
 [-0.601957    0.01082378  0.79845536]
 [-0.09766659  0.991403   -0.08707038]]"
20200222-125531.681294,76,[1.3253407  0.65233433 0.55230707],"[[ 0.64572585  0.41211396 -0.05139146]
 [ 0.42866036 -0.6710577  -0.6029561 ]
 [ 0.22451198 -0.5631058   0.77033675]
 [-0.5906631  -0.2505103  -0.2009578 ]]","[[ 0.79106206  0.1114011   0.601507  ]
 [-0.60391283 -0.01453506  0.7969178 ]
 [-0.09752046  0.99366915 -0.05577841]]"
20200222-125531.681294,77,[1.3295941 0.6523255 0.5523926],"[[ 0.6452224   0.4113192  -0.04367807]
 [ 0.43024406 -0.65941226 -0.614323  ]
 [ 0.2212394  -0.57858145  0.7591728 ]
 [-0.5912961  -0.24745788 -0.21060866]]","[[ 0.79017913  0.0982265   0.6049534 ]
 [-0.60524887 -0.03017241  0.79546434]
 [-0.09638856  0.9947066  -0.03560987]]"
20200222-125531.681294,78,[1.3341999  0.6518791  0.55398554],"[[ 0.6446556   0.41051418 -0.03549616]
 [ 0.43161073 -0.6463164  -0.62690055]
 [ 0.21873288 -0.59510964  0.7465729 ]
 [-0.5918507  -0.2441271  -0.21991985]]","[[ 0.78987026  0.0826856   0.60767436]
 [-0.6058384  -0.04862637  0.7941003 ]
 [-0.09520966  0.9953886  -0.01168559]]"
20200222-125531.681294,79,[1.3396187 0.6521191 0.5545982],"[[ 0.6444085   0.4094902  -0.02918092]
 [ 0.4325971  -0.63561803 -0.636826  ]
 [ 0.21630727 -0.6084856   0.7359108 ]
 [-0.59229094 -0.24094135 -0.22811528]]","[[ 0.79025745  0.06989483  0.60877556]
 [-0.60563326 -0.06214492  0.79331356]
 [-0.09328082  0.99561673  0.00677986]]"
20200222-125531.681294,80,[1.3438188 0.6513795 0.5569199],"[[ 0.64354897  0.40851715 -0.01825845]
 [ 0.4343035  -0.6181969  -0.6523842 ]
 [ 0.21364845 -0.62870675  0.71913856]
 [-0.5929412  -0.23595329 -0.2385398 ]]","[[ 0.7892079   0.0502363   0.6120682 ]
 [-0.6070702  -0.08682983  0.7898902 ]
 [-0.09282692  0.9949558   0.03802982]]"
20200222-125531.681294,81,[1.3466347  0.65131253 0.55687785],"[[ 0.6424828   0.40703523 -0.00713852]
 [ 0.43676168 -0.60110813 -0.6663173 ]
 [ 0.20939527 -0.64805406  0.7024322 ]
 [-0.5938086  -0.2302549  -0.25011817]]","[[ 0.78630495  0.03281157  0.61696666]
 [-0.6107615  -0.10942998  0.7842164 ]
 [-0.09324603  0.9934528   0.0660053 ]]"
20200222-125531.681294,82,[1.3512396  0.65182394 0.55816054],"[[ 0.64205265  0.4054563  -0.0009968 ]
 [ 0.43788344 -0.5904299  -0.6748332 ]
 [ 0.20653212 -0.6601247   0.69142014]
 [-0.5944503  -0.22634715 -0.2579489 ]]","[[ 0.78583235  0.02046654  0.61810094]
 [-0.61157626 -0.12277041  0.7816022 ]
 [-0.09188119  0.9922239   0.08396011]]"
20200222-125531.681294,83,[1.3550289 0.6516463 0.558515 ],"[[ 0.6410192   0.40372816  0.01141551]
 [ 0.44002578 -0.5688322  -0.6914873 ]
 [ 0.20356882 -0.6822149   0.66999537]
 [-0.5950054  -0.21912578 -0.26985377]]","[[ 0.7843187  -0.00160722  0.62035614]
 [-0.61352664 -0.1500075   0.7752954 ]
 [-0.09181201  0.9886835   0.11863976]]"
20200222-125531.681294,84,[1.3598319 0.6520315 0.5595179],"[[ 0.6404221   0.40187132  0.02020601]
 [ 0.44135973 -0.5526272  -0.703408  ]
 [ 0.20106865 -0.698324    0.65344083]
 [-0.5955099  -0.21318062 -0.2789694 ]]","[[ 0.7839672  -0.01885499  0.62051576]
 [-0.6141422  -0.16957334  0.770762  ]
 [-0.09069025  0.98533714  0.1445196 ]]"
20200222-125531.681294,85,[1.3635689  0.65288377 0.55831146],"[[ 0.6398015   0.39956766  0.02766178]
 [ 0.4431962  -0.5404286  -0.71145797]
 [ 0.19676419 -0.7107892   0.64050364]
 [-0.5962509  -0.20751293 -0.2877803 ]]","[[ 0.7817936  -0.03141973  0.62274534]
 [-0.6169907  -0.18332538  0.76531976]
 [-0.09011889  0.98255014  0.1627083 ]]"
20200222-125531.681294,86,[1.3667797 0.6534742 0.5593425],"[[ 0.63886946  0.39692008  0.03715881]
 [ 0.44509247 -0.52405834 -0.7222144 ]
 [ 0.19284786 -0.7263592   0.62344027]
 [-0.59711665 -0.20054884 -0.29723403]]","[[ 0.77930117 -0.04846121  0.6247731 ]
 [-0.6201238  -0.20315117  0.75774413]
 [-0.09020216  0.9779475   0.18836786]]"
20200222-125531.681294,87,[1.3705149 0.6542212 0.5593224],"[[ 0.63824207  0.39405566  0.04615003]
 [ 0.44660226 -0.50743794 -0.73281336]
 [ 0.18926404 -0.74156344  0.60578346]
 [-0.59780645 -0.19315834 -0.3064004 ]]","[[ 0.77774805 -0.06576091  0.6251268 ]
 [-0.6221767  -0.22208804  0.75071514]
 [-0.08946548  0.97280645  0.21364345]]"
20200222-125531.681294,88,[1.3756788 0.6551011 0.5583397],"[[ 0.63778996  0.39143333  0.05424643]
 [ 0.44800216 -0.4919483  -0.7422109 ]
 [ 0.18620914 -0.75506496  0.5892449 ]
 [-0.5982004  -0.18612754 -0.3145959 ]]","[[ 0.7770926  -0.08165026  0.6240676 ]
 [-0.6231736  -0.23879147  0.744737  ]
 [-0.08821407  0.96763206  0.2364454 ]]"
20200222-125531.681294,89,[1.379467  0.6560854 0.558163 ],"[[ 0.63716805  0.38825127  0.06245624]
 [ 0.4494547  -0.47600147 -0.7514109 ]
 [ 0.18261173 -0.7686406   0.5719239 ]
 [-0.5988827  -0.17853668 -0.32308507]]","[[ 0.7755341  -0.09815583  0.6236285 ]
 [-0.62521917 -0.25626105  0.73717797]
 [-0.08745337  0.96161115  0.26010805]]"
20200222-125531.681294,90,[1.3849287 0.6570728 0.5582532],"[[ 0.63660294  0.38497168  0.07261672]
 [ 0.45071813 -0.45523193 -0.76318103]
 [ 0.18026036 -0.7847509   0.5499294 ]
 [-0.5992461  -0.16949055 -0.3314512 ]]","[[ 0.7753461  -0.11882199  0.62025785]
 [-0.6256185  -0.27865276  0.728666  ]
 [-0.08625502  0.9530131   0.29038954]]"
20200222-125531.681294,91,[1.3892168 0.6582873 0.5579428],"[[ 0.6359692   0.38164908  0.08005933]
 [ 0.45219615 -0.44053724 -0.7706652 ]
 [ 0.17666434 -0.7962639   0.53368306]
 [-0.5998763  -0.16197266 -0.3388927 ]]","[[ 0.7737474  -0.1339436   0.6191722 ]
 [-0.6276915  -0.29408807  0.7207743 ]
 [-0.08554806  0.94634634  0.31162515]]"
20200222-125531.681294,92,[1.3926874  0.6596004  0.55835193],"[[ 0.6352089   0.3778611   0.08782136]
 [ 0.45378032 -0.42535153 -0.778012  ]
 [ 0.17255244 -0.8078601   0.5166766 ]
 [-0.60068184 -0.15381461 -0.3464527 ]]","[[ 0.77127254 -0.14976494  0.618635  ]
 [-0.63075906 -0.3101384   0.71130675]
 [-0.08533364  0.93882096  0.33366683]]"
20200222-125531.681294,93,[1.3970107  0.6610247  0.55827826],"[[ 0.6347114   0.3749024   0.0922131 ]
 [ 0.45503616 -0.41658515 -0.78180444]
 [ 0.16865338 -0.8148529   0.5061259 ]
 [-0.60136503 -0.14805348 -0.35229978]]","[[ 0.7695621  -0.15966646  0.61828864]
 [-0.63296616 -0.31874362  0.7055185 ]
 [-0.08442792  0.93429613  0.34635636]]"
20200222-125531.681294,94,[1.4006267  0.6625182  0.55857444],"[[ 0.63390493  0.37106922  0.09929261]
 [ 0.4566407  -0.4021978  -0.7881596 ]
 [ 0.16460831 -0.82520056  0.4897348 ]
 [-0.60211957 -0.13995904 -0.35931262]]","[[ 0.7670695  -0.17465211  0.6173337 ]
 [-0.63600343 -0.33342013  0.69593865]
 [-0.08428434  0.92645967  0.36683577]]"
20200222-125531.681294,95,[1.4078006 0.6640421 0.5576434],"[[ 0.6339452   0.36905047  0.10283726]
 [ 0.4569818  -0.38995388 -0.7937134 ]
 [ 0.16404313 -0.83287996  0.4759831 ]
 [-0.6019725  -0.13434556 -0.3645312 ]]","[[ 0.7699235  -0.18629232  0.61033845]
 [-0.6329489  -0.3446428   0.6932511 ]
 [-0.0812014   0.92006344  0.38326207]]"
20200222-125531.681294,96,[1.4114914  0.66578287 0.5573698 ],"[[ 0.6330476   0.36454654  0.1112257 ]
 [ 0.45867553 -0.3718456  -0.801149  ]
 [ 0.16022457 -0.84457463  0.45559308]
 [-0.60265696 -0.12461943 -0.37178522]]","[[ 0.76754177 -0.20437023  0.6075461 ]
 [-0.63583755 -0.3627816   0.6812489 ]
 [-0.0811796   0.9091876   0.4083963 ]]"
20200222-125531.681294,97,[1.418704  0.6673431 0.556885 ],"[[ 0.633076    0.36327317  0.11217326]
 [ 0.45900652 -0.36509085 -0.8036852 ]
 [ 0.15946326 -0.8485862   0.44740415]
 [-0.6025775  -0.12100986 -0.37594834]]","[[ 0.77018756 -0.21090394  0.60193944]
 [-0.633013   -0.3683786   0.6808761 ]
 [-0.07814214  0.90543765  0.41722545]]"
20200222-125531.681294,98,[1.423122   0.6689731  0.55668586],"[[ 0.6325888   0.3603656   0.11524154]
 [ 0.4601659  -0.35866088 -0.80572104]
 [ 0.15548463 -0.85330397  0.43891206]
 [-0.6032438  -0.11563469 -0.38064325]]","[[ 0.7684066  -0.21884234  0.6013812 ]
 [-0.6352866  -0.37422773  0.67554766]
 [-0.07721505  0.9011447   0.4265867 ]]"
20200222-125531.681294,99,[1.4268531  0.67102677 0.55415046],"[[ 0.63155496  0.3558719   0.12258715]
 [ 0.462225   -0.34182486 -0.8115401 ]
 [ 0.15158024 -0.8632719   0.41956386]
 [-0.6037468  -0.10617417 -0.38773873]]","[[ 0.76579565 -0.23559915  0.598373  ]
 [-0.63839984 -0.39061502  0.6632238 ]
 [-0.0774785   0.8898951   0.44953772]]"
20200222-125531.681294,100,[1.4311011 0.6728796 0.5533611],"[[ 0.6309112   0.35268328  0.12619849]
 [ 0.46357194 -0.33256853 -0.81433433]
 [ 0.14803253 -0.8689409   0.40801573]
 [-0.6042668  -0.09977241 -0.3930098 ]]","[[ 0.7641814  -0.24577293  0.5963409 ]
 [-0.64041483 -0.39917848  0.6561444 ]
 [-0.07678396  0.88331896  0.46244133]]"
20200222-125531.681294,101,[1.4379847 0.67481   0.5530845],"[[ 0.6307887   0.3504852   0.12913266]
 [ 0.4640526  -0.32225758 -0.8178734 ]
 [ 0.14691636 -0.87432224  0.39598152]
 [-0.60429853 -0.09418304 -0.3969968 ]]","[[ 0.76606417 -0.2555156   0.5897945 ]
 [-0.63845885 -0.4085185   0.65229064]
 [-0.07427156  0.8762559   0.47608757]]"
20200222-125531.681294,102,[1.4415599  0.67668927 0.5516364 ],"[[ 0.630037    0.34710813  0.13213435]
 [ 0.46561787 -0.31578904 -0.8192837 ]
 [ 0.14227629 -0.87864405  0.38699788]
 [-0.6049885  -0.08819385 -0.40192986]]","[[ 0.76313454 -0.2640538   0.5898316 ]
 [-0.6419784  -0.41440332  0.6450843 ]
 [-0.07409122  0.87094516  0.4857623 ]]"
20200222-125531.681294,103,[1.445765   0.67846406 0.55132014],"[[ 0.6295501   0.34443957  0.13363828]
 [ 0.4666607  -0.31141636 -0.8201107 ]
 [ 0.13833307 -0.88172555  0.3802388 ]
 [-0.60560614 -0.08331423 -0.4061747 ]]","[[ 0.7613851  -0.27042815  0.5892043 ]
 [-0.64416313 -0.41808474  0.6405149 ]
 [-0.0731241   0.8672219   0.4925232 ]]"
20200222-125531.681294,104,[1.4521438  0.68039364 0.5503999 ],"[[ 0.6292639   0.34224546  0.13588451]
 [ 0.46747118 -0.30410743 -0.8221177 ]
 [ 0.13626407 -0.8855762   0.37109637]
 [-0.605747   -0.0783678  -0.4098113 ]]","[[ 0.7619832  -0.27815682  0.5848165 ]
 [-0.6436656  -0.4246546   0.63668126]
 [-0.07124783  0.86156666  0.5026196 ]]"
20200222-125531.681294,105,[1.457045  0.6826552 0.5488503],"[[ 0.62865436  0.33876726  0.13976695]
 [ 0.4687488  -0.29442337 -0.82467955]
 [ 0.13281336 -0.89075136  0.35898647]
 [-0.6061591  -0.07151055 -0.41412285]]","[[ 0.7604797  -0.28899372  0.58150965]
 [-0.6455243  -0.43365943  0.6286796 ]
 [-0.07049268  0.8534766   0.5163415 ]]"
20200222-125531.681294,106,[1.4618683  0.68473095 0.5459784 ],"[[ 0.6280101   0.33598053  0.14183307]
 [ 0.47022292 -0.28912595 -0.82546026]
 [ 0.12901771 -0.89393014  0.35137582]
 [-0.60650474 -0.06642537 -0.4183709 ]]","[[ 0.7586569  -0.29633042  0.58019656]
 [-0.64773476 -0.43857437  0.6229706 ]
 [-0.06985426  0.8484343   0.524671  ]]"
20200222-125531.681294,107,[1.4673276  0.6866385  0.54634184],"[[ 0.62766623  0.33376962  0.14309515]
 [ 0.4709505  -0.2843851  -0.82644075]
 [ 0.12612493 -0.8966056   0.34447715]
 [-0.60690504 -0.06182149 -0.42172915]]","[[ 0.75819105 -0.30238807  0.57767475]
 [-0.6484411  -0.44254726  0.61941624]
 [-0.0683443   0.8442238   0.53161615]]"
20200222-125531.681294,108,[1.4722326 0.6887414 0.5434919],"[[ 0.62703526  0.33113036  0.14472386]
 [ 0.47235948 -0.28005368 -0.8268653 ]
 [ 0.12233087 -0.8992577   0.33782217]
 [-0.6072382  -0.05708233 -0.42570522]]","[[ 0.75637853 -0.30903834  0.57653   ]
 [-0.65062386 -0.44661096  0.6141883 ]
 [-0.06767686  0.83966297  0.5388746 ]]"
20200222-125531.681294,109,[1.4785979  0.69018567 0.541887  ],"[[ 0.62685275  0.33024928  0.14365147]
 [ 0.47313592 -0.2812003  -0.8257716 ]
 [ 0.11963178 -0.8993322   0.3373272 ]
 [-0.60736024 -0.05534923 -0.428574  ]]","[[ 0.7565542  -0.3099417   0.5758143 ]
 [-0.650622   -0.44524023  0.6151849 ]
 [-0.06570422  0.84005797  0.5385033 ]]"
20200222-125531.681294,110,[1.4840418 0.6918065 0.5409409],"[[ 0.6265329   0.3286781   0.14332157]
 [ 0.47396764 -0.28067365 -0.8252129 ]
 [ 0.11633446 -0.9002493   0.33473033]
 [-0.60768217 -0.05238367 -0.4317848 ]]","[[ 0.7557845  -0.3127686   0.5752964 ]
 [-0.65166515 -0.44539908  0.61396444]
 [-0.06420765  0.83892524  0.54044604]]"
20200222-125531.681294,111,[1.4896113  0.69374883 0.5413561 ],"[[ 0.62617075  0.32656774  0.14433998]
 [ 0.4746339  -0.27663746 -0.82595766]
 [ 0.11342333 -0.9025091   0.328519  ]
 [-0.60808545 -0.04798666 -0.43478146]]","[[ 0.75528944 -0.31831744  0.5728979 ]
 [-0.6523846  -0.4487912   0.6107216 ]
 [-0.06270817  0.8350214   0.5466326 ]]"
20200222-125531.681294,112,[1.4956586  0.69566447 0.5398894 ],"[[ 0.6257908   0.32455456  0.1452894 ]
 [ 0.4755448  -0.27378458 -0.8261808 ]
 [ 0.11034286 -0.90429777  0.3236618 ]
 [-0.608332   -0.04418048 -0.43767473]]","[[ 0.7546263  -0.3232034   0.57103324]
 [-0.6532837  -0.4514068   0.607826  ]
 [-0.06131678  0.8317281   0.551787  ]]"
20200222-125531.681294,113,[1.5007424 0.6978285 0.536944 ],"[[ 0.6252102   0.3221437   0.14616014]
 [ 0.47677255 -0.27094385 -0.82614905]
 [ 0.106527   -0.90621096  0.31841108]
 [-0.6086478  -0.03993598 -0.44128135]]","[[ 0.75285786 -0.32887325  0.5701295 ]
 [-0.6553944  -0.4542426   0.6034253 ]
 [-0.06052658  0.82795304  0.55752164]]"
20200222-125531.681294,114,[1.5063354 0.6994297 0.5360675],"[[ 0.62488866  0.3207096   0.14560309]
 [ 0.47754097 -0.27098334 -0.82543683]
 [ 0.10326432 -0.90682477  0.31637138]
 [-0.6089379  -0.03718024 -0.44425598]]","[[ 0.7521035  -0.33126253  0.56974167]
 [-0.6563964  -0.45394683  0.602558  ]
 [-0.05902756  0.82716227  0.5588546 ]]"
20200222-125531.681294,115,[1.5120496  0.7017413  0.53400517],"[[ 0.62441     0.3185482   0.14664946]
 [ 0.47853345 -0.26641262 -0.82604647]
 [ 0.10050918 -0.9091083   0.3095859 ]
 [-0.6091105  -0.03276318 -0.44754633]]","[[ 0.7516097  -0.3376187   0.5666537 ]
 [-0.657074   -0.45846328  0.5983855 ]
 [-0.05776376  0.82208574  0.5664259 ]]"
20200222-125531.681294,116,[1.5162479 0.7041211 0.5339532],"[[ 0.6237098   0.3153427   0.14851302]
 [ 0.47947475 -0.26147708 -0.8268987 ]
 [ 0.09621016 -0.91184634  0.3017854 ]
 [-0.60978186 -0.02692478 -0.45067468]]","[[ 0.7489871  -0.34541422  0.5654268 ]
 [-0.66009665 -0.4628747   0.5916243 ]
 [-0.0573663   0.81635535  0.5746939 ]]"
20200222-125531.681294,117,[1.523129   0.70664144 0.53235424],"[[ 0.62338716  0.313529    0.14965586]
 [ 0.4802285  -0.25607577 -0.8278531 ]
 [ 0.09442657 -0.91411686  0.29449782]
