Timestamp,Epoch,s,u,v
20200222-160601.131187,0,[2.611091   1.5851928  0.39451468],"[[ 0.18344957  0.02623032 -0.94161445]
 [-0.59937036  0.75545007 -0.01687498]
 [ 0.644444    0.6515268   0.02443498]
 [ 0.43794242  0.06418647  0.33538067]]","[[-0.36184838  0.6922913  -0.6243386 ]
 [-0.21764857  0.5884764   0.7786685 ]
 [ 0.90647393  0.41764638 -0.06226304]]"
20200222-160601.131187,1,[2.6142042  1.5740882  0.39547148],"[[ 0.17988811  0.02140844 -0.9423822 ]
 [-0.60533196  0.748853   -0.01820234]
 [ 0.6403598   0.65947205  0.01985834]
 [ 0.4372101   0.06210738  0.3334516 ]]","[[-0.3678619   0.6885476  -0.62496394]
 [-0.22158402  0.58782125  0.7780533 ]
 [ 0.9030937   0.42469817 -0.0636659 ]]"
20200222-160601.131187,2,[2.615378   1.5683671  0.39644223],"[[ 0.17630139  0.01775008 -0.9431273 ]
 [-0.6115608   0.7421612  -0.01876689]
 [ 0.63602525  0.6672581   0.0159531 ]
 [ 0.4363291   0.06040049  0.33151793]]","[[-0.37446988  0.6845585  -0.62542146]
 [-0.2261069   0.5867223   0.7775813 ]
 [ 0.8992486   0.43259287 -0.06492642]]"
20200222-160601.131187,3,[2.6162026  1.5583216  0.39736876],"[[ 0.17215624  0.01259355 -0.94387573]
 [-0.62063825  0.732645   -0.02029895]
 [ 0.62921184  0.6778606   0.0103996 ]
 [ 0.43504342  0.05981322  0.32951263]]","[[-0.38401926  0.6784922  -0.62624085]
 [-0.2330748   0.58504695  0.7767859 ]
 [ 0.89342326  0.4442617  -0.06652988]]"
20200222-160601.131187,4,[2.6207707  1.5548956  0.39829135],"[[ 0.16933474  0.00967639 -0.9444543 ]
 [-0.6237103   0.7283986  -0.02005393]
 [ 0.6271463   0.6827683   0.00773834]
 [ 0.43473968  0.05629896  0.32793906]]","[[-0.38722908  0.6764708  -0.6264512 ]
 [-0.23476063  0.58472216  0.7765229 ]
 [ 0.89159477  0.44775823 -0.0676127 ]]"
20200222-160601.131187,5,[2.621833   1.5530603  0.39919457],"[[ 0.16565545  0.00531477 -0.94506776]
 [-0.6297203   0.7216826  -0.02085404]
 [ 0.62262756  0.68999773  0.00298445]
 [ 0.43398857  0.05522297  0.32619554]]","[[-0.39390624  0.6719915  -0.6271088 ]
 [-0.23933505  0.58374685  0.7758599 ]
 [ 0.887444    0.45570508 -0.06911031]]"
20200222-160601.131187,6,[2.6260715  1.5453635  0.40005884],"[[ 1.6229528e-01 -4.4676181e-04 -9.4557685e-01]
 [-6.3459867e-01  7.1544474e-01 -2.2337195e-02]
 [ 6.1886871e-01  6.9666034e-01 -2.3360304e-03]
 [ 4.3352756e-01  5.2941505e-02  3.2462335e-01]]","[[-0.39904284  0.668181   -0.6279323 ]
 [-0.24258588  0.58348596  0.77504605]
 [ 0.8842605   0.46160412 -0.07074462]]"
20200222-160601.131187,7,[2.6275249  1.5460331  0.40090883],"[[ 0.15861835 -0.00547849 -0.9460732 ]
 [-0.64059216  0.70851076 -0.02340245]
 [ 0.614144    0.7037569  -0.00769489]
 [ 0.43279257  0.05205083  0.3230158 ]]","[[-0.40579185  0.66333526 -0.62874436]
 [-0.2472592   0.5826011   0.7742345 ]
 [ 0.879884    0.46964085 -0.07239904]]"
20200222-160601.131187,8,[2.6330347 1.5406469 0.4017896],"[[ 0.15608053 -0.00925366 -0.9464864 ]
 [-0.6419738   0.70560217 -0.0235502 ]
 [ 0.6132387   0.7068973  -0.0108785 ]
 [ 0.4329513   0.04833267  0.3217002 ]]","[[-0.40728578  0.66211    -0.62906986]
 [-0.24747542  0.5830104   0.77385724]
 [ 0.8791327   0.47086033 -0.07359587]]"
20200222-160601.131187,9,[2.6379766  1.5310005  0.40263405],"[[ 0.15301923 -0.0144019  -0.946867  ]
 [-0.6457903   0.7001983  -0.02447231]
 [ 0.6101364   0.71234083 -0.01562031]
 [ 0.43275118  0.04566142  0.32031208]]","[[-0.41134757  0.6589799  -0.6297133 ]
 [-0.2498447   0.5828898   0.7731864 ]
 [ 0.8765677   0.47537878 -0.07512771]]"
20200222-160601.131187,10,[2.6414504 1.5284946 0.4034342],"[[ 0.14977746 -0.01919805 -0.9472118 ]
 [-0.6509049   0.6936784  -0.02519745]
 [ 0.6058599   0.71868974 -0.02045885]
 [ 0.43223062  0.04388607  0.31896165]]","[[-0.4170286   0.65473455 -0.63040435]
 [-0.2536827   0.5821824   0.7724692 ]
 [ 0.8727727   0.48206434 -0.07669193]]"
20200222-160601.131187,11,[2.6473942  1.5183834  0.40427104],"[[ 0.14693613 -0.0231529  -0.9475592 ]
 [-0.65461737  0.6881214  -0.02519715]
 [ 0.6026946   0.7241006  -0.02406984]
 [ 0.43202415  0.04038375  0.3176743 ]]","[[-0.42094392  0.6518601  -0.6307808 ]
 [-0.2560106   0.5817447   0.7720308 ]
 [ 0.8702096   0.48646832 -0.07799879]]"
20200222-160601.131187,12,[2.6537437  1.5060371  0.40510514],"[[ 0.14426556 -0.02792098 -0.94782937]
 [-0.65707916  0.6837155  -0.0257145 ]
 [ 0.6005912   0.7282877  -0.02816694]
 [ 0.4321165   0.0367493   0.31648785]]","[[-0.42352712  0.6496929  -0.6312875 ]
 [-0.2571646   0.5819754   0.7714732 ]
 [ 0.8686146   0.48908466 -0.07940436]]"
20200222-160601.131187,13,[2.6571605  1.5019593  0.40594125],"[[ 0.1412146  -0.03182537 -0.9481384 ]
 [-0.66096425  0.6783431  -0.02574503]
 [ 0.59723884  0.7332405  -0.03220082]
 [ 0.43184564  0.03458431  0.31517252]]","[[-0.42798448  0.64633167 -0.6317314 ]
 [-0.2599759   0.5813996   0.7709648 ]
 [ 0.86558735  0.49419597 -0.08079933]]"
20200222-160601.131187,14,[2.6578372 1.5080588 0.4067247],"[[ 0.13773623 -0.03578113 -0.94840646]
 [-0.66670567  0.6714633  -0.02582996]
 [ 0.59214634  0.7393794  -0.03698557]
 [ 0.431155    0.03427065  0.3138311 ]]","[[-0.43480074  0.6411772  -0.63232905]
 [-0.26488203  0.58005387  0.7703083 ]
 [ 0.86068904  0.5024233  -0.08237159]]"
20200222-160601.131187,15,[2.6631331  1.5004627  0.40754116],"[[ 0.13506988 -0.0393492  -0.94865626]
 [-0.6697649   0.66658705 -0.02558883]
 [ 0.5893497   0.7437339  -0.0403758 ]
 [ 0.4310899   0.03120521  0.31267682]]","[[-0.4382558   0.6385076  -0.63264537]
 [-0.26688576  0.5796605   0.7699129 ]
 [ 0.85831475  0.5062628  -0.08363098]]"
20200222-160601.131187,16,[2.671466  1.5005014 0.4082472],"[[ 0.13300401 -0.04551377 -0.9485947 ]
 [-0.6672721   0.6671959  -0.02693862]
 [ 0.59187084  0.7430152  -0.04508123]
 [ 0.4321418   0.02657856  0.31210536]]","[[-0.4356982   0.639436   -0.6334735 ]
 [-0.26350784  0.58233654  0.7690564 ]
 [ 0.86065716  0.50200176 -0.0852266 ]]"
20200222-160601.131187,17,[2.6754086  1.4967394  0.40903068],"[[ 0.13008529 -0.04941913 -0.9487651 ]
 [-0.67066747  0.6622028  -0.02683978]
 [ 0.5887682   0.7472934  -0.0491349 ]
 [ 0.43201306  0.02445299  0.31098318]]","[[-0.43970734  0.63624847 -0.63391274]
 [-0.26596424  0.5819077   0.7685353 ]
 [ 0.85785806  0.5065287  -0.08664972]]"
20200222-160601.131187,18,[2.681587  1.4932854 0.4098276],"[[ 0.12777402 -0.05291389 -0.94890714]
 [-0.67092997  0.66028243 -0.02660676]
 [ 0.58863074  0.7488645  -0.05216713]
 [ 0.43248186  0.02071693  0.31007445]]","[[-0.44020492  0.63561106 -0.63420695]
 [-0.2653461   0.5826891   0.7681567 ]
 [ 0.8577943   0.5064308  -0.08784577]]"
20200222-160601.131187,19,[2.6857083 1.489729  0.4105959],"[[ 0.12490647 -0.05679074 -0.9490249 ]
 [-0.67413634  0.65544426 -0.02644664]
 [ 0.585632    0.7528757  -0.05619844]
 [ 0.4324048   0.01860345  0.30902115]]","[[-0.44403914  0.6325043  -0.63463974]
 [-0.26766402  0.5823172   0.7676345 ]
 [ 0.8550936   0.5107301  -0.08927298]]"
20200222-160601.131187,20,[2.689168   1.4918058  0.41131458],"[[ 0.12171045 -0.06037977 -0.9491255 ]
 [-0.67898804  0.6490285  -0.02595102]
 [ 0.58097184  0.7581625  -0.06048083]
 [ 0.43201172  0.0175007   0.3079443 ]]","[[-0.44978863  0.6279917  -0.6350724 ]
 [-0.2716681   0.58116907  0.7670979 ]
 [ 0.8508154   0.5175608  -0.09079795]]"
20200222-160601.131187,21,[2.6940353  1.4921048  0.41207787],"[[ 0.1191763  -0.06409995 -0.9491812 ]
 [-0.6795016   0.647091   -0.0257945 ]
 [ 0.5805852   0.75957173 -0.06405574]
 [ 0.43242976  0.01466739  0.30706093]]","[[-0.45074722  0.6269256  -0.6354457 ]
 [-0.27142575  0.58189905  0.76663   ]
 [ 0.85038525  0.5180327  -0.09212561]]"
20200222-160601.131187,22,[2.7004724 1.4912602 0.4127969],"[[ 0.11687257 -0.06815955 -0.94915324]
 [-0.67994654  0.64492846 -0.02582902]
 [ 0.5801887   0.7611137  -0.06766291]
 [ 0.432891    0.01130391  0.30637032]]","[[-0.45150143  0.62593067 -0.63589096]
 [-0.27105623  0.5827697   0.7660993 ]
 [ 0.850103    0.5182571  -0.0934589 ]]"
20200222-160601.131187,23,[2.7050147  1.4879452  0.41353136],"[[ 0.11409945 -0.07193179 -0.94917077]
 [-0.6827675   0.6404295  -0.02551418]
 [ 0.5774094   0.7645855  -0.07161116]
 [ 0.43290684  0.00922372  0.30544356]]","[[-0.45496887  0.6230065  -0.6362909 ]
 [-0.27308154  0.58249086  0.76559186]
 [ 0.84760237  0.5220798  -0.09488358]]"
20200222-160601.131187,24,[2.7110093  1.4860286  0.41415492],"[[ 0.11117677 -0.07671669 -0.94901615]
 [-0.686334    0.6349147  -0.02554487]
 [ 0.5737615   0.7687278  -0.07656482]
 [ 0.43287757  0.00745297  0.30471915]]","[[-0.45921853  0.6192309  -0.63692343]
 [-0.27575788  0.58220345  0.7648509 ]
 [ 0.8444382   0.52687037 -0.09660077]]"
20200222-160601.131187,25,[2.7185962 1.4754363 0.414857 ],"[[ 0.10883322 -0.08124133 -0.9488917 ]
 [-0.6871629   0.6319799  -0.02561308]
 [ 0.5728495   0.77070576 -0.08049311]
 [ 0.43336606  0.00373005  0.3040872 ]]","[[-0.4603233   0.6178896  -0.6374284 ]
 [-0.27568     0.5830335   0.7642463 ]
 [ 0.8438619   0.5275266  -0.09804413]]"
20200222-160601.131187,26,[2.724899  1.4691715 0.4155775],"[[ 1.0640836e-01 -8.4615327e-02 -9.4886857e-01]
 [-6.8911976e-01  6.2810737e-01 -2.5048563e-02]
 [ 5.7077926e-01  7.7351183e-01 -8.3765790e-02]
 [ 4.3359199e-01  7.8546820e-04  3.0332181e-01]]","[[-0.46277863  0.61573994 -0.6377307 ]
 [-0.27687043  0.58301723  0.7638282 ]
 [ 0.8421275   0.5300522  -0.09932776]]"
20200222-160601.131187,27,[2.7311668  1.4593813  0.41626647],"[[ 0.10376272 -0.08823207 -0.9488073 ]
 [-0.69315183  0.62179345 -0.02436978]
 [ 0.56646484  0.7781937  -0.08750636]
 [ 0.43346408 -0.00153838  0.30251187]]","[[-0.46752048  0.6117702  -0.63809216]
 [-0.28014866  0.58209056  0.76333946]
 [ 0.8384158   0.5356376  -0.10075271]]"
20200222-160601.131187,28,[2.7369497  1.4531435  0.41688934],"[[ 0.10093908 -0.09239965 -0.9486323 ]
 [-0.69777375  0.6149306  -0.02390305]
 [ 0.5614604   0.7831437  -0.09200422]
 [ 0.4332266  -0.00298916  0.30176336]]","[[-0.47300628  0.60701257 -0.63859296]
 [-0.28407934  0.58101857  0.7627033 ]
 [ 0.8340048   0.5421746  -0.10238572]]"
20200222-160601.131187,29,[2.742381   1.4565115  0.41759446],"[[ 0.09841302 -0.09513459 -0.94859886]
 [-0.6987772   0.61248356 -0.02296773]
 [ 0.56037754  0.7847181  -0.09496456]
 [ 0.43359262 -0.00550341  0.30102238]]","[[-0.4745974   0.6055672  -0.63878465]
 [-0.2844604   0.58125883  0.76237816]
 [ 0.8329703   0.54353166 -0.10360404]]"
20200222-160601.131187,30,[2.7473686  1.4541327  0.41823328],"[[ 0.09555186 -0.09813916 -0.9485196 ]
 [-0.7043797   0.604705   -0.02180122]
 [ 0.55418587  0.79035586 -0.09874438]
 [ 0.4331251  -0.00619857  0.3001421 ]]","[[-0.4812666   0.60000277 -0.63904566]
 [-0.28954458  0.57929474  0.76195914]
 [ 0.8273732   0.55173755 -0.10506764]]"
20200222-160601.131187,31,[2.754852   1.4479591  0.41879037],"[[ 0.09315433 -0.10321652 -0.9481256 ]
 [-0.7051788   0.6019321  -0.02202851]
 [ 0.5531577   0.7917975  -0.10344011]
 [ 0.43366092 -0.00900268  0.2997887 ]]","[[-0.4825683   0.5982299  -0.6397258 ]
 [-0.2896574   0.5802959   0.76115394]
 [ 0.82657516  0.5526102  -0.10675066]]"
20200222-160601.131187,32,[2.7623906  1.4477601  0.41931203],"[[ 0.09098527 -0.1085581  -0.9476215 ]
 [-0.7044063   0.60106784 -0.0226463 ]
 [ 0.5538544   0.7916997  -0.10820331]
 [ 0.43448684 -0.01199864  0.29965493]]","[[-0.48212942  0.59777415 -0.6404821 ]
 [-0.28818837  0.5821658   0.76028323]
 [ 0.8273445   0.55113435 -0.10840766]]"
20200222-160601.131187,33,[2.7681813 1.4477172 0.419877 ],"[[ 0.08843447 -0.11283678 -0.9472628 ]
 [-0.70667726  0.5969491  -0.02236534]
 [ 0.5512362   0.79418653 -0.11261323]
 [ 0.43465534 -0.0137015   0.29918435]]","[[-0.48514193  0.59476846 -0.64100546]
 [-0.28993073  0.5821744   0.7596137 ]
 [ 0.8249712   0.55436766 -0.1099956 ]]"
20200222-160601.131187,34,[2.7763934  1.4565952  0.42043814],"[[ 0.08614732 -0.11589129 -0.9469698 ]
 [-0.70613796  0.5963351  -0.02167999]
 [ 0.55174774  0.7941588  -0.11577471]
 [ 0.4353418  -0.01630155  0.29895616]]","[[-0.48500782  0.5945545  -0.6413053 ]
 [-0.28873572  0.5833366   0.75917727]
 [ 0.8254689   0.5533747  -0.11125377]]"
20200222-160601.131187,35,[2.7820697  1.4544228  0.42105103],"[[ 0.08362959 -0.11938127 -0.94670963]
 [-0.707827    0.5929809  -0.02101658]
 [ 0.5497577   0.7961085  -0.11946622]
 [ 0.43560737 -0.01826203  0.2983748 ]]","[[-0.487413    0.5922094  -0.6416517 ]
 [-0.28991258  0.58340573  0.75867563]
 [ 0.82363796  0.55581117 -0.11267056]]"
20200222-160601.131187,36,[2.7878096  1.4523054  0.42166334],"[[ 0.08112726 -0.12281611 -0.94643867]
 [-0.70945245  0.5897018  -0.02031826]
 [ 0.5478158   0.79797196 -0.12310603]
 [ 0.43588254 -0.02021823  0.29780176]]","[[-0.48975128  0.5899149  -0.6419845 ]
 [-0.29103467  0.5834866   0.7581836 ]
 [ 0.82185304  0.55816114 -0.11407764]]"
20200222-160601.131187,37,[2.7968051 1.4505893 0.4222801],"[[ 0.07895573 -0.12543865 -0.9462479 ]
 [-0.7091364   0.5882546  -0.01920669]
 [ 0.5479378   0.79852694 -0.12554853]
 [ 0.4366416  -0.02401572  0.29746202]]","[[-0.48983914  0.589636   -0.6421738 ]
 [-0.29009083  0.5843862   0.7578524 ]
 [ 0.82213444  0.5575145  -0.11520723]]"
20200222-160601.131187,38,[2.802513   1.454668   0.42282793],"[[ 0.07668586 -0.12917589 -0.9458417 ]
 [-0.7092413   0.5868575  -0.01894633]
 [ 0.54768074  0.79889345 -0.12931208]
 [ 0.43719795 -0.02609572  0.297158  ]]","[[-0.4905045   0.58862007 -0.6425976 ]
 [-0.2896922   0.58532226  0.7572822 ]
 [ 0.8218782   0.5576059  -0.11658455]]"
20200222-160601.131187,39,[2.807129  1.4557345 0.4233796],"[[ 0.0738164  -0.13226548 -0.9455448 ]
 [-0.71478415  0.5792875  -0.01757448]
 [ 0.54121137  0.8039079  -0.1334034 ]
 [ 0.4367211  -0.02577206  0.2963772 ]]","[[-0.49725556  0.58267987 -0.64282304]
 [-0.29496238  0.58324885  0.75684744]
 [ 0.8159255   0.5659552  -0.11815508]]"
20200222-160601.131187,40,[2.813191   1.4538403  0.42394298],"[[ 0.07139121 -0.13568364 -0.9451858 ]
 [-0.7161261   0.57633716 -0.01684858]
 [ 0.5394879   0.80539495 -0.13701871]
 [ 0.4370579  -0.02764868  0.2959152 ]]","[[-0.49933013  0.5805312  -0.6431587 ]
 [-0.2958762   0.5834434   0.7563406 ]
 [ 0.8143259   0.56795895 -0.11956549]]"
20200222-160601.131187,41,[2.8193002 1.4520333 0.4245014],"[[ 0.06897464 -0.13903406 -0.94482046]
 [-0.7174241   0.57344157 -0.0160784 ]
 [ 0.5377986   0.80682224 -0.14057219]
 [ 0.43739903 -0.02953206  0.29545787]]","[[-0.50136274  0.5784208  -0.6434788 ]
 [-0.2967582   0.58363646  0.75584614]
 [ 0.81275475  0.5699106  -0.12096239]]"
20200222-160601.131187,42,[2.8271873  1.4491299  0.42501467],"[[ 0.06685091 -0.1427158  -0.9443573 ]
 [-0.7185549   0.5703786  -0.01550255]
 [ 0.5361938   0.80825686 -0.14413266]
 [ 0.4378426  -0.03195961  0.295254  ]]","[[-0.5031141   0.57644254 -0.64388716]
 [-0.29745787  0.5840221   0.75527287]
 [ 0.8114156   0.5715177  -0.12236243]]"
20200222-160601.131187,43,[2.835094   1.4519067  0.42556942],"[[ 0.06481129 -0.14524376 -0.9440599 ]
 [-0.7188135   0.5685399  -0.01447007]
 [ 0.5355867   0.80899024 -0.14668597]
 [ 0.43846694 -0.03465924  0.29499984]]","[[-0.5039039   0.57555544 -0.6440627 ]
 [-0.2972573   0.58455074  0.75494283]
 [ 0.8109987   0.571871   -0.12346935]]"
20200222-160601.131187,44,[2.8433816 1.4551642 0.4260866],"[[ 0.06302781 -0.1484591  -0.9436147 ]
 [-0.7159189   0.5703737  -0.01426894]
 [ 0.538666    0.8069351  -0.1494061 ]
 [ 0.43968898 -0.0385959   0.2950691 ]]","[[-0.50119275  0.5775028  -0.64443505]
 [-0.29373413  0.5869666   0.75444716]
 [ 0.813957    0.567416   -0.12455115]]"
20200222-160601.131187,45,[2.8517265  1.4461536  0.42662945],"[[ 0.06072396 -0.1517709  -0.94320995]
 [-0.71828765  0.56577283 -0.01319475]
 [ 0.5355997   0.8094469  -0.15278523]
 [ 0.43989617 -0.04077274  0.2946821 ]]","[[-0.50436     0.5743773  -0.6447573 ]
 [-0.2957591   0.5866094   0.7539337 ]
 [ 0.81126314  0.5709468  -0.12598498]]"
20200222-160601.131187,46,[2.8593366  1.4471662  0.42726755],"[[ 0.05864532 -0.15339084 -0.94308865]
 [-0.71809256  0.56461227 -0.01178173]
 [ 0.53554803  0.8097999  -0.1545513 ]
 [ 0.44055942 -0.04368793  0.29421   ]]","[[-0.5046743   0.5741119  -0.6447477 ]
 [-0.29508832  0.5871332   0.75378877]
 [ 0.8113118   0.5706753  -0.12689728]]"
20200222-160601.131187,47,[2.8670602 1.4425777 0.4278355],"[[ 0.05651824 -0.15620956 -0.94274145]
 [-0.7186327   0.56240886 -0.0108515 ]
 [ 0.5346248   0.8106514  -0.15736803]
 [ 0.44107702 -0.04625107  0.29386425]]","[[-0.50582474  0.5728191  -0.64499605]
 [-0.29521602  0.5876074   0.7533693 ]
 [ 0.81054854  0.571486   -0.1281209 ]]"
20200222-160601.131187,48,[2.875407  1.4455917 0.4281279],"[[ 0.05461146 -0.16153611 -0.941758  ]
 [-0.7178279   0.5617564  -0.0114468 ]
 [ 0.53520966  0.8099304  -0.16227822]
 [ 0.44191727 -0.04846263  0.2943237 ]]","[[-0.5054415   0.57223856 -0.645811  ]
 [-0.29389825  0.5895265   0.75238436]
 [ 0.811266    0.5700891  -0.12979124]]"
20200222-160601.131187,49,[2.8825185 1.4457363 0.4286709],"[[ 0.05218014 -0.16395806 -0.9414177 ]
 [-0.7198379   0.5580834  -0.0099601 ]
 [ 0.53256005  0.81188864 -0.1651832 ]
 [ 0.44214287 -0.04997125  0.2938498 ]]","[[-0.5082846   0.56957895 -0.6459307 ]
 [-0.29559836  0.58908767  0.75206196]
 [ 0.80886847  0.57319766 -0.1310576 ]]"
20200222-160601.131187,50,[2.8909311  1.4408072  0.42907622],"[[ 0.05004032 -0.16831212 -0.9406651 ]
 [-0.71972746  0.5565912  -0.00981754]
 [ 0.5323556   0.81187135 -0.16932574]
 [ 0.44281542 -0.05236461  0.2939071 ]]","[[-0.50874346  0.5684835  -0.6465343 ]
 [-0.29503113  0.5903856   0.75126666]
 [ 0.8087871   0.5729498  -0.13263449]]"
20200222-160601.131187,51,[2.8987198 1.4446982 0.4294946],"[[ 0.04823584 -0.17178352 -0.9400239 ]
 [-0.71939355  0.55552566 -0.0095107 ]
 [ 0.5323824   0.81172615 -0.17264411]
 [ 0.44352576 -0.05461029  0.2940382 ]]","[[-0.5088871   0.5678864  -0.646946  ]
 [-0.29428935  0.5914861   0.7506917 ]
 [ 0.8089671   0.5724066  -0.13387662]]"
20200222-160601.131187,52,[2.9076266 1.4422561 0.4300489],"[[ 0.04625745 -0.17428842 -0.9396438 ]
 [-0.71779406  0.5558346  -0.00870318]
 [ 0.5339403   0.8107342  -0.17495146]
 [ 0.44445455 -0.0581541   0.29391548]]","[[-0.50765914  0.5687034  -0.647193  ]
 [-0.29214016  0.5930592   0.75029004]
 [ 0.8105161   0.5699627  -0.13493082]]"
20200222-160601.131187,53,[2.914644   1.4422077  0.43065217],"[[ 0.04431579 -0.17619915 -0.9393974 ]
 [-0.7165995   0.55599755 -0.00778089]
 [ 0.5350585   0.80999947 -0.17689683]
 [ 0.4452343  -0.06100393  0.29356346]]","[[-0.5069014   0.56926376 -0.6472943 ]
 [-0.29047394  0.59419507  0.750038  ]
 [ 0.8115885   0.5682175  -0.13584203]]"
20200222-160601.131187,54,[2.9219143  1.4426718  0.43117386],"[[ 0.04192738 -0.17848626 -0.9390151 ]
 [-0.7185251   0.5524977  -0.00623074]
 [ 0.532472    0.8117871  -0.17969547]
 [ 0.44546336 -0.06237757  0.29312423]]","[[-0.5096616   0.5666844  -0.64739025]
 [-0.29212397  0.59377545  0.74972963]
 [ 0.80926436  0.57122654 -0.13708238]]"
20200222-160601.131187,55,[2.928881   1.4435837  0.43158355],"[[ 0.03971465 -0.1820016  -0.9383251 ]
 [-0.71989405  0.5496268  -0.0055096 ]
 [ 0.5305213   0.8128621  -0.18345141]
 [ 0.44578347 -0.06357207  0.29302093]]","[[-0.511794    0.564328   -0.6477663 ]
 [-0.29322016  0.5939794   0.74913996]
 [ 0.8075202   0.57334346 -0.13852277]]"
20200222-160601.131187,56,[2.9385393  1.4349507  0.43190393],"[[ 0.0374697  -0.18670204 -0.937375  ]
 [-0.7213297   0.54614604 -0.00509826]
 [ 0.52840495  0.8139972  -0.18803082]
 [ 0.44617006 -0.06538554  0.29316643]]","[[-0.513986    0.5615558  -0.6484393 ]
 [-0.29434127  0.5945802   0.7482232 ]
 [ 0.805718    0.57543856 -0.14031681]]"
20200222-160601.131187,57,[2.9445343  1.4396849  0.43238014],"[[ 0.03523833 -0.18893588 -0.93694234]
 [-0.72393006  0.5420934  -0.00361822]
 [ 0.5249418   0.8161584  -0.19091219]
 [ 0.4462282  -0.0657512   0.29270858]]","[[-0.5174898   0.55828255 -0.6484788 ]
 [-0.29681304  0.5936782   0.74796265]
 [ 0.8025621   0.5795401  -0.14151697]]"
20200222-160601.131187,58,[2.952212   1.4393301  0.43280557],"[[ 0.0332844  -0.19221652 -0.9362732 ]
 [-0.722078    0.54306334 -0.00344259]
 [ 0.52682054  0.8145295  -0.19407108]
 [ 0.44716388 -0.06838378  0.2927745 ]]","[[-0.51604456  0.5591144  -0.64891386]
 [-0.29443717  0.59562767  0.7473516 ]
 [ 0.80436605  0.576731   -0.1427464 ]]"
20200222-160601.131187,59,[2.9578474  1.4426936  0.43333852],"[[ 0.03117543 -0.1941915  -0.9359099 ]
 [-0.72128665  0.54314196 -0.00252451]
 [ 0.5274843   0.8138461  -0.19637838]
 [ 0.44781065 -0.07028823  0.292407  ]]","[[-0.51583034  0.5591993  -0.649011  ]
 [-0.29326472  0.5965463   0.74708   ]
 [ 0.8049317   0.57569844 -0.14372325]]"
20200222-160601.131187,60,[2.965851   1.4442459  0.43393445],"[[ 0.02920802 -0.19526494 -0.9357592 ]
 [-0.7208819   0.54241776 -0.00098196]
 [ 0.5275815   0.81385195 -0.19774005]
 [ 0.44848    -0.07280347  0.2919813 ]]","[[-0.5159793   0.5591578  -0.64892834]
 [-0.2924907   0.59702486  0.7470011 ]
 [ 0.8051177   0.57524264 -0.14450407]]"
20200222-160601.131187,61,[2.9745123  1.4453918  0.43436778],"[[ 2.7168244e-02 -1.9788049e-01 -9.3518811e-01]
 [-7.1997625e-01  5.4222476e-01 -1.9048253e-04]
 [ 5.2826297e-01  8.1313050e-01 -2.0045812e-01]
 [ 4.4925919e-01 -7.5194173e-02  2.9195803e-01]]","[[-0.51558256  0.5592142  -0.64919496]
 [-0.29113322  0.59825367  0.74654806]
 [ 0.80586356  0.5739094  -0.14564341]]"
20200222-160601.131187,62,[2.9831815  1.4461983  0.43481377],"[[ 0.02498188 -0.20005828 -0.9347155 ]
 [-0.7219494   0.5386485   0.00141533]
 [ 0.5254445   0.81487083 -0.20311277]
 [ 0.44952497 -0.07629106  0.29163465]]","[[-0.51836973  0.55654687 -0.64926755]
 [-0.29289415  0.5977693   0.7462473 ]
 [ 0.8034338   0.57699865 -0.14685619]]"
20200222-160601.131187,63,[2.9914482  1.4423329  0.43532482],"[[ 0.02299174 -0.20228833 -0.9342846 ]
 [-0.72215104  0.5370534   0.0025215 ]
 [ 0.52480817  0.81516486 -0.20545858]
 [ 0.4500505  -0.07848084  0.29136312]]","[[-0.5192118   0.55555725 -0.64944243]
 [-0.29280648  0.59827423  0.74587697]
 [ 0.8029219   0.57742906 -0.1479603 ]]"
20200222-160601.131187,64,[2.9985785 1.4426781 0.4359078],"[[ 0.02112458 -0.20370056 -0.9340492 ]
 [-0.72083735  0.5375312   0.00353251]
 [ 0.52603453  0.81424505 -0.20703337]
 [ 0.45081657 -0.08106479  0.29099298]]","[[-0.5183695   0.5563028  -0.6494771 ]
 [-0.29108378  0.5993482   0.7456891 ]
 [ 0.80409175  0.5755947  -0.14875308]]"
20200222-160601.131187,65,[3.0062447  1.4489176  0.43644974],"[[ 0.01890696 -0.20449051 -0.9338706 ]
 [-0.7217843   0.5354787   0.00559297]
 [ 0.5244691   0.8152577  -0.20853406]
 [ 0.4512231  -0.08246715  0.2904619 ]]","[[-0.5200843   0.55495054 -0.6492629 ]
 [-0.29180616  0.5989697   0.7457108 ]
 [ 0.8027214   0.5772913  -0.14957678]]"
20200222-160601.131187,66,[3.0154605  1.4495473  0.43669626],"[[ 0.01732118 -0.20857598 -0.9328369 ]
 [-0.71988976  0.5361921   0.00530164]
 [ 0.5262891   0.8134747  -0.21219495]
 [ 0.4521933  -0.08516457  0.2911375 ]]","[[-0.5185723   0.5555856  -0.64992887]
 [-0.28950414  0.60113364  0.7448663 ]
 [ 0.804531    0.57442397 -0.15088691]]"
20200222-160601.131187,67,[3.0216453  1.4550266  0.43710834],"[[ 0.01536167 -0.21099047 -0.9322361 ]
 [-0.7194667   0.535846    0.0059992 ]
 [ 0.52643317  0.81293285 -0.21491967]
 [ 0.4527687  -0.08655712  0.29104877]]","[[-0.51875156  0.55519456 -0.65011996]
 [-0.28878012  0.6019518   0.7444866 ]
 [ 0.8046755   0.5739452  -0.15193428]]"
20200222-160601.131187,68,[3.0286236  1.4594766  0.43735927],"[[ 0.01320184 -0.21453103 -0.9312872 ]
 [-0.721343    0.53274304  0.00680169]
 [ 0.5237367   0.8140419  -0.21891937]
 [ 0.4529787  -0.08658488  0.29108885]]","[[-0.52148336  0.55223334 -0.6504564 ]
 [-0.29052278  0.6018537   0.7438877 ]
 [ 0.80227906  0.57689744 -0.15342031]]"
20200222-160601.131187,69,[3.0362887  1.4618835  0.43781683],"[[ 0.01147611 -0.21651311 -0.9308092 ]
 [-0.72039056  0.532752    0.00756313]
 [ 0.5244622   0.81327945 -0.22100283]
 [ 0.4537015  -0.0887373   0.2910239 ]]","[[-0.5210287   0.5524845  -0.6506076 ]
 [-0.28923348  0.6028654   0.7435708 ]
 [ 0.8030399   0.57559913 -0.15431313]]"
20200222-160601.131187,70,[3.0435278  1.4621143  0.43839213],"[[ 0.00963057 -0.2177081  -0.930583  ]
 [-0.7190628   0.5333097   0.00860648]
 [ 0.52569115  0.81232005 -0.22241907]
 [ 0.4544278  -0.09121321  0.29063872]]","[[-0.5201859   0.5532727  -0.65061206]
 [-0.28752062  0.60387826  0.74341327]
 [ 0.80420053  0.57377744 -0.15505162]]"
20200222-160601.131187,71,[3.0524445  1.460611   0.43875673],"[[ 0.00792872 -0.2207689  -0.92979544]
 [-0.7168146   0.5345797   0.00868024]
 [ 0.52797276  0.8103196  -0.22522885]
 [ 0.45536658 -0.09416945  0.29099402]]","[[-0.5183066   0.55447376 -0.6510892 ]
 [-0.28481072  0.60595626  0.742765  ]
 [ 0.80637527  0.57041717 -0.15615115]]"
20200222-160601.131187,72,[3.0627615 1.452121  0.4390265],"[[ 0.00582169 -0.22493134 -0.92871505]
 [-0.7180346   0.5315688   0.00930308]
 [ 0.52602583  0.81097895 -0.22932744]
 [ 0.45572922 -0.09567459  0.29122275]]","[[-0.5202737   0.5519331  -0.6516788 ]
 [-0.28579482  0.6065641   0.7418903 ]
 [ 0.8047587   0.5722324  -0.15783975]]"
20200222-160601.131187,73,[3.069008  1.4577531 0.4394277],"[[ 0.00390401 -0.22705144 -0.92812264]
 [-0.7175723   0.5313478   0.01007798]
 [ 0.52619404  0.8103777  -0.23181118]
 [ 0.45628324 -0.09697683  0.29111916]]","[[-0.52041864  0.5516349  -0.6518153 ]
 [-0.2850585   0.60730916  0.741564  ]
 [ 0.80492604  0.57172924 -0.1588068 ]]"
20200222-160601.131187,74,[3.0780048  1.4564903  0.43979022],"[[ 0.00221415 -0.22990297 -0.9273523 ]
 [-0.71536934  0.53258085  0.01022252]
 [ 0.52840215  0.8084101  -0.23445469]
 [ 0.4572014  -0.09987845  0.29145285]]","[[-0.51859957  0.5528222  -0.65225935]
 [-0.28241444  0.6092926   0.7409486 ]
 [ 0.8070295   0.56846297 -0.15985395]]"
20200222-160601.131187,75,[3.0835052  1.4584768  0.44023275],"[[-2.3716486e-04 -2.3191379e-01 -9.2681563e-01]
 [-7.1932393e-01  5.2737188e-01  1.2258101e-02]
 [ 5.2326918e-01  8.1134713e-01 -2.3739792e-01]
 [ 4.5690539e-01 -9.9050380e-02  2.9069680e-01]]","[[-0.5236641   0.5481561  -0.6521509 ]
 [-0.28645715  0.6076348   0.740758  ]
 [ 0.8023204   0.5747217  -0.1611733 ]]"
20200222-160601.131187,76,[3.0913422  1.4624645  0.44058296],"[[-0.00247557 -0.2340115  -0.92617345]
 [-0.72153157  0.52399707  0.01395405]
 [ 0.52009785  0.8129221  -0.240206  ]
 [ 0.45703852 -0.09911206  0.29036096]]","[[-0.52677953  0.5451615  -0.6521521 ]
 [-0.2885927   0.6069516   0.74048907]
 [ 0.7995109   0.57828075 -0.16240005]]"
20200222-160601.131187,77,[3.0973737  1.4655347  0.44111693],"[[-0.00458785 -0.23496969 -0.92593896]
 [-0.7234065   0.52114844  0.01584364]
 [ 0.5173891   0.8144358  -0.24192035]
 [ 0.45713326 -0.09943739  0.2895877 ]]","[[-0.5295119   0.5427836  -0.6519228 ]
 [-0.29041857  0.6060721   0.7404958 ]
 [ 0.79704106  0.5814318  -0.163288  ]]"
20200222-160601.131187,78,[3.1043262  1.4703637  0.44161862],"[[-0.00661645 -0.23578945 -0.9256848 ]
 [-0.7233079   0.52055883  0.01742079]
 [ 0.51706314  0.8144068  -0.24335416]
 [ 0.45763257 -0.10081354  0.28910783]]","[[-0.5301079   0.54238385 -0.65177107]
 [-0.2901137   0.6062545   0.74046594]
 [ 0.7967557   0.58161455 -0.16402742]]"
20200222-160601.131187,79,[3.1137822 1.4661416 0.4418791],"[[-0.00853529 -0.23908328 -0.92472696]
 [-0.7226919   0.52005655  0.01785123]
 [ 0.517335    0.81353045 -0.24664153]
 [ 0.458266   -0.10270827  0.28936154]]","[[-0.53012663  0.54178846 -0.65225095]
 [-0.2892363   0.6075548   0.73974305]
 [ 0.7970622   0.5808121  -0.16537605]]"
20200222-160601.131187,80,[3.123987   1.4580723  0.44229007],"[[-0.01049292 -0.24155617 -0.92407364]
 [-0.7240711   0.51697147  0.01921597]
 [ 0.5151335   0.81456447 -0.24920374]
 [ 0.45852897 -0.1042902   0.28916547]]","[[-0.5323105   0.5393719  -0.65247506]
 [-0.29056227  0.60751516  0.73925567]
 [ 0.7951222   0.5830981  -0.1666655 ]]"
20200222-160601.131187,81,[3.1344228  1.4586569  0.44245145],"[[-0.0124946  -0.24482858 -0.92300946]
 [-0.7249999   0.5147633   0.02016195]
 [ 0.51338214  0.8148903  -0.2527448 ]
 [ 0.45897475 -0.1050293   0.28942657]]","[[-0.5340213   0.5372368  -0.6528383 ]
 [-0.29136172  0.6079211   0.7386071 ]
 [ 0.7936811   0.58464396 -0.16811262]]"
20200222-160601.131187,82,[3.1432412  1.4578022  0.44275394],"[[-0.01406339 -0.24743572 -0.92220557]
 [-0.72254086  0.5164615   0.02023057]
 [ 0.5159248   0.81266207 -0.25519586]
 [ 0.45995507 -0.10780971  0.28983268]]","[[-0.5320031   0.53869563 -0.6532839 ]
 [-0.2885494   0.61000735  0.73799086]
 [ 0.7960603   0.58111805 -0.16908558]]"
20200222-160601.131187,83,[3.1511118  1.4594053  0.44303322],"[[-0.01594857 -0.2500474  -0.9213674 ]
 [-0.72330624  0.51464355  0.02118459]
 [ 0.5144926   0.81291324 -0.25810134]
 [ 0.46029463 -0.10858444  0.28985727]]","[[-0.5335283   0.5369186  -0.6535028 ]
 [-0.28924793  0.61024326  0.73752224]
 [ 0.794785    0.58251345 -0.17027947]]"
20200222-160601.131187,84,[3.1612232  1.4577138  0.44315383],"[[-0.01768153 -0.25383958 -0.9201344 ]
 [-0.72301954  0.5137306   0.02142554]
 [ 0.5142886   0.8121203  -0.2618036 ]
 [ 0.46090937 -0.11003298  0.29043528]]","[[-0.53388333  0.5358616  -0.65408045]
 [-0.2887831   0.61148244  0.7366776 ]
 [ 0.7947159   0.5821871  -0.17171246]]"
20200222-160601.131187,85,[3.1669564 1.4618018 0.4436365],"[[-0.01959212 -0.2547578  -0.91983485]
 [-0.72202253  0.5143817   0.02248462]
 [ 0.5150959   0.811221   -0.26327065]
 [ 0.46149325 -0.11149197  0.28997728]]","[[-0.53350806  0.5363173  -0.6540131 ]
 [-0.28754213  0.61218613  0.73657846]
 [ 0.7954174   0.5810269  -0.17239241]]"
20200222-160601.131187,86,[3.1759076  1.461165   0.44394505],"[[-0.02114487 -0.25714943 -0.91905504]
 [-0.7196066   0.5160339   0.02261133]
 [ 0.5175544   0.8090358  -0.26555166]
 [ 0.46244612 -0.11421017  0.29035902]]","[[-0.5315417   0.5377667  -0.65442365]
 [-0.2847827   0.6141708   0.735998  ]
 [ 0.79772305  0.5775822  -0.17331071]]"
20200222-160601.131187,87,[3.1837485  1.4642434  0.44436306],"[[-0.02270768 -0.25843123 -0.91862905]
 [-0.7185481   0.5163659   0.0234502 ]
 [ 0.5183354   0.8081581  -0.2670747 ]
 [ 0.4631425  -0.11601529  0.29024455]]","[[-0.5310218   0.5382186  -0.6544743 ]
 [-0.28349915  0.615013    0.7357902 ]
 [ 0.7985262   0.5762635  -0.17400089]]"
20200222-160601.131187,88,[3.1910915 1.4639387 0.4447738],"[[-0.02470731 -0.2601504  -0.91807795]
 [-0.7189719   0.5151016   0.0246763 ]
 [ 0.51737046  0.80826235 -0.269236  ]
 [ 0.46346185 -0.11706446  0.28989035]]","[[-0.5321928   0.5369887  -0.6545335 ]
 [-0.28380978  0.61521995  0.7354976 ]
 [ 0.7976359   0.57718945 -0.17501296]]"
20200222-160601.131187,89,[3.2020574 1.4614946 0.4450523],"[[-0.02660471 -0.26261127 -0.91723615]
 [-0.7192261   0.5135902   0.02577599]
 [ 0.5164719   0.8082076  -0.27187032]
 [ 0.463964   -0.1185776   0.28999943]]","[[-0.53314525  0.5357139  -0.65480274]
 [-0.28390244  0.61580944  0.734968  ]
 [ 0.7969664   0.57774484 -0.17622547]]"
20200222-160601.131187,90,[3.207815  1.4656293 0.4455462],"[[-0.02848873 -0.26335308 -0.9169712 ]
 [-0.71823984  0.51425874  0.02685172]
 [ 0.51725006  0.8073331  -0.27319694]
 [ 0.46451315 -0.11998512  0.28949377]]","[[-0.5327827   0.5361944  -0.6547048 ]
 [-0.28268677  0.6164452   0.73490393]
 [ 0.79764086  0.5766204  -0.17685618]]"
20200222-160601.131187,91,[3.2172966  1.4643377  0.44588298],"[[-0.03011398 -0.26539543 -0.9162957 ]
 [-0.7185435   0.51276594  0.02785723]
 [ 0.51632565  0.8074069  -0.275364  ]
 [ 0.46496868 -0.12136814  0.2894836 ]]","[[-0.5337539   0.53501636 -0.6548774 ]
 [-0.28291264  0.61681485  0.73450655]
 [ 0.79691094  0.57731885 -0.17786455]]"
20200222-160601.131187,92,[3.2246363  1.4653893  0.44643217],"[[-0.03178382 -0.26583573 -0.9161677 ]
 [-0.71712655  0.5136384   0.02890878]
 [ 0.51757896  0.80639386 -0.2762016 ]
 [ 0.4656521  -0.12343509  0.28898868]]","[[-0.5328815   0.5359919  -0.6547904 ]
 [-0.28123873  0.6176381   0.7344579 ]
 [ 0.7980869   0.5755313  -0.17838621]]"
20200222-160601.131187,93,[3.2320476 1.4652057 0.4468325],"[[-0.0337443  -0.26745078 -0.91561836]
 [-0.71751463  0.5124617   0.03012772]
 [ 0.516641    0.8064567  -0.27826864]
 [ 0.4659573  -0.12442093  0.2886211 ]]","[[-0.53401613  0.53480566 -0.6548357 ]
 [-0.28153712  0.6178338   0.73417866]
 [ 0.7972225   0.5764237  -0.1793656 ]]"
20200222-160601.131187,94,[3.239755   1.4658462  0.44742167],"[[-0.03550866 -0.26766735 -0.9155943 ]
 [-0.7188021   0.51021093  0.03204563]
 [ 0.5145455   0.80769193 -0.27907476]
 [ 0.46616045 -0.12518883  0.2877112 ]]","[[-0.53603756  0.53317606 -0.65451276]
 [-0.2828061   0.61709666  0.73431104]
 [ 0.79541475  0.57871836 -0.18000154]]"
20200222-160601.131187,95,[3.248446  1.4681296 0.4479839],"[[-0.0372077  -0.26764473 -0.9155762 ]
 [-0.7181929   0.5100711   0.03365579]
 [ 0.5147409   0.80750316 -0.27956447]
 [ 0.46675098 -0.12701428  0.28710854]]","[[-0.5360492   0.53345895 -0.654273  ]
 [-0.28203407  0.6173312   0.73441064]
 [ 0.79568094  0.5782075  -0.18046638]]"
20200222-160601.131187,96,[3.2542088  1.4723655  0.44845253],"[[-0.039031   -0.26834792 -0.9152936 ]
 [-0.7171799   0.51080483  0.03466698]
 [ 0.5155331   0.80659854 -0.28086528]
 [ 0.46728528 -0.12832268  0.28661928]]","[[-0.5356697   0.53395396 -0.65417993]
 [-0.2808277   0.61796016  0.734344  ]
 [ 0.79636294  0.57707757 -0.18107347]]"
20200222-160601.131187,97,[3.263039  1.4750372 0.4486149],"[[-0.04056457 -0.2709498  -0.91430855]
 [-0.7155089   0.5118756   0.0347477 ]
 [ 0.5170128   0.80478805 -0.28356773]
 [ 0.4680805  -0.12994601  0.28709143]]","[[-0.534531    0.53459996 -0.65458333]
 [-0.2789057   0.6195469   0.7337392 ]
 [ 0.79780203  0.57477355 -0.1820641 ]]"
20200222-160601.131187,98,[3.2720735  1.4719337  0.44906902],"[[-0.0422849  -0.27221876 -0.91390264]
 [-0.7154772   0.51090044  0.03594039]
 [ 0.5165292   0.80471843 -0.2850991 ]
 [ 0.46851054 -0.13155197  0.28672203]]","[[-0.535164    0.5339086  -0.6546307 ]
 [-0.27876833  0.61990964  0.7334852 ]
 [ 0.79742575  0.5750252  -0.18291649]]"
20200222-160601.131187,99,[3.2809289 1.4748489 0.4492412],"[[-0.04380512 -0.27470908 -0.91293985]
 [-0.7138314   0.51195097  0.0360488 ]
 [ 0.5179639   0.8029415  -0.28771135]
 [ 0.4692968  -0.13313843  0.28716466]]","[[-0.53405136  0.5345557  -0.65501106]
 [-0.27687562  0.6214418   0.73290527]
 [ 0.7988299   0.5727656  -0.18387637]]"
20200222-160601.131187,100,[3.28941    1.4777385  0.44974884],"[[-0.04535    -0.27482843 -0.9128175 ]
 [-0.7105536   0.51484555  0.03674258]
 [ 0.5214087   0.8005369  -0.28818613]
 [ 0.47030887 -0.13617627  0.28699046]]","[[-0.53122246  0.53737324 -0.6550061 ]
 [-0.27324015  0.6231369   0.7328305 ]
 [ 0.8019618   0.5682698  -0.18419231]]"
20200222-160601.131187,101,[3.295799   1.4838325  0.45010933],"[[-0.04703316 -0.2760416  -0.91230357]
 [-0.7099327   0.5150791   0.03758483]
 [ 0.52168006  0.799807   -0.28990507]
 [ 0.4707797  -0.13712347  0.2867834 ]]","[[-0.5312302   0.5373847  -0.6549902 ]
 [-0.2724791   0.6236566   0.73267156]
 [ 0.8022154   0.5676883  -0.18487906]]"
20200222-160601.131187,102,[3.3023314  1.4895363  0.45051605],"[[-0.0488025  -0.27705887 -0.9119023 ]
 [-0.71202695  0.51225275  0.03930353]
 [ 0.51863647  0.8013322  -0.29158348]
 [ 0.4707989  -0.13675347  0.28612605]]","[[-0.53411895  0.5348375  -0.6547256 ]
 [-0.27465558  0.6226609   0.73270565]
 [ 0.79955053  0.57117605 -0.18567893]]"
20200222-160601.131187,103,[3.3087442 1.495519  0.4508667],"[[-0.05046198 -0.2782294  -0.9113919 ]
 [-0.71137637  0.512535    0.04013953]
 [ 0.5189397   0.8005855  -0.2932602 ]
 [ 0.47127366 -0.1376914   0.28592315]]","[[-0.5341008   0.5348811  -0.6547052 ]
 [-0.27387756  0.6231823   0.73255366]
 [ 0.7998297   0.57056653 -0.18635029]]"
20200222-160601.131187,104,[3.3168163  1.4972245  0.45111915],"[[-0.05219221 -0.28033143 -0.91057533]
 [-0.7120884   0.5109956   0.04114429]
 [ 0.51754963  0.8007435  -0.29568636]
 [ 0.4715389  -0.13823146  0.2858851 ]]","[[-0.53554827  0.5332783  -0.6548302 ]
 [-0.2745879   0.62331015  0.7321791 ]
 [ 0.79861736  0.5719255  -0.18738092]]"
20200222-160601.131187,105,[3.325744   1.497825   0.45153692],"[[-0.05411903 -0.28131366 -0.9101593 ]
 [-0.71328026  0.508875    0.04295218]
 [ 0.51555026  0.8016283  -0.29721135]
 [ 0.47171012 -0.13892774  0.28536052]]","[[-0.53754056  0.5314481  -0.6546854 ]
 [-0.27580678  0.6228807   0.73208624]
 [ 0.7968568   0.5740926  -0.18824664]]"
20200222-160601.131187,106,[3.3354774  1.4965687  0.45184937],"[[-0.05561917 -0.28311694 -0.9094895 ]
 [-0.7135467   0.5075324   0.04392577]
 [ 0.51464474  0.80163604 -0.2991425 ]
 [ 0.47212166 -0.1401257   0.28532955]]","[[-0.53846395  0.53034335 -0.65482247]
 [-0.27604842  0.6231971   0.73172593]
 [ 0.7961495   0.5747707  -0.18916866]]"
20200222-160601.131187,107,[3.3427505 1.5016869 0.4523355],"[[-0.05743154 -0.28317803 -0.9093581 ]
 [-0.7133288   0.5073171   0.04550605]
 [ 0.5143813   0.8015723  -0.29993102]
 [ 0.47252047 -0.14114383  0.2846729 ]]","[[-0.53895456  0.5301869  -0.6545457 ]
 [-0.27575916  0.62318486  0.73184526]
 [ 0.79591763  0.5749282  -0.18966442]]"
20200222-160601.131187,108,[3.3518312 1.5023009 0.4527341],"[[-0.05932637 -0.28415766 -0.9089258 ]
 [-0.71443355  0.50531375  0.04727203]
 [ 0.51246375  0.8023731  -0.301441  ]
 [ 0.4727008  -0.14180687  0.2841693 ]]","[[-0.5408646   0.5284054  -0.6544105 ]
 [-0.27691814  0.62279004  0.73174363]
 [ 0.79421765  0.57699245 -0.19052006]]"
20200222-160601.131187,109,[3.3592422  1.5035292  0.45326036],"[[-0.06085774 -0.28431582 -0.9088429 ]
 [-0.71298295  0.5062968   0.04821531]
 [ 0.5137225   0.80136603 -0.3020636 ]
 [ 0.47332934 -0.14366639  0.28361565]]","[[-0.5399911   0.52943945 -0.65429616]
 [-0.27529624  0.62351733  0.7317364 ]
 [ 0.7953751   0.5752563  -0.1909411 ]]"
20200222-160601.131187,110,[3.368011  1.5097547 0.4537569],"[[-0.06269126 -0.2840083  -0.90879875]
 [-0.7135526   0.50508136  0.0503428 ]
 [ 0.5124174   0.80210286 -0.30254912]
 [ 0.47364682 -0.14444129  0.28286913]]","[[-0.54132897  0.5285858  -0.6538808 ]
 [-0.27588588  0.62296057  0.73198843]
 [ 0.79426074  0.57664305 -0.19139718]]"
20200222-160601.131187,111,[3.3788972 1.5052743 0.453967 ],"[[-0.06444659 -0.28653213 -0.9078669 ]
 [-0.7154141   0.50196403  0.0516306 ]
 [ 0.5095027   0.80311745 -0.30523732]
 [ 0.47374707 -0.14468567  0.28274047]]","[[-0.5440021   0.52560425 -0.6540657 ]
 [-0.2778689   0.6226703   0.73148525]
 [ 0.791739    0.5796741  -0.19268489]]"
20200222-160601.131187,112,[3.3862355  1.5104113  0.45443445],"[[-0.0662116  -0.28652626 -0.90774196]
 [-0.7151402   0.50183797  0.05317266]
 [ 0.50928795  0.8030245  -0.30595982]
 [ 0.4741476  -0.14564574  0.28207338]]","[[-0.54444355  0.5254939  -0.65378666]
 [-0.27755806  0.6226594   0.7316124 ]
 [ 0.7915443   0.5797855  -0.19314781]]"
20200222-160601.131187,113,[3.3935456  1.5156434  0.45489556],"[[-0.06795251 -0.28655562 -0.9076021 ]
 [-0.7148577   0.5017151   0.05468172]
 [ 0.50907767  0.8029189  -0.30670398]
 [ 0.47455323 -0.14659122  0.28142685]]","[[-0.54487425  0.52538407 -0.6535163 ]
 [-0.27724263  0.6226603   0.73173124]
 [ 0.79135853  0.57988423 -0.19361274]]"
20200222-160601.131187,114,[3.4014907  1.5187492  0.45524845],"[[-0.06925949 -0.287389   -0.9072213 ]
 [-0.713666    0.5023537   0.05534663]
 [ 0.509977    0.80194783 -0.30784747]
 [ 0.47519222 -0.14808008  0.28127632]]","[[-0.54426616  0.526003   -0.65352523]
 [-0.27597627  0.6233921   0.73158705]
 [ 0.7922194   0.5785354  -0.19412683]]"
20200222-160601.131187,115,[3.4105146  1.5207496  0.45576093],"[[-0.07079696 -0.28720257 -0.90720725]
 [-0.7129749   0.50237834  0.0567957 ]
 [ 0.5102299   0.801704   -0.30819273]
 [ 0.4757312  -0.14967118  0.28065363]]","[[-0.5442268   0.52633697 -0.653289  ]
 [-0.2752322   0.62359315  0.73169595]
 [ 0.7925051   0.57801473 -0.19451123]]"
20200222-160601.131187,116,[3.417896  1.525771  0.4562189],"[[-0.07253119 -0.28721654 -0.9070651 ]
 [-0.7126999   0.5022631   0.05828935]
 [ 0.51001436  0.8015996  -0.3089282 ]
 [ 0.47611284 -0.1505874   0.27999708]]","[[-0.54466784  0.5262155  -0.65301925]
 [-0.27493495  0.62358564  0.7318141 ]
 [ 0.7923053   0.5781334  -0.194972  ]]"
