Timestamp,Epoch,s,u,v
20200220-231649.013926,0,[1.604251   0.952693   0.70640177],"[[ 0.6767664  -0.17453982  0.09419898]
 [ 0.35741153  0.90949947  0.16077775]
 [ 0.39064598 -0.03827716 -0.8806474 ]
 [-0.5115077   0.37534145 -0.43558863]]","[[-0.26713097  0.96289366 -0.03843043]
 [-0.6489235  -0.15025906  0.7458691 ]
 [ 0.71241796  0.22418311  0.6649832 ]]"
20200220-231649.013926,1,[1.608368   0.95191115 0.70635706],"[[ 0.67603374 -0.18412153  0.08401414]
 [ 0.3622375   0.9078316   0.16689964]
 [ 0.38735315 -0.03182305 -0.879845  ]
 [-0.51158595  0.37540427 -0.4369884 ]]","[[-0.26199374  0.96455216 -0.03159516]
 [-0.6462371  -0.1510292   0.7480427 ]
 [ 0.71675444  0.21640047  0.662898  ]]"
20200220-231649.013926,2,[1.6113212  0.9484221  0.70495176],"[[ 0.6754768  -0.19174802  0.07254818]
 [ 0.3635003   0.90611935  0.18016991]
 [ 0.38494733 -0.01694535 -0.87873805]
 [-0.5132387   0.3766868  -0.43599886]]","[[-0.26146317  0.96505725 -0.01735513]
 [-0.64474696 -0.16124421  0.7471957 ]
 [ 0.71828836  0.20655389  0.66437733]]"
20200220-231649.013926,3,[1.6161137  0.948082   0.70406216],"[[ 0.67443687 -0.20231861  0.06176788]
 [ 0.37004519  0.9030763   0.18766688]
 [ 0.3815394  -0.00955021 -0.8776761 ]
 [-0.51247364  0.37872028 -0.4366356 ]]","[[-0.25409135  0.96713734 -0.00910587]
 [-0.64167047 -0.16152364  0.7497794 ]
 [ 0.72366875  0.19635542  0.6616254 ]]"
20200220-231649.013926,4,[1.6197712 0.9473355 0.7033826],"[[ 6.7363864e-01 -2.0991643e-01  5.1117059e-02]
 [ 3.7276587e-01  9.0132827e-01  1.9570707e-01]
 [ 3.7883964e-01 -1.7358047e-05 -8.7627107e-01]
 [-5.1355332e-01  3.7886977e-01 -4.3730384e-01]]","[[-2.5170258e-01  9.6780437e-01 -6.8407564e-04]
 [-6.3975996e-01 -1.6585566e-01  7.5046593e-01]
 [ 7.2619081e-01  1.8933184e-01  6.6090870e-01]]"
20200220-231649.013926,5,[1.6225035  0.9467016  0.70281804],"[[ 0.67279285 -0.2172906   0.0405477 ]
 [ 0.3754529   0.8995091   0.20332414]
 [ 0.3762546   0.00920717 -0.8746624 ]
 [-0.51460415  0.37892443 -0.43815625]]","[[-0.24940604  0.9683711   0.00735692]
 [-0.6380157  -0.17002799  0.75101703]
 [ 0.72851396  0.18261439  0.66024196]]"
20200220-231649.013926,6,[1.626587   0.9486611  0.70303214],"[[ 0.6717783  -0.22499329  0.03112215]
 [ 0.3795039   0.89812005  0.20564662]
 [ 0.37326556  0.01293167 -0.87324435]
 [-0.51513416  0.377613   -0.44066417]]","[[-0.2452424   0.96941733  0.00931253]
 [-0.6356047  -0.16803321  0.7535063 ]
 [ 0.7320267   0.17887263  0.6573749 ]]"
20200220-231649.013926,7,[1.6282074 0.9518288 0.7034473],"[[ 0.6709846  -0.22989161  0.02252696]
 [ 0.38008064  0.898339    0.20695712]
 [ 0.37112933  0.01686765 -0.8715126 ]
 [-0.51728255  0.37396902 -0.44399   ]]","[[-0.24602175  0.96922606  0.00861753]
 [-0.63498867 -0.16788569  0.75405836]
 [ 0.7322996   0.18004273  0.65675116]]"
20200220-231649.013926,8,[1.6307746 0.9509287 0.7039177],"[[ 0.6702726  -0.23547661  0.01306482]
 [ 0.38113496  0.8975253   0.21153215]
 [ 0.36872327  0.0241404  -0.8697854 ]
 [-0.5191476   0.3720442  -0.44559747]]","[[-0.24590483  0.96919006  0.01419036]
 [-0.63366795 -0.1718193   0.7542832 ]
 [ 0.7334818   0.17648992  0.65639585]]"
20200220-231649.013926,9,[1.6332692  0.95024496 0.70275635],"[[ 0.66958386 -0.24078959  0.00240072]
 [ 0.38190696  0.8956807   0.22038177]
 [ 0.36652878  0.03564959 -0.86761355]
 [-0.52101934  0.37216362 -0.4457274 ]]","[[-0.246094    0.9689662   0.02328869]
 [-0.6325715  -0.17877005  0.75358784]
 [ 0.7343645   0.17072165  0.65693474]]"
20200220-231649.013926,10,[1.6361725  0.9498441  0.70334464],"[[ 0.66892254 -0.24588132 -0.0068807 ]
 [ 0.38278654  0.8948928   0.22411162]
 [ 0.36401808  0.04239786 -0.8657778 ]
 [-0.52297986  0.3700162  -0.4473873 ]]","[[-0.24612817  0.9688314   0.02804326]
 [-0.6311297  -0.18216065  0.75398463]
 [ 0.73559254  0.16787785  0.6562932 ]]"
20200220-231649.013926,11,[1.639399   0.9514715  0.70293736],"[[ 0.6679321  -0.25183564 -0.01620187]
 [ 0.38517398  0.89336187  0.22776435]
 [ 0.36159903  0.04842765 -0.8637808 ]
 [-0.5241692   0.36896846 -0.44915858]]","[[-0.24427855  0.9692009   0.03126533]
 [-0.6296366  -0.18305032  0.75501674]
 [ 0.7374861   0.16474856  0.6549597 ]]"
20200220-231649.013926,12,[1.6430917  0.95336723 0.7043504 ],"[[ 0.66695243 -0.25770065 -0.02415607]
 [ 0.38766724  0.89288265  0.22670044]
 [ 0.35878682  0.05012742 -0.8623103 ]
 [-0.5255098   0.36583972 -0.45215553]]","[[-0.24227963  0.96972376  0.03060224]
 [-0.62772393 -0.18072745  0.75716585]
 [ 0.73977244  0.1642361   0.6525054 ]]"
20200220-231649.013926,13,[1.6463453  0.95098805 0.70502937],"[[ 0.6662888  -0.26270276 -0.03365871]
 [ 0.38874632  0.8914162   0.2316359 ]
 [ 0.35619023  0.05834167 -0.8603    ]
 [-0.527318    0.36463687 -0.45287508]]","[[-0.24191189  0.9695415   0.03831294]
 [-0.62599015 -0.18611753  0.75729567]
 [ 0.7413602   0.15921523  0.6519475 ]]"
20200220-231649.013926,14,[1.6501354  0.9511138  0.70306146],"[[ 0.66537803 -0.2679447  -0.04439589]
 [ 0.39083654  0.8883274   0.24052945]
 [ 0.3538796   0.06979377 -0.8576601 ]
 [-0.5284768   0.36634502 -0.45232016]]","[[-0.24018776  0.9695603   0.0475672 ]
 [-0.62436056 -0.19182149  0.75721747]
 [ 0.74329245  0.15217534  0.6514284 ]]"
20200220-231649.013926,15,[1.6532179  0.95129925 0.70296574],"[[ 0.6643701  -0.27357486 -0.05397398]
 [ 0.39333135  0.8861776   0.2447718 ]
 [ 0.35131034  0.07689436 -0.8553767 ]
 [-0.5296074   0.3659697  -0.45332605]]","[[-0.23808692  0.9697948   0.05303546]
 [-0.62253755 -0.19429222  0.7580882 ]
 [ 0.74549437  0.14747426  0.6499921 ]]"
20200220-231649.013926,16,[1.6559954 0.9514274 0.7020607],"[[ 0.66374093 -0.27734494 -0.06380903]
 [ 0.3936844   0.88433033  0.2509429 ]
 [ 0.34909564  0.08653194 -0.85266966]
 [-0.5315945   0.36544734 -0.45377365]]","[[-0.23870084  0.96925104  0.05978678]
 [-0.6214259  -0.19977069  0.75757605]
 [ 0.746225    0.143681    0.6500031 ]]"
20200220-231649.013926,17,[1.6599454 0.9537793 0.702764 ],"[[ 0.66233313 -0.2839323  -0.07202118]
 [ 0.39776313  0.8825684   0.25060192]
 [ 0.34632617  0.08879774 -0.8508738 ]
 [-0.5321254   0.3641029  -0.4560985 ]]","[[-0.23459029  0.97024244  0.05997562]
 [-0.61914045 -0.19669382  0.76024795]
 [ 0.74942154  0.1412134   0.6468588 ]]"
20200220-231649.013926,18,[1.6632742 0.9518307 0.7036072],"[[ 0.6616488  -0.28809345 -0.08112607]
 [ 0.3986584   0.8809891   0.2543393 ]
 [ 0.3437129   0.09632109 -0.8485544 ]
 [-0.5339978   0.36274257 -0.4568211 ]]","[[-0.23440799  0.9698398   0.06681105]
 [-0.61740553 -0.20160657  0.76037174]
 [ 0.7509082   0.13698773  0.6460427 ]]"
20200220-231649.013926,19,[1.6664653 0.9502372 0.7027219],"[[ 0.66104484 -0.2914275  -0.09147397]
 [ 0.39915848  0.8783118   0.26208887]
 [ 0.34133637  0.10775542 -0.8454955 ]
 [-0.5358937   0.3633553  -0.45615712]]","[[-0.23467991  0.96902776  0.07687893]
 [-0.61595356 -0.20942287  0.75943625]
 [ 0.75201505  0.13087055  0.6460235 ]]"
20200220-231649.013926,20,[1.6686622  0.95199203 0.703753  ],"[[ 0.66021055 -0.29539013 -0.0990676 ]
 [ 0.39995128  0.8778479   0.26165158]
 [ 0.33893237  0.11116436 -0.84347314]
 [-0.53785294  0.36023584 -0.45856008]]","[[-0.23507282  0.9689355   0.0768424 ]
 [-0.6149415  -0.20948218  0.76023954]
 [ 0.7527201   0.13145806  0.6450821 ]]"
20200220-231649.013926,21,[1.6709684  0.9541826  0.70310664],"[[ 0.6595415  -0.29843986 -0.10754045]
 [ 0.40019593  0.8765643   0.26459453]
 [ 0.3367544   0.11786339 -0.84086263]
 [-0.5398564   0.35871583 -0.45975542]]","[[-0.23604603  0.96850216  0.07928286]
 [-0.614167   -0.2119167   0.7601911 ]
 [ 0.753048    0.13074712  0.6448442 ]]"
20200220-231649.013926,22,[1.67444   0.9524684 0.7040439],"[[ 0.6588563  -0.30206564 -0.11620325]
 [ 0.40108004  0.87488806  0.2675939 ]
 [ 0.33408368  0.12487359 -0.83845305]
 [-0.5416931   0.35739893 -0.4603123 ]]","[[-0.23587461  0.96800584  0.08560414]
 [-0.612396   -0.21646236  0.76033884]
 [ 0.7545425   0.12692098  0.64386094]]"
20200220-231649.013926,23,[1.6781635 0.953083  0.7022719],"[[ 0.6578741  -0.3056465  -0.12618987]
 [ 0.40297842  0.87148     0.27444118]
 [ 0.33179927  0.1349776  -0.83515936]
 [-0.5428806   0.35900378 -0.45963776]]","[[-0.23441398  0.9676328   0.09347007]
 [-0.6108365  -0.22140801  0.7601692 ]
 [ 0.7562597   0.12109939  0.64296657]]"
20200220-231649.013926,24,[1.684317   0.95223534 0.70193803],"[[ 0.65608174 -0.312214   -0.13577823]
 [ 0.40852728  0.86714417  0.2784735 ]
 [ 0.32906726  0.1416279  -0.8324518 ]
 [-0.542565    0.36128223 -0.45939213]]","[[-0.22777821  0.96844554  0.10114398]
 [-0.6074766  -0.22251707  0.7625342 ]
 [ 0.7609791   0.11224604  0.6389926 ]]"
20200220-231649.013926,25,[1.6887803  0.9552893  0.70120484],"[[ 0.65477437 -0.3169122  -0.14372364]
 [ 0.41157764  0.8648604   0.27958208]
 [ 0.32670382  0.14586891 -0.8300777 ]
 [-0.54326695  0.36097777 -0.46059567]]","[[-0.22468533  0.96906835  0.10209252]
 [-0.6054105  -0.22092415  0.7646376 ]
 [ 0.7635408   0.10999493  0.63632256]]"
20200220-231649.013926,26,[1.6933686  0.95650417 0.7003722 ],"[[ 0.653386   -0.32163197 -0.15262271]
 [ 0.4148732   0.8616895   0.28274044]
 [ 0.3243563   0.1522659  -0.8271786 ]
 [-0.543838    0.3617446  -0.46102068]]","[[-0.22120336  0.9693777   0.1066577 ]
 [-0.6031699  -0.22193135  0.7661155 ]
 [ 0.76632583  0.10513453  0.63379145]]"
20200220-231649.013926,27,[1.6943758  0.9586106  0.70111805],"[[ 0.6530202  -0.32344845 -0.15971436]
 [ 0.41370717  0.86167616  0.28259838]
 [ 0.3220067   0.15684262 -0.8248462 ]
 [-0.5465552   0.3581843  -0.46288043]]","[[-0.22429828  0.96867347  0.10659378]
 [-0.60288465 -0.223866    0.765777  ]
 [ 0.76565045  0.10749871  0.6342111 ]]"
20200220-231649.013926,28,[1.6973739  0.9588825  0.70243925],"[[ 0.65227187 -0.32657132 -0.16683054]
 [ 0.41439396  0.8607691   0.28236982]
 [ 0.31937823  0.16095349 -0.8227848 ]
 [-0.54846734  0.3556988  -0.46417713]]","[[-0.2246026   0.96838194  0.10858218]
 [-0.60145515 -0.22543795  0.76643956]
 [ 0.7666846   0.10683704  0.63307226]]"
20200220-231649.013926,29,[1.7016935  0.96142447 0.7045461 ],"[[ 0.65107757 -0.3312534  -0.17238307]
 [ 0.41661084  0.8604842   0.27799353]
 [ 0.31657854  0.16058716 -0.821743  ]
 [-0.5498287   0.35220748 -0.46662873]]","[[-0.22288387  0.9691378   0.10533334]
 [-0.5994349  -0.22145915  0.7691773 ]
 [ 0.76876557  0.10829672  0.63029474]]"
20200220-231649.013926,30,[1.7067658  0.9625167  0.70560926],"[[ 0.64953053 -0.33651105 -0.17946456]
 [ 0.4202793   0.8582991   0.27704304]
 [ 0.3138736   0.16322604 -0.8198907 ]
 [-0.55041677  0.3513401  -0.46778068]]","[[-0.2189416   0.9698781   0.10677613]
 [-0.5967621  -0.21967895  0.77176154]
 [ 0.7719711   0.10525082  0.6268834 ]]"
20200220-231649.013926,31,[1.7140197  0.96205443 0.70621765],"[[ 0.6470874  -0.34384546 -0.18772064]
 [ 0.42706838  0.8539034   0.27784485]
 [ 0.31123406  0.1668921  -0.8175691 ]
 [-0.54956734  0.35322276 -0.4681288 ]]","[[-0.21038076  0.9712      0.11185031]
 [-0.59268785 -0.21769461  0.7754549 ]
 [ 0.77747107  0.09684846  0.6214172 ]]"
20200220-231649.013926,32,[1.7160109  0.96619564 0.70783937],"[[ 0.64618766 -0.3472289  -0.19282141]
 [ 0.42753583  0.8543447   0.2733637 ]
 [ 0.30875176  0.1669139  -0.81631243]
 [-0.55165833  0.34880805 -0.47087827]]","[[-0.21141905  0.97155553  0.10668712]
 [-0.59192234 -0.21413362  0.77702945]
 [ 0.7777724   0.10112835  0.6203572 ]]"
20200220-231649.013926,33,[1.7194446 0.9690509 0.7064982],"[[ 0.64517564 -0.3497737  -0.2007006 ]
 [ 0.42880145  0.85200185  0.27609438]
 [ 0.3067062   0.1734809  -0.81332767]
 [-0.5530001   0.34879184 -0.4711573 ]]","[[-0.21088439  0.97139096  0.10921306]
 [-0.5908057  -0.21566994  0.77745426]
 [ 0.778766    0.09942923  0.61938477]]"
20200220-231649.013926,34,[1.7256415 0.9694692 0.709158 ],"[[ 0.6433807  -0.35564467 -0.20595972]
 [ 0.43271285  0.8506205   0.2717185 ]
 [ 0.30384943  0.17296685 -0.81247735]
 [-0.5536215   0.34647402 -0.47289577]]","[[-0.20654295  0.97242856  0.10827108]
 [-0.58775747 -0.21177718  0.78082764]
 [ 0.7822284   0.09763725  0.6152932 ]]"
20200220-231649.013926,35,[1.7289169  0.96852267 0.70870703],"[[ 0.64297277 -0.35648552 -0.21442966]
 [ 0.43242407  0.8483273   0.2764512 ]
 [ 0.3013881   0.18219517 -0.80925184]
 [-0.5556625   0.34650195 -0.47191802]]","[[-0.20775265  0.97128034  0.11598764]
 [-0.5864325  -0.2185748   0.7799501 ]
 [ 0.78290224  0.09401767  0.6149999 ]]"
20200220-231649.013926,36,[1.7316425 0.9710131 0.7102877],"[[ 0.64220864 -0.3592616  -0.21975432]
 [ 0.4327455   0.8482399   0.27349323]
 [ 0.29873073  0.18385494 -0.807873  ]
 [-0.55772644  0.34295332 -0.4735506 ]]","[[-0.20871022  0.9713281   0.11384892]
 [-0.585292   -0.21732116  0.7811559 ]
 [ 0.78350073  0.09640037  0.61386764]]"
20200220-231649.013926,37,[1.7358824 0.9717258 0.7105965],"[[ 0.64107794 -0.36221993 -0.22681607]
 [ 0.434432    0.8461274   0.27442023]
 [ 0.29629233  0.18893051 -0.8054741 ]
 [-0.55901533  0.3423024  -0.47377163]]","[[-0.20744254  0.9712217   0.11703113]
 [-0.5834948  -0.21886668  0.78206855]
 [ 0.7851759   0.09394728  0.612105  ]]"
20200220-231649.013926,38,[1.7404366  0.97205436 0.7126809 ],"[[ 0.63975835 -0.36632976 -0.23232059]
 [ 0.43656695  0.8449763   0.2716219 ]
 [ 0.2935705   0.19048469 -0.80415   ]
 [-0.5602991   0.33990225 -0.47496518]]","[[-0.20561482  0.9715761   0.11731367]
 [-0.5813231  -0.21769154  0.78401154]
 [ 0.787265    0.0930072   0.6095602 ]]"
20200220-231649.013926,39,[1.7461575  0.9748346  0.71376044],"[[ 0.63805526 -0.37116435 -0.23737673]
 [ 0.43982273  0.84342223  0.2683747 ]
 [ 0.291137    0.19098553 -0.8029651 ]
 [-0.56096447  0.33823153 -0.4763136 ]]","[[-0.20225182  0.97254246  0.11513053]
 [-0.5789624  -0.21355498  0.78689075]
 [ 0.7898716   0.09249379  0.6062574 ]]"
20200220-231649.013926,40,[1.7507141 0.9757474 0.714119 ],"[[ 0.63700926 -0.37385848 -0.24376148]
 [ 0.44127312  0.8415906   0.26865986]
 [ 0.2887133   0.19543253 -0.80082667]
 [-0.5622649   0.3372858  -0.4765283 ]]","[[-0.20121875  0.97247577  0.11748186]
 [-0.57715464 -0.21460892  0.78793126]
 [ 0.7914566   0.09074135  0.6044524 ]]"
20200220-231649.013926,41,[1.7523179  0.97642547 0.7150344 ],"[[ 0.6369345  -0.374308   -0.24996957]
 [ 0.43974885  0.84124863  0.26897296]
 [ 0.2859857   0.20080154 -0.7986631 ]
 [-0.5649312   0.33447415 -0.47676608]]","[[-0.20456438  0.97150594  0.11970624]
 [-0.5765585  -0.21841411  0.7873217 ]
 [ 0.7910333   0.09204035  0.6048098 ]]"
20200220-231649.013926,42,[1.7551801  0.97732764 0.71479714],"[[ 0.6364762  -0.37505046 -0.2569678 ]
 [ 0.43948516  0.8396176   0.27122647]
 [ 0.2835104   0.2075461  -0.7959523 ]
 [-0.56689763  0.33362335 -0.4763022 ]]","[[-0.20603931  0.9706947   0.12369228]
 [-0.5755584  -0.22244301  0.7869255 ]
 [ 0.7913789   0.09094545  0.6045234 ]]"
20200220-231649.013926,43,[1.7610713  0.97662926 0.71583986],"[[ 0.63488877 -0.3789074  -0.26346663]
 [ 0.44266358  0.8368566   0.2713018 ]
 [ 0.2809442   0.21162137 -0.7938835 ]
 [-0.5674823   0.33364165 -0.47616214]]","[[-0.20236623  0.9709258   0.12787093]
 [-0.5726845  -0.22324634  0.7887926 ]
 [ 0.79440576  0.08639527  0.6012118 ]]"
20200220-231649.013926,44,[1.763321   0.9793614  0.71582735],"[[ 0.6342847  -0.38022733 -0.26952168]
 [ 0.44254145  0.83582115  0.27133238]
 [ 0.2785336   0.21620664 -0.7916037 ]
 [-0.5694377   0.33179033 -0.47655076]]","[[-0.20394696  0.97054094  0.12828077]
 [-0.5720132  -0.22447781  0.7889301 ]
 [ 0.79448503  0.08752155  0.60094404]]"
20200220-231649.013926,45,[1.768623   0.98045367 0.7170277 ],"[[ 0.63253635 -0.38460043 -0.27515963]
 [ 0.4457804   0.8336018   0.26942858]
 [ 0.27608576  0.21839972 -0.78992015]
 [-0.57004786  0.33089614 -0.47720233]]","[[-0.20045176  0.97115827  0.12911542]
 [-0.5694855  -0.22274087  0.7912477 ]
 [ 0.7971861   0.08507764  0.5977093 ]]"
20200220-231649.013926,46,[1.7758936 0.9844827 0.7162846],"[[ 0.63004744 -0.39013386 -0.28095767]
 [ 0.4512078   0.8299837   0.26837397]
 [ 0.27428228  0.2204046  -0.7879046 ]
 [-0.56940424  0.33218116 -0.47774926]]","[[-0.19370545  0.9726272   0.1283519 ]
 [-0.56635165 -0.21769035  0.7948941 ]
 [ 0.8010767   0.081283    0.593017  ]]"
20200220-231649.013926,47,[1.7810342  0.98526216 0.7184345 ],"[[ 0.6288098  -0.39356863 -0.2853871 ]
 [ 0.45289734  0.82908696  0.2650143 ]
 [ 0.27148685  0.22149606 -0.78701437]
 [-0.57076913  0.32963365 -0.4784665 ]]","[[-0.19232512  0.972963    0.12788336]
 [-0.56411    -0.21624684  0.7968799 ]
 [ 0.80298895  0.08111972  0.5904478 ]]"
20200220-231649.013926,48,[1.7874638  0.98628557 0.71939766],"[[ 0.62717146 -0.39718717 -0.2906669 ]
 [ 0.45571202  0.8269122   0.26364806]
 [ 0.26906148  0.22408079 -0.78547704]
 [-0.57147914  0.32900742 -0.4785688 ]]","[[-0.18920363  0.9734049   0.12916985]
 [-0.5615148  -0.21517     0.79900134]
 [ 0.8055453   0.07864312  0.5872922 ]]"
20200220-231649.013926,49,[1.7889782 0.9870465 0.7204416],"[[ 0.62723404 -0.3970874  -0.2960971 ]
 [ 0.45397747  0.8268088   0.2634091 ]
 [ 0.2661556   0.22889389 -0.78359956]
 [-0.5741459   0.3260622  -0.47844958]]","[[-0.19288039  0.9724395   0.1309906 ]
 [-0.5609707  -0.21881288  0.798394  ]
 [ 0.8050523   0.08051264  0.58771485]]"
20200220-231649.013926,50,[1.7921038  0.98825264 0.72032547],"[[ 0.62695324 -0.39727736 -0.30206662]
 [ 0.4533767   0.82563007  0.26463   ]
 [ 0.26359522  0.23461248 -0.7812285 ]
 [-0.576105    0.32474977 -0.477921  ]]","[[-0.1947532   0.9716799   0.13382553]
 [-0.5600065  -0.22216693  0.7981446 ]
 [ 0.80527276  0.08049808  0.58741474]]"
20200220-231649.013926,51,[1.798814  0.9918441 0.720558 ],"[[ 0.6248004  -0.40206394 -0.30678642]
 [ 0.45747474  0.82305694  0.26221666]
 [ 0.26159784  0.23574671 -0.7797988 ]
 [-0.57611436  0.3245691  -0.47857937]]","[[-0.19000389  0.9728587   0.13207734]
 [-0.5573591  -0.21763295  0.8012408 ]
 [ 0.80823857  0.07862439  0.58358264]]"
20200220-231649.013926,52,[1.8035853 0.9928744 0.7210041],"[[ 0.6238578  -0.4038802  -0.31212357]
 [ 0.4584949   0.8214621   0.26189014]
 [ 0.25915092  0.23967566 -0.7779016 ]
 [-0.5774295   0.32347596 -0.4783949 ]]","[[-0.18948597  0.97270703  0.13392708]
 [-0.55564374 -0.21868427  0.8021456 ]
 [ 0.80954015  0.07757959  0.58191615]]"
20200220-231649.013926,53,[1.8089607  0.99369454 0.72315013],"[[ 0.6226362  -0.4071023  -0.31599027]
 [ 0.46007317  0.82061166  0.25835744]
 [ 0.25636485  0.24055555 -0.7772302 ]
 [-0.5787352   0.32093227 -0.4788688 ]]","[[-0.18823169  0.97304344  0.13324969]
 [-0.5534186  -0.21717018  0.8040928 ]
 [ 0.8113549   0.07761285  0.5793788 ]]"
20200220-231649.013926,54,[1.8122942  0.99435127 0.7247661 ],"[[ 0.62203634 -0.40862876 -0.32050413]
 [ 0.4600235   0.8201038   0.25637305]
 [ 0.2534975   0.24332441 -0.7759691 ]
 [-0.58067936  0.31819144 -0.47898024]]","[[-0.18944007  0.9727235   0.13387167]
 [-0.5520776  -0.21826802  0.8047172 ]
 [ 0.81198704  0.07853811  0.5783675 ]]"
20200220-231649.013926,55,[1.8153628  0.99707025 0.7265089 ],"[[ 0.62135744 -0.41071188 -0.3240222 ]
 [ 0.46003506  0.82017684  0.2525894 ]
 [ 0.25062945  0.24420078 -0.77534086]
 [-0.5826386   0.3146293  -0.47964025]]","[[-0.19081278  0.9728342   0.13108847]
 [-0.55095196 -0.21666148  0.80592173]
 [ 0.81243     0.08155673  0.5773266 ]]"
20200220-231649.013926,56,[1.8203497  0.99813867 0.72694707],"[[ 0.6204337  -0.4123916  -0.32896718]
 [ 0.46107218  0.8186112   0.25216842]
 [ 0.24815856  0.24791603 -0.7736315 ]
 [-0.5838599   0.31360236 -0.4792551 ]]","[[-0.19026846  0.97270733  0.13280956]
 [-0.5492186  -0.21759547  0.8068527 ]
 [ 0.81373036  0.08057713  0.5756304 ]]"
20200220-231649.013926,57,[1.8257096 1.0014635 0.7283264],"[[ 0.618583   -0.41676602 -0.33266488]
 [ 0.46394563  0.8170714   0.24808933]
 [ 0.24582979  0.24799708 -0.7728152 ]
 [-0.5845319   0.31176642 -0.48014832]]","[[-0.18739232  0.9736707   0.12980674]
 [-0.54699147 -0.21319848  0.809535  ]
 [ 0.8158951   0.08069745  0.5725413 ]]"
20200220-231649.013926,58,[1.831186   1.0067984  0.72788876],"[[ 0.6170612  -0.4198572  -0.33661464]
 [ 0.4661551   0.81541234  0.24589369]
 [ 0.24392125  0.24944659 -0.7714907 ]
 [-0.5851814   0.31080338 -0.48065475]]","[[-0.18553875  0.97447634  0.12637782]
 [-0.54548275 -0.20911571  0.8116152 ]
 [ 0.8173275   0.08164918  0.5703591 ]]"
20200220-231649.013926,59,[1.8369905 1.0079165 0.7291395],"[[ 0.61532086 -0.42347872 -0.34101894]
 [ 0.46887693  0.8133201   0.24363102]
 [ 0.24158792  0.25136507 -0.7701713 ]
 [-0.5858073   0.30982608 -0.48081887]]","[[-0.1825982   0.97497094  0.12684518]
 [-0.5430366  -0.20756043  0.81365234]
 [ 0.81961536  0.07968991  0.5673449 ]]"
20200220-231649.013926,60,[1.839724  1.0103631 0.7309463],"[[ 0.61454695 -0.42567793 -0.34445176]
 [ 0.46892747  0.8132241   0.23976766]
 [ 0.2387696   0.25233662 -0.76945364]
 [-0.5877311   0.3062528  -0.481462  ]]","[[-0.18396024  0.97503823  0.12433445]
 [-0.54202604 -0.20615043  0.814684  ]
 [ 0.81997955  0.08247694  0.5664196 ]]"
20200220-231649.013926,61,[1.8436158 1.0135756 0.7316836],"[[ 0.61359113 -0.42769018 -0.3483475 ]
 [ 0.46978113  0.81229043  0.23752728]
 [ 0.23622844  0.25431213 -0.76834553]
 [-0.58907354  0.30428728 -0.4815395 ]]","[[-0.18389904  0.97524965  0.12275701]
 [-0.5405374  -0.20464535  0.81605124]
 [ 0.82097524  0.08371629  0.5647931 ]]"
20200220-231649.013926,62,[1.8494207  1.016591   0.73295105],"[[ 0.6118571  -0.43157881 -0.35153466]
 [ 0.47239044  0.8107718   0.23382643]
 [ 0.23391365  0.25454223 -0.76776177]
 [-0.58971393  0.30265042 -0.48196518]]","[[-0.18123044  0.97606856  0.12019122]
 [-0.53824216 -0.2007306   0.81853694]
 [ 0.82307416  0.0836518   0.5617398 ]]"
20200220-231649.013926,63,[1.8534927  1.0178277  0.73365766],"[[ 0.61092055 -0.43307334 -0.35629144]
 [ 0.47323695  0.8092861   0.2330702 ]
 [ 0.23134822  0.25817633 -0.7660661 ]
 [-0.59101677  0.30141136 -0.48153684]]","[[-0.18102382  0.9759151   0.12173828]
 [-0.53661215 -0.20174575  0.81935716]
 [ 0.82418317  0.08299689  0.5602088 ]]"
20200220-231649.013926,64,[1.8588798 1.0182564 0.735751 ],"[[ 0.60962605 -0.43609616 -0.35958254]
 [ 0.47468624  0.8082697   0.22955537]
 [ 0.22863592  0.25911286 -0.76550657]
 [-0.5922459   0.2989661  -0.4816688 ]]","[[-0.17991051  0.9761677   0.12136248]
 [-0.53450733 -0.20058447  0.82101625]
 [ 0.825793    0.08284034  0.55785596]]"
20200220-231649.013926,65,[1.8631108 1.0194994 0.7344823],"[[ 0.60915285 -0.43522397 -0.36601627]
 [ 0.47471035  0.8060815   0.232917  ]
 [ 0.22638693  0.26649463 -0.7624053 ]
 [-0.5935753   0.29965565 -0.48012498]]","[[-0.18073827  0.9753635   0.12649047]
 [-0.5334214  -0.20526044  0.82056683]
 [ 0.8263143   0.08083512  0.5573782 ]]"
20200220-231649.013926,66,[1.869821   1.0188104  0.73551285],"[[ 0.6076939  -0.4375628  -0.37063986]
 [ 0.47696388  0.8037507   0.23232764]
 [ 0.22398254  0.26993304 -0.7608213 ]
 [-0.5941769   0.2994329  -0.47937617]]","[[-0.17803662  0.97541153  0.12990586]
 [-0.5307272  -0.20635043  0.8220392 ]
 [ 0.82863253  0.07740849  0.55441535]]"
20200220-231649.013926,67,[1.8744043  1.0218842  0.73607415],"[[ 0.60670817 -0.43925363 -0.3744049 ]
 [ 0.47778514  0.8026809   0.23048204]
 [ 0.22150937  0.27220243 -0.7596801 ]
 [-0.59544957  0.29776767 -0.47915053]]","[[-0.17805561  0.9755485   0.12884755]
 [-0.5293529  -0.2053395   0.8231776 ]
 [ 0.829507    0.07836558  0.5529713 ]]"
20200220-231649.013926,68,[1.8802801  1.0226227  0.73811436],"[[ 0.60559225 -0.44185245 -0.37717664]
 [ 0.47899467  0.8019138   0.2270303 ]
 [ 0.21870431  0.27290076 -0.7594711 ]
 [-0.5966495   0.29534027 -0.47895557]]","[[-0.17720439  0.97579104  0.12818106]
 [-0.52719414 -0.2040948   0.8248707 ]
 [ 0.8310625   0.0785944   0.5505978 ]]"
20200220-231649.013926,69,[1.8839339  1.0232556  0.73970723],"[[ 0.60513496 -0.44282386 -0.38068473]
 [ 0.47865283  0.80160666  0.2248173 ]
 [ 0.21568242  0.27522746 -0.75865585]
 [-0.59848505  0.29254678 -0.47851628]]","[[-0.1787725   0.9754488   0.1286079 ]
 [-0.52590317 -0.20521042  0.8254179 ]
 [ 0.8315446   0.07992669  0.5496776 ]]"
20200220-231649.013926,70,[1.8899151  1.0240583  0.74169075],"[[ 0.6040102  -0.4454127  -0.38334566]
 [ 0.47986916  0.80081856  0.22136691]
 [ 0.21289434  0.2758796  -0.7584834 ]
 [-0.5996443   0.2901511  -0.47827417]]","[[-0.1778996   0.9757051   0.12787285]
 [-0.52375317 -0.20389391  0.82710946]
 [ 0.8330873   0.08016858  0.5473013 ]]"
20200220-231649.013926,71,[1.8945596 1.0254706 0.7404156],"[[ 0.60371196 -0.4442186  -0.38904345]
 [ 0.47972578  0.7989897   0.22431837]
 [ 0.21058886  0.28254795 -0.7557305 ]
 [-0.6008721   0.29060635 -0.47665262]]","[[-0.1789345   0.9749234   0.13231288]
 [-0.5226801  -0.20813213  0.82673246]
 [ 0.8335393   0.07877363  0.5468151 ]]"
20200220-231649.013926,72,[1.9000444 1.0290473 0.7399657],"[[ 0.6024538  -0.44577092 -0.3932402 ]
 [ 0.48138478  0.7970324   0.22391032]
 [ 0.20853746  0.2857672  -0.75404346]
 [-0.6015232   0.29045588 -0.47607198]]","[[-0.17752613  0.9751912   0.13223737]
 [-0.5209812  -0.20712632  0.8280564 ]
 [ 0.834903    0.07810847  0.5448266 ]]"
20200220-231649.013926,73,[1.9062165 1.0321721 0.7411672],"[[ 0.6007624  -0.44932225 -0.39577913]
 [ 0.48374483  0.79558015  0.22021669]
 [ 0.20631918  0.28589025 -0.7536925 ]
 [-0.6020861   0.2888398  -0.476247  ]]","[[-0.17513536  0.97598696  0.12952666]
 [-0.5187809  -0.20329542  0.8303839 ]
 [ 0.83677596  0.07823364  0.54192764]]"
20200220-231649.013926,74,[1.9112084 1.0317239 0.7416875],"[[ 0.6001878  -0.44943702 -0.4005192 ]
 [ 0.48408136  0.794072    0.2207878 ]
 [ 0.20361061  0.29060224 -0.7517964 ]
 [-0.60330975  0.2881084  -0.47501504]]","[[-0.17528673  0.9754143   0.13357285]
 [-0.51695806 -0.20665447  0.83069146]
 [ 0.8378716   0.07655764  0.54047203]]"
20200220-231649.013926,75,[1.9175298  1.0315869  0.74103045],"[[ 0.59925836 -0.4493518  -0.40620407]
 [ 0.48534667  0.7914293   0.22326876]
 [ 0.2014539   0.29682955 -0.7489863 ]
 [-0.60394067  0.28916305 -0.4734648 ]]","[[-0.1739114   0.97486484  0.13926116]
 [-0.51489073 -0.21056306  0.8309939 ]
 [ 0.83942974  0.07281503  0.5385682 ]]"
20200220-231649.013926,76,[1.9233097 1.0321077 0.7431056],"[[ 0.5980361  -0.45206976 -0.40873235]
 [ 0.48657322  0.7905819   0.21958265]
 [ 0.19875436  0.29740873 -0.7487635 ]
 [-0.6050587   0.2866386  -0.4733652 ]]","[[-0.17305769  0.9751193   0.13854147]
 [-0.5128728  -0.20930807  0.8325573 ]
 [ 0.8408404   0.0730263   0.5363345 ]]"
20200220-231649.013926,77,[1.9270582 1.0327681 0.7446737],"[[ 0.59764606 -0.45277807 -0.41186073]
 [ 0.48607734  0.790409    0.21729752]
 [ 0.19566658  0.29952973 -0.74809057]
 [-0.6068462   0.28377345 -0.47277173]]","[[-0.1748438   0.9747569   0.13884789]
 [-0.5116488  -0.21043457  0.8330263 ]
 [ 0.84121644  0.07460814  0.5355263 ]]"
20200220-231649.013926,78,[1.9337581  1.0341097  0.74384636],"[[ 0.59665585 -0.45310974 -0.41660127]
 [ 0.4873852   0.7881264   0.21872264]
 [ 0.19370882  0.30441785 -0.7458029 ]
 [-0.6073997   0.28439096 -0.47157407]]","[[-0.17360783  0.9745113   0.14208461]
 [-0.5099089  -0.2123791   0.8335997 ]
 [ 0.8425279   0.07226921  0.53378266]]"
20200220-231649.013926,79,[1.9370335 1.0354115 0.7437371],"[[ 0.5968362  -0.45169148 -0.42095295]
 [ 0.4860473   0.78769577  0.21940328]
 [ 0.19076611  0.30914876 -0.74395794]
 [-0.6092234   0.2827315  -0.47030607]]","[[-0.17654464  0.97363544  0.14445113]
 [-0.5092088  -0.21593533  0.83311373]
 [ 0.84234107  0.07352599  0.53390586]]"
20200220-231649.013926,80,[1.9458804  1.0387918  0.74528074],"[[ 0.59453756 -0.45665294 -0.4223387 ]
 [ 0.4897469   0.7858478   0.21459198]
 [ 0.1889001   0.30764577 -0.74440855]
 [-0.6090891   0.2815408  -0.47057036]]","[[-0.17193219  0.97503537  0.14051859]
 [-0.5062335  -0.2098173   0.8364835 ]
 [ 0.845084    0.07268324  0.5296699 ]]"
20200220-231649.013926,81,[1.9505987  1.0417807  0.74585277],"[[ 0.59361655 -0.45819834 -0.4253098 ]
 [ 0.49035293  0.7849747   0.21228664]
 [ 0.18648198  0.30936256 -0.7435167 ]
 [-0.6102441   0.2795784  -0.47034964]]","[[-0.17223865  0.97520083  0.13898586]
 [-0.5050425  -0.20856291  0.83751625]
 [ 0.84573376  0.07405893  0.52844054]]"
20200220-231649.013926,82,[1.9536334  1.0429186  0.74576813],"[[ 0.59375674 -0.45661557 -0.42987865]
 [ 0.48898774  0.7844615   0.21314962]
 [ 0.18349825  0.31438822 -0.741491  ]
 [-0.61210483  0.27799675 -0.46900153]]","[[-0.1752546   0.9742552   0.14181902]
 [-0.5043957  -0.21255848  0.8369013 ]
 [ 0.84550035  0.07513789  0.528662  ]]"
20200220-231649.013926,83,[1.9604006 1.0415559 0.7475609],"[[ 0.5928653  -0.4581262  -0.43273088]
 [ 0.4898644   0.78343576  0.21116649]
 [ 0.18071291  0.31633016 -0.74095154]
 [-0.6130965   0.27619663 -0.46812806]]","[[-0.17452332  0.97406775  0.14399278]
 [-0.50215214 -0.21383761  0.8379243 ]
 [ 0.846986    0.07393103  0.5264498 ]]"
20200220-231649.013926,84,[1.9687654 1.0434313 0.7474517],"[[ 0.5911275  -0.46025258 -0.43640685]
 [ 0.49268192  0.780753    0.21081683]
 [ 0.17902422  0.3192421  -0.7393993 ]
 [-0.61301196  0.27690658 -0.4673267 ]]","[[-0.1709946   0.9744765   0.14545219]
 [-0.4996323  -0.2129987   0.83964235]
 [ 0.8491929   0.07090168  0.52330154]]"
20200220-231649.013926,85,[1.9736059 1.0464265 0.748019 ],"[[ 0.5902449  -0.46171078 -0.43913278]
 [ 0.4932398   0.77995145  0.20847817]
 [ 0.17659697  0.32080624 -0.73863876]
 [-0.6141163   0.27492183 -0.4670247 ]]","[[-0.17137861  0.97465014  0.14382781]
 [-0.49846962 -0.21170399  0.8406601 ]
 [ 0.84979844  0.07237737  0.52211505]]"
20200220-231649.013926,86,[1.9775294 1.0471283 0.7495522],"[[ 0.58992404 -0.46223062 -0.4418706 ]
 [ 0.4926155   0.7799116   0.20610566]
 [ 0.17344113  0.32267278 -0.738127  ]
 [-0.61582303  0.27196175 -0.4663042 ]]","[[-0.17334077  0.97428125  0.1439759 ]
 [-0.4973075  -0.212771    0.841079  ]
 [ 0.85008126  0.07419299  0.5213992 ]]"
20200220-231649.013926,87,[1.9803008  1.0503042  0.74965614],"[[ 0.58987993 -0.46172276 -0.44518936]
 [ 0.49149084  0.77984405  0.20499104]
 [ 0.17052342  0.32560003 -0.7369126 ]
 [-0.61757576  0.2695177  -0.46555898]]","[[-0.17634279  0.97384876  0.14325364]
 [-0.49690926 -0.21370244  0.8410782 ]
 [ 0.84969664  0.07713398  0.5215994 ]]"
20200220-231649.013926,88,[1.9856431  1.0498955  0.75008446],"[[ 0.5894618  -0.4612924  -0.449237  ]
 [ 0.49158826  0.7786379   0.20540774]
 [ 0.167762    0.32980874 -0.73520297]
 [-0.61865324  0.26862296 -0.46418768]]","[[-0.17681049  0.97320795  0.1469846 ]
 [-0.49521106 -0.2170208   0.8412301 ]
 [ 0.8505904   0.07594991  0.5203149 ]]"
20200220-231649.013926,89,[1.9923744 1.0498021 0.7493647],"[[ 0.58871645 -0.46061394 -0.4541101 ]
 [ 0.49259067  0.7763729   0.20759879]
 [ 0.16561905  0.3353973  -0.7325933 ]
 [-0.6191427   0.2694229  -0.462595  ]]","[[-0.17581148  0.9725906   0.15217657]
 [-0.49330312 -0.22081657  0.8413632 ]
 [ 0.85190505  0.07285215  0.5186041 ]]"
20200220-231649.013926,90,[1.9987358  1.0552914  0.75060606],"[[ 0.5870388  -0.46450284 -0.45502135]
 [ 0.49469295  0.77551883  0.20254613]
 [ 0.16349672  0.33381465 -0.73326916]
 [-0.6196235   0.26716238 -0.46286848]]","[[-0.17400096  0.9738273   0.14623383]
 [-0.49147198 -0.21456082  0.84404916]
 [ 0.8533342   0.07499553  0.51594263]]"
20200220-231649.013926,91,[2.002503   1.0582387  0.75223434],"[[ 0.586609   -0.46571875 -0.45676813]
 [ 0.494146    0.7758902   0.19877067]
 [ 0.16032021  0.33409283 -0.733483  ]
 [-0.6212945   0.26359504 -0.46244514]]","[[-0.17612793  0.9738743   0.1433457 ]
 [-0.49051473 -0.21308447  0.8449795 ]
 [ 0.8534485   0.0785113   0.51522976]]"
20200220-231649.013926,92,[2.005936   1.060831   0.75394624],"[[ 0.58601505 -0.46728393 -0.45861536]
 [ 0.49377275  0.77605176  0.19475468]
 [ 0.15725216  0.3343779  -0.7335403 ]
 [-0.6229337   0.25996247 -0.46223494]]","[[-0.178062    0.97392744  0.1405675 ]
 [-0.48962638 -0.21160221  0.8458668 ]
 [ 0.8535572   0.0817912   0.5145388 ]]"
20200220-231649.013926,93,[2.010621   1.061762   0.75528055],"[[ 0.5859154  -0.46731633 -0.4609316 ]
 [ 0.49295646  0.77624327  0.19274251]
 [ 0.1539568   0.33606315 -0.7333341 ]
 [-0.6244953   0.25714442 -0.46110034]]","[[-0.18021771  0.97351295  0.1406919 ]
 [-0.48839006 -0.21271852  0.84630144]
 [ 0.8538131   0.08380599  0.5137897 ]]"
20200220-231649.013926,94,[2.014846  1.0608879 0.754875 ],"[[ 0.5864562  -0.46427453 -0.46568096]
 [ 0.49124357  0.77577627  0.19518402]
 [ 0.1507224   0.34207034 -0.7309965 ]
 [-0.6261241   0.25614092 -0.45900816]]","[[-0.18339184  0.972092    0.14630301]
 [-0.4874925  -0.21916994  0.845172  ]
 [ 0.8536502   0.08367601  0.5140815 ]]"
20200220-231649.013926,95,[2.0204775  1.0605243  0.75524753],"[[ 0.5860522  -0.46381655 -0.46939817]
 [ 0.49136114  0.77464247  0.19545786]
 [ 0.14798956  0.3459642  -0.7293782 ]
 [-0.6270611   0.25517052 -0.45767757]]","[[-0.18384756  0.97147965  0.14975797]
 [-0.48583362 -0.22225179  0.8453223 ]
 [ 0.85449725  0.08265305  0.51283795]]"
20200220-231649.013926,96,[2.0248551 1.0612043 0.756664 ],"[[ 0.5857632  -0.46425313 -0.47175157]
 [ 0.49074623  0.7746366   0.19309835]
 [ 0.14482334  0.34754345 -0.7290101 ]
 [-0.62855023  0.25223106 -0.45684522]]","[[-0.18578283  0.97110456  0.14980118]
 [-0.4846899  -0.22318782  0.84573215]
 [ 0.8547282   0.08451542  0.51214916]]"
20200220-231649.013926,97,[2.0300505 1.060026  0.7577868],"[[ 0.5857429  -0.46354717 -0.47480538]
 [ 0.4899061   0.77440834  0.19243771]
 [ 0.14157592  0.3505815  -0.72807604]
 [-0.62996334  0.25001752 -0.45544788]]","[[-0.18768468  0.9702775   0.15276201]
 [-0.48328802 -0.22662032  0.8456215 ]
 [ 0.8551065   0.08488219  0.51145667]]"
20200220-231649.013926,98,[2.0353262 1.0588337 0.7588915],"[[ 0.58572274 -0.4628149  -0.4778063 ]
 [ 0.4890944   0.7741788   0.1918232 ]
 [ 0.13832986  0.3535812  -0.7271721 ]
 [-0.63133246  0.24785078 -0.45401105]]","[[-0.18954676  0.96944094  0.1557457 ]
 [-0.48188215 -0.23005196  0.8454974 ]
 [ 0.85548925  0.08521025  0.5107618 ]]"
20200220-231649.013926,99,[2.0398495 1.059637  0.7602194],"[[ 0.58539873 -0.4632681  -0.48013112]
 [ 0.48852423  0.7741229   0.18947335]
 [ 0.13520266  0.3551252  -0.7267593 ]
 [-0.63275045  0.24495442 -0.45320505]]","[[-0.19140097  0.96908337  0.15570243]
 [-0.48075694 -0.2308661   0.8459159 ]
 [ 0.85570943  0.08705408  0.5100815 ]]"
20200220-231649.013926,100,[2.04647   1.06359   0.7594955],"[[ 0.58453053 -0.46402806 -0.48278058]
 [ 0.48967734  0.7727897   0.18880288]
 [ 0.1331993   0.35735458 -0.7256799 ]
 [-0.63308626  0.24448225 -0.45239908]]","[[-0.1906498   0.96939     0.15471135]
 [-0.4792898  -0.22946088  0.8471299 ]
 [ 0.85669935  0.08735357  0.50836545]]"
20200220-231649.013926,101,[2.0490413  1.0644673  0.76039726],"[[ 0.5850325  -0.46246004 -0.48570746]
 [ 0.48744696  0.7735227   0.1876432 ]
 [ 0.12943672  0.36010888 -0.72483116]
 [-0.63512105  0.2410697  -0.45110816]]","[[-0.19509295  0.9683648   0.15559001]
 [-0.47884312 -0.23248948  0.8465566 ]
 [ 0.8559487   0.09065399  0.5090519 ]]"
20200220-231649.013926,102,[2.05757   1.0657891 0.7608659],"[[ 0.5837795  -0.46426135 -0.487916  ]
 [ 0.4892774   0.7719056   0.18614946]
 [ 0.12748018  0.3616657  -0.7242144 ]
 [-0.63526195  0.2404595  -0.45033327]]","[[-0.19308068  0.9687079   0.15596363]
 [-0.47677532 -0.23155569  0.84797835]
 [ 0.85755754  0.08936866  0.50656503]]"
20200220-231649.013926,103,[2.0642366 1.0698234 0.7601031],"[[ 0.582933   -0.4649527  -0.4905403 ]
 [ 0.49036995  0.77059317  0.18548426]
 [ 0.12549731  0.36390904 -0.72308683]
 [-0.6355917   0.23994835 -0.44956788]]","[[-0.19240865  0.96900505  0.15494543]
 [-0.47535303 -0.23016857  0.84915364]
 [ 0.85849786  0.08973072  0.5049059 ]]"
20200220-231649.013926,104,[2.0711489  1.073568   0.76117945],"[[ 0.58137745 -0.46822238 -0.49180558]
 [ 0.49236107  0.7693291   0.18162169]
 [ 0.12351123  0.36352953 -0.7232423 ]
 [-0.63586617  0.23821637 -0.4495124 ]]","[[-0.19055776  0.96990657  0.15155539]
 [-0.4735402  -0.22605392  0.8512691 ]
 [ 0.8599112   0.09044839  0.5023661 ]]"
20200220-231649.013926,105,[2.076366   1.0745175  0.76235116],"[[ 0.5813108  -0.4681503  -0.49375796]
 [ 0.49153745  0.7695788   0.17967293]
 [ 0.12022685  0.36491176 -0.7231517 ]
 [-0.6371925   0.2354205  -0.44829965]]","[[-0.19270796  0.96948206  0.15155269]
 [-0.4723656  -0.22702876  0.85166234]
 [ 0.86007816  0.09253383  0.50170016]]"
20200220-231649.013926,106,[2.0798635 1.077739  0.7622589],"[[ 0.5813773  -0.4672758  -0.49654645]
 [ 0.49027094  0.7696945   0.17859145]
 [ 0.11714622  0.36741018 -0.7220971 ]
 [-0.6386792   0.23288053 -0.44735053]]","[[-0.1958931   0.968969    0.15074845]
 [-0.47199726 -0.22791532  0.85162973]
 [ 0.8595606   0.09567558  0.5019978 ]]"
20200220-231649.013926,107,[2.0843942 1.0807079 0.7636557],"[[ 0.5810182  -0.4683427  -0.49785957]
 [ 0.4896591   0.7700774   0.17500688]
 [ 0.11395233  0.36743677 -0.7224838 ]
 [-0.64005214  0.22940345 -0.4466831 ]]","[[-0.19804327  0.9689725   0.14788893]
 [-0.47107995 -0.2264002   0.8525412 ]
 [ 0.8595711   0.09917258  0.5013007 ]]"
20200220-231649.013926,108,[2.0914083  1.084469   0.76469356],"[[ 0.5794957  -0.47154832 -0.4990054 ]
 [ 0.49163032  0.7687909   0.17125759]
 [ 0.11199713  0.36706895 -0.72267175]
 [-0.6402665   0.22773536 -0.4465535 ]]","[[-0.19621542  0.9698407   0.14459777]
 [-0.4692998  -0.22236097  0.8545837 ]
 [ 0.8609629   0.0998228   0.49877667]]"
20200220-231649.013926,109,[2.0975907  1.083895   0.76299006],"[[ 0.5797636  -0.467961   -0.5041694 ]
 [ 0.49079987  0.7675371   0.17524292]
 [ 0.10936218  0.37393788 -0.71940124]
 [-0.641116    0.22818792 -0.44448304]]","[[-0.19798698  0.9684587   0.15129042]
 [-0.4682768  -0.22904505  0.85337865]
 [ 0.86111444  0.09811205  0.4988547 ]]"
20200220-231649.013926,110,[2.1042018 1.0858653 0.7623427],"[[ 0.5788601  -0.46809348 -0.507594  ]
 [ 0.49191824  0.76575166  0.17552136]
 [ 0.10742182  0.37749508 -0.71744215]
 [-0.6414032   0.22805889 -0.44364098]]","[[-0.19718006  0.96834874  0.15303864]
 [-0.4668241  -0.23001048  0.8539148 ]
 [ 0.86208785  0.09693283  0.49740204]]"
20200220-231649.013926,111,[2.1091714 1.0865437 0.7635964],"[[ 0.5786008  -0.46846548 -0.5095216 ]
 [ 0.49127805  0.7657924   0.17314354]
 [ 0.10428131  0.3787267  -0.717197  ]
 [-0.6426449   0.22509572 -0.44276115]]","[[-0.19911653  0.96797144  0.15291806]
 [-0.46575943 -0.23076816  0.8542917 ]
 [ 0.8622186   0.09888055  0.49679157]]"
20200220-231649.013926,112,[2.1171603 1.0850756 0.7649639],"[[ 0.5778213  -0.46977547 -0.51123965]
 [ 0.49215817  0.76484984  0.17128032]
 [ 0.10183416  0.37999544 -0.7169982 ]
 [-0.643065    0.22342588 -0.44182646]]","[[-0.19835344  0.9678493   0.15467298]
 [-0.46380562 -0.23170789  0.85510004]
 [ 0.86344683  0.09787382  0.4948539 ]]"
20200220-231649.013926,113,[2.1225557 1.0866942 0.7654171],"[[ 0.5772371  -0.47019458 -0.5136922 ]
 [ 0.49238294  0.7640844   0.16987048]
 [ 0.09924082  0.38203445 -0.7160712 ]
 [-0.6438227   0.22167888 -0.44102892]]","[[-0.19897608  0.96767366  0.15497139]
 [-0.46255666 -0.23214453  0.85565776]
 [ 0.8639733   0.09857237  0.4937952 ]]"
20200220-231649.013926,114,[2.1276178  1.0874246  0.76661414],"[[ 0.5769811  -0.4705504  -0.5155459 ]
 [ 0.4917454   0.76412225  0.16751973]
 [ 0.09612469  0.3832124  -0.7158417 ]
 [-0.6450111   0.21874195 -0.44013703]]","[[-0.20090304  0.96730274  0.15480159]
 [-0.4615224  -0.2328488   0.856025  ]
 [ 0.8640806   0.10053359  0.49321195]]"
20200220-231649.013926,115,[2.1337109 1.0907589 0.7668044],"[[ 0.5763864  -0.47116894 -0.51746756]
 [ 0.49193344  0.7636135   0.16571681]
 [ 0.09359748  0.3845163  -0.7153793 ]
 [-0.6457707   0.21689022 -0.43931577]]","[[-0.20176226  0.96736175  0.1533068 ]
 [-0.4604979  -0.23183882  0.8568504 ]
 [ 0.8644269   0.10228255  0.49224445]]"
20200220-231649.013926,116,[2.1412673 1.0926987 0.7657166],"[[ 0.5758565  -0.47037813 -0.52066255]
 [ 0.49268875  0.762185    0.1668684 ]
 [ 0.09157516  0.3882146  -0.71357024]
 [-0.6459574   0.21704303 -0.43804428]]","[[-0.20128728  0.9671146   0.1554753 ]
 [-0.4589784  -0.23334235  0.85725737]
 [ 0.8653452   0.10119518  0.49085367]]"
20200220-231649.013926,117,[2.1461296  1.0956447  0.76702017],"[[ 0.5755594  -0.47134274 -0.52170134]
 [ 0.4919967   0.7626413   0.16339202]
