Timestamp,Epoch,s,u,v
20200222-231252.958569,0,[2.3366354  1.1406832  0.22523877],"[[ 0.06499843 -0.02817043  0.99382544]
 [ 0.5147903  -0.42666852 -0.10897068]
 [ 0.82381266  0.01843369 -0.00467369]
 [ 0.22825205  0.90378135 -0.02037177]]","[[ 0.26001602 -0.3391407   0.9040883 ]
 [ 0.71017146 -0.5672283  -0.41702363]
 [ 0.654254    0.75049037  0.0933596 ]]"
20200222-231252.958569,1,[2.3144574  1.143755   0.22287364],"[[ 0.0591245  -0.02962133  0.99368316]
 [ 0.5164505  -0.42324278 -0.11051635]
 [ 0.82560533  0.0262822   0.00308752]
 [ 0.21945149  0.90515053 -0.01924764]]","[[ 0.25896457 -0.34181976  0.9033807 ]
 [ 0.7137633  -0.5624127  -0.4174134 ]
 [ 0.65075284  0.75289536  0.09833343]]"
20200222-231252.958569,2,[2.290839   1.1466557  0.22001864],"[[ 0.05236312 -0.03067609  0.99348557]
 [ 0.51599854 -0.42234984 -0.1117719 ]
 [ 0.82746303  0.0298462   0.01173666]
 [ 0.2151943   0.90542185 -0.01886517]]","[[ 0.2565663  -0.34350756  0.90342474]
 [ 0.7158675  -0.560478   -0.41641092]
 [ 0.64939016  0.7535694   0.10210617]]"
20200222-231252.958569,3,[2.2704012  1.1496358  0.21745913],"[[ 0.04612408 -0.03226046  0.9932036 ]
 [ 0.5174311  -0.41924816 -0.11327784]
 [ 0.8290727   0.0373043   0.01989842]
 [ 0.2068236   0.9065311  -0.01786219]]","[[ 0.25553694 -0.34594643  0.90278566]
 [ 0.7193573  -0.5558397  -0.416614  ]
 [ 0.64593035  0.7558857   0.10682151]]"
20200222-231252.958569,4,[2.2483342  1.1526968  0.21468285],"[[ 0.03942034 -0.03379857  0.99280983]
 [ 0.5183409  -0.41662645 -0.11493013]
 [ 0.8307095   0.04395435  0.02872137]
 [ 0.19922484  0.90738535 -0.01718116]]","[[ 0.2540999  -0.34818095  0.9023322 ]
 [ 0.7226331  -0.55174    -0.41639468]
 [ 0.6428335   0.75786084  0.11140996]]"
20200222-231252.958569,5,[2.232819  1.1557301 0.2120589],"[[ 0.03317533 -0.03524386  0.992414  ]
 [ 0.5185389  -0.41520998 -0.11616707]
 [ 0.83212864  0.04867325  0.03668405]
 [ 0.19385453  0.9077386  -0.01657163]]","[[ 0.25287026 -0.3499233   0.9020035 ]
 [ 0.72495615 -0.548861   -0.41616145]
 [ 0.6406993   0.7591477   0.11488841]]"
20200222-231252.958569,6,[2.2184246 1.1585598 0.2099624],"[[ 0.02784162 -0.03699915  0.9921545 ]
 [ 0.5198188  -0.41302127 -0.11644821]
 [ 0.83305746  0.05489048  0.04290247]
 [ 0.18715958  0.90831244 -0.01512878]]","[[ 0.25227094 -0.35184976  0.9014217 ]
 [ 0.72778165 -0.5449406  -0.41638157]
 [ 0.63772506  0.7610791   0.11859713]]"
20200222-231252.958569,7,[2.1940808  1.16167    0.20742166],"[[ 0.02134659 -0.03861972  0.9914001 ]
 [ 0.51976776 -0.41114527 -0.11908562]
 [ 0.83472484  0.06037292  0.05208922]
 [ 0.18061069  0.90874815 -0.01520623]]","[[ 0.25034687 -0.3537188   0.9012267 ]
 [ 0.73074746 -0.54159075 -0.41555715]
 [ 0.6350863   0.7626025   0.12289354]]"
20200222-231252.958569,8,[2.1910977 1.1645825 0.2054202],"[[ 0.01657617 -0.04045219  0.9912513 ]
 [ 0.5211146  -0.40958482 -0.11832289]
 [ 0.8351481   0.0656893   0.0569502 ]
 [ 0.17519267  0.90900445 -0.01331787]]","[[ 0.25072625 -0.35537073  0.900471  ]
 [ 0.73281544 -0.53812605 -0.41641572]
 [ 0.6325488   0.7642853   0.1254988 ]]"
20200222-231252.958569,9,[2.1719215  1.167615   0.20321068],"[[ 0.01078139 -0.04203026  0.99063647]
 [ 0.52091914 -0.40860087 -0.11968204]
 [ 0.8363584   0.06983679  0.06440897]
 [ 0.17038646  0.9090662  -0.01294034]]","[[ 0.24905422 -0.35685188  0.90034944]
 [ 0.7350737  -0.53564227 -0.41563672]
 [ 0.6305859   0.76533914  0.12890843]]"
20200222-231252.958569,10,[2.1537936  1.1707138  0.20100212],"[[ 0.00504243 -0.04415203  0.9899123 ]
 [ 0.52218634 -0.40572596 -0.12135947]
 [ 0.83728415  0.0772773   0.07208806]
 [ 0.16202268  0.90965104 -0.01220555]]","[[ 0.24840784 -0.3588748   0.89972353]
 [ 0.73858285 -0.5307932  -0.41563666]
 [ 0.6267287   0.7677678   0.1332056 ]]"
20200222-231252.958569,11,[2.1352654 1.1738172 0.1986654],"[[-9.7062526e-04 -4.6267964e-02  9.8908508e-01]
 [ 5.2306920e-01 -4.0329507e-01 -1.2310896e-01]
 [ 8.3819127e-01  8.4009334e-02  8.0119796e-02]
 [ 1.5438010e-01  9.1003019e-01 -1.1666863e-02]]","[[ 0.2475079  -0.36071324  0.89923626]
 [ 0.74187845 -0.5264011  -0.4153532 ]
 [ 0.6231823   0.76992714  0.13731702]]"
20200222-231252.958569,12,[2.1267767 1.1769292 0.1963276],"[[-0.0065472  -0.04834023  0.9884749 ]
 [ 0.52407306 -0.4015188  -0.12357429]
 [ 0.838662    0.0897399   0.08680533]
 [ 0.14815767  0.9101608  -0.0105743 ]]","[[ 0.24741583 -0.36231375  0.8986179 ]
 [ 0.74438775 -0.5226028  -0.41566   ]
 [ 0.62021965  0.77176094  0.14040172]]"
20200222-231252.958569,13,[2.1092167  1.1801007  0.19402806],"[[-0.01247241 -0.05054776  0.98753285]
 [ 0.5248698  -0.3992446  -0.12530878]
 [ 0.83937585  0.09626784  0.09473078]
 [ 0.14072907  0.91037434 -0.01013962]]","[[ 0.24657619 -0.36403516  0.898153  ]
 [ 0.74759084 -0.51828957 -0.41531205]
 [ 0.6166915   0.7738569   0.14435141]]"
20200222-231252.958569,14,[2.0942855 1.1833094 0.1917955],"[[-0.01829556 -0.05180101  0.98686033]
 [ 0.523426   -0.40049857 -0.12549451]
 [ 0.8402955   0.09680594  0.10129636]
 [ 0.13997874  0.9096955  -0.00983415]]","[[ 0.2442619  -0.36483738  0.8984596 ]
 [ 0.74833757 -0.5183223  -0.4139237 ]
 [ 0.6167066   0.7734569   0.14641511]]"
20200222-231252.958569,15,[2.0797944  1.1865404  0.18963379],"[[-0.02402741 -0.05308672  0.9861536 ]
 [ 0.522      -0.40173805 -0.12570305]
 [ 0.8411729   0.09739765  0.10774826]
 [ 0.13916598  0.9090118  -0.00950758]]","[[ 0.24201448 -0.36562955  0.8987459 ]
 [ 0.74909145 -0.5183089  -0.41257495]
 [ 0.6166774   0.7730919   0.14845173]]"
20200222-231252.958569,16,[2.0593312  1.189886   0.18760045],"[[-0.02976695 -0.0551872   0.984883  ]
 [ 0.52184373 -0.40027973 -0.12835577]
 [ 0.84209186  0.10259993  0.11590523]
 [ 0.13294587  0.9089576  -0.0098103 ]]","[[ 0.2405047  -0.36705694  0.89856935]
 [ 0.7519484  -0.51493144 -0.41160572]
 [ 0.6137843   0.7746707   0.15216441]]"
20200222-231252.958569,17,[2.0518613  1.1931792  0.18593617],"[[-0.0341314  -0.05759794  0.9839541 ]
 [ 0.5227521  -0.39837974 -0.12996745]
 [ 0.8424023   0.10872585  0.12189501]
 [ 0.12618901  0.9089305  -0.00919307]]","[[ 0.24080427 -0.36858463  0.8978634 ]
 [ 0.75456756 -0.5107379  -0.41203725]
 [ 0.6104435   0.77671885  0.15513414]]"
20200222-231252.958569,18,[2.0424633  1.1965376  0.18409987],"[[-0.03895208 -0.05981467  0.98296756]
 [ 0.523217   -0.39700684 -0.13135512]
 [ 0.84275603  0.11391778  0.12823464]
 [ 0.12036942  0.9087519  -0.00876063]]","[[ 0.24059215 -0.36990225  0.8973783 ]
 [ 0.75693005 -0.507241   -0.4120236 ]
 [ 0.6075955   0.7783821   0.15795195]]"
20200222-231252.958569,19,[2.0302615 1.1998534 0.1820453],"[[-0.04433496 -0.06186914  0.98203355]
 [ 0.5233308  -0.39631936 -0.13194044]
 [ 0.8430541   0.11794452  0.13466828]
 [ 0.11584038  0.90840083 -0.00816419]]","[[ 0.23964275 -0.37107745  0.8971472 ]
 [ 0.7589789  -0.5046299  -0.4114605 ]
 [ 0.605411    0.7795192   0.16070902]]"
20200222-231252.958569,20,[2.018274   1.2032344  0.18026744],"[[-0.04936169 -0.06336941  0.9812125 ]
 [ 0.5222454  -0.39726004 -0.13220152]
 [ 0.84365183  0.1191782   0.1403012 ]
 [ 0.11434541  0.9077251  -0.00777801]]","[[ 0.23790422 -0.3718833   0.89727616]
 [ 0.7598823  -0.5041229  -0.4104134 ]
 [ 0.6049634   0.7794631   0.16265453]]"
20200222-231252.958569,21,[2.0077333 1.2065421 0.178485 ],"[[-0.05416831 -0.0657009   0.98028594]
 [ 0.5229046  -0.39595282 -0.13279292]
 [ 0.84370327  0.1243424   0.1461391 ]
 [ 0.108634    0.90743774 -0.00699259]]","[[ 0.23755665 -0.37311938  0.89685494]
 [ 0.7623053  -0.50063014 -0.4101951 ]
 [ 0.6020444   0.78112185  0.16550288]]"
20200222-231252.958569,22,[1.9935592  1.2099715  0.17660977],"[[-0.05928597 -0.06836248  0.9789874 ]
 [ 0.52376014 -0.39388263 -0.13452972]
 [ 0.8437455   0.13081811  0.15310478]
 [ 0.10126388  0.9072321  -0.00671469]]","[[ 0.23719886 -0.37447128  0.89638627]
 [ 0.76546484 -0.49610698 -0.40980685]
 [ 0.59816426  0.78335774  0.16896856]]"
20200222-231252.958569,23,[1.9818213  1.2132416  0.17512883],"[[-0.06347005 -0.07157042  0.97778606]
 [ 0.5257708  -0.39040992 -0.13623749]
 [ 0.8433232   0.13976336  0.15917854]
 [ 0.09133853  0.90715176 -0.00601364]]","[[ 0.23802309 -0.37595978  0.89554423]
 [ 0.76947725 -0.48963842 -0.41007203]
 [ 0.59266335  0.78670746  0.17274721]]"
20200222-231252.958569,24,[1.9741619  1.2168076  0.17350926],"[[-0.06780579 -0.07396305  0.9766332 ]
 [ 0.52615416 -0.38929135 -0.13762087]
 [ 0.843323    0.14463031  0.1649705 ]
 [ 0.08585418  0.90667737 -0.00573474]]","[[ 0.23800488 -0.37704912  0.895091  ]
 [ 0.77165854 -0.48624536 -0.41001073]
 [ 0.589828    0.788289    0.17522435]]"
20200222-231252.958569,25,[1.9678311  1.2202888  0.17209615],"[[-0.07163223 -0.07668108  0.97551984]
 [ 0.5271771  -0.38738972 -0.1390223 ]
 [ 0.84304404  0.15088113  0.17031321]
 [ 0.07893063  0.90624726 -0.00524014]]","[[ 0.23865877 -0.37819672  0.89443225]
 [ 0.7743165  -0.48174793 -0.41030824]
 [ 0.5860681   0.79049736  0.17787063]]"
20200222-231252.958569,26,[1.9562914  1.223921   0.17074028],"[[-0.07580671 -0.07908533  0.9743089 ]
 [ 0.52732223 -0.38639566 -0.14050879]
 [ 0.84307367  0.15554568  0.17593555]
 [ 0.07356197  0.9056761  -0.00508394]]","[[ 0.23817036 -0.3791759   0.89414793]
 [ 0.7766203  -0.4784841  -0.40977293]
 [ 0.58321154  0.79200923  0.18051505]]"
20200222-231252.958569,27,[1.9477987  1.2276272  0.16936882],"[[-0.07997698 -0.08090567  0.97337   ]
 [ 0.5266096  -0.38700226 -0.14095357]
 [ 0.84332764  0.1574718   0.18072471]
 [ 0.07130795  0.90492326 -0.00470455]]","[[ 0.23712978 -0.3799366   0.8941016 ]
 [ 0.77767223 -0.4773537  -0.409096  ]
 [ 0.58223325  0.7923268   0.18227133]]"
20200222-231252.958569,28,[1.9473672  1.2308838  0.16793841],"[[-0.08326782 -0.08414863  0.97245044]
 [ 0.5286996  -0.3843394  -0.141513  ]
 [ 0.84235096  0.1651056   0.1852086 ]
 [ 0.06315373  0.9044016  -0.00346926]]","[[ 0.23897046 -0.3811623   0.89308923]
 [ 0.7805876  -0.47164625 -0.41016185]
 [ 0.5775604   0.7951509   0.18482104]]"
20200222-231252.958569,29,[1.9330322  1.2343888  0.16671953],"[[-0.08714654 -0.08730031  0.97092694]
 [ 0.52985084 -0.38164452 -0.143867  ]
 [ 0.8418441   0.17273487  0.191286  ]
 [ 0.05442577  0.9038189  -0.00352467]]","[[ 0.23922311 -0.382185    0.8925844 ]
 [ 0.7842482  -0.46594498 -0.40969512]
 [ 0.57247466  0.79801613  0.18826309]]"
20200222-231252.958569,30,[1.9285283 1.2381777 0.1651197],"[[-0.09140443 -0.08924376  0.9700685 ]
 [ 0.5294981  -0.38227174 -0.14357072]
 [ 0.8417477   0.1746441   0.19582395]
 [ 0.05232428  0.9029969  -0.00277963]]","[[ 0.2386091  -0.38295645  0.8924182 ]
 [ 0.78511333 -0.46477702 -0.40936476]
 [ 0.5715444   0.7983275   0.18976416]]"
20200222-231252.958569,31,[1.9225801  1.2419606  0.16336499],"[[-0.09607695 -0.09093636  0.9691628 ]
 [ 0.5286776  -0.38355267 -0.14308964]
 [ 0.84180146  0.17544724  0.20060949]
 [ 0.05137513  0.90212864 -0.00215775]]","[[ 0.23740874 -0.3836432   0.89244324]
 [ 0.78563684 -0.46449932 -0.40867487]
 [ 0.57132465  0.79815936  0.1911281 ]]"
20200222-231252.958569,32,[1.9132891 1.2456219 0.1623698],"[[-0.0993431  -0.09384815  0.9679419 ]
 [ 0.5295574  -0.38172534 -0.14456087]
 [ 0.84126484  0.18160716  0.20539622]
 [ 0.04442338  0.9013861  -0.00182438]]","[[ 0.2378306  -0.3845078   0.8919588 ]
 [ 0.78844285 -0.45989266 -0.40848097]
 [ 0.5672694   0.80040765  0.19378592]]"
20200222-231252.958569,33,[1.906504   1.2491195  0.16073571],"[[-0.10325823 -0.09739199  0.96664727]
 [ 0.5315718  -0.3788416  -0.14535283]
 [ 0.8399393   0.18955375  0.21086644]
 [ 0.03565589  0.90059006 -0.00099101]]","[[ 0.23907308 -0.38551015  0.8911935 ]
 [ 0.7918803  -0.45374206 -0.40870965]
 [ 0.56193376  0.80343     0.19680038]]"
20200222-231252.958569,34,[1.8962262  1.252893   0.15955181],"[[-1.06957994e-01 -1.00011639e-01  9.65328336e-01]
 [ 5.31885207e-01 -3.77799302e-01 -1.46658987e-01]
 [ 8.39494944e-01  1.94353580e-01  2.15943232e-01]
 [ 3.01094521e-02  8.99717748e-01 -9.25787841e-04]]","[[ 0.23887257 -0.38622725  0.8909369 ]
 [ 0.7942231  -0.45018274 -0.40809953]
 [ 0.55870354  0.8050864   0.1992143 ]]"
20200222-231252.958569,35,[1.8941216  1.2571044  0.15817519],"[[-1.1067561e-01 -1.0180200e-01  9.6427631e-01]
 [ 5.3113204e-01 -3.7884745e-01 -1.4717174e-01]
 [ 8.3953965e-01  1.9554833e-01  2.2025229e-01]
 [ 2.8682610e-02  8.9881694e-01 -7.3472457e-04]]","[[ 0.23839167 -0.38690504  0.8907715 ]
 [ 0.7946684  -0.44954765 -0.40793243]
 [ 0.5582752   0.80511564  0.20029286]]"
20200222-231252.958569,36,[1.8813312  1.260859   0.15714388],"[[-1.1400063e-01 -1.0518772e-01  9.6266854e-01]
 [ 5.3241658e-01 -3.7612250e-01 -1.4936909e-01]
 [ 8.3853459e-01  2.0320810e-01  2.2573781e-01]
 [ 1.9897519e-02  8.9787185e-01 -8.8206853e-04]]","[[ 0.23895256 -0.38763827  0.8903026 ]
 [ 0.7983027  -0.44356292 -0.40738788]
 [ 0.5528242   0.80807716  0.20346211]]"
20200222-231252.958569,37,[1.872105   1.2648921  0.15607685],"[[-1.17444672e-01 -1.07804276e-01  9.61333454e-01]
 [ 5.32617688e-01 -3.75288665e-01 -1.50681555e-01]
 [ 8.38038266e-01  2.07635775e-01  2.30504751e-01]
 [ 1.47370677e-02  8.96897137e-01 -8.63276655e-04]]","[[ 0.23880202 -0.3882697   0.89006764]
 [ 0.8004618  -0.44020727 -0.4067905 ]
 [ 0.5497587   0.8096074   0.20567264]]"
20200222-231252.958569,38,[1.8684084  1.2685606  0.15491681],"[[-1.2040704e-01 -1.1096427e-01  9.6025085e-01]
 [ 5.3390890e-01 -3.7358963e-01 -1.5121897e-01]
 [ 8.3688480e-01  2.1355341e-01  2.3463030e-01]
 [ 8.2406960e-03  8.9583075e-01 -5.1761890e-05]]","[[ 0.23985423 -0.38902953  0.88945276]
 [ 0.8028906  -0.43555313 -0.40701404]
 [ 0.5457444   0.81175715  0.20787886]]"
20200222-231252.958569,39,[1.8639331  1.2726747  0.15365979],"[[-1.23725414e-01 -1.13623351e-01  9.58896160e-01]
 [ 5.34321547e-01 -3.72777373e-01 -1.52468488e-01]
 [ 8.36170971e-01  2.17927158e-01  2.39313737e-01]
 [ 3.24159954e-03  8.94781768e-01 -4.10975772e-05]]","[[ 0.24029356 -0.38964656  0.8890639 ]
 [ 0.804754   -0.43218842 -0.40692016]
 [ 0.5427982   0.81325805  0.20971763]]"
20200222-231252.958569,40,[1.8544345 1.2766725 0.1522493],"[[-1.27457082e-01 -1.16805464e-01  9.57328200e-01]
 [ 5.35319746e-01 -3.70960027e-01 -1.53752297e-01]
 [ 8.34969103e-01  2.23959953e-01  2.44709551e-01]
 [-3.69846774e-03  8.93636763e-01 -2.22775561e-05]]","[[ 0.240658   -0.39024672  0.888702  ]
 [ 0.80761075 -0.4273591  -0.40636066]
 [ 0.5383758   0.8155192   0.21232007]]"
20200222-231252.958569,41,[1.8486738  1.2809867  0.15117683],"[[-1.3095027e-01 -1.1865073e-01  9.5624667e-01]
 [ 5.3452557e-01 -3.7195808e-01 -1.5414314e-01]
 [ 8.3492857e-01  2.2527388e-01  2.4866183e-01]
 [-5.3815865e-03  8.9264834e-01  1.2048929e-04]]","[[ 0.2398078  -0.39077377  0.88870037]
 [ 0.80834895 -0.42658836 -0.4057025 ]
 [ 0.537647    0.8156706   0.2135823 ]]"
20200222-231252.958569,42,[1.8498776  1.2848248  0.14988288],"[[-1.3362806e-01 -1.2183135e-01  9.5514107e-01]
 [ 5.3593552e-01 -3.7041450e-01 -1.5464608e-01]
 [ 8.3353829e-01  2.3087548e-01  2.5256631e-01]
 [-1.1448362e-02  8.9142960e-01  8.6558773e-04]]","[[ 0.24143644 -0.39147374  0.88795096]
 [ 0.8103413  -0.42209673 -0.4064253 ]
 [ 0.53390604  0.81766903  0.21531779]]"
20200222-231252.958569,43,[1.8461385  1.2887923  0.14883208],"[[-0.13629507 -0.12509826  0.9539818 ]
 [ 0.5372861  -0.3685431  -0.15525824]
 [ 0.83211446  0.2369817   0.25653723]
 [-0.01823647  0.89014924  0.00149131]]","[[ 0.24268033 -0.3920038   0.88737786]
 [ 0.812839   -0.4171302  -0.40656495]
 [ 0.52952707  0.8199606   0.21740669]]"
20200222-231252.958569,44,[1.8411456  1.2933074  0.14757137],"[[-0.13976572 -0.12733456  0.9525935 ]
 [ 0.53697854 -0.3688382  -0.15628898]
 [ 0.8316661   0.23944901  0.26103178]
 [-0.02123676  0.8890491   0.00129234]]","[[ 0.24239938 -0.39249828  0.88723594]
 [ 0.81401265 -0.41528267 -0.40610826]
 [ 0.5278505   0.82066166  0.21883434]]"
20200222-231252.958569,45,[1.8405046  1.297902   0.14640467],"[[-0.14296626 -0.12904195  0.95153725]
 [ 0.53610283 -0.37039837 -0.15669452]
 [ 0.83167315  0.23983768  0.2646155 ]
 [-0.02178213  0.8880492   0.00144594]]","[[ 0.24189447 -0.39314675  0.88708663]
 [ 0.81405634 -0.415277   -0.40602633]
 [ 0.5280146   0.82035404  0.21959043]]"
20200222-231252.958569,46,[1.8322326  1.302077   0.14549655],"[[-0.14586952 -0.13189296  0.95015776]
 [ 0.53661966 -0.36927718 -0.15783451]
 [ 0.8306676   0.24469082  0.26886177]
 [-0.02744172  0.8867724   0.00140562]]","[[ 0.2421341  -0.39350665  0.8868616 ]
 [ 0.8163582  -0.41134867 -0.40540323]
 [ 0.52433825  0.82215875  0.22164083]]"
20200222-231252.958569,47,[1.8322322  1.3064362  0.14416896],"[[-0.14879408 -0.13468637  0.94895345]
 [ 0.5373608  -0.36861655 -0.15827793]
 [ 0.8295085   0.24872218  0.27282313]
 [-0.03193388  0.8855049   0.00181824]]","[[ 0.2431056  -0.39402664  0.88636494]
 [ 0.8178305  -0.40809482 -0.40572387]
 [ 0.52158695  0.82353     0.22303684]]"
20200222-231252.958569,48,[1.8303294  1.3099566  0.14302681],"[[-0.15072894 -0.13921227  0.94774556]
 [ 0.5404486  -0.36463058 -0.15872815]
 [ 0.8266815   0.2582726   0.2767221 ]
 [-0.04235325  0.88371915  0.00293183]]","[[ 0.24596718 -0.3944328   0.88539416]
 [ 0.82154655 -0.39989635 -0.40637916]
 [ 0.5143552   0.8273484   0.22568356]]"
20200222-231252.958569,49,[1.8199432 1.3148004 0.1418742],"[[-0.1546528  -0.14092147  0.94624156]
 [ 0.539249   -0.36591727 -0.15966424]
 [ 0.82666755  0.25903738  0.28129762]
 [-0.04374251  0.8826919   0.00232836]]","[[ 0.24432383 -0.39483115  0.8856716 ]
 [ 0.8224314  -0.39950138 -0.40497547]
 [ 0.5137239   0.8273493   0.22711393]]"
20200222-231252.958569,50,[1.816067   1.319327   0.14080855],"[[-0.15744497 -0.14369605  0.9450379 ]
 [ 0.53981507 -0.36523697 -0.16008438]
 [ 0.8255143   0.2630354   0.28507808]
 [-0.04833902  0.881343    0.00265938]]","[[ 0.24481487 -0.39522764  0.88535917]
 [ 0.8241321  -0.39620823 -0.40475348]
 [ 0.5107563   0.8287425   0.2287221 ]]"
20200222-231252.958569,51,[1.8158679  1.3243358  0.13978119],"[[-0.16048373 -0.14518148  0.9440003 ]
 [ 0.53873986 -0.3670727  -0.1604032 ]
 [ 0.8256291   0.26289046  0.2883169 ]
 [-0.04837975  0.8803794   0.00269876]]","[[ 0.24420793 -0.39578265  0.88527876]
 [ 0.8239736  -0.39666107 -0.40463242]
 [ 0.5113022   0.8282607   0.22924672]]"
20200222-231252.958569,52,[1.8124261  1.3285445  0.13872519],"[[-0.16311009 -0.14808382  0.94283646]
 [ 0.53948873 -0.36628556 -0.16069907]
 [ 0.8243307   0.26709804  0.29193354]
 [-0.05315859  0.87895644  0.00316533]]","[[ 0.24483892 -0.39619762  0.88491887]
 [ 0.8257265  -0.39315173 -0.40448418]
 [ 0.50816303  0.8297344   0.23089197]]"
20200222-231252.958569,53,[1.8048147  1.3330406  0.13762417],"[[-0.16583201 -0.15149143  0.941288  ]
 [ 0.54073524 -0.36432895 -0.161721  ]
 [ 0.8224884   0.27313948  0.29633424]
 [-0.06014907  0.877331    0.00311944]]","[[ 0.24568714 -0.39636207  0.8846101 ]
 [ 0.82849485 -0.38789096 -0.4039021 ]
 [ 0.5032238   0.83212847  0.2330841 ]]"
20200222-231252.958569,54,[1.8047173  1.3379856  0.13660792],"[[-0.16878724 -0.15303637  0.9401961 ]
 [ 0.5397918  -0.36598283 -0.16211657]
 [ 0.822478    0.27329677  0.2995672 ]
 [-0.06054458  0.87632483  0.00306003]]","[[ 0.24521662 -0.3968738   0.8845112 ]
 [ 0.8284525  -0.38808239 -0.40380505]
 [ 0.5035228   0.8317952   0.23362681]]"
20200222-231252.958569,55,[1.8032507  1.3424827  0.13585086],"[[-0.17046404 -0.15634415  0.9389237 ]
 [ 0.5411618  -0.36407858 -0.16325015]
 [ 0.820709    0.2792598   0.3029212 ]
 [-0.06724586  0.87465227  0.00316201]]","[[ 0.24697164 -0.39699844  0.8839667 ]
 [ 0.83072144 -0.38292196 -0.40406972]
 [ 0.4989054   0.8341239   0.23522434]]"
20200222-231252.958569,56,[1.7973517  1.3467238  0.13495001],"[[-0.17223054 -0.16056292  0.9374747 ]
 [ 0.5435501  -0.36056095 -0.16421342]
 [ 0.81791574  0.28777435  0.30685943]
 [-0.07683627  0.87258303  0.0034478 ]]","[[ 0.24914937 -0.39687642  0.8834103 ]
 [ 0.834302   -0.37525624 -0.40388498]
 [ 0.49179772  0.8376585   0.23761988]]"
20200222-231252.958569,57,[1.7962519  1.3512346  0.13422891],"[[-0.17369013 -0.16397326  0.93625456]
 [ 0.5450567  -0.3584957  -0.16520244]
 [ 0.8159266   0.29392117  0.31003696]
 [-0.08371895  0.870749    0.00364046]]","[[ 0.25108474 -0.39687526  0.88286275]
 [ 0.83659375 -0.3698103  -0.4041676 ]
 [ 0.48689583  0.84007764  0.23916957]]"
20200222-231252.958569,58,[1.8003412  1.3555772  0.13340272],"[[-0.17456126 -0.16788311  0.93526065]
 [ 0.5473851  -0.3558239  -0.16570242]
 [ 0.8133584   0.30100772  0.31274638]
 [-0.09135777  0.8686766   0.00450626]]","[[ 0.2540924  -0.39701006  0.88194114]
 [ 0.8388251  -0.36347324 -0.40528962]
 [ 0.48146605  0.8427753   0.24066623]]"
20200222-231252.958569,59,[1.7973621  1.3600798  0.13246423],"[[-0.17679462 -0.17071778  0.9341303 ]
 [ 0.54807067 -0.35515547 -0.16592038]
 [ 0.81190753  0.30482665  0.31598637]
 [-0.09575153  0.86706465  0.00487161]]","[[ 0.25473383 -0.3972634   0.8816419 ]
 [ 0.8403591  -0.36014313 -0.4050846 ]
 [ 0.47844264  0.84408456  0.24210326]]"
20200222-231252.958569,60,[1.8033415  1.3639889  0.13181072],"[[-0.17678936 -0.17520288  0.9332829 ]
 [ 0.5511833  -0.3514589  -0.16636749]
 [ 0.80865604  0.31347862  0.31822574]
 [-0.10496574  0.8645874   0.00611338]]","[[ 0.2586895  -0.39729428  0.88047546]
 [ 0.8429537  -0.35226625 -0.40661737]
 [ 0.47170854  0.84738755  0.24377313]]"
20200222-231252.958569,61,[1.8002574 1.3689665 0.1309439],"[[-0.17892408 -0.17798062  0.93218416]
 [ 0.55181366 -0.35077882 -0.16652012]
 [ 0.80718017  0.31721017  0.32134503]
 [-0.10930874  0.8629339   0.00644903]]","[[ 0.25937235 -0.39738992  0.88023144]
 [ 0.84447116 -0.34891617 -0.40635705]
 [ 0.4686092   0.84872776  0.24508506]]"
20200222-231252.958569,62,[1.7971796  1.3737692  0.13003439],"[[-0.18102005 -0.18089558  0.93096614]
 [ 0.5526152  -0.34976718 -0.16689882]
 [ 0.8054795   0.32145017  0.3246595 ]
 [-0.11424099  0.8611676   0.00658426]]","[[ 0.26025787 -0.39740777  0.87996197]
 [ 0.84616524 -0.34508145 -0.40610754]
 [ 0.46504882  0.8502859   0.24646248]]"
20200222-231252.958569,63,[1.7975488  1.3785864  0.12892212],"[[-0.18319713 -0.183753    0.92994463]
 [ 0.5534954  -0.34911677 -0.16658308]
 [ 0.80378824  0.3250689   0.32772154]
 [-0.11834677  0.85946655  0.00720347]]","[[ 0.2613122  -0.39760265  0.87956125]
 [ 0.8473912  -0.34184784 -0.40628588]
 [ 0.46221644  0.85149986  0.247596  ]]"
20200222-231252.958569,64,[1.7970886  1.3834738  0.12831074],"[[-0.18418872 -0.18705757  0.9288321 ]
 [ 0.55487883 -0.34735015 -0.16742116]
 [ 0.8016905   0.33048782  0.33043364]
 [-0.12440585  0.85740036  0.00744936]]","[[ 0.26318946 -0.39749086  0.879052  ]
 [ 0.84926236 -0.33682337 -0.40657562]
 [ 0.4576954   0.85355216  0.24892564]]"
20200222-231252.958569,65,[1.7885741 1.3880091 0.1277743],"[[-0.18493325 -0.19152604  0.92730075]
 [ 0.55745405 -0.34290165 -0.16877148]
 [ 0.79797834  0.33992     0.33403158]
 [-0.13518418  0.8545118   0.00723947]]","[[ 0.2657036  -0.39658937  0.8787027 ]
 [ 0.85316205 -0.32768646 -0.40587693]
 [ 0.4489054   0.85751873  0.25128758]]"
20200222-231252.958569,66,[1.7863864 1.3934635 0.1272883],"[[-0.18677872 -0.19354568  0.92640984]
 [ 0.55723107 -0.3434119  -0.16897346]
 [ 0.797318    0.34172896  0.33638948]
 [-0.1374437   0.8531292   0.0074093 ]]","[[ 0.265791   -0.3967068   0.87862337]
 [ 0.85389876 -0.32614478 -0.40556917]
 [ 0.44745043  0.858052    0.2520611 ]]"
20200222-231252.958569,67,[1.779634   1.3976381  0.12689602],"[[-0.18645579 -0.19887128  0.9249325 ]
 [ 0.5609457  -0.33712462 -0.17039923]
 [ 0.7923133   0.35381913  0.33971876]
 [-0.15104322  0.8494759   0.00741364]]","[[ 0.26975828 -0.39531955  0.87803924]
 [ 0.8585223  -0.31421128 -0.40522942]
 [ 0.43608502  0.86313015  0.2546295 ]]"
20200222-231252.958569,68,[1.7829291 1.4026223 0.1263291],"[[-0.18760167 -0.2013925   0.9243661 ]
 [ 0.5615614  -0.3370358  -0.16990532]
 [ 0.79104465  0.35650167  0.34147888]
 [-0.15395711  0.847794    0.0084436 ]]","[[ 0.27093267 -0.39556614  0.8775664 ]
 [ 0.8591188  -0.3118368  -0.40579894]
 [ 0.43417776  0.86387813  0.2553516 ]]"
20200222-231252.958569,69,[1.7887236  1.407842   0.12543873],"[[-0.18961014 -0.2030362   0.9236825 ]
 [ 0.5611744  -0.33879265 -0.16951555]
 [ 0.7908686   0.3563974   0.3435006 ]
 [-0.15381199  0.8467448   0.00907913]]","[[ 0.27121904 -0.39625052  0.87716925]
 [ 0.85858583 -0.31231567 -0.40655792]
 [ 0.43505242  0.8633913   0.25550914]]"
20200222-231252.958569,70,[1.7892891  1.4139835  0.12470321],"[[-0.19230266 -0.20386611  0.9228122 ]
 [ 0.5596888  -0.34163123 -0.16958657]
 [ 0.7916033   0.35459453  0.34580028]
 [-0.15209274  0.8461615   0.0089524 ]]","[[ 0.2701269  -0.39686805  0.87722695]
 [ 0.8578926  -0.31440246 -0.40641275]
 [ 0.43709457  0.86234957  0.25554162]]"
20200222-231252.958569,71,[1.7845743  1.4186423  0.12403402],"[[-0.19261307 -0.20847636  0.9215606 ]
 [ 0.56262225 -0.33706036 -0.17005652]
 [ 0.7873601   0.36386877  0.3488839 ]
 [-0.16254437  0.8429278   0.00932023]]","[[ 0.2732014  -0.395784    0.8767646 ]
 [ 0.8613798  -0.30509412 -0.4061313 ]
 [ 0.428236    0.86618274  0.25756815]]"
20200222-231252.958569,72,[1.7788616  1.4240452  0.12355401],"[[-0.19379176 -0.21151096  0.92044103]
 [ 0.5636316  -0.33532426 -0.17051895]
 [ 0.78511125  0.36886337  0.35160404]
 [-0.16841929  0.8406907   0.00929039]]","[[ 0.27429917 -0.39517245  0.8766977 ]
 [ 0.8634683  -0.3000887  -0.40542522]
 [ 0.42329994  0.86820835  0.25890473]]"
20200222-231252.958569,73,[1.7789677  1.4293422  0.12303979],"[[-0.19423829 -0.21480303  0.9194688 ]
 [ 0.56516737 -0.33330405 -0.17103818]
 [ 0.78257126  0.3742807   0.35387966]
 [-0.1744702   0.83826154  0.00959922]]","[[ 0.2764135  -0.39469728  0.8762475 ]
 [ 0.86519164 -0.2947282  -0.40568337]
 [ 0.418377    0.8702582   0.26002187]]"
20200222-231252.958569,74,[1.7845985  1.435115   0.12224654],"[[-0.1960976  -0.2163347   0.91889614]
 [ 0.56474257 -0.33523035 -0.17047758]
 [ 0.7825249   0.37386686  0.3556111 ]
 [-0.17397232  0.8372832   0.01037723]]","[[ 0.27660647 -0.39540067  0.87586933]
 [ 0.86457074 -0.29550546 -0.40644068]
 [ 0.4195311   0.8696751   0.26011315]]"
20200222-231252.958569,75,[1.7850909  1.4412143  0.12155319],"[[-0.19863826 -0.21727833  0.9179838 ]
 [ 0.56344646 -0.3377576  -0.17064698]
 [ 0.78307605  0.3725348   0.35788617]
 [-0.17280859  0.8366171   0.01015473]]","[[ 0.275714   -0.39595085  0.8759023 ]
 [ 0.8640644  -0.29715365 -0.40631577]
 [ 0.42115858  0.86886287  0.2601976 ]]"
20200222-231252.958569,76,[1.7837261  1.4470341  0.12097087],"[[-0.19981918 -0.21981667  0.91705227]
 [ 0.56406856 -0.3372398  -0.17087828]
 [ 0.7815149   0.3756722   0.36014926]
 [-0.17644718  0.8347577   0.01037231]]","[[ 0.2766431  -0.39575896  0.875696  ]
 [ 0.8651719  -0.29405576 -0.4062129 ]
 [ 0.41826585  0.8700035   0.261051  ]]"
20200222-231252.958569,77,[1.7799875  1.4528433  0.12017553],"[[-0.20190708 -0.22201742  0.91603285]
 [ 0.56417984 -0.33736765 -0.17066014]
 [ 0.7802815   0.37777862  0.362835  ]
 [-0.17915234  0.83317137  0.01047661]]","[[ 0.27670306 -0.39565644  0.8757234 ]
 [ 0.8661668  -0.29197    -0.40559697]
 [ 0.41616198  0.8707524   0.2619154 ]]"
20200222-231252.958569,78,[1.7731758  1.4586389  0.11958644],"[[-0.20363484 -0.22449556  0.9147937 ]
 [ 0.5645493  -0.33656824 -0.17114681]
 [ 0.7785572   0.38123605  0.3657333 ]
 [-0.18348166  0.8312537   0.01002564]]","[[ 0.27698624 -0.3951267   0.8758732 ]
 [ 0.8678374  -0.28842533 -0.40456045]
 [ 0.41247654  0.8721731   0.26301584]]"
20200222-231252.958569,79,[1.7722061  1.4656013  0.11905562],"[[-0.20759267 -0.22357601  0.91421205]
 [ 0.5609729  -0.34268215 -0.17056616]
 [ 0.78166306  0.37461808  0.36745638]
 [-0.17668325  0.83201194  0.00996393]]","[[ 0.27344564 -0.39666447  0.8762904 ]
 [ 0.8656994  -0.29561165 -0.40395334]
 [ 0.41927558  0.8690634   0.2625585 ]]"
20200222-231252.958569,80,[1.7722968  1.4703436  0.11852672],"[[-0.20746855 -0.22763035  0.9133475 ]
 [ 0.5634861  -0.33928254 -0.17051154]
 [ 0.7780023   0.3819429   0.36960402]
 [-0.18480468  0.82897013  0.01071977]]","[[ 0.27641478 -0.39576137  0.8757671 ]
 [ 0.86810744 -0.2881196  -0.40419912]
 [ 0.4122921   0.8719864   0.26392278]]"
20200222-231252.958569,81,[1.7804286  1.4764863  0.11808121],"[[-0.20821881 -0.229323    0.9130261 ]
 [ 0.5635207  -0.34067777 -0.17015503]
 [ 0.7777432   0.38228855  0.37052855]
 [-0.18494558  0.8277711   0.01179192]]","[[ 0.27742532 -0.39638558  0.875165  ]
 [ 0.86749506 -0.28813717 -0.40549895]
 [ 0.4129015   0.8716969   0.26392594]]"
20200222-231252.958569,82,[1.7737278  1.4823942  0.11754978],"[[-0.20972393 -0.23188066  0.91184103]
 [ 0.564042   -0.3396626  -0.17055237]
 [ 0.7758485   0.38600284  0.37326556]
 [-0.1895571   0.82574975  0.0114158 ]]","[[ 0.27788952 -0.3957347   0.8753121 ]
 [ 0.86925584 -0.28424305 -0.40447512]
 [ 0.40886626  0.8732696   0.26500657]]"
20200222-231252.958569,83,[1.7675648  1.4893793  0.11683635],"[[-0.2141585  -0.23118994  0.9108149 ]
 [ 0.560583   -0.34510273 -0.17044482]
 [ 0.7784568   0.3803202   0.37583414]
 [-0.18408683  0.82632434  0.01066532]]","[[ 0.27401498 -0.3970386   0.8759431 ]
 [ 0.8678562  -0.29039183 -0.40311098]
 [ 0.4144173   0.870651    0.26500064]]"
20200222-231252.958569,84,[1.7732856  1.4941685  0.11636438],"[[-0.2129495  -0.23566155  0.91021657]
 [ 0.56393826 -0.34090078 -0.17023188]
 [ 0.7741791   0.38871208  0.37733942]
 [-0.19306235  0.8228934   0.01190254]]","[[ 0.2783646  -0.39591753  0.87507844]
 [ 0.87015826 -0.281755   -0.40427566]
 [ 0.40661752  0.8739929   0.26608032]]"
20200222-231252.958569,85,[1.7752522  1.5005107  0.11588664],"[[-0.21458185 -0.23716466  0.9097599 ]
 [ 0.5635533  -0.34228417 -0.16939859]
 [ 0.77391     0.3889169   0.37878606]
 [-0.19345877  0.82178974  0.01273332]]","[[ 0.27835575 -0.39630598  0.8749055 ]
 [ 0.8700684  -0.2817773  -0.40445346]
 [ 0.40681595  0.8738094   0.26637894]]"
20200222-231252.958569,86,[1.772361   1.5073309  0.11551047],"[[-0.21702419 -0.23789105  0.9090892 ]
 [ 0.56207937 -0.34483078 -0.16903491]
 [ 0.7745958   0.38741925  0.38055164]
 [-0.19227329  0.82122254  0.01283782]]","[[ 0.27691737 -0.39684385  0.87511814]
 [ 0.8698008  -0.28352594 -0.4038065 ]
 [ 0.4083669   0.8729995   0.26666182]]"
20200222-231252.958569,87,[1.7780801  1.5122604  0.11506938],"[[-0.21564068 -0.24236177  0.90850437]
 [ 0.5654926  -0.340492   -0.1688276 ]
 [ 0.770186    0.39587948  0.38199526]
 [-0.20132276  0.8176831   0.01403757]]","[[ 0.28134665 -0.39558887  0.8742732 ]
 [ 0.87209123 -0.2747222  -0.40495014]
 [ 0.400376    0.87637734  0.26769742]]"
20200222-231252.958569,88,[1.7781876  1.5172608  0.11462594],"[[-0.21489026 -0.24660929  0.9077045 ]
 [ 0.5683776  -0.33640996 -0.16869222]
 [ 0.76590484  0.40384835  0.38392258]
 [-0.21013987  0.8141981   0.01480241]]","[[ 0.28475133 -0.3942356   0.8737821 ]
 [ 0.8746142  -0.26626608 -0.40515727]
 [ 0.39238596  0.8795911   0.2689844 ]]"
20200222-231252.958569,89,[1.7842047  1.5237044  0.11401671],"[[-0.21669471 -0.24762316  0.9073204 ]
 [ 0.56757057 -0.33901677 -0.16790403]
 [ 0.76645046  0.40232584  0.3851376 ]
 [-0.20847261  0.81356263  0.01573379]]","[[ 0.2845292  -0.3951882   0.87342405]
 [ 0.8736353  -0.2682407  -0.4059659 ]
 [ 0.39472082  0.8785632   0.26892805]]"
20200222-231252.958569,90,[1.7851049  1.5307777  0.11354716],"[[-0.21938144 -0.24778439  0.906777  ]
 [ 0.5656252  -0.3427406  -0.1674267 ]
 [ 0.76797295  0.39915097  0.38661253]
 [-0.20532292  0.81351733  0.01596095]]","[[ 0.28286198 -0.39619464  0.8735096 ]
 [ 0.87255394 -0.27188244 -0.40586928]
 [ 0.39829522  0.87698907  0.26879594]]"
20200222-231252.958569,91,[1.7763096  1.5365298  0.11322006],"[[-0.21801066 -0.25302085  0.9055956 ]
 [ 0.56962365 -0.3359026  -0.16778767]
 [ 0.76175183  0.41078702  0.38921672]
 [-0.21848135  0.8089522   0.01593302]]","[[ 0.28695744 -0.39332965  0.8734684 ]
 [ 0.87697256 -0.25902823 -0.40475106]
 [ 0.38545358  0.8821542   0.27060926]]"
20200222-231252.958569,92,[1.7855927  1.5415996  0.11262628],"[[-0.2167092  -0.25710446  0.9052969 ]
 [ 0.5727141  -0.3324931  -0.1667764 ]
 [ 0.7577268   0.4176015   0.3902642 ]
 [-0.2255789   0.8055771   0.01778722]]","[[ 0.29114538 -0.39239344  0.8725031 ]
 [ 0.8783341  -0.25182176 -0.4063436 ]
 [ 0.3791618   0.8846544   0.2713358 ]]"
20200222-231252.958569,93,[1.789403   1.5474093  0.11215134],"[[-0.21598028 -0.26070604  0.9047036 ]
 [ 0.57509524 -0.32939702 -0.16636236]
 [ 0.7540582   0.42386183  0.39177155]
 [-0.23240969  0.80241567  0.0187002 ]]","[[ 0.29439715 -0.3911541   0.8719683 ]
 [ 0.879942   -0.24503918 -0.40701085]
 [ 0.37287036  0.8871044   0.27205417]]"
20200222-231252.958569,94,[1.7972252  1.5533727  0.11170223],"[[-0.21671586 -0.26238889  0.90444416]
 [ 0.57522416 -0.33069095 -0.16561255]
 [ 0.7536936   0.42417777  0.3926248 ]
 [-0.23258874  0.8011673   0.01997935]]","[[ 0.29529375 -0.3918243   0.8713642 ]
 [ 0.87937284 -0.24508256 -0.40821347]
 [ 0.37350404  0.8867967   0.27218828]]"
20200222-231252.958569,95,[1.8008063  1.5586609  0.11110809],"[[-0.21608971 -0.26614895  0.9038613 ]
 [ 0.5776906  -0.32759425 -0.1648431 ]
 [ 0.7498604   0.4303618   0.39422438]
 [-0.23934922  0.7978943   0.02118211]]","[[ 0.29840186 -0.39076972  0.87077856]
 [ 0.8809287  -0.23835266 -0.40884304]
 [ 0.36731577  0.88909346  0.27311543]]"
20200222-231252.958569,96,[1.7995527  1.5650554  0.11074013],"[[-0.21591692 -0.2691585   0.9030607 ]
 [ 0.5792869  -0.32515192 -0.16488853]
 [ 0.7467538   0.4355612   0.3960284 ]
 [-0.24528629  0.7950574   0.0213293 ]]","[[ 0.30053928 -0.38942987  0.8706438 ]
 [ 0.88256747 -0.23252834 -0.40866277]
 [ 0.3615948   0.8912211   0.27381423]]"
20200222-231252.958569,97,[1.7929549  1.5715462  0.11035828],"[[-0.21607925 -0.2722707   0.90204245]
 [ 0.5808081  -0.32226512 -0.16499959]
 [ 0.7432613   0.44126925  0.39831084]
 [-0.25205973  0.79201955  0.02103969]]","[[ 0.30219212 -0.38771147  0.87083846]
 [ 0.88477004 -0.22591583 -0.40760788]
 [ 0.35477042  0.89366764  0.27476546]]"
20200222-231252.958569,98,[1.7948544  1.5760643  0.10991294],"[[-0.21183632 -0.27913076  0.90147996]
 [ 0.5870665  -0.3121607  -0.16406521]
 [ 0.7337737   0.45636845  0.3998689 ]
 [-0.2684298   0.78509223  0.02283628]]","[[ 0.30954406 -0.38371503  0.87002593]
 [ 0.88877475 -0.20850466 -0.4081732 ]
 [ 0.3380267   0.8996047   0.2764948 ]]"
20200222-231252.958569,99,[1.7973561  1.5828857  0.10962202],"[[-0.21270768 -0.28062865  0.9010325 ]
 [ 0.5870008  -0.313088   -0.16368817]
 [ 0.733271    0.457039    0.4009979 ]
 [-0.2692562   0.7837978   0.02339258]]","[[ 0.3100085  -0.3837795   0.86983216]
 [ 0.8887586  -0.20793667 -0.40849775]
 [ 0.33764303  0.89970875  0.2766252 ]]"
20200222-231252.958569,100,[1.794284   1.5904338  0.10937709],"[[-0.21446317 -0.28162095  0.9005537 ]
 [ 0.58624756 -0.3146307  -0.16295558]
 [ 0.73331606  0.45679122  0.40235192]
 [-0.26938286  0.78296816  0.02369587]]","[[ 0.30925342 -0.38380724  0.8700887 ]
 [ 0.88899964 -0.20822534 -0.4078258 ]
 [ 0.3377009   0.89963     0.27681014]]"
20200222-231252.958569,101,[1.796738   1.5989076  0.10894171],"[[-0.22056438 -0.27842164  0.900275  ]
 [ 0.58049697 -0.32554585 -0.16211897]
 [ 0.740767    0.44433567  0.40331   ]
 [-0.2562007   0.78680825  0.02373364]]","[[ 0.30320123 -0.387828    0.8704358 ]
 [ 0.8854396  -0.22297269 -0.4077744 ]
 [ 0.35222965  0.894356    0.27579266]]"
20200222-231252.958569,102,[1.7921988  1.6033533  0.10890144],"[[-0.21275726 -0.288051    0.89918846]
 [ 0.5901223  -0.3079695  -0.16268481]
 [ 0.72549444  0.46888196  0.40547177]
 [-0.2831034   0.7760996   0.02421299]]","[[ 0.31453848 -0.3799409   0.8698911 ]
 [ 0.8924021  -0.1939983  -0.40741044]
 [ 0.32354933  0.9044388   0.2780401 ]]"
20200222-231252.958569,103,[1.794661  1.6105499 0.1086739],"[[-0.21370572 -0.28931472  0.89882326]
 [ 0.5899092  -0.3090294  -0.16213925]
 [ 0.7251676   0.4692797   0.40646577]
 [-0.2836705   0.77496725  0.02476354]]","[[ 0.3148696  -0.3799383   0.8697725 ]
 [ 0.89235204 -0.19370608 -0.4076593 ]
 [ 0.32336557  0.9045026   0.27804643]]"
20200222-231252.958569,104,[1.7937796  1.6187373  0.10818123],"[[-0.21807197 -0.28806353  0.89827436]
 [ 0.58653647 -0.31563026 -0.1615943 ]
 [ 0.7292607   0.46253386  0.40790528]
 [-0.27676407  0.7768265   0.02456923]]","[[ 0.31118926 -0.38217068  0.8701189 ]
 [ 0.89076155 -0.20180547 -0.40720817]
 [ 0.3312178   0.9017873   0.27762318]]"
20200222-231252.958569,105,[1.7910937  1.6259798  0.10793326],"[[-0.21925342 -0.2895559   0.89765394]
 [ 0.58637774 -0.31598863 -0.16120133]
 [ 0.7283456   0.46379042  0.40942067]
 [-0.278571    0.7753753   0.02463035]]","[[ 0.3112144  -0.3817215   0.87030697]
 [ 0.89136934 -0.20032349 -0.40660912]
 [ 0.32955435  0.90230757  0.27791134]]"
20200222-231252.958569,106,[1.783225   1.6333883  0.10753995],"[[-0.2195306  -0.29226324  0.8968034 ]
 [ 0.587649   -0.3133438  -0.1607369 ]
 [ 0.72490937  0.46873936  0.4114744 ]
 [-0.28457212  0.77245164  0.02441896]]","[[ 0.31244463 -0.379699    0.8707508 ]
 [ 0.89337945 -0.19411156 -0.4052084 ]
 [ 0.32288015  0.90451604  0.27856612]]"
20200222-231252.958569,107,[1.7873237  1.6395535  0.10711873],"[[-0.21671133 -0.29705516  0.89655155]
 [ 0.5917636  -0.30691597 -0.15923712]
 [ 0.7182007   0.47842348  0.41249552]
 [-0.29502466  0.7672495   0.02620439]]","[[ 0.3176012  -0.3766401   0.8702136 ]
 [ 0.8955389  -0.18250507 -0.40583485]
 [ 0.31167206  0.9082038   0.2793321 ]]"
20200222-231252.958569,108,[1.7950705  1.6435367  0.10667473],"[[-0.20843259 -0.3060585   0.89631486]
 [ 0.60094476 -0.29091355 -0.15760647]
 [ 0.70321244  0.49957922  0.41344827]
 [-0.3176689   0.75638473  0.02898624]]","[[ 0.32901108 -0.36953548  0.8690196 ]
 [ 0.8997798  -0.15663244 -0.4072621 ]
 [ 0.28661448  0.9159201   0.28096682]]"
20200222-231252.958569,109,[1.7980044  1.6478404  0.10631341],"[[-0.2001408  -0.3146325   0.89588016]
 [ 0.60940045 -0.27450868 -0.15634249]
 [ 0.68757635  0.5203896   0.41471747]
 [-0.34031376  0.74487984  0.03106688]]","[[ 0.33969423 -0.36167705  0.8682152 ]
 [ 0.9037102  -0.13026477 -0.40784696]
 [ 0.26060674  0.9231581   0.28260106]]"
20200222-231252.958569,110,[1.7971847  1.6549506  0.10626791],"[[-0.19796443 -0.31799456  0.89554155]
 [ 0.61178666 -0.269526   -0.15552354]
 [ 0.6820207   0.52757716  0.41569892]
 [-0.348389    0.740201    0.03181108]]","[[ 0.34305957 -0.35848314  0.8682165 ]
 [ 0.90513116 -0.12092049 -0.40757328]
 [ 0.25109327  0.92567176  0.28299138]]"
20200222-231252.958569,111,[1.7922437 1.6592693 0.1061961],"[[-0.18432476 -0.32916042  0.8946211 ]
 [ 0.6230763  -0.24242067 -0.15545225]
 [ 0.6564142   0.558947    0.4176618 ]
 [-0.38330242  0.72143203  0.03234972]]","[[ 0.35814688 -0.34405062  0.8679632 ]
 [ 0.9101163  -0.0788255  -0.406786  ]
 [ 0.20837255  0.9356365   0.28489494]]"
20200222-231252.958569,112,[1.7951394  1.666816   0.10604458],"[[-0.18376593 -0.33103913  0.8944104 ]
 [ 0.6239218  -0.24114344 -0.15458925]
 [ 0.65400934  0.56165236  0.4183699 ]
 [-0.38629434  0.7188948   0.03314557]]","[[ 0.35978457 -0.34262034  0.8678515 ]
 [ 0.9102889  -0.07523473 -0.40707976]
 [ 0.20476641  0.93645656  0.28481516]]"
20200222-231252.958569,113,[1.7928313  1.6736624  0.10562828],"[[-0.17904595 -0.33602026  0.8938729 ]
 [ 0.6280668  -0.2306731  -0.15346071]
 [ 0.64293665  0.5738448   0.41987857]
 [-0.4001336   0.71033967  0.03380756]]","[[ 0.36554393 -0.33624208  0.86793953]
 [ 0.91180384 -0.0580407  -0.40650314]
 [ 0.18705933  0.9399854   0.28537038]]"
20200222-231252.958569,114,[1.7928835  1.680067   0.10543855],"[[-0.17190345 -0.34176648  0.89342314]
 [ 0.63322866 -0.2168455  -0.15273528]
 [ 0.6286934   0.58921695  0.4210413 ]
 [-0.41739154  0.6992834   0.03451724]]","[[ 0.37326372 -0.327943    0.86782914]
 [ 0.91300184 -0.0361427  -0.406351  ]
 [ 0.16462563  0.94400585  0.28592184]]"
20200222-231252.958569,115,[1.7930317  1.6864171  0.10524643],"[[-0.16373834 -0.34773573  0.8929652 ]
 [ 0.6385813  -0.20130785 -0.15203664]
 [ 0.6125861   0.6057479   0.42220888]
 [-0.4360529   0.6867493   0.03517679]]","[[ 0.38157064 -0.31851318  0.8677289 ]
 [ 0.913712   -0.01197341 -0.40618604]
 [ 0.1397654   0.94784284  0.28646058]]"
