Timestamp,Epoch,s,u,v
20200220-135445.510668,0,[1.8198453 1.4156224 0.7549747],"[[ 0.26678583 -0.5043949   0.63743454]
 [ 0.6611008  -0.48962358 -0.24896501]
 [ 0.6552474   0.51056206 -0.26705655]
 [ 0.24984293  0.49515736  0.6785089 ]]","[[ 0.50336283 -0.70346534  0.50175923]
 [ 0.718204    0.01775573 -0.69560593]
 [ 0.4804256   0.7105077   0.51416916]]"
20200220-135445.510668,1,[1.8041275  1.4221073  0.75231427],"[[ 0.2554147  -0.50546247  0.64079833]
 [ 0.6625966  -0.49276337 -0.23987585]
 [ 0.66058713  0.5074568  -0.25863263]
 [ 0.24362577  0.4941451   0.68186975]]","[[ 0.49644572 -0.7052143   0.5061761 ]
 [ 0.7239569   0.01460604 -0.68969053]
 [ 0.4789865   0.7088437   0.51779604]]"
20200220-135445.510668,2,[1.7857177 1.4287217 0.7490774],"[[ 0.24601923 -0.5053877   0.6442539 ]
 [ 0.6670133  -0.49193403 -0.22995025]
 [ 0.66348547  0.508296   -0.24867125]
 [ 0.23314057  0.49418518  0.6857274 ]]","[[ 0.49240705 -0.7048201   0.5106507 ]
 [ 0.73040473  0.01555705 -0.68283755]
 [ 0.47333336  0.7092156   0.5224643 ]]"
20200220-135445.510668,3,[1.7641416 1.4355307 0.7452625],"[[ 0.23900025 -0.50411755  0.6479315 ]
 [ 0.6742606  -0.48688442 -0.21921408]
 [ 0.6638562   0.513325   -0.23719978]
 [ 0.21805097  0.49528432  0.6898303 ]]","[[ 0.4915335  -0.7020312   0.5153128 ]
 [ 0.7375392   0.02093846 -0.67497975]
 [ 0.46306694  0.7118384   0.5280672 ]]"
20200220-135445.510668,4,[1.7392199 1.442413  0.7416381],"[[ 0.232736   -0.50268364  0.6513539 ]
 [ 0.68169576 -0.48108888 -0.2087069 ]
 [ 0.6633389   0.51903117 -0.2260453 ]
 [ 0.2027472   0.4964566   0.69360155]]","[[ 0.49119213 -0.69877285  0.52004516]
 [ 0.744669    0.02714313 -0.6668819 ]
 [ 0.4518833   0.71482855  0.53368706]]"
20200220-135445.510668,5,[1.7214483  1.4493233  0.73884815],"[[ 0.2294515  -0.50101477  0.653865  ]
 [ 0.6889482  -0.47413972 -0.20049018]
 [ 0.6610639   0.5257874  -0.21707663]
 [ 0.18893668  0.4977185   0.6965217 ]]","[[ 0.49304217 -0.69480544  0.5235981 ]
 [ 0.7501216   0.03463042 -0.66039264]
 [ 0.4407119   0.7183637   0.5382629 ]]"
20200220-135445.510668,6,[1.6986266  1.4562392  0.73495084],"[[ 0.22498485 -0.49903554  0.6569673 ]
 [ 0.6978741  -0.46535608 -0.18983367]
 [ 0.6580115   0.5341922  -0.20563278]
 [ 0.17138906  0.499045    0.7000515 ]]","[[ 0.49520645 -0.68971986  0.5282586 ]
 [ 0.7569885   0.04418702 -0.6519323 ]
 [ 0.42630857  0.722727    0.5439917 ]]"
20200220-135445.510668,7,[1.6769643 1.4631575 0.7309212],"[[ 0.22187859 -0.49661675  0.65989   ]
 [ 0.7078483  -0.45438266 -0.17911609]
 [ 0.6530852   0.5444871  -0.19410957]
 [ 0.1523177   0.5004418   0.70340914]]","[[ 0.49920657 -0.6832541   0.532876  ]
 [ 0.7635438   0.05614455 -0.6433108 ]
 [ 0.40962672  0.7280191   0.5497221 ]]"
20200220-135445.510668,8,[1.6658481 1.470037  0.7259677],"[[ 0.21831764 -0.49444208  0.66258657]
 [ 0.71805483 -0.4427482  -0.16780345]
 [ 0.64742833  0.55513257 -0.18204972]
 [ 0.13255684  0.50132674  0.70687973]]","[[ 0.5037448  -0.67663604  0.5370337 ]
 [ 0.7693913   0.06875885 -0.6350666 ]
 [ 0.39278302  0.7331003   0.5552348 ]]"
20200220-135445.510668,9,[1.650574  1.476932  0.7212974],"[[ 0.21737093 -0.4913869   0.6651965 ]
 [ 0.7294703  -0.4278412  -0.15682447]
 [ 0.63902295  0.5684634  -0.17031613]
 [ 0.11078171  0.50233483  0.7098676 ]]","[[ 0.5109582  -0.6677046   0.5413801 ]
 [ 0.774759    0.08488331 -0.62653285]
 [ 0.37238473  0.7395712   0.560682  ]]"
20200220-135445.510668,10,[1.6372405 1.4836893 0.7180578],"[[ 0.22179179 -0.48707202  0.6669516 ]
 [ 0.74210453 -0.40857002 -0.14862603]
 [ 0.62623405  0.5851261  -0.161283  ]
 [ 0.08899515  0.5034471   0.71209127]]","[[ 0.5228797  -0.65573674  0.54461575]
 [ 0.7777269   0.10547657 -0.61968994]
 [ 0.3489092   0.7475856   0.56513584]]"
20200220-135445.510668,11,[1.6162623 1.4909321 0.713059 ],"[[ 0.22158445 -0.48331144  0.66960305]
 [ 0.75444776 -0.39013046 -0.13632534]
 [ 0.61445105  0.6004517  -0.14909762]
 [ 0.06448726  0.50365263  0.7147148 ]]","[[ 0.53183466 -0.64383173  0.55012035]
 [ 0.78257895  0.12541461 -0.6097879 ]
 [ 0.32360768  0.754819    0.5705491 ]]"
20200220-135445.510668,12,[1.6042862  1.4973441  0.70807576],"[[ 0.2322788  -0.47551802  0.6715932 ]
 [ 0.7730487  -0.3557882  -0.12554134]
 [ 0.58948755  0.6276797  -0.13742775]
 [ 0.03076678  0.5033049   0.71715814]]","[[ 0.55367607 -0.62160873  0.55411685]
 [ 0.7826927   0.16127592 -0.60115093]
 [ 0.2843149   0.76654595  0.5758232 ]]"
20200220-135445.510668,13,[1.5953856  1.5042315  0.70368415],"[[ 0.23631053 -0.47062218  0.6736484 ]
 [ 0.78438044 -0.33363175 -0.11571299]
 [ 0.57346225  0.64435446 -0.12779632]
 [ 0.00676143  0.5020081   0.7186631 ]]","[[ 0.5660165  -0.6066161   0.55824935]
 [ 0.7832137   0.1843433  -0.5937962 ]
 [ 0.25729677  0.77332693  0.5794514 ]]"
20200220-135445.510668,14,[1.5918468  1.5111018  0.70040923],"[[ 0.24243176 -0.46561927  0.674673  ]
 [ 0.79493624 -0.3109821  -0.10839474]
 [ 0.5559668   0.6605499  -0.12068837]
 [-0.01429931  0.50016284  0.7200704 ]]","[[ 0.5793783  -0.59135467  0.5609106 ]
 [ 0.7814275   0.20736869 -0.5885317 ]
 [ 0.23171563  0.77929324  0.5822457 ]]"
20200220-135445.510668,15,[1.5802271 1.5188123 0.6952937],"[[ 0.24781004 -0.4593523   0.67669016]
 [ 0.807127   -0.28288    -0.09695402]
 [ 0.534194    0.6796773  -0.11055655]
 [-0.04210728  0.4970041   0.7214342 ]]","[[ 0.59418446 -0.57144135  0.56603837]
 [ 0.779584    0.23594055 -0.5801557 ]
 [ 0.19797356  0.78599405  0.58567876]]"
20200220-135445.510668,16,[1.5653433 1.5240672 0.6899256],"[[ 0.3060987  -0.41975293  0.6783923 ]
 [ 0.84304    -0.1523043  -0.08499825]
 [ 0.42262638  0.75558025 -0.09889693]
 [-0.1302865   0.4792802   0.7230343 ]]","[[ 0.67007273 -0.4741801   0.5711007 ]
 [ 0.73936296  0.35802922 -0.5702261 ]
 [ 0.06591909  0.8043435   0.59049666]]"
20200220-135445.510668,17,[1.5606338 1.5332458 0.6866299],"[[ 0.31458914 -0.41019186  0.68005913]
 [ 0.8491479  -0.12083943 -0.07707593]
 [ 0.39516264  0.770734   -0.09330276]
 [-0.15436387  0.47234473  0.72309995]]","[[ 0.6841013  -0.44839913  0.5752772 ]
 [ 0.7287234   0.38653785 -0.56528825]
 [ 0.03110834  0.8059322   0.59119   ]]"
20200220-135445.510668,18,[1.5559925  1.5339164  0.68240327],"[[ 0.4452909  -0.25932965  0.6811664 ]
 [ 0.82844627  0.22562847 -0.06772075]
 [ 0.05884698  0.86493695 -0.08424531]
 [-0.33455968  0.36568278  0.7241056 ]]","[[ 0.8021391  -0.14546372  0.5791488 ]
 [ 0.5198849   0.64724445 -0.55748934]
 [-0.29375634  0.74827456  0.59480447]]"
20200220-135445.510668,19,[1.5576581 1.53094   0.6789163],"[[ 0.50337595 -0.10144672  0.6822314 ]
 [ 0.70458853  0.49225026 -0.05939041]
 [-0.2355      0.8347963  -0.07716314]
 [-0.44125676  0.2247521   0.7246235 ]]","[[ 0.80205464  0.12964676  0.5830093 ]
 [ 0.27310815  0.78850573 -0.55106306]
 [-0.5311498   0.6012074   0.5970173 ]]"
20200220-135445.510668,20,[1.5671558 1.5278745 0.6737865],"[[ 0.5000539  -0.11762904  0.6819986 ]
 [ 0.7120803   0.4823939  -0.05151685]
 [-0.2227691   0.83904684 -0.06731382]
 [-0.43961528  0.2223956   0.7264246 ]]","[[ 0.80397904  0.11168201  0.5840763 ]
 [ 0.28634974  0.788121   -0.54485714]
 [-0.52117336  0.60530365  0.6016526 ]]"
20200220-135445.510668,21,[1.573664   1.5193033  0.66769856],"[[ 0.5077178  -0.06868931  0.68288904]
 [ 0.6505976   0.563684   -0.04015652]
 [-0.31973144  0.8078147  -0.05619213]
 [-0.4655287   0.15804152  0.72724974]]","[[ 0.7836617   0.19943734  0.5883021 ]
 [ 0.19302113  0.8219992  -0.53578025]
 [-0.59043825  0.5334251   0.6056737 ]]"
20200220-135445.510668,22,[1.5794215  1.515814   0.66303456],"[[-0.50989014 -0.01916391  0.6839982 ]
 [-0.58268446  0.6347281  -0.03043414]
 [ 0.4091938   0.7664869  -0.0489496 ]
 [ 0.48275405  0.09618325  0.7272032 ]]","[[-0.75360096  0.28377602  0.5929222 ]
 [-0.09903444  0.8427016  -0.5291942 ]
 [ 0.649829    0.45752096  0.60695714]]"
20200220-135445.510668,23,[1.5874091 1.512864  0.6590242],"[[-0.509347   -0.03154927  0.68383867]
 [-0.58937275  0.6289496  -0.02376123]
 [ 0.40112874  0.77109694 -0.04139728]
 [ 0.4819761   0.09400261  0.72807044]]","[[-0.75698745  0.27146915  0.594369  ]
 [-0.10835421  0.84487087 -0.52388215]
 [ 0.64438283  0.46097454  0.610142  ]]"
20200220-135445.510668,24,[1.5959114 1.5102971 0.6531732],"[[-0.5084725  -0.0433418   0.6837357 ]
 [-0.59271455  0.6262148  -0.01484772]
 [ 0.39703506  0.77355677 -0.03174288]
 [ 0.48219123  0.08710135  0.72888786]]","[[-0.7586259   0.26219273  0.596441  ]
 [-0.11343393  0.8483171  -0.5171954 ]
 [ 0.64157575  0.46001446  0.61381376]]"
20200220-135445.510668,25,[1.6039876  1.503204   0.64970326],"[[-0.5080914  -0.04878059  0.68368137]
 [-0.59133977  0.62761766 -0.00842901]
 [ 0.3987778   0.7729738  -0.02447314]
 [ 0.4828426   0.07891941  0.7293217 ]]","[[-0.75822896  0.2592586   0.59822536]
 [-0.11210448  0.8520339  -0.5113422 ]
 [ 0.6422783   0.45477828  0.6169727 ]]"
20200220-135445.510668,26,[1.6116568 1.499636  0.645064 ],"[[-5.0767559e-01 -4.7295950e-02 -6.8412054e-01]
 [-5.8029407e-01  6.3788170e-01  5.2837917e-04]
 [ 4.1220364e-01  7.6613396e-01  1.6826559e-02]
 [ 4.8539910e-01  6.2515229e-02 -7.2917444e-01]]","[[-0.752788    0.26849553 -0.6010161 ]
 [-0.09766221  0.8573735   0.5053441 ]
 [ 0.6509779   0.4391135  -0.6191988 ]]"
20200220-135445.510668,27,[1.6186087  1.49678    0.64041144],"[[-0.50745165 -0.02996295  0.6847977 ]
 [-0.548158    0.6661813   0.00848494]
 [ 0.44954818  0.7445359  -0.01052773]
 [ 0.48981827  0.03116104  0.72860765]]","[[-0.73635846  0.30240768  0.60524863]
 [-0.05544483  0.86457604 -0.499434  ]
 [ 0.6743159   0.40132028  0.61987084]]"
20200220-135445.510668,28,[1.6271783 1.4918109 0.6375437],"[[-0.5072591  -0.03131178 -0.6847843 ]
 [-0.5427421   0.6706326  -0.0141315 ]
 [ 0.45556778  0.7408131   0.00511727]
 [ 0.49048665  0.02162492 -0.7285911 ]]","[[-0.73360085  0.30500114 -0.6072925 ]
 [-0.04863612  0.86777335  0.49457437]
 [ 0.67783797  0.3923565  -0.62176514]]"
20200220-135445.510668,29,[1.6353015 1.4903445 0.6336656],"[[-0.5071286  -0.04281789 -0.6841571 ]
 [-0.5498808   0.66477334 -0.01983809]
 [ 0.44768474  0.74553406 -0.00150828]
 [ 0.4899288   0.02054923 -0.7290631 ]]","[[-0.73759574  0.2933717  -0.60818225]
 [-0.05811041  0.8697671   0.49002916]
 [ 0.6727377   0.39678508 -0.6244885 ]]"
20200220-135445.510668,30,[1.643361   1.4874367  0.62916976],"[[-0.5069354  -0.04657269 -0.6837821 ]
 [-0.54544723  0.6684776  -0.02713654]
 [ 0.4526853   0.74220204 -0.00840005]
 [ 0.49048963  0.01024628 -0.7291332 ]]","[[-0.7354145   0.2944358  -0.6103059 ]
 [-0.05254216  0.87317467  0.48456725]
 [ 0.6755775   0.38842452 -0.626675  ]]"
20200220-135445.510668,31,[1.6515608  1.4835258  0.62644064],"[[-0.506779   -0.04860692 -0.68364733]
 [-0.5415135   0.67157567 -0.0323552 ]
 [ 0.4570829   0.73933655 -0.01335421]
 [ 0.49093089  0.00223299 -0.7289727 ]]","[[-0.733393    0.29572892 -0.6121104 ]
 [-0.04757453  0.8758857   0.4801676 ]
 [ 0.67813826  0.3812724  -0.62829936]]"
20200220-135445.510668,32,[1.6597022  1.4810119  0.62199634],"[[-0.506379   -0.0525727  -0.6836866 ]
 [-0.5380805   0.67393184 -0.03928536]
 [ 0.46084937  0.7368846  -0.02005703]
 [ 0.49159715 -0.00729246 -0.72844154]]","[[-0.7313984   0.29593083 -0.6143949 ]
 [-0.0433217   0.8789557   0.47493154]
 [ 0.6805729   0.37398082 -0.6300466 ]]"
20200220-135445.510668,33,[1.6679531 1.4741768 0.6180278],"[[-0.5061803  -0.05641828 -0.68339294]
 [-0.53408706  0.67681485 -0.04640719]
 [ 0.46524474  0.73378646 -0.02682015]
 [ 0.49201632 -0.01721443 -0.7280806 ]]","[[-0.72930074  0.2959805  -0.6168598 ]
 [-0.03834157  0.8824903   0.46876535]
 [ 0.6831181   0.36552227 -0.6322525 ]]"
20200220-135445.510668,34,[1.6762315  1.4747759  0.61246383],"[[-0.50573885 -0.05630469 -0.6835996 ]
 [-0.52414155  0.6840902  -0.05455642]
 [ 0.47589746  0.7265261  -0.03341219]
 [ 0.49297625 -0.03178114 -0.72704804]]","[[-0.72352195  0.30366918 -0.6199202 ]
 [-0.02562268  0.88560975  0.46372274]
 [ 0.6898257   0.35139766 -0.63297725]]"
20200220-135445.510668,35,[1.6845562 1.4700232 0.6092411],"[[-0.5055832  -0.06535521 -0.6829446 ]
 [-0.52913755  0.6797827  -0.05967064]
 [ 0.4706298   0.7297035  -0.03946518]
 [ 0.49285567 -0.03401432 -0.72695875]]","[[-0.7264221   0.29448926 -0.6209567 ]
 [-0.03225451  0.88793504  0.4588367 ]
 [ 0.6864915   0.35333768 -0.6355171 ]]"
20200220-135445.510668,36,[1.6926243  1.4718584  0.60630107],"[[-0.50541663 -0.05861326 -0.68323404]
 [-0.5139899   0.69130147 -0.06517277]
 [ 0.48667502  0.71854156 -0.0421716 ]
 [ 0.4934734  -0.04863155 -0.7260615 ]]","[[-0.71772593  0.30953693 -0.62374413]
 [-0.01268648  0.88980305  0.45616853]
 [ 0.6962102   0.33531713 -0.6347077 ]]"
20200220-135445.510668,37,[1.7015524 1.4640057 0.6017805],"[[-0.50530744 -0.06930409 -0.6823543 ]
 [-0.51879674  0.6869767  -0.07215986]
 [ 0.48167294  0.72142917 -0.0500672 ]
 [ 0.49346286 -0.05291531 -0.7257263 ]]","[[-0.7205787   0.29932016 -0.62543905]
 [-0.01904268  0.89314026  0.4493749 ]
 [ 0.69311166  0.3357199  -0.637878  ]]"
20200220-135445.510668,38,[1.7098774  1.4713533  0.59663135],"[[-0.50511855 -0.07424303 -0.68188024]
 [-0.5183811   0.68679786 -0.0776025 ]
 [ 0.48210463  0.72067016 -0.05523794]
 [ 0.4936712  -0.05857495 -0.72523504]]","[[-0.7202679   0.29820025 -0.6263309 ]
 [-0.01857417  0.8942757   0.44713053]
 [ 0.69344705  0.33368742 -0.6385794 ]]"
20200220-135445.510668,39,[1.7189169 1.4714808 0.5931039],"[[ 0.5049336  -0.08279657 -0.6810985 ]
 [ 0.52381605  0.6821035  -0.08185692]
 [-0.47638947  0.72409785 -0.06053133]
 [-0.49367157 -0.05968042 -0.7250792 ]]","[[ 0.7234091   0.2896597  -0.62671894]
 [ 0.02574186  0.8957893   0.44373325]
 [-0.68993956  0.33713353 -0.64056575]]"
20200220-135445.510668,40,[1.7279493  1.4753655  0.58914244],"[[ 0.50479186 -0.09113507 -0.6800645 ]
 [ 0.5291558   0.6775635  -0.08586103]
 [-0.4707004   0.72729343 -0.0654349 ]
 [-0.49357942 -0.0603851  -0.72516125]]","[[ 0.72659653  0.2817832  -0.62662256]
 [ 0.03285346  0.896736    0.44134474]
 [-0.6862785   0.34126624 -0.6423077 ]]"
20200220-135445.510668,41,[1.7363178 1.4799621 0.58536  ],"[[ 0.50467396 -0.09910078 -0.6787919 ]
 [ 0.5341888   0.6733845  -0.08966225]
 [-0.46532717  0.7300876  -0.06991875]
 [-0.49337348 -0.0608638  -0.7254749 ]]","[[ 0.7297099   0.27442265 -0.6262713 ]
 [ 0.03960069  0.89742756  0.43938076]
 [-0.68260914  0.34542134 -0.64399457]]"
20200220-135445.510668,42,[1.7455751  1.4795545  0.57949984],"[[ 0.50446934 -0.10437234 -0.6780398 ]
 [ 0.53191656  0.6743009  -0.09696446]
 [-0.4677735   0.7277183  -0.07674726]
 [-0.49372423 -0.06965038 -0.72454804]]","[[ 0.72845286  0.27343842 -0.62816244]
 [ 0.03682553  0.8999433   0.43444934]
 [-0.6841056   0.33960828 -0.6454967 ]]"
20200220-135445.510668,43,[1.754267  1.4740996 0.5759893],"[[ 0.5044412  -0.1082373  -0.6773364 ]
 [ 0.52975255  0.6753082  -0.10266658]
 [-0.4701447   0.72549325 -0.08213996]
 [-0.49382734 -0.0768283  -0.7238291 ]]","[[ 0.72733325  0.2722609  -0.62996864]
 [ 0.03410153  0.90246916  0.4294026 ]
 [-0.6854367   0.33380157 -0.64711136]]"
20200220-135445.510668,44,[1.7635801 1.467116  0.5718607],"[[ 0.5041884  -0.11633053 -0.676209  ]
 [ 0.5323697   0.6723004  -0.10863309]
 [-0.46733811  0.72652054 -0.08890867]
 [-0.49393463 -0.081531   -0.7232122 ]]","[[ 0.72896314  0.2648559  -0.6312402 ]
 [ 0.03783709  0.90512156  0.42346582]
 [-0.6835066   0.33257532 -0.64977884]]"
20200220-135445.510668,45,[1.7729547 1.4602544 0.5678289],"[[ 0.5039488  -0.12413336 -0.6750349 ]
 [ 0.53480285  0.6693856  -0.11441502]
 [-0.46471497  0.7273796  -0.09555117]
 [-0.49402615 -0.0862136  -0.7225698 ]]","[[ 0.73049426  0.2577196  -0.6324229 ]
 [ 0.04132759  0.9076787   0.41762573]
 [-0.68166727  0.33120966 -0.65240324]]"
20200220-135445.510668,46,[1.7817326  1.4555228  0.56448615],"[[ 0.5039196  -0.12758291 -0.6742769 ]
 [ 0.5325518   0.6704039  -0.11982047]
 [-0.46719468  0.7249981  -0.10049292]
 [-0.4941487  -0.0930527  -0.72173053]]","[[ 0.72932553  0.2568595  -0.6341194 ]
 [ 0.03849317  0.9099754   0.41287163]
 [-0.6830832   0.3255271  -0.65378094]]"
20200220-135445.510668,47,[1.7905374 1.4552183 0.560697 ],"[[ 0.50379235 -0.13105185 -0.67358327]
 [ 0.5309111   0.6709457  -0.1247936 ]
 [-0.46900386  0.7230873  -0.10499027]
 [-0.49432972 -0.09900537 -0.7208948 ]]","[[ 0.7284176   0.25624415 -0.6354106 ]
 [ 0.03645045  0.9116187   0.40941733]
 [-0.6841631   0.32138792 -0.6546991 ]]"
20200220-135445.510668,48,[1.7980777  1.4613501  0.55732656],"[[ 0.5039157  -0.12396487 -0.6745552 ]
 [ 0.5166757   0.6813039  -0.12995328]
 [-0.48409712  0.7126666  -0.10616973]
 [-0.4947375  -0.1120883  -0.71889883]]","[[ 0.7196731   0.27207848 -0.638783  ]
 [ 0.0175178   0.91261345  0.408448  ]
 [-0.6940919   0.3051392  -0.6520173 ]]"
20200220-135445.510668,49,[1.807261  1.4553663 0.5535174],"[[ 0.5040621  -0.12583901 -0.67384714]
 [ 0.51129264  0.6843902  -0.13640581]
 [-0.48970157  0.7078145  -0.11113817]
 [-0.49466532 -0.12154661 -0.71761554]]","[[ 0.7164947   0.2742965  -0.64140236]
 [ 0.01045884  0.91512394  0.40303713]
 [-0.6975143   0.29548222 -0.6528126 ]]"
20200220-135445.510668,50,[1.8159785  1.452657   0.55093306],"[[ 0.50385547 -0.13236785 -0.67279375]
 [ 0.5151387   0.68078184 -0.13981462]
 [-0.485776    0.7098582  -0.1155968 ]
 [-0.49475622 -0.12294864 -0.7172435 ]]","[[ 0.7188385   0.26747116 -0.6416623 ]
 [ 0.01558995  0.91658515  0.39953536]
 [-0.6950023   0.297205   -0.65470695]]"
20200220-135445.510668,51,[1.8249937  1.4484943  0.54782623],"[[ 0.50380945 -0.1363479  -0.67192036]
 [ 0.5142526   0.680585   -0.14464454]
 [-0.4867336   0.7083462  -0.12010448]
 [-0.49478352 -0.1282917  -0.7163632 ]]","[[ 0.7183468   0.2653619  -0.6430871 ]
 [ 0.01449523  0.91848403  0.3951925 ]
 [-0.6955342   0.293207   -0.6559436 ]]"
20200220-135445.510668,52,[1.8334008 1.4504365 0.5449835],"[[ 0.50404716 -0.13649638 -0.6713239 ]
 [ 0.50964797  0.6835931  -0.14872278]
 [-0.49153683  0.70423865 -0.12254039]
 [-0.49455735 -0.13460076 -0.71567446]]","[[ 0.7156946   0.26911744 -0.64448214]
 [ 0.00838999  0.9194009   0.39323282]
 [-0.6983631   0.2868418  -0.6557521 ]]"
20200220-135445.510668,53,[1.8429866  1.4471997  0.54258335],"[[ 0.503861   -0.1425263   0.67027   ]
 [ 0.5130554   0.68027955  0.15196937]
 [-0.4880346   0.7059625   0.12676677]
 [-0.49469194 -0.13609788  0.7152435 ]]","[[ 0.7178203   0.2626933   0.6447682 ]
 [ 0.01300604  0.92086613 -0.38966167]
 [-0.6961068   0.28809297  0.65759975]]"
20200220-135445.510668,54,[1.8525064  1.4459264  0.53867024],"[[ 0.5037963  -0.14938746  0.6687373 ]
 [ 0.5161354   0.677074    0.15627752]
 [-0.4848362   0.7071112   0.1318897 ]
 [-0.49469936 -0.13873498  0.7148238 ]]","[[ 0.7199107   0.25645846  0.6449477 ]
 [ 0.01723689  0.9223373  -0.38600078]
 [-0.6938526   0.28900298  0.65958005]]"
20200220-135445.510668,55,[1.8620865  1.4490209  0.53434926],"[[ 0.50365764 -0.15566242  0.667316  ]
 [ 0.51910156  0.6740116   0.16010669]
 [-0.4817361   0.70825475  0.13643107]
 [-0.4947658  -0.14089905  0.71445215]]","[[ 0.7218877   0.2513512   0.6447485 ]
 [ 0.02133542  0.9231768  -0.38378292]
 [-0.69168127  0.29080418  0.6610675 ]]"
20200220-135445.510668,56,[1.8709172 1.451015  0.531687 ],"[[ 0.50353324 -0.16079499  0.6660981 ]
 [ 0.5221973   0.67112666  0.16262047]
 [-0.47852406  0.7096865   0.13977216]
 [-0.4947515  -0.14170161  0.71437514]]","[[ 0.72393566  0.24648103  0.6443324 ]
 [ 0.02556265  0.9237688  -0.38209638]
 [-0.689394    0.29308406  0.66244835]]"
20200220-135445.510668,57,[1.8807325 1.4480801 0.5294451],"[[ 0.5033316  -0.16597278  0.6650258 ]
 [ 0.5247865   0.6683475   0.16559657]
 [-0.4757957   0.7107672   0.14365162]
 [-0.4948484  -0.14343703  0.71392083]]","[[ 0.7255802   0.24104503  0.6445392 ]
 [ 0.02917794  0.9250236  -0.37878737]
 [-0.6875188   0.29364687  0.6641457 ]]"
20200220-135445.510668,58,[1.8897996  1.4459732  0.52720445],"[[ 0.50307864 -0.17088056  0.6639947 ]
 [ 0.5271487   0.6657526   0.16851656]
 [-0.47333318  0.711678    0.14736623]
 [-0.49495625 -0.14521745  0.71344   ]]","[[ 0.7270726   0.23607674  0.64469624]
 [ 0.03251122  0.92613095 -0.37579858]
 [-0.6857905   0.2941926   0.6656892 ]]"
20200220-135445.510668,59,[1.8993527 1.4517646 0.5243209],"[[ 0.50251347 -0.18004288  0.66205305]
 [ 0.5367488   0.6578      0.16922982]
 [-0.4630144   0.71767527  0.151118  ]
 [-0.4949734  -0.14080423  0.7142902 ]]","[[ 0.73310953  0.22429226  0.6420618 ]
 [ 0.04577862  0.9256403  -0.3756255 ]
 [-0.6785682   0.30476737  0.66832787]]"
20200220-135445.510668,60,[1.9084924 1.4578087 0.5216677],"[[ 0.5024808  -0.17909482  0.6622293 ]
 [ 0.53261113  0.6605272   0.17212217]
 [-0.4674811   0.71442163  0.15232788]
 [-0.4952781  -0.14570835  0.7131776 ]]","[[ 0.73046494  0.22919166  0.6433447 ]
 [ 0.04018726  0.925951   -0.3754994 ]
 [-0.68176705  0.3001432   0.6671639 ]]"
20200220-135445.510668,61,[1.9176036 1.4627607 0.5182341],"[[ 0.5024746  -0.18137708  0.66137034]
 [ 0.531632    0.66072875  0.17537682]
 [-0.46856552  0.71292657  0.15491168]
 [-0.49531126 -0.14925052  0.7126254 ]]","[[ 0.7300248   0.22958657  0.64370316]
 [ 0.03896879  0.9263682  -0.3745978 ]
 [-0.6823088   0.29855004  0.667325  ]]"
20200220-135445.510668,62,[1.9275419  1.4657986  0.51433647],"[[ 0.50224996 -0.18658872  0.65999216]
 [ 0.5338982   0.6581315   0.17865624]
 [-0.46612054  0.7135573   0.15879694]
 [-0.49540883 -0.15127474  0.7122332 ]]","[[ 0.7315533   0.22546834  0.6434236 ]
 [ 0.04224246  0.9269323  -0.37284374]
 [-0.68047446  0.29993483  0.668576  ]]"
20200220-135445.510668,63,[1.9377341 1.4681474 0.5127233],"[[ 0.50224656 -0.18747841  0.65964603]
 [ 0.5326936   0.6586752   0.18067719]
 [-0.46741715  0.71227586  0.16024943]
 [-0.49548703 -0.15382479  0.71171844]]","[[ 0.73090374  0.22617796  0.6439125 ]
 [ 0.04072481  0.9273531  -0.37196475]
 [-0.6812645   0.2980936   0.6685948 ]]"
20200220-135445.510668,64,[1.9461404 1.4706225 0.5104225],"[[ 0.50259155 -0.1868831   0.659156  ]
 [ 0.5283248   0.66170216  0.18403387]
 [-0.47216597  0.70844364  0.16172174]
 [-0.495312   -0.15916243  0.71097887]]","[[ 0.72846985  0.23039632  0.6451739 ]
 [ 0.03481919  0.92808384 -0.37074018]
 [-0.6841925   0.29253745  0.6680588 ]]"
20200220-135445.510668,65,[1.9557316 1.4767083 0.5078607],"[[ 0.502744   -0.1860476   0.6590459 ]
 [ 0.5244329   0.6642831   0.18675151]
 [-0.47632113  0.70521265  0.16277094]
 [-0.49531475 -0.16367398  0.7101321 ]]","[[ 0.72609884  0.23496944  0.6461966 ]
 [ 0.02956945  0.9282585  -0.37075827]
 [-0.6869544   0.28831482  0.6670593 ]]"
20200220-135445.510668,66,[1.9650092 1.4745215 0.5058992],"[[ 0.50248337 -0.19048448  0.65801316]
 [ 0.52673197  0.6617434   0.18922354]
 [-0.4739313   0.70608574  0.16610022]
 [-0.4954321  -0.16508806  0.70966464]]","[[ 0.7275498   0.23032211  0.6462374 ]
 [ 0.0327978   0.92920786 -0.3680987 ]
 [-0.6852703   0.28900543  0.6684911 ]]"
20200220-135445.510668,67,[1.9743032 1.4723392 0.5039726],"[[ 0.5022255  -0.19480962  0.65698063]
 [ 0.52892244  0.6592732   0.19165994]
 [-0.47164527  0.7068749   0.16939239]
 [-0.4955415  -0.16654134  0.70918924]]","[[ 0.7289414   0.22579281  0.6462678 ]
 [ 0.03590207  0.9301327  -0.3654644 ]
 [-0.683634    0.2896045   0.66990584]]"
20200220-135445.510668,68,[1.9837732 1.4756546 0.5024352],"[[ 0.502156   -0.19574602  0.65665406]
 [ 0.528105    0.6595347   0.1934217 ]
 [-0.4725542   0.70588404  0.17064591]
 [-0.49561775 -0.16859746  0.7087123 ]]","[[ 0.7284544   0.22641823  0.64659786]
 [ 0.03485709  0.93033713 -0.36504468]
 [-0.6842069   0.28845698  0.669816  ]]"
20200220-135445.510668,69,[1.9931061  1.4761978  0.49979722],"[[ 0.5019526  -0.19792667  0.65619856]
 [ 0.5272467   0.6592848   0.19648544]
 [-0.47346437  0.70464826  0.173372  ]
 [-0.49586895 -0.17216209  0.7076294 ]]","[[ 0.72780234  0.22604544  0.64746225]
 [ 0.03380666  0.93114203 -0.36308664]
 [-0.68495333  0.2861439   0.6700453 ]]"
20200220-135445.510668,70,[2.0026748  1.474917   0.49858066],"[[ 0.50198126 -0.19931012  0.6556684 ]
 [ 0.52631086  0.65947855  0.1987423 ]
 [-0.47449473  0.7034035   0.17524639]
 [-0.49584967 -0.17489241  0.70702875]]","[[ 0.7273027   0.22568232  0.6481501 ]
 [ 0.03261241  0.9319578  -0.36109763]
 [-0.68554187  0.283765    0.67045516]]"
20200220-135445.510668,71,[2.012421   1.4744773  0.49537167],"[[ 0.5021698  -0.19986132  0.6551002 ]
 [ 0.5220754   0.6617769   0.20319535]
 [-0.47899327  0.6994507   0.17785816]
 [-0.49581093 -0.18131708  0.70563585]]","[[ 0.724744    0.22872919  0.6499456 ]
 [ 0.02695916  0.9331565  -0.35845864]
 [-0.68849075  0.27731273  0.6701331 ]]"
20200220-135445.510668,72,[2.022044   1.4712824  0.49310327],"[[ 0.50217885 -0.20239237  0.65420914]
 [ 0.5210967   0.66161203  0.20667496]
 [-0.48005456  0.69783366  0.18090741]
 [-0.4958051  -0.18529792  0.70467615]]","[[ 0.7242041   0.22756329  0.6509558 ]
 [ 0.02572002  0.9344105  -0.35526848]
 [-0.68910587  0.27402946  0.6708509 ]]"
20200220-135445.510668,73,[2.0314443  1.4695259  0.49137104],"[[ 0.5019538  -0.20641755  0.65315825]
 [ 0.5232827   0.65920204  0.20880252]
 [-0.47779855  0.6986266   0.18391952]
 [-0.49590966 -0.1864565   0.70424396]]","[[ 0.7256184   0.22326298  0.65086985]
 [ 0.02879     0.935219   -0.35289755]
 [-0.68749475  0.2748075   0.6721844 ]]"
20200220-135445.510668,74,[2.0417593  1.475466   0.48926353],"[[ 0.50182664 -0.20947255  0.6522086 ]
 [ 0.5256649   0.65708137  0.2097628 ]
 [-0.47527432  0.69979995  0.18562245]
 [-0.49594396 -0.18613215  0.7043919 ]]","[[ 0.7272673   0.22062385  0.6499288 ]
 [ 0.03214223  0.9349422  -0.3533411 ]
 [-0.6856013   0.27786362  0.6728617 ]]"
20200220-135445.510668,75,[2.05167    1.4751172  0.48626754],"[[ 0.5020226  -0.21002021  0.65164554]
 [ 0.52178603  0.6591061   0.21390954]
 [-0.47938678  0.6961231   0.18802227]
 [-0.49588403 -0.19205055  0.70302826]]","[[ 0.7248988   0.22342035  0.6516174 ]
 [ 0.02693316  0.9360264  -0.35089785]
 [-0.68832874  0.2719155   0.67250705]]"
20200220-135445.510668,76,[2.060445   1.4776965  0.48441678],"[[ 0.5020068  -0.2095493   0.65172166]
 [ 0.5185009   0.6609541   0.21651177]
 [-0.4828494   0.69336736  0.18911514]
 [-0.49598616 -0.19613813  0.7018666 ]]","[[ 0.72265667  0.22676662  0.6529504 ]
 [ 0.02249164  0.9364373  -0.35011312]
 [-0.690841    0.26769757  0.6716224 ]]"
20200220-135445.510668,77,[2.0694733  1.4762008  0.48285824],"[[ 0.5021849  -0.2095332   0.6513575 ]
 [ 0.5150275   0.66289115  0.21969754]
 [-0.48651674  0.6901646   0.1906863 ]
 [-0.49584118 -0.20085837  0.7007892 ]]","[[ 0.7204811   0.22923987  0.65448934]
 [ 0.01780485  0.93735665 -0.34791636]
 [-0.69324625  0.26232025  0.67126596]]"
20200220-135445.510668,78,[2.0783346  1.4789411  0.48104587],"[[ 0.50248885 -0.20909764  0.6509127 ]
 [ 0.5116937   0.6649837   0.22231789]
 [-0.4899998   0.68711865  0.19159983]
 [-0.49555498 -0.20479922  0.70012647]]","[[ 0.71851563  0.23253228  0.65548766]
 [ 0.01331204  0.9376846  -0.3472328 ]
 [-0.6953836   0.25821802  0.6706453 ]]"
20200220-135445.510668,79,[2.0876036  1.4813739  0.47926447],"[[ 0.5024189  -0.21249256  0.6497874 ]
 [ 0.51404536  0.66281205  0.22366987]
 [-0.48760694  0.68812126  0.19377127]
 [-0.49555236 -0.20497835  0.70014346]]","[[ 0.7201998   0.22919837  0.65481323]
 [ 0.01656405  0.93790233 -0.34650356]
 [-0.69356906  0.26039815  0.6716806 ]]"
20200220-135445.510668,80,[2.0980058  1.4827981  0.47758022],"[[ 0.5023848  -0.21581252  0.6486568 ]
 [ 0.51625085  0.66071445  0.22503988]
 [-0.48531646  0.6890187   0.19595666]
 [-0.49554244 -0.2052672   0.7001444 ]]","[[ 0.7218084   0.22576705  0.6542337 ]
 [ 0.01964215  0.9382342  -0.34544262]
 [-0.6918141   0.26219395  0.67279077]]"
20200220-135445.510668,81,[2.1084812 1.4905728 0.4741601],"[[ 0.50222915 -0.21934459  0.64753175]
 [ 0.5184989   0.6584586   0.22664528]
 [-0.48296735  0.6899276   0.19828376]
 [-0.49564812 -0.20571806  0.70001304]]","[[ 0.72337765  0.22342667  0.6533033 ]
 [ 0.02281331  0.93794465 -0.34603304]
 [-0.69007546  0.2652165   0.6733914 ]]"
20200220-135445.510668,82,[2.1183798 1.4916918 0.4718871],"[[ 0.5021682  -0.22116888  0.64687544]
 [ 0.5177952   0.6582277   0.2292123 ]
 [-0.48372683  0.68871075  0.20039839]
 [-0.49570453 -0.20856093  0.69918084]]","[[ 0.7229414   0.22318895  0.6538672 ]
 [ 0.02193835  0.9384937  -0.34459835]
 [-0.6905608   0.2634693   0.6735796 ]]"
20200220-135445.510668,83,[2.1288238 1.4925497 0.4696189],"[[ 0.5016944  -0.22672018  0.6455062 ]
 [ 0.52257836  0.6538049   0.23049095]
 [-0.47873485  0.69135344  0.20379119]
 [-0.49601138 -0.20776714  0.69904536]]","[[ 0.7259895   0.21646766  0.6527488 ]
 [ 0.02858317  0.9388506  -0.34313646]
 [-0.68711156  0.26777104  0.67540836]]"
20200220-135445.510668,84,[2.1390636 1.4920439 0.4694128],"[[ 0.50194955 -0.22546712  0.6455708 ]
 [ 0.5192594   0.6560323   0.23227963]
 [-0.48223174  0.6886716   0.20403539]
 [-0.49585235 -0.21099326  0.6983224 ]]","[[ 0.7239393   0.21949114  0.65401495]
 [ 0.02408885  0.93941414 -0.34193698]
 [-0.689443    0.26329616  0.6747916 ]]"
20200220-135445.510668,85,[2.1488197  1.4931204  0.46734414],"[[ 0.5020995  -0.22715856  0.6446428 ]
 [ 0.51854575  0.6559895   0.234687  ]
 [-0.48299387  0.68735147  0.20591836]
 [-0.49570462 -0.21359932  0.6978219 ]]","[[ 0.72368544  0.2192797   0.6543668 ]
 [ 0.02319664  0.9399145  -0.34062126]
 [-0.68974006  0.26168177  0.6751158 ]]"
20200220-135445.510668,86,[2.1588793  1.4969503  0.46451253],"[[ 0.5020478  -0.22711499  0.64462453]
 [ 0.51533264  0.657517    0.23770812]
 [-0.48631278  0.6845315   0.20729052]
 [-0.49586308 -0.21796137  0.6964084 ]]","[[ 0.7214566   0.22259209  0.6557082 ]
 [ 0.01892887  0.9402329  -0.34000602]
 [-0.69220096  0.25771138  0.6741235 ]]"
20200220-135445.510668,87,[2.1689239 1.4939038 0.4627825],"[[ 0.5020563  -0.2292854   0.643772  ]
 [ 0.5147275   0.6570895   0.24050021]
 [-0.48696473  0.68323016  0.20975432]
 [-0.49584287 -0.22103973  0.6955002 ]]","[[ 0.7211096   0.22134553  0.65651137]
 [ 0.01816955  0.9412237  -0.33729488]
 [-0.6925826   0.25515512  0.6747037 ]]"
20200220-135445.510668,88,[2.1794052 1.4914178 0.4616733],"[[ 0.5022573  -0.22920276  0.6434614 ]
 [ 0.5116161   0.6587143   0.24330108]
 [-0.49018446  0.6803449   0.21102282]
 [-0.49568754 -0.22515067  0.69442874]]","[[ 0.7191307   0.22331338  0.65801394]
 [ 0.01398692  0.94210935 -0.33501428]
 [-0.69473416  0.25012258  0.6743761 ]]"
20200220-135445.510668,89,[2.188594   1.4979901  0.45998484],"[[ 0.50200355 -0.23161486  0.6428632 ]
 [ 0.5139178   0.65670556  0.24369207]
 [-0.4878092   0.68169355  0.21233025]
 [-0.49590617 -0.22446847  0.69444704]]","[[ 0.7206005   0.2213016   0.65708476]
 [ 0.01717527  0.9417068  -0.3359959 ]
 [-0.6931376   0.25340444  0.6747935 ]]"
20200220-135445.510668,90,[2.198481   1.4990454  0.45810732],"[[ 0.50216746 -0.23325838  0.64194447]
 [ 0.51341194  0.656523    0.24585435]
 [-0.48834458  0.6805516   0.21408734]
 [-0.49573764 -0.22675608  0.69399536]]","[[ 0.7204672   0.22094637  0.65735066]
 [ 0.01654838  0.9421418  -0.3348066 ]
 [-0.69329166  0.25209522  0.6751258 ]]"
20200220-135445.510668,91,[2.2075417  1.5017278  0.45672044],"[[ 0.5021124  -0.23270763  0.64212996]
 [ 0.51062685  0.657985    0.24794106]
 [-0.49122342  0.67824256  0.21472447]
 [-0.49582523 -0.22997843  0.69288355]]","[[ 0.71845806  0.22393765  0.6585362 ]
 [ 0.01279199  0.94234324 -0.33440325]
 [-0.6954525   0.24867861  0.6741695 ]]"
20200220-135445.510668,92,[2.2185304  1.4989463  0.45569086],"[[ 0.5019465  -0.23598343  0.6411353 ]
 [ 0.512618    0.6558239   0.24944429]
 [-0.4891809   0.6789689   0.21716128]
 [-0.49595848 -0.2306694   0.69250584]]","[[ 0.719802    0.21996224  0.65840846]
 [ 0.01558598  0.9431101  -0.3321152 ]
 [-0.6940046   0.24931918  0.67542416]]"
20200220-135445.510668,93,[2.2295573  1.4964293  0.45465028],"[[ 0.5017936  -0.23919655  0.6401359 ]
 [ 0.51456803  0.65369433  0.25090292]
 [-0.4871724   0.6796636   0.2195755 ]
 [-0.49607107 -0.23135847  0.6921421 ]]","[[ 0.72111523  0.21608937  0.658254  ]
 [ 0.01830369  0.94384116 -0.32989272]
 [-0.6925732   0.24993916  0.67666286]]"
20200220-135445.510668,94,[2.2392528 1.5036013 0.4536401],"[[ 0.50173146 -0.23926935  0.640122  ]
 [ 0.5143356   0.65378904  0.2512383 ]
 [-0.48739436  0.67944413  0.2196167 ]
 [-0.49615645 -0.23165901  0.69202   ]]","[[ 0.7209389   0.2173637   0.65802747]
 [ 0.01804232  0.9433273  -0.33137307]
 [-0.69276375  0.2507721   0.6761596 ]]"
20200220-135445.510668,95,[2.2489717  1.5152818  0.45246562],"[[ 0.5016382  -0.23880877  0.64032835]
 [ 0.514274    0.6539974   0.25089422]
 [-0.48743942  0.679578    0.21899612]
 [-0.4962706  -0.23115356  0.69215083]]","[[ 0.7208402   0.21961074  0.6573896 ]
 [ 0.01798201  0.94223034 -0.3344836 ]
 [-0.6928684   0.25293037  0.6752482 ]]"
20200220-135445.510668,96,[2.2588208 1.5125028 0.4509432],"[[ 0.5019744  -0.23753871  0.64021206]
 [ 0.5088513   0.65714514  0.2546812 ]
 [-0.49304256  0.6749131   0.21997225]
 [-0.4959851  -0.23712426  0.6905636 ]]","[[ 0.71731025  0.22410639  0.6597291 ]
 [ 0.01066345  0.94321907 -0.33200046]
 [-0.69667244  0.24518229  0.6741908 ]]"
20200220-135445.510668,97,[2.2696092  1.5143133  0.44963557],"[[ 0.50209886 -0.23706274  0.64012975]
 [ 0.50608057  0.6586486   0.25679758]
 [-0.49587324  0.6724818   0.22059555]
 [-0.49587166 -0.24031511  0.6896567 ]]","[[ 0.7154787   0.22674692  0.66081464]
 [ 0.00697459  0.94350076 -0.33129737]
 [-0.6985995   0.24164511  0.67347324]]"
20200220-135445.510668,98,[2.2807329  1.5162066  0.44851688],"[[ 0.50192404 -0.23965898  0.63937473]
 [ 0.5082239   0.6566657   0.25748542]
 [-0.4936957   0.6735754   0.22227189]
 [-0.49602932 -0.2401041   0.6895627 ]]","[[ 0.7169056   0.22390433  0.6602373 ]
 [ 0.00991589  0.9436539  -0.33078542]
 [-0.69709986  0.2436888   0.6742906 ]]"
20200220-135445.510668,99,[2.28998    1.5188991  0.44727117],"[[ 0.5022309  -0.23916098  0.6390093 ]
 [ 0.5055677   0.65827614  0.25947532]
 [-0.4964264   0.67112446  0.22272149]
 [-0.4957079  -0.2430361   0.68900996]]","[[ 0.7153031   0.22667342  0.66102993]
 [ 0.00633367  0.94378906 -0.3304878 ]
 [-0.6987857   0.24058573  0.6736597 ]]"
20200220-135445.510668,100,[2.3002968  1.5157975  0.44582948],"[[ 0.5022193  -0.24131073  0.6381592 ]
 [ 0.50534725  0.657572    0.261903  ]
 [-0.49667367  0.67012596  0.22496608]
 [-0.49569616 -0.24555862  0.6881496 ]]","[[ 0.71515316  0.22516893  0.66170615]
 [ 0.00604102  0.944664   -0.32798424]
 [-0.6989418   0.2385564   0.67421913]]"
20200220-135445.510668,101,[2.3101053 1.5228522 0.4449546],"[[ 0.50218964 -0.24137361  0.63813555]
 [ 0.505225    0.6576143   0.26210442]
 [-0.49677882  0.67000264  0.2249889 ]
 [-0.4957464  -0.24572107  0.68808776]]","[[ 0.7150546   0.22632705  0.66141754]
 [ 0.00591267  0.94414914 -0.32946557]
 [-0.6990437   0.23949656  0.67377996]]"
20200220-135445.510668,102,[2.3199294 1.5298065 0.4440917],"[[ 0.50217175 -0.24147107  0.6380906 ]
 [ 0.50513625  0.65762925  0.26230365]
 [-0.49684933  0.6698938   0.22504547]
 [-0.49578372 -0.24588105  0.6880348 ]]","[[ 0.7149808   0.22741933  0.66112256]
 [ 0.00582029  0.94364816 -0.33089972]
 [-0.69911987  0.24043487  0.6733666 ]]"
20200220-135445.510668,103,[2.3306677  1.5356529  0.44288757],"[[ 0.5020972  -0.24035989  0.6385425 ]
 [ 0.50265086  0.6590757   0.2635214 ]
 [-0.49934122  0.668075    0.22489841]
 [-0.49588165 -0.24803579  0.68719757]]","[[ 0.71312183  0.23093437  0.66191125]
 [ 0.00250912  0.9433378  -0.33182457]
 [-0.7010357   0.23829213  0.6721353 ]]"
20200220-135445.510668,104,[2.3408172  1.5363673  0.44132492],"[[ 0.50188804 -0.24195787  0.6381992 ]
 [ 0.50256926  0.65835804  0.26526928]
 [-0.4994198   0.6675337   0.22656433]
 [-0.4960974  -0.24983971  0.6862966 ]]","[[ 0.71287453  0.23032658  0.6623896 ]
 [ 0.00241671  0.9437153  -0.33075035]
 [-0.7012876   0.23738423  0.6721939 ]]"
20200220-135445.510668,105,[2.3516552 1.5355095 0.4393638],"[[ 0.5018291  -0.24249946  0.63801104]
 [ 0.50012976  0.6591128   0.26812458]
 [-0.50185347  0.66514695  0.22809026]
 [-0.49616608 -0.2536604   0.68485475]]","[[ 7.1104771e-01  2.3186821e-01  6.6381347e-01]
 [-8.2411553e-04  9.4433916e-01 -3.2897225e-01]
 [-7.0314330e-01  2.3336793e-01  6.7166144e-01]]"
20200220-135445.510668,106,[2.3611133  1.5381418  0.43822798],"[[ 0.5018752  -0.24511415  0.6369201 ]
 [ 0.5023722   0.65723413  0.26872954]
 [-0.49962184  0.66617465  0.2297417 ]
 [-0.49610594 -0.25332493  0.6850811 ]]","[[ 0.71272594  0.2291241   0.66296613]
 [ 0.00217098  0.9444214  -0.3287304 ]
 [-0.7014395   0.23573393  0.67261606]]"
20200220-135445.510668,107,[2.3704967  1.5407872  0.43711993],"[[ 0.50178385 -0.24465695  0.63713306]
 [ 0.50002253  0.6583561   0.27049303]
 [-0.50199777  0.66421866  0.23018825]
 [-0.49617386 -0.25597554  0.6840381 ]]","[[ 0.71093374  0.23168068  0.6640006 ]
 [-0.00097612  0.94450104 -0.32850665]
 [-0.70325816  0.23289835  0.671704  ]]"
20200220-135445.510668,108,[2.380725   1.5481707  0.43642643],"[[ 0.5019706  -0.24461755  0.63683414]
 [ 0.49994397  0.6585736   0.27053726]
 [-0.50208294  0.6640318   0.2300526 ]
 [-0.49597806 -0.25593853  0.68434477]]","[[ 0.71104884  0.23287863  0.6634583 ]
 [-0.00107895  0.943922   -0.33016708]
 [-0.7031417   0.23404916  0.67142594]]"
20200220-135445.510668,109,[2.3910089 1.5532824 0.4346524],"[[ 0.50203997 -0.24271034  0.63737047]
 [ 0.49535173  0.6612269   0.27287197]
 [-0.50666267  0.66048455  0.22994468]
 [-0.49585888 -0.26005992  0.6829535 ]]","[[ 0.70773125  0.23837851  0.6650506 ]
 [-0.00722064  0.9437471  -0.33058962]
 [-0.7064449   0.2291665   0.6696405 ]]"
20200220-135445.510668,110,[2.4012501  1.5560473  0.43412083],"[[ 0.5018409  -0.24341975  0.6373737 ]
 [ 0.49551576  0.66075903  0.27345875]
 [-0.50649834  0.6604795   0.2306121 ]
 [-0.49606374 -0.26059797  0.6824903 ]]","[[ 0.7076318   0.23830572  0.66518253]
 [-0.00703469  0.94373894 -0.33061665]
 [-0.7065465   0.2292755   0.6694961 ]]"
20200220-135445.510668,111,[2.4107761 1.5584658 0.4330698],"[[ 0.502143   -0.24302712  0.6369842 ]
 [ 0.49317315  0.6620991   0.27524877]
 [-0.50884175  0.65825677  0.23098692]
 [-0.49569395 -0.26317346  0.68200713]]","[[ 0.7061903   0.24067585  0.6658607 ]
 [-0.01015976  0.9437997  -0.330362  ]
 [-0.7079492   0.22653343  0.6689473 ]]"
20200220-135445.510668,112,[2.4229352  1.5647223  0.43243417],"[[ 0.5021637  -0.24316157  0.63691145]
 [ 0.49327672  0.66201806  0.27528474]
 [-0.50872946  0.65829545  0.23106793]
 [-0.49568555 -0.263157    0.6820338 ]]","[[ 0.70624495  0.24143785  0.6655268 ]
 [-0.01004728  0.9433762  -0.33157322]
 [-0.7078963   0.22748516  0.66868037]]"
20200220-135445.510668,113,[2.4351294  1.557513   0.43049154],"[[ 0.5021474  -0.24642     0.63568157]
 [ 0.4935911   0.6605336   0.27835125]
 [-0.5084087   0.6573805   0.23423   ]
 [-0.495718   -0.26612645  0.6808566 ]]","[[ 0.7063975   0.23840836  0.6664563 ]
 [-0.00969588  0.9447389  -0.32768026]
 [-0.707749    0.2250106   0.6696728 ]]"
20200220-135445.510668,114,[2.4443712 1.5640292 0.4293118],"[[-0.5022783  -0.24546482  0.6357978 ]
 [-0.49135384  0.6618927   0.279458  ]
 [ 0.51061296  0.65559345  0.23406613]
 [ 0.49554282 -0.26803443  0.68035096]]","[[-0.704849    0.24170853  0.66690695]
 [ 0.0126705   0.9442964  -0.3288521 ]
 [ 0.70924413  0.22334105  0.6686491 ]]"
20200220-135445.510668,115,[2.4544609  1.5647968  0.42795238],"[[ 0.5022558  -0.24998172  0.63415045]
 [ 0.49602166  0.6581969   0.2797587 ]
 [-0.50600034  0.65819967  0.23681787]
 [-0.49564645 -0.2665694   0.68081236]]","[[ 0.7082044   0.23587526  0.6654394 ]
 [-0.00652758  0.9446859  -0.32791144]
 [-0.7059775   0.22788458  0.6705704 ]]"
20200220-135445.510668,116,[2.4647968  1.5699469  0.42631033],"[[ 0.5024549  -0.25095305  0.6334462 ]
 [ 0.49595332  0.65796554  0.2808384 ]
 [-0.50607306  0.6576383   0.23774089]
 [-0.49543905 -0.26761216  0.6807024 ]]","[[ 0.7083304   0.23623616  0.6651772 ]
 [-0.00660993  0.9445145  -0.3284035 ]
 [-0.70585024  0.22822137  0.6705898 ]]"
20200220-135445.510668,117,[2.475255   1.5703567  0.42502528],"[[-0.5024776  -0.2496795   0.6338192 ]
 [-0.49171618  0.6601428   0.28349575]
