Timestamp,Epoch,s,u,v
20200221-233620.713804,0,[1.8193036 1.4209571 0.761727 ],"[[ 0.2587539  -0.4999848   0.65808123]
 [ 0.65814435 -0.49991116 -0.25869927]
 [ 0.6580369   0.50008917 -0.25866622]
 [ 0.25861156  0.50001526  0.65809995]]","[[ 4.9430290e-01 -7.0705348e-01  5.0570786e-01]
 [ 7.1520042e-01  1.0820733e-04 -6.9891965e-01]
 [ 4.9411872e-01  7.0716035e-01  5.0573826e-01]]"
20200221-233620.713804,1,[1.78786   1.4278247 0.7581896],"[[ 0.24700093  0.49999753  0.66256464]
 [ 0.66256547  0.49999917 -0.24699889]
 [ 0.66256195 -0.50000066 -0.24700223]
 [ 0.24700034 -0.5000021   0.66256255]]","[[ 4.8824200e-01  7.0710629e-01  5.1148844e-01]
 [ 7.2335148e-01  2.5418740e-06 -6.9047987e-01]
 [ 4.8824397e-01 -7.0710725e-01  5.1148516e-01]]"
20200221-233620.713804,2,[1.7687589 1.4347824 0.7549776],"[[ 0.23711324 -0.49996758  0.666199  ]
 [ 0.66634905 -0.49980125 -0.23699242]
 [ 0.66609067  0.5001988  -0.23693149]
 [ 0.23681097  0.5000322   0.6662407 ]]","[[ 4.8346096e-01 -7.0699364e-01  5.1616442e-01]
 [ 7.3000342e-01  2.2506513e-04 -6.8344337e-01]
 [ 4.8307389e-01  7.0721996e-01  5.1621658e-01]]"
20200221-233620.713804,3,[1.7464393 1.4415463 0.7520429],"[[ 0.21995968  0.5024032   0.6699213 ]
 [ 0.662892    0.5095628  -0.22664182]
 [ 0.67610353 -0.4903834  -0.22802463]
 [ 0.23468187 -0.497454    0.6692112 ]]","[[ 0.46945986  0.7122295   0.52185893]
 [ 0.7365354   0.01006958 -0.67632395]
 [ 0.48695272 -0.7018745   0.519855  ]]"
20200221-233620.713804,4,[1.729061  1.4486618 0.7485722],"[[ 0.20926766  0.50245994  0.6732921 ]
 [ 0.6657184   0.51030886 -0.216457  ]
 [ 0.6799852  -0.489623   -0.21788493]
 [ 0.22504677 -0.49738154  0.67256975]]","[[ 0.46354616  0.712635    0.5265705 ]
 [ 0.74314433  0.01096727 -0.6690413 ]
 [ 0.4825572  -0.7014494   0.52450675]]"
20200221-233620.713804,5,[1.7053828  1.4556599  0.74489063],"[[ 0.19313781  0.50383294  0.67693186]
 [ 0.6642482   0.5170775  -0.20509484]
 [ 0.6880723  -0.48268992 -0.2072703 ]
 [ 0.2191542  -0.49577606  0.67582464]]","[[ 0.45114636  0.716271    0.53237504]
 [ 0.7504284   0.01840727 -0.6606955 ]
 [ 0.4830363  -0.6975796   0.52920574]]"
20200221-233620.713804,6,[1.6870329  1.4628874  0.74068105],"[[ 0.18594538  0.50253016  0.68006706]
 [ 0.6714894   0.51170003 -0.19412303]
 [ 0.68780816 -0.48823804 -0.19543953]
 [ 0.20358333 -0.49724218  0.67943245]]","[[ 0.4503166   0.7133746   0.53694654]
 [ 0.75783825  0.0126081  -0.65232086]
 [ 0.47211903 -0.70066935  0.53494495]]"
20200221-233620.713804,7,[1.6623554  1.470262   0.73617476],"[[ 0.17262857  0.50267726  0.6834773 ]
 [ 0.6738987   0.5130412  -0.18177392]
 [ 0.6921988  -0.48686236 -0.18304285]
 [ 0.192147   -0.4970603   0.6828704 ]]","[[ 0.44210273  0.7141233   0.54274595]
 [ 0.76602197  0.01419849 -0.64265764]
 [ 0.46664286 -0.699876    0.5407569 ]]"
20200221-233620.713804,8,[1.6502914  1.477417   0.73370457],"[[ 0.16453342  0.5027641   0.68540037]
 [ 0.6751753   0.5139501  -0.174342  ]
 [ 0.6947841  -0.48596758 -0.17555511]
 [ 0.18531632 -0.49690947  0.6848443 ]]","[[ 0.43706128  0.71463555  0.54614425]
 [ 0.7708402   0.01525989 -0.6368458 ]
 [ 0.46344662 -0.69933057  0.5442004 ]]"
20200221-233620.713804,9,[1.640748  1.4847517 0.7301393],"[[ 0.16236496  0.5010398   0.687188  ]
 [ 0.6844153   0.5044719  -0.16573915]
 [ 0.6903084  -0.4956217  -0.166007  ]
 [ 0.16937353 -0.49882507  0.6875646 ]]","[[ 0.44149032  0.7095504   0.54920375]
 [ 0.776434    0.0046647  -0.6301815 ]
 [ 0.44970712 -0.7046393   0.5488597 ]]"
20200221-233620.713804,10,[1.6353375  1.4918467  0.72708654],"[[ 0.13865174  0.5045825   0.6894591 ]
 [ 0.6705862   0.52583116 -0.15712555]
 [ 0.70680577 -0.47366324 -0.15920864]
 [ 0.17752579 -0.4945114   0.6889199 ]]","[[ 0.41648307  0.72114426  0.5536182 ]
 [ 0.7803545   0.02887688 -0.62467045]
 [ 0.46646416 -0.692183    0.55072147]]"
20200221-233620.713804,11,[1.6247591 1.4985596 0.7229116],"[[ 0.10767037  0.50789356  0.6923817 ]
 [ 0.65079075  0.5533969  -0.14612727]
 [ 0.7276923  -0.44381073 -0.15013315]
 [ 0.18799473 -0.48870015  0.69044507]]","[[ 0.38247976  0.7354385   0.5593206 ]
 [ 0.7844414   0.06139873 -0.617156  ]
 [ 0.48822185 -0.67480403  0.55342484]]"
20200221-233620.713804,12,[1.6121856  1.5056002  0.71964157],"[[ 0.08208428  0.50975144  0.6943727 ]
 [ 0.6339307   0.57504725 -0.13712214]
 [ 0.74365926 -0.4191006  -0.14202017]
 [ 0.19586964 -0.48355877  0.6920078 ]]","[[ 0.35355115  0.7464385   0.56376535]
 [ 0.7873048   0.08799974 -0.61025184]
 [ 0.50512654 -0.65961045  0.5565622 ]]"
20200221-233620.713804,13,[1.60099   1.5120327 0.7163688],"[[ 0.0503926   0.51109636  0.69624627]
 [ 0.60890365  0.6036427  -0.1281999 ]
 [ 0.7634131  -0.38459656 -0.13401689]
 [ 0.20951793 -0.47590095  0.69343036]]","[[ 0.31514314  0.7602135   0.56812   ]
 [ 0.7876425   0.12444299 -0.6034348 ]
 [ 0.52943784 -0.6376437   0.55955905]]"
20200221-233620.713804,14,[1.5902865 1.5183644 0.713011 ],"[[ 0.0075271  -0.5109414   0.6980017 ]
 [ 0.568473   -0.6437408  -0.11927771]
 [ 0.78895044  0.3319179  -0.12599234]
 [ 0.23310748  0.4629982   0.6947608 ]]","[[ 0.2590933  -0.7779134   0.5724698 ]
 [ 0.78256136 -0.17831813 -0.5964901 ]
 [ 0.56609935  0.6025391   0.5625639 ]]"
20200221-233620.713804,15,[1.5868741  1.5252084  0.70975083],"[[-0.01902506 -0.5088726   0.6994454 ]
 [ 0.54419816 -0.66547316 -0.11199594]
 [ 0.8025943   0.30085704 -0.11864993]
 [ 0.24357553  0.45571873  0.6958126 ]]","[[ 0.22526278 -0.7862269   0.57541645]
 [ 0.7789196  -0.20944957 -0.5911136 ]
 [ 0.58527017  0.58135897  0.5652264 ]]"
20200221-233620.713804,16,[1.585117   1.533072   0.70544773],"[[-0.02571133  0.50739866  0.70046157]
 [ 0.54722863  0.66407955 -0.1040959 ]
 [ 0.8032851  -0.30290422 -0.10958405]
 [ 0.23369303 -0.45803273  0.69750184]]","[[ 0.22276112  0.7853312   0.5776092 ]
 [ 0.7835712   0.20826587 -0.58535576]
 [ 0.57999444 -0.5829925   0.56896937]]"
20200221-233620.713804,17,[1.574784  1.5403732 0.7020369],"[[-0.06611234  0.5026844   0.70136166]
 [ 0.5041107   0.6982924  -0.09654101]
 [ 0.8225719  -0.25004652 -0.10090782]
 [ 0.25470975 -0.4440417   0.69899154]]","[[ 0.16622472  0.7973038   0.58023787]
 [ 0.7729905   0.25999108 -0.5786972 ]
 [ 0.61225414 -0.544712    0.5730913 ]]"
20200221-233620.713804,18,[1.5702754 1.5402476 0.6979185],"[[-0.23648016  0.4452492  -0.70311624]
 [ 0.24442945  0.82725996  0.08614877]
 [ 0.8595783   0.03832147  0.09253809]
 [ 0.38138768 -0.3404787  -0.69974494]]","[[-0.11076599  0.803012   -0.5855791 ]
 [ 0.6469632   0.50552773  0.5708594 ]
 [ 0.75443345 -0.31561622 -0.57551426]]"
20200221-233620.713804,19,[1.571596  1.5369866 0.6943491],"[[-0.35416955  0.35612312 -0.7043339 ]
 [ 0.0083326   0.8635135   0.07753921]
 [ 0.8164392   0.27374485  0.08489946]
 [ 0.45598456 -0.22931322 -0.70049524]]","[[-0.32901746  0.73762375 -0.5896257 ]
 [ 0.48596096  0.66762114  0.5640249 ]
 [ 0.8096848  -0.10096112 -0.57811546]]"
20200221-233620.713804,20,[1.5726317 1.5416901 0.6909921],"[[-0.4212526   0.27394566 -0.70448166]
 [-0.1621651   0.8483809   0.07202587]
 [ 0.7469255   0.43061215  0.07706486]
 [ 0.48821178 -0.14062938 -0.7018395 ]]","[[-0.4718976   0.6547908  -0.5903911 ]
 [ 0.34586617  0.75345     0.5591865 ]
 [ 0.8109804   0.05968254 -0.5820212 ]]"
20200221-233620.713804,21,[1.5804214 1.5379707 0.6869088],"[[-0.44323483  0.23313665 -0.70552784]
 [-0.22630712  0.83439213  0.06358685]
 [ 0.71198845  0.48710155  0.06968867]
 [ 0.49537897 -0.11031494 -0.7023753 ]]","[[-0.52105606  0.6129425  -0.5939715 ]
 [ 0.28862712  0.7814445   0.55320776]
 [ 0.8032403   0.1168159  -0.58408815]]"
20200221-233620.713804,22,[1.5867971 1.5333672 0.6822166],"[[-0.46412668  0.18503703 -0.70651084]
 [-0.29826915  0.81193966  0.05475548]
 [ 0.6669497   0.5484821   0.06067511]
 [ 0.5007996  -0.0753851  -0.7029675 ]]","[[-0.5738483   0.5602949  -0.5973006 ]
 [ 0.22037636  0.80808234  0.5462943 ]
 [ 0.7887538   0.18185912 -0.5871925 ]]"
20200221-233620.713804,23,[1.5939244  1.5326608  0.67704374],"[[-0.4736424   0.15676193 -0.7068861 ]
 [-0.33184206  0.7994998   0.04601541]
 [ 0.6435338   0.5764554   0.05191188]
 [ 0.50140595 -0.06264752 -0.7039175 ]]","[[-0.5980514   0.5314217  -0.5999379 ]
 [ 0.18723783  0.82048637  0.5401334 ]
 [ 0.77927953  0.21069644 -0.59019536]]"
20200221-233620.713804,24,[1.6020468  1.520444   0.67218655],"[[-0.4801463   0.13041441 -0.707722  ]
 [-0.35921204  0.78823954  0.03575315]
 [ 0.6232756   0.59888816  0.04260623]
 [ 0.5019501  -0.0548046  -0.70429814]]","[[-0.6162821   0.50477844 -0.6044794 ]
 [ 0.15980706  0.83175653  0.5316418 ]
 [ 0.77114075  0.23104116 -0.5932638 ]]"
20200221-233620.713804,25,[1.6107749  1.5203484  0.66947323],"[[-0.4796394   0.1282902  -0.7084517 ]
 [-0.3545773   0.79055864  0.03037466]
 [ 0.6267878   0.5955106   0.03822334]
 [ 0.50135595 -0.06265294 -0.7040686 ]]","[[-0.6126639   0.5062799  -0.60689694]
 [ 0.16510692  0.8329343   0.52816683]
 [ 0.7729054   0.22338596 -0.5938991 ]]"
20200221-233620.713804,26,[1.6181792 1.5161862 0.664795 ],"[[-0.48424238  0.10735624 -0.70897585]
 [-0.37579405  0.78079075  0.02229885]
 [ 0.6105927   0.61281866  0.02983651]
 [ 0.5014627  -0.05739143 -0.7042483 ]]","[[-0.62684065  0.4850574  -0.609746  ]
 [ 0.14321911  0.8409782   0.52176994]
 [ 0.7658715   0.23973934 -0.5966287 ]]"
20200221-233620.713804,27,[1.6263931 1.5163879 0.6595209],"[[-0.48731005  0.09143    -0.709132  ]
 [-0.3884781   0.7747192   0.01431265]
 [ 0.60054356  0.6230415   0.02159621]
 [ 0.50096047 -0.0571848  -0.7045997 ]]","[[-0.63546175  0.47072226 -0.612053  ]
 [ 0.12999718  0.84658736  0.5161306 ]
 [ 0.7611104   0.24841607 -0.5991664 ]]"
20200221-233620.713804,28,[1.6350096 1.5095621 0.6541521],"[[-0.48867822  0.0796791  -0.7094867 ]
 [-0.3924386   0.7729595   0.00476521]
 [ 0.5973415   0.6262181   0.01290943]
 [ 0.50036865 -0.06353217 -0.70458454]]","[[-0.6377931   0.46257326 -0.61582965]
 [ 0.12635061  0.8515689   0.5087891 ]
 [ 0.7597735   0.24669182 -0.6015711 ]]"
20200221-233620.713804,29,[1.6437417 1.5023206 0.6506368],"[[-0.48936936  0.07121183 -0.7097717 ]
 [-0.3948492   0.77188057 -0.0025075 ]
 [ 0.59536934  0.6280362   0.00666993]
 [ 0.5001473  -0.06855618 -0.70439583]]","[[-0.6389202   0.4566913  -0.6190428 ]
 [ 0.12422857  0.8554026   0.50284535]
 [ 0.759176    0.24437529 -0.60326827]]"
20200221-233620.713804,30,[1.6511017 1.4977603 0.6453392],"[[-0.4931638   0.04812903 -0.7091407 ]
 [-0.41771263  0.7596251  -0.01046145]
 [ 0.5763886   0.645595   -0.0026762 ]
 [ 0.5000821  -0.06213598 -0.7049841 ]]","[[-0.6541824   0.43202648 -0.6208049 ]
 [ 0.09910226  0.86269057  0.49592736]
 [ 0.7498161   0.26290375 -0.6071717 ]]"
20200221-233620.713804,31,[1.6580765 1.4955794 0.6407666],"[[ 0.49663702  0.0231544  -0.7081484 ]
 [ 0.4451889   0.74355716 -0.01649671]
 [-0.55248207  0.66630685 -0.01122352]
 [-0.49992234 -0.05120749 -0.7057819 ]]","[[ 0.6721234   0.40293282 -0.621205  ]
 [-0.06776825  0.8689226   0.49028713]
 [-0.7373317   0.28743556 -0.61132914]]"
20200221-233620.713804,32,[1.6662889  1.492313   0.63619405],"[[ 0.4973627   0.01262473 -0.70790845]
 [ 0.45024505  0.7403064  -0.02361556]
 [-0.5479773   0.66989535 -0.01851822]
 [-0.4996305  -0.05501903 -0.7056664 ]]","[[ 0.6752168   0.39434785 -0.6233557 ]
 [-0.06213966  0.87249774  0.48465088]
 [-0.73499733  0.28850916 -0.6136297 ]]"
20200221-233620.713804,33,[1.6744443  1.4939007  0.63116676],"[[ 0.49811488  0.00371311 -0.70734054]
 [ 0.45319843  0.7384027  -0.03039773]
 [-0.54530215  0.67170376 -0.0253811 ]
 [-0.49913767 -0.05968126 -0.7057629 ]]","[[ 0.67727304  0.38837552 -0.62487257]
 [-0.05887528  0.87520677  0.4801528 ]
 [-0.73337233  0.28840485 -0.6156198 ]]"
20200221-233620.713804,34,[1.6827284 1.4894621 0.6259856],"[[ 0.49920976 -0.01273647 -0.7066365 ]
 [ 0.46617877  0.729752   -0.03761262]
 [-0.5333868   0.68104494 -0.03402198]
 [-0.4989641  -0.05896988 -0.70575666]]","[[ 0.6853188   0.37141037 -0.6264124 ]
 [-0.04363034  0.87956434  0.47377518]
 [-0.7269349   0.2973564  -0.6189868 ]]"
20200221-233620.713804,35,[1.6906209  1.4845798  0.62273496],"[[ 0.4998188  -0.02564649 -0.7060009 ]
 [ 0.47697783  0.7222962  -0.04269377]
 [-0.5232823   0.6887112  -0.04045143]
 [-0.49884772 -0.05751263 -0.7057647 ]]","[[ 0.6918942   0.35721633 -0.62743866]
 [-0.03071186  0.8828046   0.4687356 ]
 [-0.7213455   0.3050456  -0.6217781 ]]"
20200221-233620.713804,36,[1.6985083 1.484432  0.6190423],"[[ 0.5001007  -0.03685115 -0.7055931 ]
 [ 0.48592448  0.7156968  -0.04734872]
 [-0.5147381   0.69510216 -0.04654432]
 [-0.49882004 -0.05703558 -0.7054998 ]]","[[ 0.6971832   0.3454888  -0.62815034]
 [-0.01981997  0.88516635  0.4648519 ]
 [-0.7166188   0.311637   -0.62397087]]"
20200221-233620.713804,37,[1.7070233 1.4778873 0.6151711],"[[ 0.50015634 -0.04431641 -0.7051144 ]
 [ 0.48721302  0.71436363 -0.05392256]
 [-0.51352763  0.69554484 -0.05315654]
 [-0.4987552  -0.06275538 -0.7050392 ]]","[[ 0.69789755  0.34004098 -0.6303263 ]
 [-0.01831566  0.8882871   0.45892346]
 [-0.7159635   0.30873668 -0.6261614 ]]"
20200221-233620.713804,38,[1.7161721  1.4725217  0.60940707],"[[ 0.5002518  -0.05336093 -0.7044251 ]
 [ 0.48822603  0.712987   -0.06225817]
 [-0.5125353   0.6955901  -0.06151449]
 [-0.49868914 -0.07040328 -0.7043616 ]]","[[ 0.69848484  0.33413166 -0.632831  ]
 [-0.01711211  0.89185095  0.45200548]
 [-0.7154203   0.30488998 -0.628662  ]]"
20200221-233620.713804,39,[1.7253807  1.4701649  0.60509765],"[[ 0.500304   -0.05997524 -0.7038623 ]
 [ 0.48894888  0.71192336 -0.06836842]
 [-0.5118248   0.69554865 -0.06764124]
 [-0.49865818 -0.07602557 -0.7037956 ]]","[[ 0.69889635  0.32995605 -0.63456523]
 [-0.01624076  0.8943198   0.44713372]
 [-0.71503854  0.30219418 -0.63039553]]"
20200221-233620.713804,40,[1.7340226  1.4671754  0.60268265],"[[-0.50030506 -0.0646462  -0.70343316]
 [-0.48964015  0.71104765 -0.07256413]
 [ 0.5111906   0.6956077  -0.07185562]
 [ 0.49862996 -0.0797651  -0.70338684]]","[[-0.6992687   0.32662934 -0.63587457]
 [ 0.01542972  0.8961997   0.44338253]
 [ 0.7146923   0.30023214 -0.6317243 ]]"
20200221-233620.713804,41,[1.7431221 1.4626017 0.5995966],"[[-0.5002002  -0.06642182 -0.70318913]
 [-0.48454472  0.71408486 -0.07835219]
 [ 0.5161622   0.69128233 -0.07637964]
 [ 0.49859074 -0.08831322 -0.70253253]]","[[-0.69602895  0.32865655 -0.63837945]
 [ 0.02188501  0.8983885   0.4386556 ]
 [ 0.71768     0.29134613 -0.6324973 ]]"
20200221-233620.713804,42,[1.7516384  1.4589213  0.59653014],"[[-0.5000942  -0.06840538 -0.7029125 ]
 [-0.47997275  0.7167047  -0.08396228]
 [ 0.52062327  0.6872925  -0.08077453]
 [ 0.49848115 -0.09635423 -0.7016695 ]]","[[-0.6930571   0.33034933 -0.640735  ]
 [ 0.02771422  0.90037286  0.4342358 ]
 [ 0.7203498   0.2831927  -0.63316524]]"
20200221-233620.713804,43,[1.7610191  1.4558672  0.59415483],"[[-0.5001596  -0.07340974 -0.70238394]
 [-0.4813832   0.7152558  -0.08793427]
 [ 0.51926494  0.6878432  -0.08491576]
 [ 0.4984724  -0.09945837 -0.7012231 ]]","[[-0.69385535  0.32630056 -0.6419446 ]
 [ 0.02605318  0.90223914  0.43044835]
 [ 0.71964306  0.28194413 -0.63452446]]"
20200221-233620.713804,44,[1.770183   1.4504918  0.59051865],"[[-0.49998686 -0.07354201 -0.70221305]
 [-0.47267836  0.72045475 -0.09491786]
 [ 0.5275824   0.68060136 -0.08954015]
 [ 0.4982421  -0.11099043 -0.6999071 ]]","[[-0.68812805  0.3316157  -0.6453766 ]
 [ 0.03711886  0.90437573  0.42512015]
 [ 0.7246394   0.26858145 -0.6346353 ]]"
20200221-233620.713804,45,[1.7793903 1.4496536 0.5864731],"[[-0.49967867 -0.07316911 -0.702337  ]
 [-0.46407178  0.72530174 -0.10134029]
 [ 0.5356503   0.6735698  -0.09367187]
 [ 0.4980332  -0.12201405 -0.6983402 ]]","[[-0.6822377   0.33766276 -0.6484872 ]
 [ 0.04795429  0.9057212   0.42115253]
 [ 0.72955614  0.25622833 -0.63410956]]"
20200221-233620.713804,46,[1.7888842 1.4529766 0.5845028],"[[-0.49965596 -0.07317738 -0.7022229 ]
 [-0.46042806  0.7273567  -0.1041726 ]
 [ 0.53902304  0.6704802  -0.09549576]
 [ 0.4977989  -0.12670256 -0.69779056]]","[[-0.67975974  0.3405718  -0.64956737]
 [ 0.05256973  0.90599734  0.42000633]
 [ 0.7315486   0.2513559  -0.63376415]]"
20200221-233620.713804,47,[1.7976365 1.4484217 0.5809691],"[[-0.4998494  -0.0804005  -0.7013247 ]
 [-0.46313232  0.72482526 -0.10945857]
 [ 0.5365679   0.6716859  -0.10115463]
 [ 0.49774888 -0.13039353 -0.6970871 ]]","[[-0.68136585  0.3344946  -0.65104055]
 [ 0.04947946  0.9084836   0.4149808 ]
 [ 0.7302688   0.25054073 -0.6355605 ]]"
20200221-233620.713804,48,[1.8071247  1.4501978  0.57839686],"[[-0.4995481  -0.07845151 -0.701625  ]
 [-0.45525786  0.7292913  -0.11368842]
 [ 0.54381126  0.6653805  -0.1031991 ]
 [ 0.4974545  -0.13873845 -0.6958068 ]]","[[-0.67582375  0.34110916 -0.6533811 ]
 [ 0.05938247  0.90878224  0.4130238 ]
 [ 0.73466724  0.24033193 -0.63443244]]"
20200221-233620.713804,49,[1.815128  1.450526  0.5745852],"[[-0.5001907  -0.09020844 -0.6999186 ]
 [-0.46605775  0.7217062  -0.11712635]
 [ 0.5338865   0.67260814 -0.10932959]
 [ 0.49755943 -0.13638738 -0.69601923]]","[[-0.68316036  0.32788596 -0.6525204 ]
 [ 0.0461491   0.9111331   0.4095205 ]
 [ 0.72880894  0.24965493 -0.63758165]]"
20200221-233620.713804,50,[1.8240258  1.4505466  0.57066727],"[[-0.5003638  -0.09602654 -0.69902843]
 [-0.46763563  0.71989834 -0.12179312]
 [ 0.5324534   0.67296404 -0.11427221]
 [ 0.49743956 -0.14015815 -0.695318  ]]","[[-0.6841225   0.32392323 -0.65349066]
 [ 0.04436827  0.91279256  0.40600622]
 [ 0.7280163   0.24876375 -0.63883376]]"
20200221-233620.713804,51,[1.8329753  1.4462762  0.56735325],"[[-0.50045913 -0.1023327  -0.6980887 ]
 [-0.46960253  0.7177449  -0.1266755 ]
 [ 0.53065056  0.67354596 -0.11945011]
 [ 0.49741697 -0.14389588 -0.6945194 ]]","[[-0.6852672   0.31876194 -0.65482783]
 [ 0.04210958  0.9149663   0.40132704]
 [ 0.72707313  0.24744184 -0.64041954]]"
20200221-233620.713804,52,[1.8416517 1.452023  0.5639321],"[[-0.5005811  -0.10307191  0.69776255]
 [-0.4659441   0.71961534  0.13030024]
 [ 0.53407633  0.670235    0.12202127]
 [ 0.49706838 -0.14937994  0.6937291 ]]","[[-0.68284684  0.32185534  0.6558424 ]
 [ 0.04680298  0.9151523  -0.40038192]
 [ 0.72906095  0.24270405  0.6399727 ]]"
20200221-233620.713804,53,[1.8506575  1.4480681  0.56066227],"[[-0.50067043 -0.10922743  0.6967914 ]
 [-0.46797052  0.7173996   0.13498189]
 [ 0.5322246   0.67084044  0.12703729]
 [ 0.49706104 -0.15290464  0.69290894]]","[[-0.6840292   0.3167712   0.65708435]
 [ 0.04447623  0.91722405 -0.3958809 ]
 [ 0.7280974   0.24156947  0.64149684]]"
20200221-233620.713804,54,[1.8597113 1.444137  0.5574868],"[[-0.5007438  -0.11516542  0.69581145]
 [-0.46984658  0.71526283  0.13954726]
 [ 0.53050506  0.67132103  0.13192941]
 [ 0.49705574 -0.15640868  0.69207495]]","[[-0.6851211   0.3118765   0.65828747]
 [ 0.04231629  0.9192224  -0.39145824]
 [ 0.7271992   0.24034001  0.64297605]]"
20200221-233620.713804,55,[1.8682443 1.4430733 0.5556062],"[[-0.50081474 -0.12405162  0.69450814]
 [-0.47902545  0.70853037  0.14112933]
 [ 0.5218654   0.6775383   0.13631713]
 [ 0.49736914 -0.1534205   0.6922127 ]]","[[-0.6911395   0.3005929   0.65724427]
 [ 0.03078151  0.9208199  -0.38877133]
 [ 0.72206557  0.24846433  0.6456678 ]]"
20200221-233620.713804,56,[1.876809   1.441128   0.55309874],"[[-0.50080985 -0.13082336  0.6933914 ]
 [-0.48373112  0.7045762   0.14415304]
 [ 0.51740426  0.6802343   0.1407404 ]
 [ 0.4974802  -0.15407313  0.69182414]]","[[-0.6941769   0.293378    0.65730333]
 [ 0.02485334  0.9223939  -0.3854499 ]
 [ 0.71937513  0.2512343   0.6475961 ]]"
20200221-233620.713804,57,[1.885289  1.4433547 0.5502863],"[[-0.50065404 -0.13668658  0.69262856]
 [-0.48808566  0.7007908   0.14652391]
 [ 0.5132263   0.68290186  0.14461556]
 [ 0.49771124 -0.1544472   0.69129056]]","[[-0.6968389   0.28755784  0.6570586 ]
 [ 0.01930885  0.92329806 -0.38359824]
 [ 0.71696764  0.2546191   0.6489425 ]]"
20200221-233620.713804,58,[1.8948238 1.4447829 0.5474286],"[[-0.50064087 -0.14265478  0.691565  ]
 [-0.49227852  0.6971731   0.14904131]
 [ 0.50913906  0.6852744   0.14854097]
 [ 0.49779302 -0.15491499  0.69098514]]","[[-0.6995669   0.28157032  0.6567528 ]
 [ 0.01392761  0.92429006 -0.38143635]
 [ 0.71443117  0.2576931   0.6505245 ]]"
20200221-233620.713804,59,[1.9037576  1.4427742  0.54501635],"[[-0.50065213 -0.1440824   0.69111145]
 [-0.48905426  0.6986995   0.15320969]
 [ 0.5123513   0.68211013  0.15145655]
 [ 0.49766424 -0.16057642  0.6898932 ]]","[[-0.69738525  0.2828455   0.6585229 ]
 [ 0.01818969  0.92551994 -0.3782617 ]
 [ 0.7164658   0.25181577  0.6505888 ]]"
20200221-233620.713804,60,[1.9127609  1.4475687  0.54140335],"[[-0.5007083  -0.14744398  0.69037247]
 [-0.4893371   0.6977951   0.1563387 ]
 [ 0.5120665   0.6816057   0.15468588]
 [ 0.49762222 -0.16357169  0.68921393]]","[[-0.697579    0.28171644  0.65880144]
 [ 0.01784242  0.9260063  -0.37708578]
 [ 0.7162855   0.2512925   0.6509892 ]]"
20200221-233620.713804,61,[1.9224008 1.4495491 0.5388067],"[[-0.5006563  -0.15277106  0.6893784 ]
 [-0.4931745   0.6944614   0.15848346]
 [ 0.50831854  0.68376154  0.15817216]
 [ 0.4977294  -0.16387135  0.688928  ]]","[[-0.70009524  0.27638856  0.6583893 ]
 [ 0.01286617  0.92678255 -0.37537766]
 [ 0.71393377  0.25432914  0.6523919 ]]"
20200221-233620.713804,62,[1.9326473  1.4494855  0.53553927],"[[-0.5006817  -0.15681823  0.68846685]
 [-0.4936637   0.6932544   0.16212809]
 [ 0.5078284   0.6832472   0.16197409]
 [ 0.49771926 -0.16727069  0.6881077 ]]","[[-0.7003899   0.27388832  0.65912   ]
 [ 0.01226962  0.92793053 -0.37255093]
 [ 0.71365494  0.2528438   0.65327364]]"
20200221-233620.713804,63,[1.9424429 1.4489422 0.5316761],"[[-0.50059396 -0.16356601  0.6870835 ]
 [-0.49731183  0.68962675  0.16581902]
 [ 0.50423086  0.6848535   0.16697972]
 [ 0.49783298 -0.16922322  0.6874139 ]]","[[-0.70277613  0.267571    0.6591749 ]
 [ 0.00749687  0.92930764 -0.36923006]
 [ 0.7113716   0.25454432  0.65510106]]"
20200221-233620.713804,64,[1.951727   1.4497397  0.52861065],"[[-0.5007749  -0.16711411  0.6859722 ]
 [-0.49746975  0.6888301   0.16919948]
 [ 0.5040833   0.68399936  0.17035277]
 [ 0.4976431  -0.17242691  0.6868724 ]]","[[-0.70305514  0.2657135   0.65962857]
 [ 0.00731455  0.93022394 -0.36691937]
 [ 0.7110978   0.25313964  0.6559422 ]]"
20200221-233620.713804,65,[1.9611994  1.4465681  0.52590626],"[[-0.50075984 -0.17114587  0.68498653]
 [-0.4977655   0.68767184  0.17300321]
 [ 0.5038209   0.6832324   0.17424963]
 [ 0.497628   -0.17609635  0.6859304 ]]","[[-0.70322263  0.26281902  0.6606088 ]
 [ 0.00697029  0.93166983 -0.36323902]
 [ 0.71093565  0.25083324  0.65700316]]"
20200221-233620.713804,66,[1.9706991 1.4457285 0.5244369],"[[-0.50073636 -0.17357664  0.68438107]
 [-0.4979413   0.6869711   0.17530935]
 [ 0.5036768   0.6827503   0.176586  ]
 [ 0.49762186 -0.17830852  0.6853516 ]]","[[-0.7033145   0.26113582  0.66117847]
 [ 0.00677468  0.93250585 -0.3610914 ]
 [ 0.71084666  0.24948145  0.65761393]]"
20200221-233620.713804,67,[1.9805783 1.4473197 0.5221223],"[[-0.50064147 -0.1740216   0.68434083]
 [-0.4949279   0.6883513   0.17839012]
 [ 0.50665593  0.6800486   0.1784625 ]
 [ 0.49769887 -0.18281895  0.6841094 ]]","[[-0.70111847  0.26339373  0.6626136 ]
 [ 0.01074816  0.9330718  -0.35953006]
 [ 0.71296376  0.24495131  0.6570249 ]]"
20200221-233620.713804,68,[1.9907136 1.4427037 0.5189922],"[[-0.50071555 -0.17669664  0.6834915 ]
 [-0.49227265  0.68906736  0.18336959]
 [ 0.50928116  0.67694795  0.18229842]
 [ 0.49757844 -0.18896025  0.68262905]]","[[-0.6992904   0.26319903  0.66461986]
 [ 0.01431458  0.93471855 -0.35510063]
 [ 0.71469444  0.23880473  0.6574072 ]]"
20200221-233620.713804,69,[2.0003047  1.4463352  0.51737285],"[[-0.5007083  -0.17833003  0.68306005]
 [-0.49247286  0.68854     0.18485314]
 [ 0.5091141   0.67666936  0.18382943]
 [ 0.4975584  -0.19034146  0.6822494 ]]","[[-0.6994115   0.2627406   0.66467357]
 [ 0.01407547  0.93486196 -0.35473284]
 [ 0.71458066  0.23874865  0.6575512 ]]"
20200221-233620.713804,70,[2.0093453 1.4489726 0.5150939],"[[-0.50096935 -0.17877007  0.68250495]
 [-0.48958895  0.69008404  0.18775211]
 [ 0.5119621   0.67381525  0.18544778]
 [ 0.4972198  -0.19441825  0.68157595]]","[[-0.6976329   0.2650691   0.66561764]
 [ 0.0179134   0.93520546 -0.35365218]
 [ 0.7162315   0.23479593  0.6571782 ]]"
20200221-233620.713804,71,[2.0187926 1.4502481 0.5122972],"[[-0.50080985 -0.18195663  0.6819138 ]
 [-0.49010986  0.6887993   0.19054517]
 [ 0.5114674   0.6735076   0.188484  ]
 [ 0.49737614 -0.19706462  0.6805586 ]]","[[-0.6977652   0.26328498  0.6661868 ]
 [ 0.01729396  0.93592477 -0.35177505]
 [ 0.71611786  0.2339354   0.65760887]]"
20200221-233620.713804,72,[2.028456   1.4474705  0.50985944],"[[-0.50078106 -0.18567657  0.68092847]
 [-0.4905551   0.6875375   0.19393358]
 [ 0.51105994  0.67285585  0.1919538 ]
 [ 0.4973846  -0.20020308  0.6796174 ]]","[[-0.69801325  0.2604938   0.6670234 ]
 [ 0.01676705  0.9371768  -0.34845117]
 [ 0.71588826  0.2320395   0.65852976]]"
20200221-233620.713804,73,[2.0374918 1.4463075 0.5080158],"[[-0.5006683  -0.19046028  0.6797934 ]
 [-0.49383667  0.68450004  0.19592433]
 [ 0.5078854   0.6744527   0.19529186]
 [ 0.4975031  -0.20074412  0.67923146]]","[[-0.7002012   0.2552586   0.6667542 ]
 [ 0.0124849   0.93813556 -0.3460426 ]
 [ 0.7138363   0.23397501  0.66007066]]"
20200221-233620.713804,74,[2.046034  1.4571946 0.505334 ],"[[-0.500813   -0.19320962  0.67890626]
 [-0.49667135  0.6823851   0.19615363]
 [ 0.50506824  0.6761234   0.19676498]
 [ 0.49740356 -0.1996953   0.67962766]]","[[-0.7023416   0.25357455  0.66514385]
 [ 0.00872456  0.93739676 -0.34815383]
 [ 0.71178675  0.23871988  0.66058505]]"
20200221-233620.713804,75,[2.0553753 1.462245  0.5024722],"[[-0.5008274  -0.19533512  0.6782881 ]
 [-0.49666882  0.6817702   0.19828478]
 [ 0.50505865  0.67550266  0.1988804 ]
 [ 0.49740136 -0.20181635  0.67901045]]","[[-0.7023587   0.25334755  0.6652123 ]
 [ 0.00870575  0.9375063  -0.34785947]
 [ 0.7117699   0.23853087  0.66067135]]"
20200221-233620.713804,76,[2.0651515 1.4594777 0.5001832],"[[-0.50079745 -0.19868378  0.67732805]
 [-0.49687144  0.6806898   0.20149145]
 [ 0.5048856   0.67468333  0.20211512]
 [ 0.49740437 -0.20490953  0.6780688 ]]","[[-0.7024721   0.2509098   0.6660159 ]
 [ 0.00845947  0.93867254 -0.34470594]
 [ 0.7116611   0.23651208  0.6615137 ]]"
20200221-233620.713804,77,[2.0745625  1.4666916  0.49855378],"[[-0.5008137  -0.19942422  0.6771008 ]
 [-0.4969245   0.68044513  0.20217994]
 [ 0.50482047  0.6745108   0.20282874]
 [ 0.49740103 -0.20557116  0.6778782 ]]","[[-0.70251757  0.25165594  0.6656865 ]
 [ 0.0083854   0.9382532  -0.34584764]
 [ 0.7116172   0.23738202  0.66124946]]"
20200221-233620.713804,78,[2.0841625  1.4698918  0.49719265],"[[-0.50097305 -0.2007265   0.67646503]
 [-0.49686596  0.6802319   0.2035281 ]
 [ 0.50488585  0.6739539   0.20404677]
 [ 0.49723303 -0.20683327  0.67774373]]","[[-0.7026576   0.2514225   0.6656268 ]
 [ 0.00845859  0.93837464 -0.3455165 ]
 [ 0.7114779   0.23714943  0.66148275]]"
20200221-233620.713804,79,[2.094025   1.4712217  0.49460354],"[[-0.5009426  -0.20339218  0.6756796 ]
 [-0.49695867  0.6793857   0.20614713]
 [ 0.5048217   0.673218    0.20665   ]
 [ 0.49723575 -0.20939022  0.67694634]]","[[-0.7027023   0.2501881   0.6660448 ]
 [ 0.00835354  0.93897116 -0.34389475]
 [ 0.7114352   0.2360918   0.66190696]]"
20200221-233620.713804,80,[2.1036148 1.4743991 0.4932889],"[[-0.50087684 -0.20831543  0.6743296 ]
 [-0.5025296   0.6751623   0.20613946]
 [ 0.4992723   0.6767093   0.2091103 ]
 [ 0.49730623 -0.20694192  0.6775389 ]]","[[-7.0663494e-01  2.4372675e-01  6.6427726e-01]
 [ 9.2231872e-04  9.3912053e-01 -3.4358695e-01]
 [ 7.0757782e-01  2.4217790e-01  6.6384017e-01]]"
20200221-233620.713804,81,[2.1134102  1.4755082  0.49090263],"[[ 0.5007423  -0.21425992  0.6726549 ]
 [ 0.50774217  0.6707469   0.20744509]
 [-0.4940211   0.67954457  0.21270336]
 [-0.49739122 -0.20593806  0.67768675]]","[[ 0.71029794  0.23667353  0.6629195 ]
 [ 0.00611425  0.93966943 -0.34202933]
 [-0.7038745   0.24699606  0.6659982 ]]"
20200221-233620.713804,82,[2.124021  1.4753307 0.4879186],"[[ 0.50055647 -0.21895257  0.6713767 ]
 [ 0.5101189   0.66802925  0.21002212]
 [-0.49161106  0.68024826  0.21636315]
 [-0.4975345  -0.20750609  0.6770015 ]]","[[ 0.7118972   0.23228063  0.6627582 ]
 [ 0.00938404  0.9404878  -0.33969802]
 [-0.7022211   0.24804941  0.6673509 ]]"
20200221-233620.713804,83,[2.1339834 1.4744457 0.4869966],"[[ 0.50053483 -0.22044279  0.6708802 ]
 [ 0.5098162   0.66772556  0.21180165]
 [-0.4919471   0.6794804   0.21798497]
 [-0.4975344  -0.20941341  0.67641884]]","[[ 0.7117229   0.2313873   0.6632576 ]
 [ 0.00901838  0.9411046  -0.33799568]
 [-0.7024026   0.2465408   0.6677188 ]]"
20200221-233620.713804,84,[2.1437535  1.4756558  0.48475522],"[[ 0.5006852  -0.22253586  0.66993463]
 [ 0.5094464   0.6673929   0.21422237]
 [-0.49233347  0.6783528   0.22014618]
 [-0.49737987 -0.21190116  0.6758938 ]]","[[ 0.71168447  0.23069388  0.6635401 ]
 [ 0.0085799   0.9416173  -0.33657563]
 [-0.702447    0.24522878  0.66815513]]"
20200221-233620.713804,85,[2.1542697  1.4753711  0.48203272],"[[ 0.50069964 -0.22686382  0.6684452 ]
 [ 0.51156634  0.6650221   0.21661457]
 [-0.49016002  0.6787939   0.2234994 ]
 [-0.49733555 -0.21334766  0.6755049 ]]","[[ 0.7133179   0.22659208  0.6631997 ]
 [ 0.01153841  0.9423663  -0.3343839 ]
 [-0.70074594  0.24617429  0.6695921 ]]"
20200221-233620.713804,86,[2.1647716  1.4755148  0.47924075],"[[ 0.50080985 -0.22782218  0.66791356]
 [ 0.5086828   0.6661917   0.22020327]
 [-0.4931084   0.6758052   0.2256688 ]
 [-0.49726793 -0.21811283  0.6741478 ]]","[[ 0.7114165   0.22835957  0.6646339 ]
 [ 0.0076906   0.9431475  -0.33228517]
 [-0.70272845  0.24150467  0.66921455]]"
20200221-233620.713804,87,[2.1738644  1.4785124  0.47759986],"[[ 0.500713   -0.22756305  0.6680707 ]
 [ 0.50606066  0.6674729   0.22236833]
 [-0.49578804  0.67356354  0.22653633]
 [-0.4973769  -0.22137512  0.6729896 ]]","[[ 0.70946443  0.23107012  0.6657831 ]
 [ 0.00416538  0.9433284  -0.33183497]
 [-0.7047293   0.23819824  0.6682952 ]]"
20200221-233620.713804,88,[2.1834805  1.483808   0.47526538],"[[ 0.5006809  -0.22899751  0.6676051 ]
 [ 0.50592184  0.6670521   0.22394139]
 [-0.49591336  0.67296755  0.22799622]
 [-0.49742553 -0.2229721   0.6724373 ]]","[[ 0.7093768   0.23134468  0.6657809 ]
 [ 0.00402503  0.9432537  -0.33204913]
 [-0.70481783  0.23822777  0.6681911 ]]"
20200221-233620.713804,89,[2.1935337  1.4830747  0.47450098],"[[ 0.50065035 -0.23036301  0.66713417]
 [ 0.5056869   0.66671497  0.22554566]
 [-0.4961767   0.67227566  0.2294414 ]
 [-0.49743223 -0.22465351  0.6718763 ]]","[[ 0.7092315   0.23049755  0.6662294 ]
 [ 0.00373735  0.9437962  -0.3305068 ]
 [-0.70496583  0.2368957   0.66850847]]"
20200221-233620.713804,90,[2.2029505  1.4821233  0.47316876],"[[ 0.5007401  -0.23066433  0.66683614]
 [ 0.5030679   0.66791475  0.22824702]
 [-0.49885553  0.6697145   0.2308062 ]
 [-0.49731767 -0.22839965  0.6707915 ]]","[[ 7.0745569e-01  2.3212202e-01  6.6755199e-01]
 [ 2.1317798e-04  9.4445735e-01 -3.2863384e-01]
 [-7.0675755e-01  2.3263621e-01  6.6811234e-01]]"
20200221-233620.713804,91,[2.2143753  1.4784265  0.47150365],"[[ 0.5007296  -0.23323439  0.6659534 ]
 [ 0.50293756  0.66708267  0.23094198]
 [-0.4989767   0.6687108   0.233428  ]
 [-0.49733907 -0.23114534  0.66983837]]","[[ 7.0738977e-01  2.3004544e-01  6.6834033e-01]
 [ 9.0587098e-05  9.4552505e-01 -3.2554951e-01]
 [-7.0682371e-01  2.3035097e-01  6.6883397e-01]]"
20200221-233620.713804,92,[2.2245455  1.4760773  0.46975026],"[[ 0.5007021  -0.23572856  0.6650806 ]
 [ 0.5028551   0.6662572   0.23353542]
 [-0.49908212  0.6677489   0.23594627]
 [-0.49734426 -0.2337623   0.6689234 ]]","[[ 7.0733935e-01  2.2828111e-01  6.6899842e-01]
 [-2.0873722e-06  9.4641864e-01 -3.2294244e-01]
 [-7.0687431e-01  2.2842854e-01  6.6943949e-01]]"
20200221-233620.713804,93,[2.2344904  1.4794356  0.46887714],"[[ 0.50048655 -0.23650812  0.66508067]
 [ 0.5028859   0.6658324   0.23431846]
 [-0.49905375  0.6676166   0.23674288]
 [-0.49755836 -0.23456146  0.6683677 ]]","[[ 7.0717090e-01  2.2833954e-01  6.6915643e-01]
 [ 5.4453179e-05  9.4639844e-01 -3.2300177e-01]
 [-7.0704269e-01  2.2845393e-01  6.6925299e-01]]"
20200221-233620.713804,94,[2.2446802  1.4769754  0.46719185],"[[ 0.5004635  -0.23901972  0.66419524]
 [ 0.5029035   0.6649342   0.23682973]
 [-0.4990594   0.66672814  0.23925892]
 [-0.49755824 -0.23707733  0.66746646]]","[[ 7.0717239e-01  2.2649768e-01  6.6978055e-01]
 [ 5.7786114e-05  9.4728208e-01 -3.2040066e-01]
 [-7.0704114e-01  2.2661717e-01  6.6987872e-01]]"
20200221-233620.713804,95,[2.2541792  1.4762928  0.46598676],"[[-0.5005176  -0.23931248  0.6639306 ]
 [-0.50047886  0.6659836   0.23936954]
 [ 0.5015253   0.6643382   0.24046648]
 [ 0.49746937 -0.24052061  0.66638917]]","[[-0.7054895   0.22799534  0.671046  ]
 [ 0.00319811  0.9478561  -0.31868243]
 [ 0.7087133   0.22268115  0.6694317 ]]"
20200221-233620.713804,96,[2.2637448  1.4755799  0.46481892],"[[-0.500392   -0.24265464  0.66288656]
 [-0.50279874  0.66369617  0.24062115]
 [ 0.49923944  0.66528314  0.24290869]
 [ 0.49755535 -0.24088247  0.6660918 ]]","[[-7.0709211e-01  2.2419022e-01  6.7064118e-01]
 [ 8.4228275e-05  9.4843674e-01 -3.1696635e-01]
 [ 7.0712149e-01  2.2406791e-01  6.7065090e-01]]"
20200221-233620.713804,97,[2.2740037  1.4734945  0.46320435],"[[-0.5005417  -0.2420388   0.6628075 ]
 [-0.49816287  0.6660698   0.24426375]
 [ 0.5038875   0.6611533   0.24404538]
 [ 0.49738267 -0.24626167  0.66442704]]","[[-0.7038654   0.22761934  0.6728767 ]
 [ 0.00629796  0.9492315  -0.31451592]
 [ 0.71030563  0.21713908  0.6695646 ]]"
20200221-233620.713804,98,[2.285695  1.4762676 0.4624144],"[[-0.50054127 -0.24285932  0.6625133 ]
 [-0.49825236  0.6657245   0.24500354]
 [ 0.50378776  0.66093975  0.24482265]
 [ 0.49739382 -0.24695821  0.6641621 ]]","[[-0.7039219   0.22741508  0.67288667]
 [ 0.00618972  0.9492855  -0.31435433]
 [ 0.7102505   0.21711598  0.6696305 ]]"
20200221-233620.713804,99,[2.2961686  1.4740845  0.46085957],"[[-0.5006685  -0.24239366  0.66241103]
 [-0.49387774  0.667864    0.24854448]
 [ 0.5081312   0.6569933   0.24597274]
 [ 0.49721035 -0.25211573  0.66252154]]","[[-0.700826    0.23052153  0.67505777]
 [ 0.01205069  0.9500349  -0.31191123]
 [ 0.71323055  0.21046051  0.6685871 ]]"
20200221-233620.713804,100,[2.3068519  1.4785589  0.45830634],"[[-0.5008376  -0.24560599  0.66110224]
 [-0.49623963  0.6657214   0.2495724 ]
 [ 0.505785    0.6579063   0.24834077]
 [ 0.49708092 -0.25229433  0.66255933]]","[[-0.70269185  0.22780728  0.67403895]
 [ 0.00892165  0.95010316 -0.31180876]
 [ 0.7114386   0.21309188  0.66966206]]"
20200221-233620.713804,101,[2.316927   1.4802554  0.45660403],"[[-0.5010394  -0.24731761  0.66021836]
 [-0.49630478  0.6651565   0.25120977]
 [ 0.50571865  0.6572152   0.25003037]
 [ 0.49688    -0.25390762  0.66218597]]","[[-0.70292366  0.22706409  0.6740479 ]
 [ 0.00884684  0.95039195 -0.31092927]
 [ 0.7112104   0.21259633  0.6700617 ]]"
20200221-233620.713804,102,[2.3279727  1.4767922  0.45466936],"[[-0.50095314 -0.2516596   0.6587449 ]
 [-0.4987264   0.66241527  0.2533454 ]
 [ 0.50332177  0.6578461   0.25349486]
 [ 0.49697632 -0.25517073  0.661522  ]]","[[-0.7045998   0.22221372  0.67391413]
 [ 0.00565266  0.95143086 -0.30781078]
 [ 0.7095826   0.2130741   0.6716339 ]]"
20200221-233620.713804,103,[2.3391519 1.4750272 0.4538381],"[[-0.5009966  -0.25198582  0.65850765]
 [-0.49658427  0.6632234   0.25565985]
 [ 0.50545025  0.65570563  0.2545808 ]
 [ 0.49691722 -0.25824064  0.66044986]]","[[-0.7030836   0.22315833  0.6751844 ]
 [ 0.00850055  0.95205283 -0.30581564]
 [ 0.7110566   0.20927447  0.67126966]]"
20200221-233620.713804,104,[2.349188   1.4812506  0.45186457],"[[-0.50107896 -0.25573978  0.6570639 ]
 [-0.50092345  0.6599797   0.25538847]
 [ 0.5011336   0.6582305   0.2567839 ]
 [ 0.4968509  -0.256431    0.6611401 ]]","[[-0.7063399   0.2189186   0.67317057]
 [ 0.0027204   0.9518092  -0.3066789 ]
 [ 0.7078677   0.21478823  0.6728964 ]]"
20200221-233620.713804,105,[2.3601134  1.481547   0.44985846],"[[-0.5009483  -0.25650063  0.65690607]
 [-0.4989083   0.6604369   0.25803152]
 [ 0.50312847  0.6561483   0.25828668]
 [ 0.49699405 -0.2598082   0.6596832 ]]","[[-0.7047288   0.22012618  0.67446417]
 [ 0.00541293  0.9522908  -0.30514506]
 [ 0.7094563   0.21139367  0.67229813]]"
20200221-233620.713804,106,[2.3713763 1.4779824 0.4480995],"[[-0.5009892  -0.25782487  0.65627784]
 [-0.4968125   0.66081244  0.26131672]
 [ 0.5052117   0.6536484   0.26033404]
 [ 0.4969387  -0.2638119   0.65820926]]","[[-0.7032419   0.22027181  0.67596686]
 [ 0.00819795  0.95324194 -0.3020965 ]
 [ 0.7109033   0.20690536  0.6721655 ]]"
20200221-233620.713804,107,[2.382315   1.4826132  0.44585225],"[[-0.50112915 -0.2605251   0.6550888 ]
 [-0.49884075  0.65897536  0.26212686]
 [ 0.50318277  0.6543954   0.2623114 ]
 [ 0.49682468 -0.26390243  0.6582866 ]]","[[-0.7048831   0.21806993  0.67497057]
 [ 0.00547089  0.9532125  -0.30225116]
 [ 0.70930237  0.20935906  0.6730965 ]]"
20200221-233620.713804,108,[2.3922148  1.4883294  0.44418335],"[[-0.5011333  -0.2613346   0.6547772 ]
 [-0.49885243  0.65863454  0.26291975]
 [ 0.50315154  0.65409553  0.26312077]
 [ 0.49684003 -0.26469532  0.657957  ]]","[[-0.7048974   0.21865351  0.6747669 ]
 [ 0.00544339  0.9529408  -0.30310738]
 [ 0.70928836  0.20998661  0.6729157 ]]"
20200221-233620.713804,109,[2.4035258 1.4910338 0.4433591],"[[-0.50104547 -0.26350185  0.6540572 ]
 [-0.50096166  0.6568541   0.26313645]
 [ 0.5010514   0.65522987  0.26453215]
 [ 0.49692902 -0.26416546  0.65802073]]","[[-0.7063843   0.21624048  0.6739891 ]
 [ 0.00261417  0.95298314 -0.3030122 ]
 [ 0.7078237   0.21228114  0.6737377 ]]"
20200221-233620.713804,110,[2.4145598 1.4974495 0.4423412],"[[ 0.5011706  -0.26495346  0.6533539 ]
 [ 0.50287825  0.6555497   0.2627838 ]
 [-0.49911729  0.65636486  0.2652918 ]
 [-0.49681318 -0.2631335   0.6585541 ]]","[[ 7.0794433e-01  2.1498589e-01  6.7275262e-01]
 [-7.0582009e-06  9.5254743e-01 -3.0439019e-01]
 [-7.0626831e-01  2.1548651e-01  6.7435205e-01]]"
20200221-233620.713804,111,[2.4248142  1.4991592  0.44095406],"[[ 0.50135696 -0.26624346  0.6525801 ]
 [ 0.5027031   0.65521663  0.26423502]
 [-0.49929082  0.6555721   0.26663116]
 [-0.4966284  -0.26463377  0.6581999 ]]","[[ 7.0802343e-01  2.1461473e-01  6.7278779e-01]
 [-2.1308630e-04  9.5276713e-01 -3.0370200e-01]
 [-7.0618904e-01  2.1488473e-01  6.7462707e-01]]"
20200221-233620.713804,112,[2.4350743  1.502757   0.44055703],"[[ 0.50153273 -0.2664981   0.6522399 ]
 [ 0.50249726  0.655306    0.26467696]
 [-0.49949518  0.65517765  0.26694345]
 [-0.49645382 -0.26513276  0.65823275]]","[[ 7.0807827e-01  2.1503998e-01  6.7259437e-01]
 [-4.5131159e-04  9.5264000e-01 -3.0410042e-01]
 [-7.0613384e-01  2.1502328e-01  6.7464054e-01]]"
20200221-233620.713804,113,[2.4465692  1.5052068  0.43980205],"[[ 0.5014227  -0.26855692  0.6515552 ]
 [ 0.5044426   0.65362275  0.26493007]
 [-0.49754426  0.65619636  0.26828995]
 [-0.49655083 -0.26469034  0.6582617 ]]","[[ 0.7094435   0.21274066  0.6718863 ]
 [ 0.00218243  0.952684   -0.30395448]
 [-0.70475894  0.21710491  0.67541116]]"
20200221-233620.713804,114,[2.4588585  1.5078099  0.43961796],"[[ 0.50140864 -0.2688599   0.6514538 ]
 [ 0.50438446  0.65350956  0.26528522]
 [-0.49759266  0.6560328   0.26861516]
 [-0.49657547 -0.26506698  0.65808624]]","[[ 0.70940846  0.2128658   0.6718836 ]
 [ 0.00213277  0.95264757 -0.30406916]
 [-0.7047943   0.21714228  0.6753623 ]]"
20200221-233620.713804,115,[2.4694304 1.5075495 0.4394052],"[[ 0.5013945  -0.26979926  0.651072  ]
 [ 0.504309    0.653157    0.26630604]
 [-0.49768585  0.6555697   0.26959303]
 [-0.49657285 -0.26612544  0.6576519 ]]","[[ 0.7093662   0.21216248  0.67215097]
 [ 0.00204603  0.95299786 -0.30297044]
 [-0.70483714  0.21629222  0.6755904 ]]"
20200221-233620.713804,116,[2.478614   1.5146601  0.43827534],"[[ 0.50128657 -0.2713241   0.6506046 ]
 [ 0.50629514  0.65166235  0.26597005]
 [-0.4956758   0.6568475   0.2703949 ]
