Timestamp,Epoch,s,u,v
20200222-142917.417570,0,[1.8310324  1.4205813  0.76291937],"[[ 0.26492044 -0.49883822  0.6564763 ]
 [ 0.65985066 -0.49583143 -0.26222938]
 [ 0.6537697   0.50418043 -0.2615375 ]
 [ 0.2588426   0.50111246  0.6571702 ]]","[[ 0.49953052 -0.70497066  0.5034734 ]
 [ 0.71285397  0.00426496 -0.7012995 ]
 [ 0.49224836  0.7092235   0.5046717 ]]"
20200222-142917.417570,1,[1.8061748 1.4271914 0.7602841],"[[ 0.25557107 -0.49881786  0.66016793]
 [ 0.66362566 -0.49572557 -0.25278488]
 [ 0.65735275  0.5043159  -0.25213304]
 [ 0.24934296  0.5011011   0.6608379 ]]","[[ 0.49488637 -0.70490724  0.5081272 ]
 [ 0.7194195   0.00440482 -0.6945619 ]
 [ 0.48736358  0.7092858   0.5093038 ]]"
20200222-142917.417570,2,[1.782284   1.4338814  0.75751513],"[[ 0.2461616  -0.49877805  0.66374445]
 [ 0.6673612  -0.49552268 -0.2432193 ]
 [ 0.6607603   0.504548   -0.2425913 ]
 [ 0.23964399  0.5011075   0.6644073 ]]","[[ 0.49020556 -0.7047863   0.51281065]
 [ 0.7260392   0.00465496 -0.6876376 ]
 [ 0.48225042  0.70940423  0.5139845 ]]"
20200222-142917.417570,3,[1.7680935 1.4404192 0.7547176],"[[ 0.24115583 -0.4974595   0.6665529 ]
 [ 0.6744     -0.4900913  -0.23469488]
 [ 0.65998423  0.5099313  -0.23330623]
 [ 0.22682442  0.5023096   0.6679773 ]]","[[ 0.49072918 -0.7019339   0.51621085]
 [ 0.73173386  0.01037055 -0.68151164]
 [ 0.47302267  0.7121666   0.518718  ]]"
20200222-142917.417570,4,[1.7426994  1.4473144  0.75124246],"[[ 0.23460597 -0.49602106  0.6700853 ]
 [ 0.6819772  -0.4843028  -0.22416973]
 [ 0.65960854  0.51558846 -0.22211395]
 [ 0.21162194  0.50356996  0.6718626 ]]","[[ 0.49029273 -0.69872653  0.52095526]
 [ 0.73906296  0.01649888 -0.6734342 ]
 [ 0.4619511   0.7151986   0.5244922 ]]"
20200222-142917.417570,5,[1.7417122 1.4543486 0.748672 ],"[[ 0.22336318 -0.4974815   0.67283124]
 [ 0.68036425 -0.48999983 -0.21658815]
 [ 0.66612417  0.5100414  -0.21534696]
 [ 0.20854829  0.5022649   0.6738055 ]]","[[ 0.48206222 -0.70178896  0.52450764]
 [ 0.74322397  0.01055285 -0.66895956]
 [ 0.46393335  0.71230674  0.5266735 ]]"
20200222-142917.417570,6,[1.7292343 1.4611439 0.7456051],"[[ 0.2103536  -0.49881658  0.67600715]
 [ 0.6790355  -0.49583763 -0.20733906]
 [ 0.6731186   0.50432664 -0.2069156 ]
 [ 0.20389542  0.5009808   0.67617375]]","[[ 0.4724538  -0.70485187  0.529123  ]
 [ 0.74882865  0.00441411 -0.66274893]
 [ 0.4648042   0.7093409   0.5298988 ]]"
20200222-142917.417570,7,[1.7029403 1.4684175 0.7412249],"[[ 0.19855793 -0.4987399   0.67962617]
 [ 0.683102   -0.4952057  -0.19511823]
 [ 0.67630374  0.50495225 -0.19465171]
 [ 0.19120517  0.501052    0.6798148 ]]","[[ 0.4664586  -0.704491    0.5348915 ]
 [ 0.7570208   0.00516214 -0.6533705 ]
 [ 0.45753244  0.7096942   0.53572214]]"
20200222-142917.417570,8,[1.6920583 1.475281  0.7379456],"[[ 0.18415684  0.50022405  0.6825616 ]
 [ 0.68005705  0.5029513  -0.18579796]
 [ 0.684325   -0.49725997 -0.18626407]
 [ 0.18790558 -0.49954826  0.681832  ]]","[[ 0.45479614  0.708589    0.53950197]
 [ 0.7624513   0.00327139 -0.6470375 ]
 [ 0.46024856 -0.7056139   0.5387769 ]]"
20200222-142917.417570,9,[1.6818978 1.4819599 0.7346019],"[[ 0.15770595  0.50441533  0.68574905]
 [ 0.6650982   0.5265341  -0.17571326]
 [ 0.70292205 -0.47300667 -0.17876624]
 [ 0.19665761 -0.49456248  0.68331254]]","[[ 0.42754152  0.72107476  0.545215  ]
 [ 0.7672163   0.02954821 -0.6407074 ]
 [ 0.47810805 -0.6922269   0.54058725]]"
20200222-142917.417570,10,[1.6637752  1.489446   0.73094213],"[[ 0.14589974  0.50466925  0.6881962 ]
 [ 0.6654675   0.52920586 -0.16590774]
 [ 0.7072864  -0.47017488 -0.16884762]
 [ 0.18871112 -0.494152    0.6858217 ]]","[[ 0.41920698  0.7225498   0.54971564]
 [ 0.7734977   0.03278286 -0.6329507 ]
 [ 0.47535962 -0.69054127  0.54514796]]"
20200222-142917.417570,11,[1.6567128 1.4961641 0.7264149],"[[ 0.11961416  0.50715816  0.6912601 ]
 [ 0.6511479   0.55022514 -0.15472977]
 [ 0.7238892  -0.44739544 -0.1594331 ]
 [ 0.19412257 -0.48977575  0.687604  ]]","[[ 0.39256322  0.73322105  0.55523103]
 [ 0.7778982   0.05737718 -0.6257655 ]
 [ 0.49068186 -0.6775656   0.5478473 ]]"
20200222-142917.417570,12,[1.6496147  1.5033871  0.72182804],"[[ 0.107167    0.5070379   0.69323504]
 [ 0.6511955   0.5531141  -0.14463504]
 [ 0.727846   -0.4442361  -0.14928249]
 [ 0.1862785  -0.48952243  0.6900877 ]]","[[ 0.38431898  0.73469555  0.5590363 ]
 [ 0.7832526   0.06105395 -0.61869854]
 [ 0.48868635 -0.6756442   0.55198807]]"
20200222-142917.417570,13,[1.6388347 1.5105662 0.7175731],"[[ 0.09214815  0.5071378   0.69547313]
 [ 0.6469494   0.560304   -0.13484767]
 [ 0.73482996 -0.43614063 -0.13950323]
 [ 0.18163212 -0.48852015  0.69186145]]","[[ 0.37127247  0.73818296  0.5632429 ]
 [ 0.7882052   0.0700815  -0.6114093 ]
 [ 0.49080485 -0.6709503   0.5558204 ]]"
20200222-142917.417570,14,[1.6228187 1.5181844 0.7119802],"[[ 0.07160757  0.50735825  0.69775814]
 [ 0.6399222   0.57103753 -0.12261779]
 [ 0.7442552  -0.42381814 -0.12713912]
 [ 0.1773589  -0.4867053   0.6942146 ]]","[[ 0.35237405  0.7435128   0.5683497 ]
 [ 0.79417187  0.08371565 -0.6018992 ]
 [ 0.49509954 -0.66346097  0.56097776]]"
20200222-142917.417570,15,[1.6128775  1.5254918  0.70758945],"[[ 0.05248601  0.5074137   0.6994079 ]
 [ 0.6306421   0.5832202  -0.11301886]
 [ 0.75379884 -0.4095237  -0.11752938]
 [ 0.17698407 -0.48443326  0.6958752 ]]","[[ 0.3331095   0.74940383  0.57221687]
 [ 0.7978564   0.09936909 -0.5946017 ]
 [ 0.5024575  -0.6546142   0.56481564]]"
20200222-142917.417570,16,[1.6007943 1.5334779 0.7041712],"[[ 0.04402876  0.5069874   0.7004635 ]
 [ 0.63114417  0.58389    -0.10537715]
 [ 0.755727   -0.4087005  -0.10885824]
 [ 0.16910127 -0.48476836  0.69742143]]","[[ 0.32700518  0.7499644   0.57499677]
 [ 0.8026159   0.10079373 -0.5879187 ]
 [ 0.49887416 -0.6537539   0.56897324]]"
20200222-142917.417570,17,[1.5913768 1.5411854 0.6979185],"[[ 0.01279     0.50640696  0.70216036]
 [ 0.61019284  0.60770535 -0.0933537 ]
 [ 0.7724723  -0.37942111 -0.09670818]
 [ 0.17546432 -0.47988093  0.69921625]]","[[ 0.29194412  0.7608726   0.5795184 ]
 [ 0.8045788   0.13223284 -0.5789365 ]
 [ 0.5171282  -0.63528526  0.57357746]]"
20200222-142917.417570,18,[1.5869403  1.5497234  0.69462216],"[[ 0.04338552  0.5047814   0.7022774 ]
 [ 0.65396094  0.56102216 -0.08764721]
 [ 0.74355745 -0.4353634  -0.08885264]
 [ 0.13257118 -0.49082428  0.7008776 ]]","[[ 0.3423389   0.73891115  0.580357  ]
 [ 0.8156117   0.07294459 -0.57398325]
 [ 0.46645665 -0.6698428   0.5776928 ]]"
20200222-142917.417570,19,[1.5817413 1.556711  0.69064  ],"[[-0.03263734  0.50370616  0.7034651 ]
 [ 0.5738253   0.6440541  -0.07915654]
 [ 0.7960179  -0.33138365 -0.08136331]
 [ 0.18977559 -0.47080705  0.7016061 ]]","[[ 0.23654015  0.7764816   0.58405924]
 [ 0.8025807   0.18266721 -0.56788814]
 [ 0.5476432  -0.60308295  0.579981  ]]"
20200222-142917.417570,20,[1.5726011 1.5615622 0.6865354],"[[-0.24901792  0.43749017  0.7044294 ]
 [ 0.2494362   0.8265651  -0.07026532]
 [ 0.8623058   0.03578756 -0.07248414]
 [ 0.36359355 -0.35229504  0.70255846]]","[[-0.1171487   0.8005735   0.58767205]
 [ 0.6547051   0.50720793 -0.56044775]
 [ 0.74675137 -0.31909606  0.5835583 ]]"
20200222-142917.417570,21,[1.5802112 1.5524657 0.6830495],"[[-0.399828    0.30117798  0.70593417]
 [-0.08482481  0.8603657  -0.06101359]
 [ 0.78318644  0.3627545  -0.0665198 ]
 [ 0.46857375 -0.19357586  0.7025022 ]]","[[-0.4132112   0.69114244  0.59294057]
 [ 0.413416    0.7225375  -0.5540998 ]
 [ 0.8113838  -0.01617088  0.5842899 ]]"
20200222-142917.417570,22,[1.5830765 1.5552611 0.6779648],"[[-0.464793    0.18675426  0.705868  ]
 [-0.29183438  0.81415725 -0.05342029]
 [ 0.67147684  0.5436893  -0.05668531]
 [ 0.49791458 -0.08168792  0.70404756]]","[[-0.57276493  0.56479526  0.594093  ]
 [ 0.22580908  0.8054226  -0.54800063]
 [ 0.7880042   0.17972398  0.5888537 ]]"
20200222-142917.417570,23,[1.5889626  1.5510479  0.67338693],"[[ 0.49523515  0.07870339  0.70566887]
 [ 0.4534328   0.73678786 -0.04612202]
 [-0.5450157   0.6713767  -0.04707009]
 [-0.50209415  0.01423939  0.7054709 ]]","[[ 0.679446    0.42884415  0.5953536 ]
 [-0.05502868  0.83891004 -0.541481  ]
 [-0.73165905  0.33514568  0.5935928 ]]"
20200222-142917.417570,24,[1.596785   1.5453858  0.66878927],"[[ 0.49653807  0.0633105   0.7064378 ]
 [ 0.46415234  0.73041296 -0.03779985]
 [-0.53518575  0.67993945 -0.03875633]
 [-0.5015864   0.01308851  0.70570165]]","[[ 0.6856627   0.41440114  0.5984465 ]
 [-0.04293186  0.84372395 -0.5350576 ]
 [-0.7266523   0.34117666  0.5963011 ]]"
20200222-142917.417570,25,[1.605247  1.5405113 0.6665932],"[[ 0.4947545   0.06964896  0.7069269 ]
 [ 0.447272    0.74129844 -0.03242751]
 [-0.5506368   0.667545   -0.03447532]
 [-0.5019615  -0.0030953   0.7057013 ]]","[[ 0.67524004  0.42756402  0.60103244]
 [-0.0625307   0.8451002  -0.53093845]
 [-0.7349428   0.3209278   0.5973814 ]]"
20200222-142917.417570,26,[1.6137729 1.532179  0.6630548],"[[ 0.493944    0.06800418  0.70748574]
 [ 0.4387344   0.74685043 -0.0247566 ]
 [-0.5582526   0.66131717 -0.02794673]
 [-0.5018816  -0.01578623  0.7057405 ]]","[[ 0.66969866  0.43136027  0.6045097 ]
 [-0.07256395  0.84812295 -0.5248065 ]
 [-0.7390792   0.30759656  0.59928817]]"
20200222-142917.417570,27,[1.621079  1.5298902 0.6591402],"[[ 0.49726263  0.04303544  0.7071313 ]
 [ 0.46599     0.73032385 -0.01861344]
 [-0.5335311   0.6817324  -0.02055623]
 [-0.5009268  -0.00399686  0.7065382 ]]","[[ 0.6865657   0.4022115   0.60568464]
 [-0.04137105  0.8533126  -0.51975596]
 [-0.72589     0.33178878  0.602495  ]]"
20200222-142917.417570,28,[1.6296604 1.522763  0.6538213],"[[ 0.496603    0.04035561  0.70759004]
 [ 0.4562922   0.7367734  -0.00897998]
 [-0.5424987   0.67465216 -0.01208635]
 [-0.500877   -0.01951244  0.7064624 ]]","[[ 0.68054134  0.40655416  0.6095713 ]
 [-0.05294096  0.8570503  -0.51250577]
 [-0.7307946   0.31651002  0.6047815 ]]"
20200222-142917.417570,29,[1.6382514 1.5199463 0.649865 ],"[[ 0.4957669   0.0401557   0.7081871 ]
 [ 0.44674546  0.7426516  -0.00187363]
 [-0.5511581   0.66767937 -0.00606938]
 [-0.5008576  -0.03256928  0.70599663]]","[[ 0.67435986  0.4122323   0.61262035]
 [-0.06422053  0.8592552  -0.5075004 ]
 [-0.735605    0.30289507  0.605921  ]]"
20200222-142917.417570,30,[1.6470221 1.5176139 0.6459727],"[[ 4.9536216e-01  3.8346466e-02 -7.0842069e-01]
 [ 4.3966028e-01  7.4700862e-01 -4.9816933e-03]
 [-5.5747795e-01  6.6227931e-01  2.6426752e-04]
 [-5.0053293e-01 -4.3515168e-02 -7.0577270e-01]]","[[ 0.669773    0.41566014 -0.6153296 ]
 [-0.07269383  0.86137533  0.50274044]
 [-0.738999    0.2919913  -0.60714185]]"
20200222-142917.417570,31,[1.6545372 1.5116221 0.6426091],"[[ 0.49716443  0.01973017 -0.7080738 ]
 [ 0.45842907  0.7354117  -0.010673  ]
 [-0.5406311   0.6763029  -0.00672384]
 [-0.5003879  -0.03734529 -0.70602584]]","[[ 0.6813259   0.39427423 -0.61671937]
 [-0.05107781  0.8660905   0.4972709 ]
 [-0.7301958   0.30730292 -0.61022866]]"
20200222-142917.417570,32,[1.662804   1.5052819  0.63925415],"[[ 0.49684256  0.01696629 -0.70820653]
 [ 0.45300004  0.7388106  -0.01746106]
 [-0.54564434  0.67204726 -0.01244101]
 [-0.50021094 -0.04715594 -0.70567966]]","[[ 0.67772156  0.39587492 -0.6196584 ]
 [-0.05776086  0.8687644   0.4918456 ]
 [-0.73304665  0.29754242 -0.6116464 ]]"
20200222-142917.417570,33,[1.6716393 1.4955482 0.6344942],"[[ 0.4968329   0.01029895 -0.7082135 ]
 [ 0.45015132  0.7404197  -0.02638391]
 [-0.5482285   0.66961294 -0.02035331]
 [-0.49996668 -0.05736991 -0.7052116 ]]","[[ 0.67565966  0.39354008 -0.62338644]
 [-0.06148365  0.87273246  0.48431164]
 [-0.73464555  0.28890166 -0.6138664 ]]"
20200222-142917.417570,34,[1.6797771  1.4943552  0.63070863],"[[ 0.49813682 -0.00401956 -0.7073928 ]
 [ 0.46290264  0.7322757  -0.03155039]
 [-0.5365584   0.6788093  -0.02684121]
 [-0.49968588 -0.05453514 -0.7056058 ]]","[[ 0.6837935   0.37815082 -0.62404203]
 [-0.04653782  0.8760924   0.47989213]
 [-0.7281899   0.29910567 -0.6166645 ]]"
20200222-142917.417570,35,[1.6880263 1.4961098 0.6257402],"[[ 0.49867272 -0.01207573 -0.7067801 ]
 [ 0.4649041   0.7308448  -0.03812195]
 [-0.5347069   0.6798287  -0.0334349 ]
 [-0.49927735 -0.05960236 -0.7056138 ]]","[[ 0.6852251   0.37315166 -0.6254794 ]
 [-0.04429189  0.87854385  0.47560373]
 [-0.7269834   0.298192   -0.6185278 ]]"
20200222-142917.417570,36,[1.6963152  1.495276   0.62203896],"[[ 0.49862146 -0.01377232 -0.7064791 ]
 [ 0.4588571   0.7346377  -0.04423391]
 [-0.5403098   0.6748103  -0.03829069]
 [-0.49889117 -0.06891267 -0.7053117 ]]","[[ 0.68152046  0.37629357 -0.6276407 ]
 [-0.05171915  0.88029057  0.47160745]
 [-0.7299691   0.28894913 -0.61939764]]"
20200222-142917.417570,37,[1.7053202 1.4907264 0.6169087],"[[-0.49860582 -0.01867269 -0.70623785]
 [-0.45462492  0.73687434 -0.05238932]
 [ 0.54418504  0.6711074  -0.04533757]
 [ 0.4985686  -0.07925794 -0.7045765 ]]","[[-0.6787111   0.3762479  -0.630705  ]
 [ 0.0570335   0.88320637  0.46550348]
 [ 0.7321874   0.279971   -0.62090087]]"
20200222-142917.417570,38,[1.712848  1.4996263 0.6124555],"[[ 0.49952623 -0.02864177 -0.7052746 ]
 [ 0.4627966   0.7314539  -0.0562823 ]
 [-0.53668827  0.67677534 -0.05056405]
 [-0.49825573 -0.07829374 -0.70488536]]","[[ 0.6841809   0.3670888  -0.6301923 ]
 [-0.04729674  0.88460517  0.46393618]
 [-0.72777706  0.28761023 -0.622592  ]]"
20200222-142917.417570,39,[1.7220094  1.4955176  0.60993755],"[[-0.4990054  -0.02539768 -0.70545834]
 [-0.4508563   0.7387467  -0.0619176 ]
 [ 0.5476116   0.6673908  -0.0538163 ]
 [ 0.49783948 -0.09054276 -0.70398784]]","[[-0.67642915  0.37608024 -0.63325137]
 [ 0.06183171  0.88576484  0.45999745]
 [ 0.73390776  0.27200067 -0.6224108 ]]"
20200222-142917.417570,40,[1.7310547 1.4915593 0.6050441],"[[-0.49896428 -0.03043932 -0.70533377]
 [-0.44797194  0.73978955 -0.06933099]
 [ 0.5502157   0.66473806 -0.06039198]
 [ 0.49761325 -0.09953994 -0.7028875 ]]","[[-0.67422116  0.3751707  -0.63613904]
 [ 0.06559387  0.8883748   0.45440918]
 [ 0.7356108   0.26464537 -0.6235701 ]]"
20200222-142917.417570,41,[1.7395936 1.4883705 0.6026114],"[[-0.49919993 -0.03697279 -0.70487005]
 [-0.4515286   0.737207   -0.07343566]
 [ 0.5470547   0.6669896  -0.06472327]
 [ 0.49764705 -0.10141038 -0.7025502 ]]","[[-0.67629415  0.36929375 -0.6373761 ]
 [ 0.06156572  0.8905668   0.45066673]
 [ 0.7340543   0.26554278 -0.62502086]]"
20200222-142917.417570,42,[1.74806   1.4867185 0.5985296],"[[-0.49970242 -0.04474503 -0.7039487 ]
 [-0.4545749   0.7348715  -0.07902535]
 [ 0.54429495  0.6685446  -0.07047682]
 [ 0.49739546 -0.10492762 -0.7023136 ]]","[[-0.67830986  0.36336938 -0.63863796]
 [ 0.05812725  0.89297277  0.44634166]
 [ 0.7324732   0.26563558 -0.6268339 ]]"
20200222-142917.417570,43,[1.7572727  1.4832441  0.59384084],"[[-0.4996542  -0.04929095 -0.70371735]
 [-0.45168036  0.73583305 -0.08596126]
 [ 0.546924    0.6657738  -0.07653654]
 [ 0.4971971  -0.11342559 -0.7010957 ]]","[[-0.6760952   0.36275384 -0.64133084]
 [ 0.06190683  0.8952993   0.44114262]
 [ 0.73420906  0.2585516  -0.6277646 ]]"
20200222-142917.417570,44,[1.7666484 1.4799668 0.5890608],"[[-0.4998044  -0.05424727 -0.70313394]
 [-0.44924703  0.7365943  -0.09289944]
 [ 0.5491223   0.6631267  -0.08254796]
 [ 0.49682736 -0.12144588 -0.700113  ]]","[[-0.6743311   0.36164725 -0.643808  ]
 [ 0.06515986  0.8976028   0.43596265]
 [ 0.73554844  0.25203282 -0.62884647]]"
20200222-142917.417570,45,[1.7759581 1.4754107 0.5837656],"[[-0.5001984  -0.06394383 -0.7020979 ]
 [-0.453134    0.7332248  -0.09989215]
 [ 0.5456124   0.6651269  -0.08994266]
 [ 0.4967675  -0.12608962 -0.6992787 ]]","[[-0.6766772   0.35386214 -0.6456697 ]
 [ 0.06077042  0.90078574  0.42999077]
 [ 0.73376745  0.2517274  -0.63104564]]"
20200222-142917.417570,46,[1.7847362  1.4777305  0.58119047],"[[-0.50035286 -0.06815217 -0.7016027 ]
 [-0.45474574  0.7317822  -0.10297753]
 [ 0.5441903   0.66588724 -0.09323238]
 [ 0.49669924 -0.12823609 -0.69889665]]","[[-0.6776417   0.35104322 -0.6461969 ]
 [ 0.05894677  0.901812    0.42808938]
 [ 0.7330259   0.25199988 -0.63179827]]"
20200222-142917.417570,47,[1.7941821 1.4719559 0.577723 ],"[[-0.50050646 -0.07569715 -0.7007664 ]
 [-0.45793015  0.7289699  -0.10830925]
 [ 0.541283    0.6674995  -0.09882596]
 [ 0.49679562 -0.13159485 -0.6981612 ]]","[[-0.6794933   0.34440684 -0.6478217 ]
 [ 0.05526723  0.90449256  0.42289373]
 [ 0.7315972   0.25155008 -0.633631  ]]"
20200222-142917.417570,48,[1.8036337  1.4736314  0.57283425],"[[-0.5005491  -0.07898873 -0.70040363]
 [-0.454754    0.73002774 -0.1141609 ]
 [ 0.54418385  0.66441107 -0.10383883]
 [ 0.4965014  -0.13920695 -0.6968642 ]]","[[-0.67716944  0.34530655 -0.6497731 ]
 [ 0.05938758  0.90581816  0.41948402]
 [ 0.7334267   0.24547312 -0.63389933]]"
20200222-142917.417570,49,[1.8132459  1.476635   0.56863016],"[[-0.5004559  -0.07795746 -0.7004513 ]
 [-0.44631672  0.73448014 -0.11964961]
 [ 0.55180305  0.65742326 -0.10718496]
 [ 0.49584126 -0.14918424 -0.695387  ]]","[[-0.67134994  0.35201025 -0.6522102 ]
 [ 0.06991745  0.9061649   0.4171052 ]
 [ 0.7378352   0.23442258 -0.6329654 ]]"
20200222-142917.417570,50,[1.8219162 1.4859452 0.5648669],"[[-0.50057554 -0.07773244 -0.70040303]
 [-0.4416862   0.7367188  -0.12291113]
 [ 0.55593103  0.6535516  -0.10962698]
 [ 0.4952555  -0.15515631 -0.69448555]]","[[-0.6682045   0.35656855 -0.6529637 ]
 [ 0.07567214  0.9056878   0.41713706]
 [ 0.7401192   0.22932175 -0.632167  ]]"
20200222-142917.417570,51,[1.8306035  1.4797058  0.56109583],"[[-0.5008407  -0.08914728 -0.6990705 ]
 [-0.45067766  0.7301864  -0.12776423]
 [ 0.54792887  0.65941906 -0.1162073 ]
 [ 0.49580437 -0.15507056 -0.6938825 ]]","[[-0.6738966   0.34426624 -0.6537158 ]
 [ 0.06499711  0.90899783  0.41170195]
 [ 0.73596114  0.23495488 -0.63494694]]"
20200222-142917.417570,52,[1.839531   1.4791704  0.55747813],"[[-0.50104326 -0.09514175 -0.69815606]
 [-0.4530778   0.72791064 -0.13204338]
 [ 0.5457976   0.6604071  -0.12086143]
 [ 0.49576306 -0.15797554 -0.6932066 ]]","[[-0.6753512   0.33975178 -0.6545759 ]
 [ 0.06228636  0.9106701   0.40841213]
 [ 0.7348613   0.2350504  -0.636184  ]]"
20200222-142917.417570,53,[1.8483738 1.4789315 0.5539853],"[[-0.5010449  -0.10065604 -0.697558  ]
 [-0.45523152  0.7256322  -0.13606043]
 [ 0.5438792   0.6613793  -0.1253391 ]
 [ 0.49589705 -0.1609468  -0.6922358 ]]","[[-0.67647374  0.33564577 -0.6555343 ]
 [ 0.05982862  0.9122109   0.40532944]
 [ 0.7340326   0.23497494 -0.637168  ]]"
20200222-142917.417570,54,[1.858197  1.4868281 0.5497128],"[[-0.50137335 -0.10458054 -0.6967645 ]
 [-0.45612717  0.7244355  -0.1392694 ]
 [ 0.5430568   0.66138923 -0.12891364]
 [ 0.49564302 -0.16376914 -0.69174016]]","[[-0.6771277   0.33435687 -0.65551764]
 [ 0.05884918  0.91256386  0.40467802]
 [ 0.7335085   0.23544201 -0.63759893]]"
20200222-142917.417570,55,[1.8680086  1.4846207  0.54563963],"[[-0.5015573  -0.10842232 -0.6959446 ]
 [-0.45430058  0.72463423 -0.14464794]
 [ 0.54472595  0.6590013  -0.13349392]
 [ 0.4953027  -0.16990294 -0.69059205]]","[[-0.6757401   0.33356458 -0.65735084]
 [ 0.06139683  0.9141285   0.40074882]
 [ 0.73457867  0.23044279 -0.6381931 ]]"
20200222-142917.417570,56,[1.8770751 1.4800836 0.5427315],"[[-0.5015966  -0.11453582  0.6949748 ]
 [-0.45699373  0.7220455   0.14883494]
 [ 0.54231113  0.66012675  0.13806102]
 [ 0.49543536 -0.1725244   0.68978035]]","[[-0.67730474  0.3281445   0.65846735]
 [ 0.058286    0.91613907 -0.39660057]
 [ 0.7333901   0.23024008  0.63963157]]"
20200222-142917.417570,57,[1.8869977  1.4781159  0.53881216],"[[-0.50177234 -0.11820962  0.6941466 ]
 [-0.455313    0.72212803  0.15393756]
 [ 0.54384965  0.65784544  0.14241081]
 [ 0.49511838 -0.17831905  0.6886096 ]]","[[-0.67600495  0.32734585  0.6601985 ]
 [ 0.06064738  0.9175922  -0.39286974]
 [ 0.7343972   0.22554259  0.64014953]]"
20200222-142917.417570,58,[1.8968897 1.4833667 0.5359494],"[[-0.50182647 -0.11870556  0.69407016]
 [-0.4524709   0.7232671   0.15669379]
 [ 0.54643464  0.65530384  0.14447343]
 [ 0.49482274 -0.18267776  0.68763417]]","[[-0.6738763   0.32991374  0.66109574]
 [ 0.0643324   0.91757226 -0.39232993]
 [ 0.7360381   0.22185196  0.6395542 ]]"
20200222-142917.417570,59,[1.9067799  1.475914   0.53208035],"[[-0.5018881  -0.12660727  0.69273597]
 [-0.45602554  0.7197417   0.16199996]
 [ 0.5432066   0.656768    0.15042716]
 [ 0.49505118 -0.1860067   0.6864725 ]]","[[-0.6759534   0.32263762  0.6625649 ]
 [ 0.06023599  0.92025083 -0.38666523]
 [ 0.73447865  0.22145736  0.641481  ]]"
20200222-142917.417570,60,[1.9160173  1.4800038  0.53084624],"[[-0.5019188  -0.13103223  0.6920401 ]
 [-0.46109265  0.71624565  0.16242947]
 [ 0.5385871   0.66028607  0.15244682]
 [ 0.49537352 -0.18396911  0.6866275 ]]","[[-0.67931473  0.31750187  0.66160715]
 [ 0.05396206  0.92073125 -0.38644788]
 [ 0.7318604   0.22681808  0.64259934]]"
20200222-142917.417570,61,[1.9251362 1.4801552 0.5278285],"[[-0.5018313  -0.13546094  0.6914236 ]
 [-0.4627152   0.7142651   0.16567859]
 [ 0.53712136  0.6608263   0.15616448]
 [ 0.4955409  -0.18650588  0.685636  ]]","[[-0.6801142   0.3143004   0.6623142 ]
 [ 0.0520825   0.9218677  -0.3839889 ]
 [ 0.73125386  0.22666134  0.64334476]]"
20200222-142917.417570,62,[1.9342937 1.4803854 0.5248439],"[[-0.50172955 -0.13974257  0.69081   ]
 [-0.46420568  0.7123675   0.16887696]
 [ 0.53577095  0.66126114  0.15978809]
 [ 0.495712   -0.18904637  0.6846387 ]]","[[-0.68082875  0.31126997  0.66301095]
 [ 0.05035695  0.92295563 -0.38159838]
 [ 0.7307098   0.22641599  0.6440492 ]]"
20200222-142917.417570,63,[1.944413   1.4759688  0.52219087],"[[-0.5018281  -0.14026135  0.6903976 ]
 [-0.45881775  0.7149088   0.17385113]
 [ 0.54075867  0.6562529   0.16259493]
 [ 0.49521178 -0.19637796  0.6831469 ]]","[[-0.6769626   0.31416515  0.665599  ]
 [ 0.05738442  0.9241013  -0.3778149 ]
 [ 0.73377717  0.21757154  0.64361006]]"
20200222-142917.417570,64,[1.9534379 1.4805689 0.5189893],"[[-0.50202507 -0.14366177  0.6895962 ]
 [-0.4599173   0.71353966  0.17636846]
 [ 0.539743    0.6563941   0.16554561]
 [ 0.49510077 -0.19841748  0.68260294]]","[[-0.67770225  0.3125237   0.66561925]
 [ 0.05612786  0.9245342  -0.3769435 ]
 [ 0.7331915   0.21809553  0.6441001 ]]"
20200222-142917.417570,65,[1.962801   1.4779643  0.51700765],"[[-0.5020672  -0.14562947  0.6890357 ]
 [-0.45821354  0.713896    0.17982525]
 [ 0.54135066  0.65432125  0.16811721]
 [ 0.4948822  -0.20250525  0.68163747]]","[[-0.6763448   0.31239274  0.6670597 ]
 [ 0.05849342  0.9255297  -0.37413007]
 [ 0.7342591   0.21402235  0.6442501 ]]"
20200222-142917.417570,66,[1.9720097 1.478559  0.5142063],"[[-0.5019977  -0.14976436  0.68838173]
 [-0.45997417  0.71185327  0.18262632]
 [ 0.53976715  0.6549676   0.17153475]
 [ 0.49504912 -0.20457998  0.6807011 ]]","[[-0.67725176  0.3093209   0.6675707 ]
 [ 0.05646786  0.9265081  -0.37201363]
 [ 0.73358136  0.21425064  0.64494586]]"
20200222-142917.417570,67,[1.981301   1.4812639  0.51259506],"[[-0.5018786  -0.15212989  0.68809426]
 [-0.46114913  0.71055466  0.18410446]
 [ 0.5387129   0.65551555  0.17343308]
 [ 0.4952252  -0.20559055  0.68011224]]","[[-0.6778023   0.30775645  0.6677349 ]
 [ 0.05509255  0.926887   -0.3712754 ]
 [ 0.7331772   0.2148642   0.6452012 ]]"
20200222-142917.417570,68,[1.9906855 1.4798605 0.5112825],"[[-0.5018683  -0.15545174  0.6873729 ]
 [-0.4628743   0.7088936   0.18610609]
 [ 0.5371539   0.65619653  0.17584705]
 [ 0.49531987 -0.20666634  0.67967683]]","[[-0.67883164  0.30465564  0.6681112 ]
 [ 0.05307917  0.92784774 -0.36916327]
 [ 0.7323731   0.215137    0.6460232 ]]"
20200222-142917.417570,69,[2.000029   1.4827191  0.50969464],"[[-0.501745   -0.15770507  0.6870892 ]
 [-0.4639653   0.7076538   0.18752712]
 [ 0.5361687   0.65668297  0.17767307]
 [ 0.49549094 -0.20766027  0.6790982 ]]","[[-0.67933434  0.3032174   0.66825444]
 [ 0.05179789  0.9281827  -0.368502  ]
 [ 0.7319984   0.21572188  0.64625245]]"
20200222-142917.417570,70,[2.0077143 1.4855989 0.5075423],"[[-0.5017505  -0.16696446  0.6851553 ]
 [-0.47496504  0.69997966  0.18772407]
 [ 0.52589285  0.6641205   0.18192154]
 [ 0.49607578 -0.20272075  0.6798724 ]]","[[-0.6870157   0.29117844  0.6657511 ]
 [ 0.03780113  0.9292825  -0.36743027]
 [ 0.7256586   0.22726424  0.6494386 ]]"
20200222-142917.417570,71,[2.017758   1.4856306  0.50490093],"[[-0.5018001  -0.16633354  0.6851711 ]
 [-0.46946967  0.7027105   0.1917162 ]
 [ 0.531089    0.6593478   0.18378481]
 [ 0.4957214  -0.20926552  0.67823935]]","[[-0.682999    0.29555944  0.66795   ]
 [ 0.04500487  0.92976576 -0.36539075]
 [ 0.7290317   0.21950051  0.6483305 ]]"
20200222-142917.417570,72,[2.0280516 1.4866498 0.5028816],"[[-0.5017514  -0.16723412  0.6850252 ]
 [-0.46748483  0.7032802   0.19431034]
 [ 0.53294504  0.6573741   0.18560393]
 [ 0.495654   -0.21281232  0.6771519 ]]","[[-0.6813539   0.29673305  0.6691086 ]
 [ 0.04769085  0.93019485 -0.36395475]
 [ 0.73039883  0.21607167  0.6479434 ]]"
20200222-142917.417570,73,[2.037335  1.4886785 0.5007932],"[[-0.5017158  -0.1679739   0.68488145]
 [-0.46535438  0.70396936  0.196867  ]
 [ 0.5349698   0.6552718   0.18734163]
 [ 0.49551338 -0.21640323  0.67607975]]","[[-0.6796338   0.2982842   0.67016745]
 [ 0.05055458  0.93046653 -0.3628719 ]
 [ 0.7318073   0.2127399   0.64745617]]"
20200222-142917.417570,74,[2.0458717 1.491002  0.4988133],"[[-0.5018766  -0.17270724  0.68358594]
 [-0.4694944   0.7008435   0.19817738]
 [ 0.53112525  0.65761137  0.19015475]
 [ 0.495581   -0.21572624  0.6762228 ]]","[[-0.6826398   0.29334742  0.6692909 ]
 [ 0.04535602  0.9311322  -0.3618507 ]
 [ 0.72934616  0.21665727  0.6489329 ]]"
20200222-142917.417570,75,[2.0554104  1.4888114  0.49709594],"[[-0.5019237  -0.17415926  0.68306226]
 [-0.46764016  0.7013329   0.2012613 ]
 [ 0.53290546  0.65545267  0.19227764]
 [ 0.49537563 -0.21950506  0.67523974]]","[[-0.6812147   0.29363328  0.67061603]
 [ 0.0479045   0.9319532  -0.35939968]
 [ 0.7305146   0.21270283  0.6489268 ]]"
20200222-142917.417570,76,[2.0660062  1.4835317  0.49442112],"[[-0.50196236 -0.17724016  0.68217236]
 [-0.46635696  0.7010262   0.20552124]
 [ 0.5341087   0.6533773   0.19572763]
 [ 0.4952502  -0.22415724  0.67386407]]","[[-0.68011796  0.29222986  0.67234015]
 [ 0.04975755  0.93340176 -0.35536614]
 [ 0.7314122   0.20823687  0.649364  ]]"
20200222-142917.417570,77,[2.0757072  1.4802418  0.49231538],"[[-0.5019376  -0.18137112  0.6811413 ]
 [-0.46795103  0.69906646  0.20841016]
 [ 0.532651    0.6536271   0.19906168]
 [ 0.49534145 -0.2262342   0.6730424 ]]","[[-0.6810706   0.28852072  0.67297757]
 [ 0.04789207  0.93467975 -0.3522504 ]
 [ 0.73065     0.2076771   0.6504007 ]]"
20200222-142917.417570,78,[2.0852578 1.4854425 0.4895709],"[[-0.50190216 -0.1838695   0.68063545]
 [-0.46881786  0.6978031   0.21019107]
 [ 0.53186065  0.65374357  0.20132773]
 [ 0.49540728 -0.22777723  0.67232627]]","[[-0.68148905  0.28762454  0.67293745]
 [ 0.04689936  0.9348034  -0.35205513]
 [ 0.730324    0.20836146  0.6505477 ]]"
20200222-142917.417570,79,[2.0951633  1.4809476  0.48705506],"[[-0.5017792  -0.19033296  0.67911476]
 [-0.47328436  0.6937504   0.21297276]
 [ 0.5276744   0.6559453   0.20579116]
 [ 0.49576148 -0.2285162   0.6716367 ]]","[[-0.6844508   0.28044954  0.6729601 ]
 [ 0.04129761  0.93648493 -0.34826812]
 [ 0.7278885   0.2105808   0.6525596 ]]"
20200222-142917.417570,80,[2.105418   1.4826959  0.48524776],"[[-0.5018709  -0.18726057  0.6796853 ]
 [-0.4655634   0.6981144   0.21647084]
 [ 0.5349363   0.64975595  0.20594323]
 [ 0.4951968  -0.23534529  0.66989243]]","[[-0.67875856  0.28791913  0.67556596]
 [ 0.05140233  0.9363074  -0.34739926]
 [ 0.7325604   0.20107451  0.65032643]]"
20200222-142917.417570,81,[2.1150372 1.4858915 0.4840718],"[[-0.50173545 -0.18894479  0.6794483 ]
 [-0.46651912  0.6970528   0.21738344]
 [ 0.5340653   0.6502036   0.20727885]
 [ 0.4953746  -0.23590828  0.6694253 ]]","[[-0.67919993  0.28690982  0.675552  ]
 [ 0.05027449  0.93645376 -0.34716994]
 [ 0.7322296   0.20183478  0.65046346]]"
20200222-142917.417570,82,[2.1249583 1.4857177 0.4812725],"[[-0.5017237  -0.19463481  0.6780108 ]
 [-0.47080162  0.6933291   0.21948406]
 [ 0.53007185  0.6524057   0.21119545]
 [ 0.49562377 -0.236176    0.6689728 ]]","[[-0.68212163  0.28104404  0.67507356]
 [ 0.04493703  0.9375579  -0.34491438]
 [ 0.72985667  0.20493773  0.6521578 ]]"
20200222-142917.417570,83,[2.133665   1.4886209  0.47960228],"[[-0.5015082  -0.19851291  0.67728645]
 [-0.47446695  0.69031304  0.22026847]
 [ 0.52665126  0.6546734   0.21365142]
 [ 0.49599308 -0.23550676  0.6686687 ]]","[[-0.68448186  0.27697447  0.6743662 ]
 [ 0.04029809  0.937979   -0.34434238]
 [ 0.72791535  0.2085205   0.65319103]]"
20200222-142917.417570,84,[2.1433651  1.4896684  0.47749355],"[[-0.5013618  -0.20133415  0.6767136 ]
 [-0.4754979   0.68880546  0.22223985]
 [ 0.5256902   0.6548203   0.21610548]
 [ 0.49617332 -0.23711118  0.6678077 ]]","[[-0.6849515   0.27506384  0.6746715 ]
 [ 0.03909167  0.93853813 -0.34295514]
 [ 0.72753936  0.20853363  0.6536057 ]]"
20200222-142917.417570,85,[2.153329  1.4958596 0.4757972],"[[-0.50154674 -0.20433676  0.67568755]
 [-0.47872922  0.6864947   0.2224117 ]
 [ 0.52259207  0.65674603  0.21778844]
 [ 0.49615172 -0.23591532  0.66824186]]","[[-0.6874301   0.27217048  0.6733223 ]
 [ 0.03492359  0.93843704 -0.34367996]
 [ 0.72541016  0.2127411   0.6546152 ]]"
20200222-142917.417570,86,[2.1631074 1.5009009 0.4733828],"[[-0.5018262  -0.20639388  0.67472726]
 [-0.47922978  0.6857642   0.2240127 ]
 [ 0.5221079   0.6563917   0.21958272]
 [ 0.49589598 -0.23723237  0.66809064]]","[[-0.6879821   0.27162966  0.67297715]
 [ 0.03433694  0.93845844 -0.3436816 ]
 [ 0.72491497  0.21333872  0.65496945]]"
20200222-142917.417570,87,[2.1740515  1.4978856  0.47219318],"[[-0.501882   -0.20752501  0.6742483 ]
 [-0.47756654  0.68616205  0.22663303]
 [ 0.52370137  0.65444976  0.22128543]
 [ 0.49576393 -0.2404393   0.6671279 ]]","[[-0.6867011   0.27173617  0.6742414 ]
 [ 0.03663938  0.9392653  -0.34123105]
 [ 0.72601616  0.2096199   0.6549507 ]]"
20200222-142917.417570,88,[2.1841614 1.5037457 0.4704084],"[[-0.5020382  -0.21056783  0.6731723 ]
 [-0.48063573  0.6839137   0.22699212]
 [ 0.5207458   0.6561911   0.22301829]
 [ 0.495753   -0.23945072  0.6675156 ]]","[[-0.6890678   0.26884034  0.67298645]
 [ 0.03265325  0.93921995 -0.34176007]
 [ 0.72396094  0.21352057  0.65596473]]"
20200222-142917.417570,89,[2.194559   1.5011663  0.46926552],"[[-0.50187427 -0.21492879  0.67204326]
 [-0.48417985  0.6808264   0.22831017]
 [ 0.5173436   0.65806246  0.2258634 ]
 [ 0.49603158 -0.23923744  0.66724676]]","[[-0.6914522   0.26350468  0.6726509 ]
 [ 0.02811002  0.94021326 -0.3394241 ]
 [ 0.72187495  0.21578732  0.6575199 ]]"
20200222-142917.417570,90,[2.205036   1.5029265  0.46775842],"[[-0.50176907 -0.21855983  0.6710532 ]
 [-0.48736805  0.6781471   0.22916162]
 [ 0.51426077  0.65980804  0.22816649]
 [ 0.4962215  -0.23874979  0.66716754]]","[[-0.6936496   0.2595199   0.67193717]
 [ 0.02398127  0.94064444 -0.33854562]
 [ 0.71991324  0.21871799  0.65870124]]"
20200222-142917.417570,91,[2.2149012  1.5038025  0.46584207],"[[-0.50198215 -0.22090246  0.67001355]
 [-0.48781234  0.6772901   0.23110616]
 [ 0.5138262   0.65929526  0.23026207]
 [ 0.49601975 -0.24043748  0.6668216 ]]","[[-0.69413674  0.25809973  0.6719812 ]
 [ 0.0234437   0.94112104 -0.33725625]
 [ 0.7194614   0.21834823  0.6593175 ]]"
20200222-142917.417570,92,[2.2250807  1.5007303  0.46421131],"[[-0.5019364  -0.22384253  0.6690761 ]
 [-0.48841834  0.67600566  0.23355697]
 [ 0.51326025  0.65883553  0.23289733]
 [ 0.49605605 -0.24258384  0.6659934 ]]","[[-0.69450146  0.25560316  0.6725583 ]
 [ 0.02271175  0.9420917  -0.33458552]
 [ 0.7191327   0.21709518  0.6600893 ]]"
20200222-142917.417570,93,[2.2361152  1.4979614  0.46317294],"[[-0.50199145 -0.22461942  0.6686803 ]
 [-0.48649168  0.67662007  0.23608278]
 [ 0.51514125  0.65674454  0.23435968]
 [ 0.4959434  -0.24580069  0.6649868 ]]","[[-0.69308954  0.25607604  0.67383397]
 [ 0.0253077   0.9428429  -0.33227605]
 [ 0.72040737  0.21324381  0.6599551 ]]"
20200222-142917.417570,94,[2.2456586  1.5004456  0.46180344],"[[-0.50229836 -0.22462912  0.66821766]
 [-0.48434517  0.67773926  0.23799677]
 [ 0.5172317   0.65457445  0.23514019]
 [ 0.49555796 -0.24848275  0.664494  ]]","[[-0.69175166  0.25804776  0.6744561 ]
 [ 0.02819042  0.9429123  -0.331846  ]
 [ 0.72158504  0.21054175  0.6595355 ]]"
20200222-142917.417570,95,[2.254967  1.5070449 0.4602078],"[[-0.5024595  -0.22392833  0.66822803]
 [-0.48209023  0.67901015  0.23927405]
 [ 0.51940346  0.65265924  0.23534672]
 [ 0.4953215  -0.25067422  0.6639514 ]]","[[-0.6901847   0.26121476  0.67484236]
 [ 0.03117996  0.9424438  -0.33290786]
 [ 0.72296125  0.20872629  0.658605  ]]"
20200222-142917.417570,96,[2.2648358 1.5055106 0.4590973],"[[-0.5025185  -0.22471876  0.6678174 ]
 [-0.4803492   0.6795115   0.24164999]
 [ 0.52111226  0.6507015   0.23675466]
 [ 0.4951583  -0.25367853  0.66300225]]","[[-0.6888702   0.26183563  0.6759436 ]
 [ 0.0335822   0.9430107  -0.33106318]
 [ 0.7241064   0.20535985  0.658405  ]]"
20200222-142917.417570,97,[2.2739198 1.5160897 0.4573179],"[[-0.502571   -0.22336307  0.6682582 ]
 [-0.4780768   0.68087775  0.24224035]
 [ 0.5232699   0.6490933   0.23643973]
 [ 0.49502924 -0.25532785  0.6624553 ]]","[[-0.6871463   0.2660672   0.6760462 ]
 [ 0.03657342  0.9420159  -0.33356938]
 [ 0.7255979   0.20448574  0.6570337 ]]"
20200222-142917.417570,98,[2.2833385 1.5224395 0.4558146],"[[-0.50275767 -0.22272477  0.668232  ]
 [-0.47594705  0.68204695  0.24344504]
 [ 0.5252922   0.647257    0.23667587]
 [ 0.49474922 -0.25741816  0.6619551 ]]","[[-0.68565786  0.26903942  0.67638093]
 [ 0.0394028   0.941547   -0.33456945]
 [ 0.72685665  0.20274885  0.65617996]]"
20200222-142917.417570,99,[2.2944593  1.5253575  0.45514092],"[[-0.5029368  -0.22065504  0.6685773 ]
 [-0.47156417  0.684675    0.24522018]
 [ 0.5294511   0.64379317  0.23625727]
 [ 0.49433115 -0.26088622  0.6611004 ]]","[[-0.6824808   0.27372375  0.6777132 ]
 [ 0.04517029  0.9412499  -0.33467633]
 [ 0.7295063   0.19779766  0.65474904]]"
20200222-142917.417570,100,[2.305898   1.5288255  0.45502323],"[[-0.5030286  -0.21968311  0.66872394]
 [-0.46973     0.6858224   0.24585022]
 [ 0.53117526  0.6423668   0.23595603]
 [ 0.49413413 -0.262206    0.66082585]]","[[-0.6811196   0.2760141   0.6781537 ]
 [ 0.04762977  0.94096315 -0.3351416 ]
 [ 0.73062134  0.19597122  0.6540549 ]]"
20200222-142917.417570,101,[2.3158512  1.5297508  0.45331845],"[[-0.50284654 -0.2220805   0.668242  ]
 [-0.4707527   0.6843805   0.24738753]
 [ 0.5302337   0.64258695  0.2380193 ]
 [ 0.4943575  -0.26341206  0.65999943]]","[[-0.6815811   0.27432334  0.67837614]
 [ 0.04644863  0.941419   -0.3340253 ]
 [ 0.7302669   0.19615576  0.65439534]]"
20200222-142917.417570,102,[2.3258553 1.532688  0.4525989],"[[-0.50266075 -0.22326678  0.6681205 ]
 [-0.47149754  0.68352133  0.24794579]
 [ 0.5295484   0.64296323  0.23895171]
 [ 0.4945713  -0.26372147  0.65957576]]","[[-0.6818804   0.27366588  0.6783408 ]
 [ 0.04558085  0.9414695  -0.33400238]
 [ 0.73004216  0.19683035  0.6544436 ]]"
20200222-142917.417570,103,[2.33468    1.5356952  0.45135814],"[[-0.5024468  -0.22643885  0.6674595 ]
 [-0.47474727  0.6808801   0.24827673]
 [ 0.52651733  0.64498216  0.2410165 ]
 [ 0.4949157  -0.2629168   0.6593692 ]]","[[-0.6840078   0.27026725  0.6775609 ]
 [ 0.04149053  0.9417443  -0.33376023]
 [ 0.72829366  0.20018221  0.6553741 ]]"
20200222-142917.417570,104,[2.343912   1.534415   0.45037103],"[[-0.5023393  -0.23026781  0.6663429 ]
 [-0.4780493   0.678086    0.24924204]
 [ 0.52342355  0.6467032   0.24358019]
 [ 0.49512848 -0.26258558  0.6591919 ]]","[[-0.6863012   0.26571405  0.6770427 ]
 [ 0.03732959  0.94251823 -0.33206323]
 [ 0.72635895  0.20262173  0.6567703 ]]"
20200222-142917.417570,105,[2.354      1.5351136  0.44880277],"[[-0.5025501  -0.23243997  0.6653349 ]
 [-0.47872543  0.67712474  0.2508267 ]
 [ 0.52277166  0.64642256  0.24544081]
 [ 0.49494958 -0.26383963  0.6589192 ]]","[[-0.6869355   0.26421455  0.6769862 ]
 [ 0.03652342  0.9429407  -0.3309513 ]
 [ 0.7258      0.20261629  0.6573896 ]]"
20200222-142917.417570,106,[2.3641164  1.536029   0.44724545],"[[-0.5023639  -0.23457342  0.6648819 ]
 [-0.4795011   0.67586285  0.25228983]
 [ 0.5220421   0.64647096  0.2473317 ]
 [ 0.49515784 -0.26506567  0.65811026]]","[[-0.6872544   0.26279116  0.6772165 ]
 [ 0.03560952  0.94333696 -0.32992068]
 [ 0.72554356  0.20262402  0.6576703 ]]"
20200222-142917.417570,107,[2.3749423  1.53774    0.44611502],"[[-0.50229526 -0.23774067  0.66391   ]
 [-0.48254114  0.67340535  0.25276476]
 [ 0.519132    0.648161    0.24935102]
 [ 0.49533352 -0.26437008  0.65814674]]","[[-0.6893975   0.25918227  0.6764286 ]
 [ 0.03173447  0.94370896 -0.32925123]
 [ 0.7236878   0.20551892  0.6588156 ]]"
20200222-142917.417570,108,[2.3858435  1.5352129  0.44533312],"[[-0.5021608  -0.24142712  0.6628033 ]
 [-0.48564923  0.6706791   0.25369784]
 [ 0.51613843  0.6497365   0.25184113]
 [ 0.49556118 -0.26409313  0.65795535]]","[[-0.6915383   0.25449675  0.67602235]
 [ 0.02777171  0.944554   -0.32717967]
 [ 0.72180593  0.20748298  0.660263  ]]"
20200222-142917.417570,109,[2.3960412  1.5360436  0.44385546],"[[-0.5023713  -0.24335407  0.66183275]
 [-0.48609686  0.6698886   0.25522724]
 [ 0.51569825  0.6493026   0.25355142]
 [ 0.49536663 -0.26539457  0.65768427]]","[[-0.69202954  0.253279    0.675977  ]
 [ 0.02723753  0.9449207  -0.32616404]
 [ 0.72135514  0.20730318  0.66081184]]"
20200222-142917.417570,110,[2.4062445  1.5370468  0.44239447],"[[-0.5021699  -0.24526738  0.6614187 ]
 [-0.48665828  0.66878426  0.25665155]
 [ 0.5151611   0.64920884  0.255284  ]
 [ 0.4955789  -0.2666451   0.6568758 ]]","[[-0.6922137   0.25210586  0.6762271 ]
 [ 0.02656334  0.94526666 -0.32521594]
 [ 0.7212037   0.20715614  0.66102344]]"
20200222-142917.417570,111,[2.4173923  1.5379567  0.44082576],"[[-0.50234634 -0.2444372   0.6613947 ]
 [-0.48268905  0.6708041   0.2594296 ]
 [ 0.51901793  0.6456968   0.25584203]
 [ 0.4952581  -0.2708296   0.6555904 ]]","[[-0.68932986  0.25568002  0.67782915]
 [ 0.03185858  0.94544315 -0.3242261 ]
 [ 0.72374696  0.20190406  0.65986776]]"
20200222-142917.417570,112,[2.4268346  1.5370005  0.44001222],"[[-0.5022415  -0.2477922   0.6603105 ]
 [-0.4855164   0.66833526  0.26027521]
 [ 0.51632285  0.64707124  0.25813952]
 [ 0.49541748 -0.2706029   0.655447  ]]","[[-0.69132066  0.25167432  0.67730045]
 [ 0.02824401  0.94607383 -0.3227177 ]
 [ 0.72199595  0.2039717   0.66114867]]"
20200222-142917.417570,113,[2.436503  1.5427154 0.4382798],"[[-0.5023448  -0.2517972   0.6587817 ]
 [-0.49026814  0.66491205  0.25994363]
 [ 0.51169217  0.64989907  0.26044953]
 [ 0.49543753 -0.26855436  0.65620303]]","[[-0.69494927  0.2469908   0.6753083 ]
 [ 0.02203349  0.94602937 -0.32333145]
 [ 0.7187212   0.20981956  0.66288453]]"
20200222-142917.417570,114,[2.446098  1.5416123 0.4375027],"[[-0.5022208  -0.25500667  0.6577172 ]
 [-0.49286845  0.6625575   0.2608135 ]
 [ 0.50917673  0.6510934   0.26268393]
 [ 0.4955741  -0.26845163  0.65603435]]","[[-0.69677705  0.24315159  0.6748178 ]
 [ 0.01866403  0.9466181  -0.32181588]
 [ 0.7170449   0.21163915  0.66412014]]"
20200222-142917.417570,115,[2.4560542  1.5465884  0.43597046],"[[-0.5022358  -0.25601828  0.65731984]
 [-0.49303362  0.6620907   0.2616714 ]
 [ 0.5089933   0.65084964  0.26361713]
 [ 0.4955838  -0.26923114  0.6557172 ]]","[[-0.6969147   0.24334058  0.67460746]
 [ 0.01844035  0.94644254 -0.32234526]
 [ 0.716917    0.21220718  0.66407704]]"
20200222-142917.417570,116,[2.467351   1.5456302  0.43427503],"[[-0.50210476 -0.25686005  0.6571423 ]
 [-0.4912674   0.66236585  0.26414838]
 [ 0.5107172   0.64894193  0.26508507]
 [ 0.49569649 -0.27233967  0.6543083 ]]","[[-0.69544876  0.24413514  0.6758322 ]
 [ 0.02079566  0.94696045 -0.32067722]
 [ 0.7182748   0.20896012  0.6636394 ]]"
20200222-142917.417570,117,[2.4796743  1.5454633  0.43301564],"[[-0.50210047 -0.25870773  0.6564297 ]
 [-0.49172214  0.66144073  0.26559126]
 [ 0.51026034  0.6486278   0.26673457]
