Timestamp,Epoch,s,u,v
20200222-174636.031451,0,[1.0643338  0.7546492  0.66454923],"[[-0.76324964  0.24439527 -0.5959321 ]
 [ 0.58206624  0.22801644 -0.68405485]
 [ 0.22503519 -0.39667836 -0.38231838]
 [ 0.16735694  0.8549419   0.17540528]]","[[-0.29655305 -0.6374924   0.7110977 ]
 [-0.23008555  0.7703515   0.59465903]
 [ 0.92688584 -0.01273464  0.37512785]]"
20200222-174636.031451,1,[1.0687184  0.7537099  0.65966254],"[[-0.7644495   0.2593399  -0.5878027 ]
 [ 0.5799153   0.2516944  -0.6773074 ]
 [ 0.22828153 -0.38461918 -0.39366668]
 [ 0.16493303  0.8493886   0.20191403]]","[[-0.29017523 -0.6631273   0.6899715 ]
 [-0.22838944  0.74814737  0.622988  ]
 [ 0.92932063 -0.02319347  0.36854503]]"
20200222-174636.031451,2,[1.073776   0.75257623 0.6559963 ],"[[-0.76647544  0.2738171  -0.5782544 ]
 [ 0.5766636   0.27493808 -0.6708056 ]
 [ 0.2310929  -0.37252262 -0.40467316]
 [ 0.16300535  0.84300673  0.22777514]]","[[-0.2823538  -0.6883484   0.6681712 ]
 [-0.22498204  0.72460145  0.65141046]
 [ 0.93255526 -0.03360169  0.35945997]]"
20200222-174636.031451,3,[1.0774806 0.7523466 0.6535244],"[[-0.7678625   0.27994055 -0.57321674]
 [ 0.57436544  0.28879714 -0.66692567]
 [ 0.23405574 -0.36539537 -0.4098464 ]
 [ 0.16034289  0.83947355  0.24219574]]","[[-0.27678743 -0.7025812   0.6555672 ]
 [-0.22448397  0.7106201   0.66680276]
 [ 0.9343425  -0.03739825  0.35440892]]"
20200222-174636.031451,4,[1.0806208  0.7519699  0.64969724],"[[-0.7686226   0.2876574  -0.568128  ]
 [ 0.5729136   0.30665147 -0.66017896]
 [ 0.23804735 -0.35598207 -0.4163958 ]
 [ 0.15595677  0.8345628   0.26078525]]","[[-0.27211475 -0.7205826   0.63774157]
 [-0.22650209  0.6920933   0.6853494 ]
 [ 0.9352275  -0.04204386  0.3515422 ]]"
20200222-174636.031451,5,[1.083636   0.75166315 0.6459098 ],"[[-0.76941293 -0.2939667  -0.5635826 ]
 [ 0.5713931  -0.3230951  -0.65361863]
 [ 0.24206893  0.3472288  -0.42205888]
 [ 0.15138054 -0.8298342   0.27753085]]","[[-0.267355    0.7368012   0.62100327]
 [-0.22870116 -0.67456764  0.70189315]
 [ 0.93606454  0.04563053  0.3488564 ]]"
20200222-174636.031451,6,[1.0876275  0.75104636 0.6423339 ],"[[-0.7710211  -0.3037376  -0.555874  ]
 [ 0.56871927 -0.34399557 -0.64518464]
 [ 0.24580996  0.33571503 -0.43017143]
 [ 0.14717987 -0.8226213   0.29948843]]","[[-0.26078373  0.7578376   0.59805864]
 [-0.2287982  -0.65036273  0.72434783]
 [ 0.93789303  0.05206342  0.34299597]]"
20200222-174636.031451,7,[1.0916545  0.75102556 0.63888407],"[[-0.77228636 -0.3086472  -0.55109924]
 [ 0.5663613  -0.35699168 -0.6401188 ]
 [ 0.24900006  0.32863733 -0.43444583]
 [ 0.1442467  -0.8181022   0.31272054]]","[[-0.25486326  0.7705767   0.58417135]
 [-0.22804789 -0.6349786   0.7381031 ]
 [ 0.9397014   0.05489637  0.33756113]]"
20200222-174636.031451,8,[1.094757   0.7510291  0.63504726],"[[-0.772972   -0.31208026 -0.54793537]
 [ 0.5647954  -0.36962456 -0.63431734]
 [ 0.2528974   0.32176661 -0.4378969 ]
 [ 0.13986921 -0.8139104   0.325046  ]]","[[-0.25017974  0.7824378   0.5702643 ]
 [-0.22998735 -0.62016207  0.7500033 ]
 [ 0.94048715  0.05648201  0.33510277]]"
20200222-174636.031451,9,[1.0995388 0.7510981 0.6299171],"[[-0.7736015  -0.31572828 -0.544644  ]
 [ 0.5630203  -0.38008526 -0.62941986]
 [ 0.25628552  0.31603602 -0.44112214]
 [ 0.1373561  -0.809921    0.33556634]]","[[-0.24429916  0.79269207  0.55853134]
 [-0.22845222 -0.60681975  0.76130116]
 [ 0.94240505  0.05838755  0.3293378 ]]"
20200222-174636.031451,10,[1.1049976  0.75113684 0.62593323],"[[-0.7750856  -0.3202493  -0.5395028 ]
 [ 0.56010497 -0.39219603 -0.6243544 ]
 [ 0.25935736  0.30929786 -0.4451468 ]
 [ 0.13512294 -0.80495816  0.34779662]]","[[-0.23696046  0.80457157  0.5445314 ]
 [-0.22543296 -0.59073246  0.77473557]
 [ 0.9450024   0.06082636  0.32135722]]"
20200222-174636.031451,11,[1.108124   0.7513246  0.62221277],"[[-0.7756566  -0.32154635 -0.537624  ]
 [ 0.55855846 -0.401988   -0.619508  ]
 [ 0.26315418  0.30402935 -0.4471028 ]
 [ 0.13083956 -0.8016105   0.35674843]]","[[-0.23244105  0.8133838   0.53327084]
 [-0.22729427 -0.57853365  0.7833494 ]
 [ 0.9456787   0.06087313  0.31935245]]"
20200222-174636.031451,12,[1.1107199  0.75160253 0.62016827],"[[-0.7766556  -0.32256228 -0.53527254]
 [ 0.55654275 -0.41180405 -0.61505836]
 [ 0.26657724  0.2987519  -0.44890213]
 [ 0.12650225 -0.798197    0.3656137 ]]","[[-0.22815967  0.821958    0.52185106]
 [-0.2295829  -0.56629395  0.7915825 ]
 [ 0.94616854  0.06079916  0.3179129 ]]"
20200222-174636.031451,13,[1.1134379  0.751779   0.61425537],"[[-0.7765816  -0.32446757 -0.533978  ]
 [ 0.55565584 -0.42426804 -0.607322  ]
 [ 0.27147338  0.29180434 -0.451506  ]
 [ 0.12029145 -0.79345316  0.37705395]]","[[-0.2240374   0.8331069   0.50570786]
 [-0.23364466 -0.5496791   0.80203676]
 [ 0.9461595   0.06153028  0.31779966]]"
20200222-174636.031451,14,[1.1179258  0.75213957 0.6109702 ],"[[-0.77738786 -0.325014   -0.53211755]
 [ 0.55357265 -0.4314282  -0.60408455]
 [ 0.2746109   0.288054   -0.45270738]
 [ 0.11753367 -0.79073423  0.3833911 ]]","[[-0.21859126  0.83960044  0.49728182]
 [-0.23280467 -0.53976107  0.80898714]
 [ 0.94763917  0.06106795  0.3134499 ]]"
20200222-174636.031451,15,[1.1217997  0.7524731  0.60585016],"[[-0.77731574 -0.32439443 -0.53230256]
 [ 0.5525415  -0.4373284  -0.60059065]
 [ 0.27837887  0.2851041  -0.45311943]
 [ 0.11394529 -0.7888142   0.388108  ]]","[[-0.21418461  0.8448925   0.49018538]
 [-0.23361048 -0.5315756   0.8141583 ]
 [ 0.94844675  0.05986774  0.31123102]]"
20200222-174636.031451,16,[1.1253326 0.7528731 0.6017956],"[[-0.7772918  -0.32284486 -0.53298604]
 [ 0.55152625 -0.44114673 -0.5985949 ]
 [ 0.28162676  0.2834379  -0.45276412]
 [ 0.11100619 -0.78792346  0.3906591 ]]","[[-0.21034737  0.84818566  0.48614296]
 [-0.23425469 -0.526511    0.8172581 ]
 [ 0.9491462   0.05802686  0.30944172]]"
20200222-174636.031451,17,[1.1298239 0.7531915 0.5983367],"[[-0.7784089  -0.32422072 -0.5301144 ]
 [ 0.5488575  -0.451486   -0.59333384]
 [ 0.2852981   0.2777161  -0.45488068]
 [ 0.10696069 -0.78352755  0.40002212]]","[[-0.20409338  0.85732603  0.4725864 ]
 [-0.2340913  -0.51148283  0.82679313]
 [ 0.95055103  0.05811461  0.30508283]]"
20200222-174636.031451,18,[1.1342919  0.7535705  0.59529084],"[[-0.77911353 -0.3235181  -0.52913713]
 [ 0.5467771  -0.45719895 -0.59078234]
 [ 0.28841898  0.2748242  -0.455353  ]
 [ 0.10407384 -0.7815221   0.40452898]]","[[-0.1987388   0.86223584  0.46588856]
 [-0.2334056  -0.5033341   0.8319715 ]
 [ 0.95185316  0.05660405  0.30128273]]"
20200222-174636.031451,19,[1.1372168 0.7540102 0.5925474],"[[-0.7799006  -0.32325956 -0.52779806]
 [ 0.5446521  -0.46524537 -0.5865918 ]
 [ 0.2918191   0.27048543 -0.45632026]
 [ 0.09975267 -0.77838737  0.41123083]]","[[-0.19423302  0.8688724   0.45533946]
 [-0.23512304 -0.49188462  0.8383119 ]
 [ 0.95236075  0.05576699  0.29983217]]"
20200222-174636.031451,20,[1.1389561 0.7544429 0.5900419],"[[-0.7799179  -0.32116386 -0.5287935 ]
 [ 0.5436795  -0.4692015  -0.5845022 ]
 [ 0.2948435   0.26868993 -0.45560643]
 [ 0.09595809 -0.77750206  0.41371197]]","[[-0.19191217  0.8717691   0.4507642 ]
 [-0.23818043 -0.4869421   0.8403318 ]
 [ 0.95207137  0.05390668  0.30108848]]"
20200222-174636.031451,21,[1.143597   0.754847   0.58666575],"[[-0.7802065  -0.31918478 -0.5291647 ]
 [ 0.54205483 -0.4714345  -0.5840336 ]
 [ 0.29761124  0.2680013  -0.45484203]
 [ 0.09424412 -0.77720404  0.4147387 ]]","[[-0.187106    0.8737321   0.44898084]
 [-0.23654175 -0.48367712  0.842677  ]
 [ 0.95343554  0.05146722  0.29717302]]"
20200222-174636.031451,22,[1.1488917  0.7553336  0.58559203],"[[-0.78159773 -0.31883287 -0.52684224]
 [ 0.53900844 -0.4772352  -0.58216023]
 [ 0.3001032   0.26498854 -0.45551044]
 [ 0.09226345 -0.7748375   0.4195678 ]]","[[-0.18095973  0.8785165   0.4421113 ]
 [-0.23419912 -0.47509372  0.84819615]
 [ 0.9551985   0.04994727  0.2917207 ]]"
20200222-174636.031451,23,[1.1512947  0.7558092  0.58128667],"[[-0.78140736 -0.31701356 -0.5279482 ]
 [ 0.53797024 -0.48297057 -0.5784255 ]
 [ 0.30389985  0.2621039  -0.4553288 ]
 [ 0.08738086 -0.7730092   0.42352128]]","[[-0.17769004  0.8830819   0.43427244]
 [-0.23735419 -0.46672544  0.8519566 ]
 [ 0.9550335   0.04830787  0.29253563]]"
20200222-174636.031451,24,[1.1571764 0.7562214 0.5788186],"[[-0.7822018  -0.31605437 -0.52685857]
 [ 0.5355362  -0.48694178 -0.57717526]
 [ 0.30658135  0.26025033 -0.45541593]
 [ 0.08584346 -0.77153575  0.42647988]]","[[-0.1716377   0.88653487  0.42964685]
 [-0.23430638 -0.4603393   0.8562641 ]
 [ 0.9568913   0.04629819  0.28673238]]"
20200222-174636.031451,25,[1.1612543  0.7566697  0.57452136],"[[-0.78176606 -0.3137787  -0.5285018 ]
 [ 0.53471905 -0.4893964  -0.5757175 ]
 [ 0.3098847   0.25944012 -0.45437163]
 [ 0.08300027 -0.7711843   0.42753008]]","[[-0.16800377  0.8886755   0.42665064]
 [-0.23466803 -0.45641416  0.85826427]
 [ 0.95744765  0.0440703   0.28522304]]"
20200222-174636.031451,26,[1.1665236 0.7570497 0.570528 ],"[[-0.78162557 -0.3118797  -0.52941394]
 [ 0.5334432  -0.49168897 -0.57467574]
 [ 0.31294912  0.25867638 -0.4536374 ]
 [ 0.08100849 -0.7707526   0.4285809 ]]","[[-0.16327417  0.8908262   0.42399335]
 [-0.23303686 -0.45242265  0.86081785]
 [ 0.95866334  0.04174329  0.28146428]]"
20200222-174636.031451,27,[1.171204   0.7574726  0.56798875],"[[-0.7820398  -0.3101463  -0.5293862 ]
 [ 0.5314944  -0.49546325 -0.5731791 ]
 [ 0.31587112  0.25692964 -0.4532495 ]
 [ 0.07843829 -0.76961833  0.4310229 ]]","[[-0.15842554  0.89379746  0.4195559 ]
 [-0.23222163 -0.44673193  0.8640045 ]
 [ 0.95967406  0.03945042  0.27833292]]"
20200222-174636.031451,28,[1.1748734  0.7578484  0.56488025],"[[-0.7816321  -0.30772313 -0.5310668 ]
 [ 0.53079677 -0.49666598 -0.57267183]
 [ 0.31857866  0.25677466 -0.45196813]
 [ 0.07624754 -0.7698676   0.43097568]]","[[-0.1555459   0.8947568   0.41858804]
 [-0.23254834 -0.44500387  0.86480814]
 [ 0.9600661   0.03717542  0.27729273]]"
20200222-174636.031451,29,[1.1781545 0.7582688 0.5622683],"[[-0.7817308  -0.30588815 -0.5316156 ]
 [ 0.52936697 -0.50013    -0.57102215]
 [ 0.32138658  0.25520018 -0.45136753]
 [ 0.07333765 -0.7688795   0.43311232]]","[[-0.15211795  0.8974088   0.4141472 ]
 [-0.23328637 -0.4397848   0.86727566]
 [ 0.9604362   0.03531329  0.27625245]]"
20200222-174636.031451,30,[1.1832957  0.7587535  0.55903274],"[[-0.78191763 -0.3043479  -0.5317593 ]
 [ 0.52753997 -0.5040884  -0.5691314 ]
 [ 0.32450953  0.25337723 -0.45103645]
 [ 0.07071143 -0.7675074   0.43576112]]","[[-0.14716199  0.9007097   0.4087363 ]
 [-0.2321588  -0.43314543  0.87091196]
 [ 0.9614808   0.0332734   0.27285025]]"
20200222-174636.031451,31,[1.1866256 0.7593201 0.5560222],"[[-0.78236586 -0.30268785 -0.5316685 ]
 [ 0.525361   -0.51030344 -0.56570685]
 [ 0.32788134  0.2500862  -0.45118517]
 [ 0.06628621 -0.76513207  0.44015497]]","[[-0.14265223  0.9054207   0.3998292 ]
 [-0.23355873 -0.42334586  0.8753449 ]
 [ 0.96182156  0.03148629  0.27186012]]"
20200222-174636.031451,32,[1.1901575 0.7596107 0.5532016],"[[-0.78198063 -0.30009767 -0.53335136]
 [ 0.5245666  -0.5113145  -0.5654403 ]
 [ 0.33049476  0.24998726 -0.4498009 ]
 [ 0.0641031  -0.7655096   0.4398781 ]]","[[-0.13982856  0.90609497  0.39929906]
 [-0.23396435 -0.42207587  0.87584966]
 [ 0.96213746  0.02904708  0.27101222]]"
20200222-174636.031451,33,[1.1934159  0.75988287 0.5514263 ],"[[-0.7816727  -0.2977876  -0.53471535]
 [ 0.52386147 -0.5114579  -0.5659925 ]
 [ 0.33258423  0.250409   -0.4481695 ]
 [ 0.06280698 -0.7661777   0.43917662]]","[[-0.13771477  0.90602726  0.4001864 ]
 [-0.23411426 -0.42236322  0.87567115]
 [ 0.9624059   0.02690351  0.2702796 ]]"
20200222-174636.031451,34,[1.1966763 0.7602986 0.5490843],"[[-0.78172266 -0.2958005  -0.5353836 ]
 [ 0.5224483  -0.514388   -0.56467336]
 [ 0.33518466  0.24908645 -0.44747803]
 [ 0.06007539 -0.7654169   0.44076282]]","[[-0.13449655  0.9081663   0.39641494]
 [-0.23475164 -0.4178636   0.877657  ]
 [ 0.96270597  0.0249828   0.26939473]]"
20200222-174636.031451,35,[1.1996406  0.76085156 0.54713166],"[[-0.7822575  -0.2939514  -0.53524476]
 [ 0.52026856 -0.5192997  -0.56234556]
 [ 0.33795208  0.24651283 -0.44733632]
 [ 0.05641366 -0.7636438   0.444039  ]]","[[-0.13060015  0.9116601   0.38964024]
 [-0.23591578 -0.41029394  0.8809101 ]
 [ 0.9629575   0.02312472  0.2686595 ]]"
20200222-174636.031451,36,[1.2010192  0.76124597 0.5456    ],"[[-0.7822709  -0.29147127 -0.53628564]
 [ 0.51911616 -0.5215331  -0.5615884 ]
 [ 0.34016666  0.24555974 -0.44617164]
 [ 0.05345237 -0.76337916  0.4449124 ]]","[[-0.12888539  0.9128868   0.38733193]
 [-0.23842283 -0.40765858  0.88145846]
 [ 0.962571    0.02125834  0.27019432]]"
20200222-174636.031451,37,[1.2028946  0.76165855 0.543176  ],"[[-0.78211915 -0.28897777 -0.5375494 ]
 [ 0.51795274 -0.524427   -0.5601498 ]
 [ 0.34280914  0.24423283 -0.4451263 ]
 [ 0.04996512 -0.7627702   0.4462459 ]]","[[-0.12665652  0.91474676  0.3836618 ]
 [-0.24089983 -0.40356293  0.8826688 ]
 [ 0.96225023  0.01937167  0.27147624]]"
20200222-174636.031451,38,[1.2076317  0.76205075 0.54116404],"[[-0.7823502  -0.28707063 -0.537781  ]
 [ 0.51614136 -0.5268756  -0.55943435]
 [ 0.34528184  0.24315533 -0.44450003]
 [ 0.04802818 -0.76214707  0.44748694]]","[[-0.12238688  0.91654193  0.38075212]
 [-0.23965439 -0.39957514  0.8848194 ]
 [ 0.96311325  0.01704137  0.26855606]]"
20200222-174636.031451,39,[1.2110983  0.7626369  0.53848505],"[[-0.78267705 -0.2850577  -0.537971  ]
 [ 0.5139339  -0.5319711  -0.5567581 ]
 [ 0.34835213  0.24047168 -0.44429964]
 [ 0.04403889 -0.7602119   0.45078313]]","[[-0.11810167  0.9201952   0.3732199 ]
 [-0.24063727 -0.3911688   0.88830227]
 [ 0.9634033   0.01509937  0.26763096]]"
20200222-174636.031451,40,[1.2163315 0.7630605 0.5358087],"[[-0.78266054 -0.28339672 -0.5383604 ]
 [ 0.51225984 -0.5346471  -0.55565214]
 [ 0.35108608  0.23933373 -0.4436231 ]
 [ 0.04207999 -0.75931436  0.4523466 ]]","[[-0.11371763  0.9223425   0.36926007]
 [-0.23906256 -0.38615373  0.8909177 ]
 [ 0.96432215  0.01303683  0.26441002]]"
20200222-174636.031451,41,[1.2185732 0.763495  0.5327301],"[[-0.7823307  -0.28075242 -0.5399277 ]
 [ 0.51109433 -0.5377095  -0.55386895]
 [ 0.35394675  0.23786837 -0.44264412]
 [ 0.03824663 -0.75859404  0.45362285]]","[[-0.11117243  0.92438143  0.36491013]
 [-0.24142756 -0.38130742  0.89236623]
 [ 0.96402967  0.01110716  0.26556206]]"
20200222-174636.031451,42,[1.2196374  0.7640307  0.53174347],"[[-0.7828158  -0.27835992 -0.54016733]
 [ 0.5091231  -0.54146004 -0.5523838 ]
 [ 0.35608274  0.2358525  -0.4420194 ]
 [ 0.03461376 -0.75743663  0.45575202]]","[[-0.10888763  0.92651874  0.36014804]
 [-0.24420321 -0.3761319   0.89380616]
 [ 0.96359134  0.00937513  0.26721498]]"
20200222-174636.031451,43,[1.2242837 0.7641871 0.5304933],"[[-0.7827271  -0.27613133 -0.5409633 ]
 [ 0.50797874 -0.5412116  -0.5535635 ]
 [ 0.3579618   0.2363651  -0.44058883]
 [ 0.03405268 -0.75826997  0.45476145]]","[[-0.1057903   0.9261429   0.36203265]
 [-0.2426267  -0.3771128   0.89382225]
 [ 0.96433437  0.00671893  0.26460186]]"
20200222-174636.031451,44,[1.2281977  0.76447314 0.5274082 ],"[[-0.7821591  -0.27358443 -0.54266894]
 [ 0.5071789  -0.54196566 -0.55345774]
 [ 0.36051226  0.23634696 -0.43913344]
 [ 0.0320552  -0.75865996  0.45426556]]","[[-0.10292943  0.92671096  0.36140332]
 [-0.24254344 -0.37574908  0.8944189 ]
 [ 0.96466476  0.00440603  0.2634433 ]]"
20200222-174636.031451,45,[1.2317275  0.76467675 0.5253316 ],"[[-0.78168184 -0.2715567  -0.5439802 ]
 [ 0.5065563  -0.54214406 -0.55380565]
 [ 0.3625215   0.23662096 -0.4377199 ]
 [ 0.0308554  -0.75917566  0.45363697]]","[[-0.10086884  0.9268123   0.3617244 ]
 [-0.24236953 -0.37551633  0.8945639 ]
 [ 0.9649262   0.00256265  0.262509  ]]"
20200222-174636.031451,46,[1.2334934 0.7650995 0.5233373],"[[-0.78155905 -0.26895854 -0.5451259 ]
 [ 0.5053043  -0.54431856 -0.55302745]
 [ 0.3647722   0.23562764 -0.4365477 ]
 [ 0.02781942 -0.75885284  0.4543393 ]]","[[-9.8887265e-02  9.2803490e-01  3.5912734e-01]
 [-2.4452655e-01 -3.7249246e-01  8.9524084e-01]
 [ 9.6458697e-01  7.1175356e-04  2.6376396e-01]]"
20200222-174636.031451,47,[1.238309   0.765639   0.52213556],"[[-0.78206587 -0.26716962 -0.54475623]
 [ 0.5028577  -0.54805714 -0.5516728 ]
 [ 0.36724344  0.23366459 -0.43616423]
 [ 0.02529853 -0.7574001   0.4567921 ]]","[[-0.09436595  0.9304956   0.35393935]
 [-0.24365427 -0.36630008  0.8980295 ]
 [ 0.96526057 -0.00149541  0.2612855 ]]"
20200222-174636.031451,48,[1.245196   0.76606435 0.5199666 ],"[[-0.7821032  -0.26543155 -0.54491574]
 [ 0.5009273  -0.549988   -0.55132645]
 [ 0.36987278  0.23291971 -0.4353895 ]
 [ 0.02410213 -0.75684094  0.45775777]]","[[-0.08918772  0.9320252   0.35124746]
 [-0.24039643 -0.3623703   0.90049845]
 [ 0.9665688  -0.00412523  0.25637445]]"
20200222-174636.031451,49,[1.2489464 0.7664613 0.5175096],"[[-0.7818642  -0.26327646 -0.5458735 ]
 [ 0.49954262 -0.5523036  -0.5503073 ]
 [ 0.3723995   0.2318604  -0.43442723]
 [ 0.02154374 -0.75623214  0.45875576]]","[[-0.08606119  0.9336049   0.3478149 ]
 [-0.24063314 -0.3582527   0.90208143]
 [ 0.96679324 -0.0060616   0.25548792]]"
20200222-174636.031451,50,[1.2536795 0.7669977 0.5163879],"[[-0.7823255  -0.26151633 -0.5455358 ]
 [ 0.4971803  -0.5556613  -0.5491601 ]
 [ 0.37470984  0.23009278 -0.43402994]
 [ 0.019267   -0.7549221   0.4609038 ]]","[[-0.0817847   0.93576515  0.3430089 ]
 [-0.2396098  -0.35252875  0.9046054 ]
 [ 0.9674185  -0.00820542  0.2530499 ]]"
20200222-174636.031451,51,[1.2571683  0.76718843 0.5145032 ],"[[-0.7818726  -0.2591458  -0.5469155 ]
 [ 0.49645782 -0.5556814  -0.5497538 ]
 [ 0.37667578  0.23036991 -0.43251902]
 [ 0.01789383 -0.7556398   0.45998055]]","[[-0.07970597  0.9356119   0.34391472]
 [-0.23968457 -0.3528788   0.9044492 ]
 [ 0.9675734  -0.01034106  0.2523783 ]]"
20200222-174636.031451,52,[1.2603946  0.76753306 0.5130368 ],"[[-0.7818352  -0.25716263 -0.54745597]
 [ 0.49504238 -0.5573931  -0.54943407]
 [ 0.37869596  0.2296239  -0.43147454]
 [ 0.01599821 -0.7552837   0.46069977]]","[[-0.07717469  0.9366      0.34179598]
 [-0.23991312 -0.35019055  0.9054328 ]
 [ 0.9677221  -0.01212486  0.25172848]]"
20200222-174636.031451,53,[1.265649   0.7679373  0.51088274],"[[-0.7817209  -0.2550725  -0.5480491 ]
 [ 0.49338374 -0.5591826  -0.54904497]
 [ 0.38116023  0.22887745 -0.4305197 ]
 [ 0.01423092 -0.7548961   0.46135125]]","[[-0.07317931  0.93783176  0.33928853]
 [-0.23840863 -0.3467874   0.9071384 ]
 [ 0.96840405 -0.01450556  0.24896486]]"
20200222-174636.031451,54,[1.2689697 0.768313  0.5094726],"[[-0.7816634  -0.25289476 -0.5487212 ]
 [ 0.49197266 -0.5607868  -0.5487742 ]
 [ 0.38316664  0.22814193 -0.4294878 ]
 [ 0.01219507 -0.75466156  0.46183568]]","[[-0.07063486  0.9386893   0.33745074]
 [-0.23877347 -0.34437194  0.9079622 ]
 [ 0.96850294 -0.0164405   0.24845876]]"
20200222-174636.031451,55,[1.2744162 0.7685167 0.5071827],"[[-0.78110653 -0.25098065 -0.54985195]
 [ 0.49115252 -0.56081873 -0.54929787]
 [ 0.3853709   0.22847371 -0.4281099 ]
 [ 0.01144389 -0.75517565  0.4611468 ]]","[[-0.06752828  0.9388217   0.33771846]
 [-0.23689672 -0.34389845  0.9086329 ]
 [ 0.9691852  -0.01864599  0.24562667]]"
20200222-174636.031451,56,[1.2753264  0.7688115  0.50652593],"[[-0.7812556  -0.24878456 -0.55033016]
 [ 0.48983344 -0.5622993  -0.54926306]
 [ 0.38680312  0.22770421 -0.427053  ]
 [ 0.00928173 -0.75503397  0.46159792]]","[[-0.06640849  0.93934476  0.3364838 ]
 [-0.23899922 -0.3423862   0.9086534 ]
 [ 0.9687462  -0.02007705  0.24724004]]"
20200222-174636.031451,57,[1.2808129  0.76900834 0.5043231 ],"[[-0.78070337 -0.24693173 -0.5513823 ]
 [ 0.48899683 -0.5623308  -0.54982066]
 [ 0.38898626  0.22802985 -0.42565316]
 [ 0.00860723 -0.75552046  0.4609714 ]]","[[-0.0633418   0.9394637   0.336743  ]
 [-0.23708613 -0.34192616  0.90932775]
 [ 0.96942157 -0.02223865  0.24439202]]"
20200222-174636.031451,58,[1.282747  0.7694139 0.5020661],"[[-0.7804318  -0.24426898 -0.55265856]
 [ 0.48772606 -0.5644325  -0.54892796]
 [ 0.39117748  0.22692898 -0.42461896]
 [ 0.00545114 -0.75514984  0.4614605 ]]","[[-0.0613331   0.9406324   0.33383983]
 [-0.23909242 -0.33857745  0.9100552 ]
 [ 0.969058   -0.02400207  0.24566403]]"
20200222-174636.031451,59,[1.2857034  0.76991886 0.5011021 ],"[[-0.78081447 -0.24218939 -0.5525698 ]
 [ 0.48551053 -0.5675366  -0.547956  ]
 [ 0.39319274  0.22522098 -0.4240051 ]
 [ 0.00280534 -0.7540041   0.46328235]]","[[-0.0582616   0.94238096  0.32942975]
 [-0.23965363 -0.3335434   0.9117647 ]
 [ 0.9691086  -0.02582817  0.24527782]]"
20200222-174636.031451,60,[1.2909464  0.7704583  0.49953434],"[[-7.8097707e-01 -2.4034384e-01 -5.5255473e-01]
 [ 4.8326179e-01 -5.7062918e-01 -5.4681367e-01]
 [ 3.9564219e-01  2.2360589e-01 -4.2343903e-01]
 [ 5.4155051e-04 -7.5274003e-01  4.6516401e-01]]","[[-0.05400011  0.9443665   0.32443154]
 [-0.23834944 -0.32770428  0.9142208 ]
 [ 0.96967703 -0.02796005  0.24278529]]"
20200222-174636.031451,61,[1.295486   0.77069145 0.49932152],"[[-7.8118449e-01 -2.3871587e-01 -5.5241346e-01]
 [ 4.8161271e-01 -5.7164013e-01 -5.4728085e-01]
 [ 3.9724100e-01  2.2312862e-01 -4.2251536e-01]
 [-2.5547156e-04 -7.5263262e-01  4.6562207e-01]]","[[-0.05113284  0.944714    0.32388404]
 [-0.23714678 -0.326518    0.9149577 ]
 [ 0.9701272  -0.03002365  0.24073167]]"
20200222-174636.031451,62,[1.2988172  0.77077454 0.49789992],"[[-0.78075516 -0.23673218 -0.55348843]
 [ 0.4809546  -0.57158524 -0.5478739 ]
 [ 0.39887655  0.22329307 -0.4212156 ]
 [-0.00134119 -0.7532524   0.46482503]]","[[-0.04948637  0.94448507  0.32480648]
 [-0.23725314 -0.32701266  0.91475344]
 [ 0.97018665 -0.03179352  0.24026471]]"
20200222-174636.031451,63,[1.3037435 0.7710838 0.4969079],"[[-0.7807681  -0.23487443 -0.55371815]
 [ 0.47936085 -0.57272613 -0.548065  ]
 [ 0.4007597   0.2227601  -0.4202994 ]
 [-0.00250526 -0.7531244   0.46515512]]","[[-0.04627108  0.945052    0.3236291 ]
 [-0.2359103  -0.32515     0.9157641 ]
 [ 0.9706726  -0.03397404  0.23799255]]"
20200222-174636.031451,64,[1.3051957  0.7711832  0.49553072],"[[-0.7803489  -0.23283987 -0.55483365]
 [ 0.4788434  -0.5728284  -0.5485891 ]
 [ 0.4021806   0.22284025 -0.41881844]
 [-0.0039497  -0.7536546   0.46454337]]","[[-0.04569756  0.9448577   0.32427713]
 [-0.23753048 -0.3255835   0.91519105]
 [ 0.9703046  -0.03520371  0.23931086]]"
20200222-174636.031451,65,[1.3060887  0.77124184 0.4949462 ],"[[-0.7801775  -0.23102503 -0.5555268 ]
 [ 0.4782888  -0.5725995  -0.54952323]
 [ 0.40316126  0.22305226 -0.4174576 ]
 [-0.00490686 -0.75432426  0.4638357 ]]","[[-0.04556089  0.94434273  0.32579306]
 [-0.23919514 -0.3269574   0.91426724]
 [ 0.9699019  -0.03627329  0.24077867]]"
20200222-174636.031451,66,[1.3126045  0.7714505  0.49503106],"[[-0.7803503  -0.22986299 -0.555071  ]
 [ 0.4765941  -0.5733678  -0.55015564]
 [ 0.40482953  0.22273655 -0.41661605]
 [-0.00493212 -0.75418884  0.46438795]]","[[-0.04199219  0.9446371   0.32541868]
 [-0.23634787 -0.32585356  0.91540104]
 [ 0.9707606  -0.03847232  0.23694633]]"
20200222-174636.031451,67,[1.3159755  0.77157503 0.49389362],"[[-0.7799356  -0.22813505 -0.5558965 ]
 [ 0.47598067 -0.5731659  -0.5509671 ]
 [ 0.40633878  0.2230272  -0.41516104]
 [-0.00564497 -0.7547809   0.4637411 ]]","[[-0.04062044  0.9443417   0.3264486 ]
 [-0.2363134  -0.32652888  0.91516936]
 [ 0.9708274  -0.03996957  0.23642437]]"
20200222-174636.031451,68,[1.3185018  0.7720014  0.49397123],"[[-0.78052384 -0.22626644 -0.55534244]
 [ 0.4736927  -0.5758163  -0.5505379 ]
 [ 0.40784588  0.22147551 -0.4145557 ]
 [-0.0077287  -0.7537822   0.46545285]]","[[-0.03813539  0.94558907  0.32312074]
 [-0.23697121 -0.3226898   0.91636026]
 [ 0.970768   -0.04162456  0.23638329]]"
20200222-174636.031451,69,[1.3192135  0.77223974 0.49368143],"[[-0.780764   -0.2242756  -0.5554533 ]
 [ 0.47227684 -0.57710993 -0.55077076]
 [ 0.40898857  0.22072141 -0.41351768]
 [-0.0095233  -0.753609    0.46596828]]","[[-0.03726163  0.94595104  0.3221615 ]
 [-0.23892169 -0.32146868  0.91628295]
 [ 0.9703237  -0.04282917  0.2379867 ]]"
20200222-174636.031451,70,[1.3223064  0.7725073  0.49277553],"[[-0.7807487  -0.22253314 -0.5557019 ]
 [ 0.47088614 -0.5783912  -0.5507736 ]
 [ 0.41058114  0.2200554  -0.41257352]
 [-0.01096896 -0.7533378   0.46650472]]","[[-0.03524042  0.94656533  0.3205807 ]
 [-0.23905529 -0.3194517   0.9169532 ]
 [ 0.97036624 -0.0443227   0.23753911]]"
20200222-174636.031451,71,[1.3283216  0.7728745  0.49053666],"[[-0.78022814 -0.22075771 -0.55651575]
 [ 0.46957958 -0.5798223  -0.5503086 ]
 [ 0.41301754  0.21944587 -0.4115261 ]
 [-0.01247948 -0.7529381   0.46700853]]","[[-0.03170163  0.94761974  0.3178241 ]
 [-0.23732163 -0.31602675  0.91858894]
 [ 0.9709137  -0.04630576  0.2349092 ]]"
20200222-174636.031451,72,[1.3316165  0.7729714  0.48952538],"[[-0.77983797 -0.21912146 -0.55728155]
 [ 0.46901208 -0.57952434 -0.5511207 ]
 [ 0.41437718  0.21971458 -0.41023958]
 [-0.01311094 -0.7535665   0.46626896]]","[[-0.03047315  0.9472746   0.3189698 ]
 [-0.2372998  -0.31685063  0.9183107 ]
 [ 0.9709584  -0.04770765  0.23444355]]"
20200222-174636.031451,73,[1.3328772  0.77304137 0.4884028 ],"[[-0.7795152  -0.2172408  -0.5581391 ]
 [ 0.4684466  -0.5795867  -0.5517251 ]
 [ 0.41558018  0.21972175 -0.40888005]
 [-0.01438992 -0.75406116  0.4657224 ]]","[[-0.03006302  0.9470481   0.31968105]
 [-0.23889709 -0.31736436  0.917719  ]
 [ 0.9705795  -0.04878147  0.23578797]]"
20200222-174636.031451,74,[1.3359822  0.77329534 0.4876347 ],"[[-0.7795134  -0.2155732  -0.5582733 ]
 [ 0.46703732 -0.5808238  -0.5518231 ]
 [ 0.41711882  0.21907821 -0.40787646]
 [-0.01571104 -0.7537748   0.46632487]]","[[-0.02811618  0.9476191   0.31816244]
 [-0.2389803  -0.31543058  0.9183637 ]
 [ 0.97061706 -0.05021368  0.23533101]]"
20200222-174636.031451,75,[1.3434153  0.77376163 0.48663482],"[[-0.77951705 -0.2142594  -0.55801153]
 [ 0.4648797  -0.58324784 -0.5510565 ]
 [ 0.41946712  0.2178101  -0.40735552]
 [-0.01694958 -0.7526445   0.4679974 ]]","[[-0.02353323  0.9491963   0.3138033 ]
 [-0.2359778  -0.3102946   0.92088646]
 [ 0.9714735  -0.05237918  0.2312915 ]]"
20200222-174636.031451,76,[1.3464336 0.7738299 0.4856185],"[[-0.779219   -0.21250485 -0.5586691 ]
 [ 0.46418986 -0.5829262  -0.55199647]
 [ 0.42075616  0.21804059 -0.40610626]
 [-0.01760028 -0.7533239   0.46719   ]]","[[-0.02224622  0.94879407  0.3151111 ]
 [-0.23596564 -0.3112671   0.92056125]
 [ 0.9715067  -0.05387638  0.2308073 ]]"
20200222-174636.031451,77,[1.3474619  0.77407783 0.4848109 ],"[[-0.77930385 -0.21040685 -0.55899525]
 [ 0.46277407 -0.5844128  -0.551931  ]
 [ 0.4220628   0.21712124 -0.40512776]
 [-0.01970903 -0.7530265   0.46772608]]","[[-0.02113666  0.9493577   0.31348553]
 [-0.23783828 -0.3093286   0.9207327 ]
 [ 0.9710747  -0.05509765  0.23233178]]"
20200222-174636.031451,78,[1.3499491  0.77446723 0.48509538],"[[-0.77990204 -0.20862806 -0.55833644]
 [ 0.46049455 -0.5868029  -0.5516523 ]
 [ 0.42335925  0.21563171 -0.40460554]
 [-0.02156708 -0.75209045  0.46929199]]","[[-0.01887154  0.950399    0.31046093]
 [-0.2384015  -0.30583712  0.9217529 ]
 [ 0.9709834  -0.05661944  0.23234814]]"
20200222-174636.031451,79,[1.3504028  0.7748632  0.48521468],"[[-0.78056353 -0.20648842 -0.55783784]
 [ 0.45821708 -0.58938324 -0.5512766 ]
 [ 0.4244763   0.21397026 -0.40403053]
 [-0.02404736 -0.751137    0.4708191 ]]","[[-0.01738793  0.951452    0.3073057 ]
 [-0.24053319 -0.30230635  0.92236364]
 [ 0.9704853  -0.05787923  0.23411223]]"
20200222-174636.031451,80,[1.3556913  0.7748859  0.48447987],"[[-0.7801618  -0.20514423 -0.55831593]
 [ 0.4575498  -0.58879304 -0.55235124]
 [ 0.42593446  0.21438543 -0.40280598]
 [-0.02399722 -0.7518495   0.47004116]]","[[-0.01538409  0.95096487  0.3089163 ]
 [-0.23895958 -0.303497    0.9223816 ]
 [ 0.9709077  -0.05962852  0.23191117]]"
20200222-174636.031451,81,[1.3587469 0.7751101 0.4838444],"[[-0.78016526 -0.20355418 -0.55839187]
 [ 0.45618126 -0.5898597  -0.5525239 ]
 [ 0.42732581  0.21377666 -0.40189368]
 [-0.02517865 -0.7516191   0.47052947]]","[[-0.01361329  0.9514171   0.30760452]
 [-0.23902138 -0.30181077  0.9229189 ]
 [ 0.9709191  -0.06096008  0.23151761]]"
20200222-174636.031451,82,[1.3606218  0.7750524  0.48193872],"[[-0.7793174  -0.20168088 -0.55996305]
 [ 0.45648536 -0.5884081  -0.5537749 ]
 [ 0.42850813  0.21467502 -0.40023375]
 [-0.02581167 -0.7530043   0.46860188]]","[[-0.01368953  0.9504558   0.31055814]
 [-0.24019665 -0.3046187   0.92169034]
 [ 0.97062767 -0.06197752  0.23246638]]"
20200222-174636.031451,83,[1.3643757  0.77515227 0.4804583 ],"[[-0.77875865 -0.20012203 -0.56077427]
 [ 0.45594522 -0.58823633 -0.5544389 ]
 [ 0.43005666  0.21488594 -0.39884537]
 [-0.02646829 -0.753494    0.46803054]]","[[-0.01229444  0.95032     0.31103206]
 [-0.23988077 -0.3047752   0.921721  ]
 [ 0.9707247  -0.06327857  0.2317105 ]]"
20200222-174636.031451,84,[1.3654021  0.7753772  0.47979996],"[[-0.77888244 -0.19810483 -0.5609453 ]
 [ 0.4544872  -0.58963156 -0.55449194]
 [ 0.43124986  0.21397828 -0.39788157]
 [-0.02841439 -0.75319475  0.46858266]]","[[-0.01126119  0.95082504  0.30952388]
 [-0.24166101 -0.30295557  0.92185587]
 [ 0.97029537 -0.06441867  0.233189  ]]"
20200222-174636.031451,85,[1.367969   0.775524   0.47992644],"[[-0.77917236 -0.19646938 -0.5606242 ]
 [ 0.45290664 -0.590538   -0.5550491 ]
 [ 0.43232095  0.21334039 -0.39703488]
 [-0.02940346 -0.75309384  0.46902442]]","[[-0.00969672  0.9509733   0.3091212 ]
 [-0.24198627 -0.3021788   0.92202526]
 [ 0.97023124 -0.06586246  0.23305261]]"
20200222-174636.031451,86,[1.3705661  0.7756931  0.48020422],"[[-0.77946085 -0.19507872 -0.5601862 ]
 [ 0.45140433 -0.59141994 -0.5556069 ]
 [ 0.4333183   0.21276855 -0.39617753]
 [-0.03017138 -0.75292534  0.4696127 ]]","[[-0.00831861  0.95116     0.30858627]
 [-0.24221022 -0.30132404  0.92224616]
 [ 0.9701882  -0.06707096  0.23288725]]"
20200222-174636.031451,87,[1.3721646  0.7761348  0.47900918],"[[-0.77963793 -0.19260596 -0.5604019 ]
 [ 0.44921184 -0.5943759  -0.55459964]
 [ 0.43503952  0.2108967  -0.39549205]
 [-0.03337417 -0.7517596   0.47112063]]","[[-0.00616495  0.9526469   0.304016  ]
 [-0.24408819 -0.29625928  0.9233913 ]
 [ 0.9697334  -0.06851404  0.23435628]]"
20200222-174636.031451,88,[1.3737351  0.77657527 0.47787097],"[[-0.7798226  -0.19014934 -0.560586  ]
 [ 0.44702062 -0.59724796 -0.5536662 ]
 [ 0.43671095  0.209066   -0.3947866 ]
 [-0.03650044 -0.7506193   0.47258925]]","[[-0.00406067  0.9540619   0.2995817 ]
 [-0.24593222 -0.2913357   0.92446786]
 [ 0.9692784  -0.06992283  0.23581763]]"
20200222-174636.031451,89,[1.3770055  0.7765419  0.47714975],"[[-0.7795404  -0.18867122 -0.56101066]
 [ 0.44633642 -0.5969274  -0.5545864 ]
 [ 0.43787676  0.20920019 -0.39363563]
 [-0.03694001 -0.7512099   0.4719663 ]]","[[-0.00294867  0.9536608   0.3008698 ]
 [-0.24587168 -0.29232645  0.92417127]
 [ 0.96929795 -0.07125027  0.23534015]]"
20200222-174636.031451,90,[1.3827343 0.7769545 0.4763684],"[[-0.779518   -0.18711361 -0.5608505 ]
 [ 0.4442616  -0.5991783  -0.55395794]
 [ 0.43988818  0.20790423 -0.39297438]
 [-0.03849668 -0.7501664   0.47344324]]","[[ 5.2926620e-04  9.5491534e-01  2.9687786e-01]
 [-2.4437599e-01 -2.8775325e-01  9.2600137e-01]
 [ 9.6968043e-01 -7.3039912e-02  2.3320608e-01]]"
20200222-174636.031451,91,[1.385375   0.7770954  0.47673395],"[[-0.7797885  -0.1858272  -0.56035066]
 [ 0.44280562 -0.59993696 -0.55458754]
 [ 0.4408224   0.20739368 -0.39209962]
 [-0.03909994 -0.7500209   0.4740228 ]]","[[ 0.00179533  0.9550309   0.29650036]
 [-0.24452312 -0.28708082  0.9261712 ]
 [ 0.96964186 -0.07416399  0.23301177]]"
20200222-174636.031451,92,[1.3870435  0.77732706 0.47545898],"[[-0.7796588  -0.18371333 -0.56087244]
 [ 0.4414412  -0.6013496  -0.55437213]
 [ 0.44222093  0.20644018 -0.39118508]
 [-0.04126405 -0.7496734   0.4744132 ]]","[[ 0.00307568  0.95565164  0.29448366]
 [-0.24608019 -0.2847061   0.9264919 ]
 [ 0.9692448  -0.07531618  0.23429126]]"
20200222-174636.031451,93,[1.3907881  0.77774125 0.47457355],"[[-0.779721   -0.18170163 -0.56091845]
 [ 0.43933403 -0.6037939  -0.5536077 ]
 [ 0.4439846   0.20488398 -0.39057115]
 [-0.04358031 -0.74862546  0.47575605]]","[[ 0.00579853  0.9568796   0.29042715]
 [-0.24625628 -0.2801214   0.9278416 ]
 [ 0.96918774 -0.07689963  0.2340133 ]]"
20200222-174636.031451,94,[1.3933703 0.7778391 0.4748807],"[[-0.7800179  -0.18022074 -0.5604609 ]
 [ 0.4377929  -0.6045114  -0.5542863 ]
 [ 0.4449111   0.20431449 -0.38975093]
 [-0.04431651 -0.74856013  0.4761771 ]]","[[ 0.00717214  0.95691144  0.29029188]
 [-0.24648415 -0.27965048  0.92792326]
 [ 0.96912056 -0.07820754  0.23385777]]"
20200222-174636.031451,95,[1.3969835 0.7782478 0.474024 ],"[[-0.7800957  -0.1783108  -0.56038815]
 [ 0.43570113 -0.60679644 -0.5536907 ]
 [ 0.4466147   0.20289122 -0.3890785 ]
 [-0.04637555 -0.7475548   0.47750384]]","[[ 0.00978569  0.9580574   0.28640932]
 [-0.24649364 -0.27527323  0.9292285 ]
 [ 0.9690951  -0.07969122  0.2334613 ]]"
20200222-174636.031451,96,[1.3996112  0.7779278  0.47405759],"[[-0.77982706 -0.17749149 -0.5605339 ]
 [ 0.43577522 -0.6048624  -0.5557659 ]
 [ 0.44711655  0.2039886  -0.3876926 ]
 [-0.04534574 -0.7490172   0.4760464 ]]","[[ 0.00959324  0.95670867  0.2908891 ]
 [-0.2463349  -0.27967635  0.92795485]
 [ 0.9691372  -0.08055823  0.23298773]]"
20200222-174636.031451,97,[1.4022857  0.777627   0.47405523],"[[-0.77956253 -0.17664091 -0.56069106]
 [ 0.43582216 -0.6029457  -0.55780876]
 [ 0.4476317   0.20505841 -0.3863469 ]
 [-0.04435067 -0.75047004  0.4745634 ]]","[[ 0.00944062  0.9553533   0.2953149 ]
 [-0.24616745 -0.28401878  0.92667943]
 [ 0.96918136 -0.08144535  0.23249556]]"
20200222-174636.031451,98,[1.406002   0.7777941  0.47301754],"[[-0.77937853 -0.1747718  -0.5610279 ]
 [ 0.4343939  -0.60406226 -0.55780864]
 [ 0.4491814   0.20426083 -0.38547075]
 [-0.0459027  -0.7502271   0.47487822]]","[[ 0.01148237  0.9558165   0.29373953]
 [-0.2462316  -0.28201035  0.9272757 ]
 [ 0.96914303 -0.08297527  0.23211408]]"
20200222-174636.031451,99,[1.4118547  0.77817506 0.47240907],"[[-0.77932477 -0.17333415 -0.56079763]
 [ 0.43237334 -0.606115   -0.5572872 ]
 [ 0.4510816   0.20304745 -0.38482603]
 [-0.04723947 -0.74923396  0.47628325]]","[[ 0.01475239  0.9569316   0.2899392 ]
 [-0.24465671 -0.2777019   0.9289914 ]
 [ 0.9694977  -0.08464041  0.23002295]]"
20200222-174636.031451,100,[1.4144301  0.77786905 0.4724705 ],"[[-0.77909863 -0.17252536 -0.56089824]
 [ 0.4324202  -0.6042056  -0.5593158 ]
 [ 0.45153168  0.20408468 -0.383547  ]
 [-0.04623246 -0.7506794   0.47481635]]","[[ 0.01453909  0.9555861   0.29435357]
 [-0.2445439  -0.28204644  0.92771137]
 [ 0.96952933 -0.08547044  0.22958206]]"
20200222-174636.031451,101,[1.4147931  0.77799785 0.47282603],"[[-0.77956873 -0.17091121 -0.560332  ]
 [ 0.43083805 -0.6051558  -0.55992216]
 [ 0.45211235  0.20332234 -0.38276896]
 [-0.04738572 -0.7504905   0.47539788]]","[[ 0.01498182  0.9557263   0.29387572]
 [-0.24624945 -0.28132945  0.9274778 ]
 [ 0.96909094 -0.08626204  0.23113228]]"
20200222-174636.031451,102,[1.4180007 0.7781457 0.4726924],"[[-0.7796367  -0.16953905 -0.56004673]
 [ 0.4294041  -0.60604817 -0.56032044]
 [ 0.45327064  0.2027236  -0.38184455]
 [-0.04821379 -0.7502436   0.47600806]]","[[ 0.01645507  0.95601124  0.29286882]
 [-0.24626999 -0.28000963  0.92787176]
 [ 0.96906185 -0.08739299  0.23082928]]"
20200222-174636.031451,103,[1.4217027 0.777982  0.4713392],"[[-0.7789329  -0.16820446 -0.56091887]
 [ 0.42955726 -0.604269   -0.5620035 ]
 [ 0.45437214  0.20373896 -0.38032943]
 [-0.04785778 -0.75170255  0.47420686]]","[[ 0.01697156  0.9549321   0.29633936]
 [-0.24579914 -0.28330183  0.9269969 ]
 [ 0.96917236 -0.08857252  0.22991343]]"
20200222-174636.031451,104,[1.4226834 0.7778    0.470675 ],"[[-0.7786144  -0.16693228 -0.5614138 ]
 [ 0.42964098 -0.60271156 -0.56369406]
 [ 0.45485175  0.20452634 -0.37896934]
 [-0.0477338  -0.7530217   0.4727006 ]]","[[ 0.01627839  0.95382893  0.29990923]
 [-0.24704118 -0.28681275  0.9255858 ]
 [ 0.96886826 -0.08915697  0.23096617]]"
20200222-174636.031451,105,[1.4290497  0.77801394 0.46916884],"[[-0.77807295 -0.16541572 -0.56184816]
 [ 0.4283684  -0.6035593  -0.56372   ]
 [ 0.45687795  0.20405068 -0.3779459 ]
 [-0.04863668 -0.7528059   0.47297293]]","[[ 0.01925374  0.9543816   0.29796776]
 [-0.2451466  -0.28441936  0.9268272 ]
 [ 0.9692948  -0.09089068  0.2284873 ]]"
20200222-174636.031451,106,[1.4354002  0.778223   0.46774966],"[[-0.7775422  -0.16392761 -0.5622324 ]
 [ 0.42709365 -0.6043819  -0.5637954 ]
 [ 0.4588803   0.20359647 -0.37688953]
 [-0.04948293 -0.7525946   0.47326925]]","[[ 0.02216688  0.9549018   0.29609364]
 [-0.24327722 -0.28211215  0.92802435]
 [ 0.96970373 -0.09260423  0.22605227]]"
20200222-174636.031451,107,[1.437863  0.7781221 0.4681263],"[[-0.77768147 -0.16286027 -0.56183374]
 [ 0.4262422  -0.60384446 -0.56515956]
 [ 0.4594571   0.20373878 -0.37593934]
 [-0.04928353 -0.7532191   0.47287098]]","[[ 0.02266561  0.95425725  0.29812708]
 [-0.24337919 -0.28396568  0.92743206]
 [ 0.9696666  -0.09357873  0.22581007]]"
20200222-174636.031451,108,[1.4453226  0.77803516 0.46806586],"[[-0.7772823  -0.16220647 -0.5617153 ]
 [ 0.42559248 -0.6028453  -0.566541  ]
 [ 0.4608496   0.20432308 -0.37484267]
 [-0.04817493 -0.7540017   0.47222903]]","[[ 0.02496356  0.9535638   0.30015475]
 [-0.24030642 -0.28572062  0.92769426]
 [ 0.97037596 -0.09528767  0.22201493]]"
20200222-174636.031451,109,[1.4477359  0.77831477 0.4689525 ],"[[-0.7779718  -0.16073173 -0.5605667 ]
 [ 0.42322516 -0.6048085  -0.566655  ]
 [ 0.46173444  0.20296416 -0.37439808]
 [-0.04940821 -0.75311154  0.47380674]]","[[ 0.0267202   0.95430595  0.2976341 ]
 [-0.24067515 -0.28284076  0.92848074]
 [ 0.9702378  -0.09644231  0.22212017]]"
20200222-174636.031451,110,[1.4501925 0.7785908 0.4698415],"[[-0.77863985 -0.15927947 -0.5594041 ]
 [ 0.4208696  -0.60674226 -0.5667973 ]
 [ 0.46263373  0.2016386  -0.3738959 ]
 [-0.05058772 -0.7522206   0.47540507]]","[[ 0.02845646  0.95502687  0.2951508 ]
 [-0.24101652 -0.28000355  0.9292519 ]
 [ 0.97010386 -0.09757943  0.22220933]]"
20200222-174636.031451,111,[1.4522302  0.7789791  0.46844664],"[[-0.77863723 -0.15682586 -0.55968535]
 [ 0.41870186 -0.609452   -0.5658232 ]
 [ 0.46425354  0.19978774 -0.37326482]
 [-0.05368052 -0.75103843  0.4767286 ]]","[[ 0.03052898  0.9564112   0.29042363]
 [-0.24258222 -0.27478245  0.9304025 ]
 [ 0.9696506  -0.09885582  0.22361954]]"
20200222-174636.031451,112,[1.4574386  0.7787045  0.46808323],"[[-0.77813697 -0.15609877 -0.5598815 ]
 [ 0.41874012 -0.6074129  -0.5678392 ]
 [ 0.4652067   0.2009308  -0.37188655]
 [-0.05236637 -0.75253516  0.47517553]]","[[ 0.03137631  0.95511234  0.29457763]
 [-0.24088116 -0.27880993  0.9296457 ]
 [ 0.9700473  -0.10012706  0.22132055]]"
20200222-174636.031451,113,[1.4609609  0.77888846 0.46739835],"[[-0.77801645 -0.15460415 -0.55990463]
 [ 0.41743666 -0.60820293 -0.56808513]
 [ 0.4664641   0.2003332  -0.3710885 ]
 [-0.05336959 -0.7523651   0.47547847]]","[[ 0.03295193  0.9554723   0.29323527]
 [-0.24074975 -0.27716738  0.930171  ]
 [ 0.97002786 -0.10124724  0.22089653]]"
20200222-174636.031451,114,[1.4640093  0.7791863  0.46766216],"[[-0.77841675 -0.15299448 -0.55916977]
 [ 0.41519618 -0.61024433 -0.567903  ]
 [ 0.46761662  0.19892846 -0.37057993]
 [-0.05490376 -0.7514135   0.47695512]]","[[ 0.03494287  0.9563454   0.2901425 ]
 [-0.24098803 -0.27368984  0.93113834]
 [ 0.9698988  -0.10245751  0.22090426]]"
20200222-174636.031451,115,[1.4687749  0.77925676 0.46865177],"[[-0.7786637  -0.15236281 -0.558197  ]
 [ 0.41377816 -0.6106193  -0.56874907]
 [ 0.46850726  0.1986432  -0.36984193]
 [-0.05451221 -0.75131273  0.4776586 ]]","[[ 0.03651374  0.9563133   0.29005477]
 [-0.23964928 -0.27339944  0.93156916]
 [ 0.9701728  -0.10352649  0.21919692]]"
20200222-174636.031451,116,[1.4735963  0.77950096 0.4697848 ],"[[-0.7791467  -0.15140088 -0.55695355]
 [ 0.41159153 -0.61218965 -0.56896836]
 [ 0.4695816   0.19760375 -0.3693665 ]
 [-0.05491979 -0.7505029   0.47921422]]","[[ 0.03878203  0.9568967   0.2878271 ]
 [-0.23845777 -0.27085924  0.93261635]
 [ 0.9703783  -0.10480335  0.21767497]]"
