Timestamp,Epoch,s,u,v
20200220-152927.513309,0,[1.8191949 1.4240066 0.7574177],"[[ 0.2656077   0.50213885 -0.64827085]
 [ 0.6642704   0.48698062  0.25207865]
 [ 0.65128773 -0.5050411   0.26648974]
 [ 0.25302535 -0.5056084  -0.66722167]]","[[ 0.5041841   0.7073037  -0.49549988]
 [ 0.71154696 -0.01509056  0.7024767 ]
 [ 0.48938683 -0.706749   -0.5108881 ]]"
20200220-152927.513309,1,[1.7919917 1.4308529 0.7536504],"[[ 0.25388846  0.5020937   0.6528825 ]
 [ 0.6691338   0.48660162 -0.23995239]
 [ 0.65566003 -0.5054515  -0.25452   ]
 [ 0.24064705 -0.50560796  0.67185324]]","[[ 0.49877456  0.7070939   0.5012407 ]
 [ 0.71964616 -0.01555163 -0.694167  ]
 [ 0.4830462  -0.70694864  0.5166142 ]]"
20200220-152927.513309,2,[1.7737916 1.4375327 0.7505396],"[[ 0.23696528  0.5045521   0.6570726 ]
 [ 0.66630715  0.49596247 -0.2292064 ]
 [ 0.66587645 -0.49622664 -0.24538162]
 [ 0.23767833 -0.5031973   0.6749134 ]]","[[ 0.48564342  0.7121117   0.50699854]
 [ 0.72627825 -0.00591756 -0.6873755 ]
 [ 0.48648784 -0.7020414   0.52006507]]"
20200220-152927.513309,3,[1.7574182 1.4445671 0.7484769],"[[ 0.22960663  0.50449777  0.65964794]
 [ 0.6689114   0.49596033 -0.22175638]
 [ 0.66845286 -0.49626708 -0.2380323 ]
 [ 0.23023681 -0.5032142   0.67751694]]","[[ 0.481871    0.7121094   0.51058865]
 [ 0.7313485  -0.00590547 -0.6819783 ]
 [ 0.48262775 -0.7020439   0.52364576]]"
20200220-152927.513309,4,[1.7407763 1.4513732 0.7451362],"[[ 0.21981314  0.5044194   0.6627939 ]
 [ 0.6728035   0.4954527  -0.21169455]
 [ 0.6712864  -0.4968344  -0.2280532 ]
 [ 0.2199818  -0.5032328   0.68108857]]","[[ 0.4774266   0.7119196   0.515009  ]
 [ 0.73779386 -0.00648104 -0.674995  ]
 [ 0.47720423 -0.70223105  0.52834415]]"
20200220-152927.513309,5,[1.7281299 1.45809   0.7421526],"[[ 0.21497297  0.5030568   0.6656379 ]
 [ 0.6787411   0.49059045 -0.20310102]
 [ 0.6709825  -0.5017432  -0.2188826 ]
 [ 0.20707414 -0.5044884   0.6839346 ]]","[[ 0.47770703  0.70911443  0.51860636]
 [ 0.7433299  -0.01161655 -0.66882414]
 [ 0.46824846 -0.70499754  0.5326553 ]]"
20200220-152927.513309,6,[1.7120652  1.4650675  0.73863804],"[[ 0.19590032 -0.50576246  0.66904855]
 [ 0.67353743 -0.50259674 -0.19230185]
 [ 0.6822495   0.48979357 -0.2097444 ]
 [ 0.20616989  0.5017      0.686587  ]]","[[ 0.4615152  -0.7156928   0.52420187]
 [ 0.7497608  -0.00117747 -0.6617082 ]
 [ 0.47419694  0.6984141   0.53605485]]"
20200220-152927.513309,7,[1.6937315 1.4722763 0.7344452],"[[ 0.18922727 -0.5043699   0.67207897]
 [ 0.6808298  -0.4967149  -0.18133633]
 [ 0.68149865  0.49577513 -0.19816315]
 [ 0.19032398  0.50308275  0.6900422 ]]","[[ 0.4613555  -0.7124533   0.52873546]
 [ 0.75690216  0.00514868 -0.653508  ]
 [ 0.4628717   0.7017006   0.5416329 ]]"
20200220-152927.513309,8,[1.6794666  1.4793341  0.73065203],"[[ 0.19056843 -0.5011093   0.6743696 ]
 [ 0.69373477 -0.4815803  -0.17204596]
 [ 0.67372036  0.5107953  -0.18734653]
 [ 0.16886877  0.5060216   0.6932006 ]]","[[ 0.47053117 -0.7039772   0.5319928 ]
 [ 0.76286656  0.02156423 -0.64619625]
 [ 0.44343546  0.70989496  0.5471874 ]]"
20200220-152927.513309,9,[1.6630763 1.4865394 0.7261933],"[[ 0.18716975 -0.4989859   0.67697054]
 [ 0.7035749  -0.47082397 -0.16117635]
 [ 0.6689957   0.5212155  -0.17565757]
 [ 0.14964896  0.50761473  0.69633186]]","[[ 0.47480634 -0.6978204   0.5362888 ]
 [ 0.769442    0.03334156 -0.6378459 ]
 [ 0.42722115  0.71549636  0.5527634 ]]"
20200220-152927.513309,10,[1.6484181 1.493658  0.7215717],"[[ 0.18556848 -0.49645102  0.6791847 ]
 [ 0.7151525  -0.45692962 -0.15025525]
 [ 0.6615134   0.53430843 -0.16399466]
 [ 0.12853539  0.5091818   0.69945496]]","[[ 0.48176593 -0.68986875  0.54035443]
 [ 0.775503    0.04851674 -0.62947696]
 [ 0.40804023  0.722307    0.5583689 ]]"
20200220-152927.513309,11,[1.6291641 1.5012554 0.7172985],"[[ 0.17085204 -0.49780405  0.6817875 ]
 [ 0.7144168  -0.46211892 -0.13879155]
 [ 0.6675926   0.52951944 -0.15355359]
 [ 0.12140032  0.5081793   0.7016578 ]]","[[ 0.47124153 -0.69276947  0.5458955 ]
 [ 0.78277254  0.04327939 -0.620801  ]
 [ 0.4064459   0.71985924  0.5626761 ]]"
20200220-152927.513309,12,[1.6156539  1.5084821  0.71248513],"[[ 0.17392346 -0.494033    0.6838102 ]
 [ 0.72918564 -0.44162014 -0.1279809 ]
 [ 0.6548931   0.5484044  -0.14198154]
 [ 0.09567743  0.5100547   0.70417756]]","[[ 0.48417333 -0.68053746  0.54995024]
 [ 0.78788143  0.06572975 -0.6123093 ]
 [ 0.38055122  0.7297592   0.5680072 ]]"
20200220-152927.513309,13,[1.6023972 1.5162846 0.7075943],"[[ 0.15773894 -0.49592602  0.6860973 ]
 [ 0.72695684 -0.4489067  -0.11636051]
 [ 0.66225207  0.5418454  -0.13148147]
 [ 0.08985593  0.5088649   0.70600504]]","[[ 0.4719708  -0.68482137  0.55521464]
 [ 0.79494554  0.0582794  -0.603875  ]
 [ 0.38118896  0.7263767   0.57190186]]"
20200220-152927.513309,14,[1.585502   1.5241476  0.70312345],"[[ 0.14084043 -0.49782485  0.6881335 ]
 [ 0.72343963 -0.45773363 -0.10510631]
 [ 0.67044157  0.5337664  -0.12136038]
 [ 0.08548087  0.50768495  0.7075991 ]]","[[ 0.45804456 -0.68992436  0.5605354 ]
 [ 0.8021148   0.04898723 -0.5951575 ]
 [ 0.38315448  0.7222222   0.57583684]]"
20200220-152927.513309,15,[1.582849  1.530564  0.6982559],"[[ 0.18027474 -0.48413584  0.6886458 ]
 [ 0.76671416 -0.38325486 -0.09633125]
 [ 0.61564183  0.5981589  -0.11074804]
 [ 0.02520021  0.51081675  0.71008563]]","[[ 0.5187141  -0.6439925   0.56232494]
 [ 0.79819703  0.12914751 -0.5883897 ]
 [ 0.30629566  0.7540521   0.5810236 ]]"
20200220-152927.513309,16,[1.5796498 1.5377717 0.6950168],"[[ 0.19223562 -0.47809246  0.689399  ]
 [ 0.7823714  -0.35256526 -0.0892859 ]
 [ 0.5924001   0.6221325  -0.10389212]
 [-0.00158406  0.50997657  0.7113111 ]]","[[ 0.5401714  -0.62388986  0.5647799 ]
 [ 0.7960776   0.16118677 -0.58333445]
 [ 0.2729014   0.7647092   0.58373314]]"
20200220-152927.513309,17,[1.5724633  1.544656   0.69057244],"[[ 0.22722034 -0.4603986   0.69085485]
 [ 0.81279165 -0.2779622  -0.07996469]
 [ 0.53324914  0.674978   -0.09476801]
 [-0.05818885  0.50514823  0.712281  ]]","[[ 0.5912651  -0.5720162   0.56850946]
 [ 0.78241307  0.23594065 -0.5763348 ]
 [ 0.1955383   0.78557587  0.58705646]]"
20200220-152927.513309,18,[1.5683634 1.544374  0.6865186],"[[ 0.39153317 -0.33153835 -0.6913642 ]
 [ 0.8554145   0.08381227  0.0718916 ]
 [ 0.20711745  0.83623344  0.08467358]
 [-0.26845902  0.4286857  -0.7139171 ]]","[[ 0.7713637  -0.2815513  -0.5707251 ]
 [ 0.61866385  0.5419747   0.568787  ]
 [-0.14917585  0.7918285  -0.5922451 ]]"
20200220-152927.513309,19,[1.56694    1.5440917  0.68311733],"[[ 0.48232856 -0.16934875 -0.6924568 ]
 [ 0.7639186   0.39591953  0.06355213]
 [-0.11747111  0.8539395   0.07764371]
 [-0.41229594  0.2921574  -0.7144482 ]]","[[ 0.8181426   0.0216119  -0.5746092 ]
 [ 0.3755723   0.7366079   0.56245375]
 [-0.43541738  0.67597467 -0.5945334 ]]"
20200220-152927.513309,20,[1.5713863  1.5342598  0.67836034],"[[-0.5080127  -0.03500838 -0.6936463 ]
 [-0.61992836  0.59806585  0.05279052]
 [ 0.35549185  0.78592336  0.06816966]
 [ 0.48087114  0.15302223 -0.71513677]]","[[-0.7761954   0.24846505 -0.5794704 ]
 [-0.15144138  0.8186977   0.55389506]
 [ 0.61203456  0.5176865  -0.59784144]]"
20200220-152927.513309,21,[1.5775403 1.5319169 0.674508 ],"[[-0.50357056  0.0533727   0.69528234]
 [-0.4965947   0.70493937 -0.04366777]
 [ 0.4968123   0.70528364 -0.06246391]
 [ 0.502979    0.0527907   0.71468455]]","[[-0.712665    0.38783026  0.584548  ]
 [ 0.0052702   0.836214   -0.54837805]
 [ 0.70148474  0.38772905  0.5979844 ]]"
20200220-152927.513309,22,[1.585731  1.5236471 0.6692437],"[[-0.50118554  0.0607044   0.69617397]
 [-0.47205558  0.722405   -0.0332241 ]
 [ 0.52081513  0.68832225 -0.05318739]
 [ 0.50470585  0.02566037  0.71512854]]","[[-0.69815326  0.4071673   0.5888948 ]
 [ 0.0342802   0.84060544 -0.5405622 ]
 [ 0.7151273   0.35720775  0.60082906]]"
20200220-152927.513309,23,[1.5941093 1.5096898 0.6637492],"[[-0.50192356  0.04540166 -0.6967265 ]
 [-0.47844622  0.7187047   0.0222078 ]
 [ 0.51472545  0.69356745  0.0423526 ]
 [ 0.504202    0.01914468 -0.7157411 ]]","[[-0.70189387  0.39430493 -0.59318554]
 [ 0.02694304  0.8468978   0.53107285]
 [ 0.71177185  0.35677448 -0.6050561 ]]"
20200220-152927.513309,24,[1.6023835 1.5065969 0.6597892],"[[-0.50036776  0.04883569  0.6975335 ]
 [-0.4632793   0.72885144 -0.01449412]
 [ 0.52917063  0.6829266  -0.03589018]
 [ 0.50495803  0.00141143  0.7155059 ]]","[[-0.6924787   0.40571874  0.59654486]
 [ 0.04486011  0.8494979  -0.5256815 ]
 [ 0.7200424   0.33726212  0.6064597 ]]"
20200220-152927.513309,25,[1.61079    1.504269   0.65401685],"[[-0.4992126   0.04816696  0.69831675]
 [-0.45077458  0.73686874 -0.00463384]
 [ 0.54077435  0.67411613 -0.02731854]
 [ 0.5051261  -0.01650549  0.7152526 ]]","[[-0.6845602   0.4133682   0.60042   ]
 [ 0.05961535  0.8526586  -0.51905614]
 [ 0.7265147   0.31953102  0.60833925]]"
20200220-152927.513309,26,[1.6188028 1.5000092 0.6494158],"[[-0.5000722   0.03609469  0.69835955]
 [-0.45703325  0.7330834   0.00325568]
 [ 0.53510267  0.6788808  -0.0193926 ]
 [ 0.5046918  -0.02016592  0.7154771 ]]","[[-0.6883562   0.4032221   0.6029742 ]
 [ 0.05261822  0.85682786 -0.51291066]
 [ 0.72346205  0.3213377   0.61101955]]"
20200220-152927.513309,27,[1.6273646 1.4878844 0.6439595],"[[-0.5008308   0.02145817 -0.6983548 ]
 [-0.46372217  0.7288266  -0.01344408]
 [ 0.5289099   0.6838775   0.00929208]
 [ 0.5043655  -0.02575471 -0.7155655 ]]","[[-0.6923271   0.39058244 -0.606736  ]
 [ 0.04501924  0.86258143  0.5039114 ]
 [ 0.7201781   0.32155666 -0.6147723 ]]"
20200220-152927.513309,28,[1.6349704  1.4868706  0.64010096],"[[-0.50179034  0.00625712 -0.6981934 ]
 [-0.4771961   0.7196964  -0.01911618]
 [ 0.51621306  0.69387835  0.00235917]
 [ 0.50399834 -0.0230414  -0.7156502 ]]","[[-0.700393    0.37402207 -0.60791206]
 [ 0.02908482  0.865955    0.49927542]
 [ 0.71316457  0.33200794 -0.61738724]]"
20200220-152927.513309,29,[1.6430604 1.4810814 0.6367582],"[[-0.5012598   0.00524164 -0.69834137]
 [-0.46932545  0.72490054 -0.02609151]
 [ 0.52382535  0.68795544 -0.00333892]
 [ 0.5040627  -0.03477133 -0.71528137]]","[[-0.69544     0.3782946  -0.61094713]
 [ 0.03871604  0.86869997  0.49382326]
 [ 0.71754044  0.31977096 -0.6187748 ]]"
20200220-152927.513309,30,[1.6514063 1.4762567 0.6315577],"[[-0.50211453 -0.01114389 -0.69774806]
 [-0.48128012  0.7165937  -0.0338428 ]
 [ 0.51242626  0.6965227  -0.01229985]
 [ 0.50365627 -0.03500363 -0.71543765]]","[[-0.7027224   0.3615778  -0.6127339 ]
 [ 0.02444313  0.8729907   0.48712397]
 [ 0.711044    0.3273358  -0.62230825]]"
20200220-152927.513309,31,[1.6596942 1.4692643 0.6275871],"[[-0.50224656 -0.01967917 -0.6974023 ]
 [-0.48332787  0.71491146 -0.04100302]
 [ 0.51051325  0.69774485 -0.01950541]
 [ 0.5035065  -0.04082416 -0.7152401 ]]","[[-0.7038871   0.3551419  -0.61515635]
 [ 0.0220908   0.8765631   0.48077986]
 [ 0.7099683   0.3248254  -0.62484676]]"
20200220-152927.513309,32,[1.6679635 1.466838  0.6231226],"[[-0.50286204 -0.03776949 -0.6964382 ]
 [-0.49975336  0.7029162  -0.04673028]
 [ 0.49431673  0.70933276 -0.02756147]
 [ 0.50301874 -0.03646586 -0.7155634 ]]","[[-0.71380097  0.3340989  -0.61552125]
 [ 0.00178944  0.87974536  0.475442  ]
 [ 0.7003465   0.3382695  -0.6285609 ]]"
20200220-152927.513309,33,[1.6760728 1.4621065 0.6199133],"[[-0.50257367 -0.03843541 -0.6963682 ]
 [-0.49237588  0.7079214  -0.05317171]
 [ 0.5017963   0.7036511  -0.03268961]
 [ 0.503176   -0.04738448 -0.7149653 ]]","[[-0.7093228   0.3385047  -0.61828446]
 [ 0.01106114  0.88238114  0.47040537]
 [ 0.7047969   0.32683036 -0.6296373 ]]"
20200220-152927.513309,34,[1.684405   1.460308   0.61558604],"[[-0.502703   -0.0451259  -0.6956548 ]
 [-0.49255264  0.7075179  -0.05975243]
 [ 0.5016777   0.7032104  -0.0390477 ]
 [ 0.50299233 -0.05363934 -0.71482134]]","[[-0.7095679   0.3348181  -0.62000823]
 [ 0.01089526  0.88500535  0.46545327]
 [ 0.7045528   0.32351562 -0.6316194 ]]"
20200220-152927.513309,35,[1.6928743 1.458493  0.6112154],"[[-0.5027131  -0.05182919 -0.69510406]
 [-0.49305102  0.7066825  -0.06618056]
 [ 0.50125957  0.7030943  -0.04545056]
 [ 0.5029109  -0.05976655 -0.71441233]]","[[-0.70984256  0.33089918 -0.62179506]
 [ 0.010351    0.8875851   0.46052736]
 [ 0.70428437  0.3204658  -0.63347083]]"
20200220-152927.513309,36,[1.7010293 1.4586505 0.6076819],"[[-0.5026985  -0.05278824 -0.69467735]
 [-0.48684675  0.71081537 -0.07194853]
 [ 0.5074571   0.69799465 -0.04982837]
 [ 0.5027543  -0.06898159 -0.71397746]]","[[-0.70616865  0.33494547 -0.62380874]
 [ 0.01819491  0.889325    0.45691344]
 [ 0.70780975  0.31130773 -0.6341078 ]]"
20200220-152927.513309,37,[1.7093785 1.4573061 0.6034687],"[[-0.5030734  -0.0679557  -0.69319093]
 [-0.50015223  0.7008873  -0.07678071]
 [ 0.49429688  0.70696694 -0.05705709]
 [ 0.50242984 -0.06585579 -0.714378  ]]","[[-0.71442574  0.31747353 -0.6235437 ]
 [ 0.00152663  0.8918492   0.45233044]
 [ 0.6997097   0.3222045  -0.63764465]]"
20200220-152927.513309,38,[1.7185744 1.4483013 0.5984337],"[[ 0.5030562  -0.07605948 -0.6923044 ]
 [ 0.5000926   0.70004636 -0.08503041]
 [-0.49438646  0.7061468  -0.06526405]
 [-0.50241786 -0.0742082  -0.7136001 ]]","[[ 0.7143915   0.3121888  -0.626245  ]
 [-0.00161215  0.8956922   0.4446716 ]
 [-0.6997443   0.3166601  -0.6403781 ]]"
20200220-152927.513309,39,[1.7271888  1.4457335  0.59609383],"[[ 0.50289005 -0.07246486 -0.6924422 ]
 [ 0.48881143  0.7077149  -0.09042524]
 [-0.50568986  0.69748867 -0.06805763]
 [-0.5024369  -0.08601193 -0.71254116]]","[[ 0.70741343  0.3218789  -0.62925375]
 [-0.01596116  0.8973334   0.44106457]
 [-0.7066198   0.3019714  -0.6399232 ]]"
20200220-152927.513309,40,[1.7356234 1.4519848 0.592937 ],"[[-0.5028963  -0.07577342 -0.69202846]
 [-0.4889192   0.70726633 -0.09372677]
 [ 0.5056153   0.6971899  -0.07126374]
 [ 0.5024007  -0.08921147 -0.71220315]]","[[-0.7074682   0.320978   -0.62965214]
 [ 0.01585681  0.8979029   0.43990782]
 [ 0.7065672   0.30123654 -0.6403276 ]]"
20200220-152927.513309,41,[1.7439551 1.4485853 0.5899746],"[[ 0.50288546 -0.08451538 -0.69109184]
 [ 0.49470404  0.7025718  -0.0980335 ]
 [-0.49998653  0.7007929  -0.0767187 ]
 [-0.50238216 -0.09021718 -0.7119661 ]]","[[ 0.7110096   0.31181    -0.63026977]
 [-0.00858828  0.90009445  0.4356104 ]
 [-0.7031299   0.3043103  -0.64265376]]"
20200220-152927.513309,42,[1.7530241 1.4487681 0.5865597],"[[ 0.50284016 -0.09258806 -0.6901717 ]
 [ 0.49994105  0.69819146 -0.1020251 ]
 [-0.49479383  0.7040098  -0.08183519]
 [-0.5023842  -0.09124854 -0.711728  ]]","[[ 0.7142262   0.30377978 -0.63055426]
 [-0.00189976  0.9017393   0.43227586]
 [-0.6999124   0.3075449  -0.64462304]]"
20200220-152927.513309,43,[1.761649  1.4482338 0.5826134],"[[ 0.5029484  -0.09778863 -0.68917316]
 [ 0.49980733  0.69771475 -0.10735641]
 [-0.49498492  0.7030764  -0.08696187]
 [-0.5022205  -0.09651519 -0.7113038 ]]","[[ 0.71429205  0.3011663  -0.63173234]
 [-0.0021099   0.90359366  0.42838544]
 [-0.6998444   0.30465943 -0.6460654 ]]"
20200220-152927.513309,44,[1.7708348  1.4444562  0.57977736],"[[ 0.502847   -0.10548794 -0.6881866 ]
 [ 0.5043643   0.6937042  -0.11145171]
 [-0.49042723  0.7057092  -0.09213351]
 [-0.5022379  -0.09808843 -0.7109776 ]]","[[ 0.71710455  0.29312456 -0.6323282 ]
 [ 0.00378959  0.90560555  0.42410383]
 [-0.6969553   0.30652314 -0.648303  ]]"
20200220-152927.513309,45,[1.7800871 1.442345  0.5752093],"[[ 0.5027087  -0.11431888 -0.6869431 ]
 [ 0.5085685   0.68964654 -0.11693189]
 [-0.48618615  0.7078525  -0.09869639]
 [-0.5022603  -0.10131146 -0.7104191 ]]","[[ 0.7196902   0.2850808  -0.6330682 ]
 [ 0.00927163  0.9077862   0.41933104]
 [-0.6942337   0.3076579  -0.6506815 ]]"
20200220-152927.513309,46,[1.7890834  1.44739    0.57157546],"[[ 0.5025664  -0.11448229 -0.6869509 ]
 [ 0.5036986   0.69254404 -0.12123856]
 [-0.491175    0.7039388  -0.10164928]
 [-0.50245637 -0.10838469 -0.70927256]]","[[ 0.71651554  0.2894694  -0.63467574]
 [ 0.00296688  0.9085635   0.41773656]
 [-0.6975651   0.30119768 -0.65014094]]"
20200220-152927.513309,47,[1.7978767 1.4471266 0.5678908],"[[ 0.50267607 -0.11904557 -0.6858883 ]
 [ 0.5034143   0.69212514 -0.12604973]
 [-0.4915185   0.7028317  -0.10622698]
 [-0.5022953  -0.11322093 -0.708791  ]]","[[ 0.71650195  0.2873185  -0.63566756]
 [ 0.002577    0.9101437   0.4142851 ]
 [-0.69758046  0.2984741  -0.6513793 ]]"
20200220-152927.513309,48,[1.8063875 1.4444436 0.5652296],"[[ 0.5026964  -0.1199619  -0.6854881 ]
 [ 0.49870676  0.6948804  -0.13092299]
 [-0.49636117  0.6987139  -0.1096714 ]
 [-0.5022087  -0.12062173 -0.7077692 ]]","[[ 0.7135558   0.28999093 -0.6377645 ]
 [-0.00357039  0.9118072   0.41060326]
 [-0.7005893   0.29071125 -0.6516605 ]]"
20200220-152927.513309,49,[1.815366   1.4402713  0.56198126],"[[ 0.5026412  -0.12475854 -0.68459255]
 [ 0.49852884  0.6941315  -0.13597666]
 [-0.49660885  0.6977123  -0.11454744]
 [-0.50219584 -0.12575586 -0.70691025]]","[[ 0.71342933  0.2869996  -0.63925725]
 [-0.00381815  0.9138556   0.40602162]
 [-0.70071685  0.28722692 -0.65306693]]"
20200220-152927.513309,50,[1.8238759 1.4419559 0.5590568],"[[ 0.5028394  -0.12546417 -0.68397844]
 [ 0.494293    0.6966977  -0.14019184]
 [-0.5009094   0.69385576 -0.11731046]
 [-0.5019132  -0.13204384 -0.7062281 ]]","[[ 0.71089864  0.29009572 -0.64067775]
 [-0.00936618  0.91479063  0.40382   ]
 [-0.7032323   0.28107435 -0.6530405 ]]"
20200220-152927.513309,51,[1.8324132 1.4437793 0.5561416],"[[ 0.5028634  -0.1316992  -0.68272835]
 [ 0.49839008  0.693245   -0.14309898]
 [-0.49689257  0.69603634 -0.12125656]
 [-0.50183034 -0.13266549 -0.7061882 ]]","[[ 0.7136351   0.2840541  -0.6403426 ]
 [-0.00408659  0.9157713   0.4016794 ]
 [-0.70050603  0.28403565 -0.6546873 ]]"
20200220-152927.513309,52,[1.8413428 1.4440593 0.5526464],"[[ 0.5026605  -0.13574691  0.68215346]
 [ 0.49835643  0.69230485  0.14733241]
 [-0.496969    0.69534904  0.12544118]
 [-0.50199175 -0.1370281   0.70514125]]","[[ 0.7134247   0.2820677   0.64145374]
 [-0.00413363  0.91708356 -0.39867336]
 [-0.7007198   0.2817719   0.6554361 ]]"
20200220-152927.513309,53,[1.8503034  1.4444053  0.54920906],"[[ 0.50245905 -0.13970369  0.6815707 ]
 [ 0.49833888  0.6913515   0.15145437]
 [-0.49702862  0.6946656   0.1295211 ]
 [-0.50215137 -0.14126553  0.7040935 ]]","[[ 0.7132251   0.28012767  0.6425251 ]
 [-0.00416138  0.9183447  -0.39575997]
 [-0.7009228   0.27959222  0.6561522 ]]"
20200220-152927.513309,54,[1.8590728  1.4420993  0.54679567],"[[ 0.5022845  -0.1458796   0.68046576]
 [ 0.5021253   0.6878536   0.1545629 ]
 [-0.49330547  0.696627    0.13375892]
 [-0.50222564 -0.14243476  0.70369434]]","[[ 7.1561009e-01  2.7362221e-01  6.4267683e-01]
 [ 7.8179548e-04  9.1976684e-01 -3.9246505e-01]
 [-6.9849986e-01  2.8135440e-01  6.5798032e-01]]"
20200220-152927.513309,55,[1.8687016 1.4438189 0.5440983],"[[ 0.5021135  -0.15135969  0.6794633 ]
 [ 0.5057387   0.68455386  0.15707196]
 [-0.48968512  0.69857174  0.13737786]
 [-0.5023144  -0.14308727  0.70341027]]","[[ 0.7178831   0.26822814  0.64241576]
 [ 0.00552923  0.9205678  -0.39054385]
 [-0.6961421   0.2839169   0.6593769 ]]"
20200220-152927.513309,56,[1.8777214 1.4512666 0.5417013],"[[ 0.5018791  -0.15296125  0.67934847]
 [ 0.5057702   0.68405205  0.1587702 ]
 [-0.48969218  0.698357    0.13902691]
 [-0.5025096  -0.14482252  0.7028156 ]]","[[ 0.717701    0.2685692   0.6424763 ]
 [ 0.00556947  0.9203891  -0.39096433]
 [-0.69632924  0.2841738   0.65906847]]"
20200220-152927.513309,57,[1.8877691 1.4485413 0.5371985],"[[ 0.5018555  -0.15814754  0.67812085]
 [ 0.5054502   0.6830503   0.16429535]
 [-0.49004114  0.696966    0.1444315 ]
 [-0.50251454 -0.1505653   0.7016401 ]]","[[ 0.7175109   0.2657571   0.6438564 ]
 [ 0.00516748  0.9222981  -0.38644475]
 [-0.696528    0.2806055   0.66038567]]"
20200220-152927.513309,58,[1.8975582 1.4456158 0.5349979],"[[ 0.50166756 -0.16365615  0.6770193 ]
 [ 0.50857854  0.6799515   0.1671956 ]
 [-0.48688814  0.69843155  0.14837569]
 [-0.5026107  -0.15190737  0.70119536]]","[[ 0.7195113   0.25984678  0.64403665]
 [ 0.00935652  0.92365307 -0.38311544]
 [-0.6944177   0.28168172  0.66214746]]"
20200220-152927.513309,59,[1.9066913  1.4462076  0.53188014],"[[ 0.5014441  -0.16683578  0.6764587 ]
 [ 0.5081634   0.6792979   0.17085145]
 [-0.48734912  0.697445    0.15185763]
 [-0.50280625 -0.15585275  0.7001088 ]]","[[ 0.71908164  0.25863612  0.64500284]
 [ 0.00884311  0.92468035 -0.38064113]
 [-0.69486916  0.27941585  0.66263366]]"
20200220-152927.513309,60,[1.9163338 1.4481646 0.5294587],"[[ 0.5015733  -0.16693412  0.6761352 ]
 [ 0.50440085  0.68147343  0.17422451]
 [-0.49123353  0.6941083   0.15379316]
 [-0.5026866  -0.16106087  0.69916725]]","[[ 0.71669203  0.26182184  0.64637595]
 [ 0.00382811  0.9253592  -0.37907183]
 [-0.69737935  0.27415228  0.6621954 ]]"
20200220-152927.513309,61,[1.9261972 1.4500278 0.5270564],"[[ 0.5013702  -0.17171597  0.67515296]
 [ 0.5076357   0.6784607   0.17629722]
 [-0.48797825  0.6957856   0.15695393]
 [-0.5028031  -0.16151592  0.69889426]]","[[ 0.7187545   0.2570485   0.6460016 ]
 [ 0.00814798  0.92596775 -0.3775147 ]
 [-0.6952161   0.276604    0.6634491 ]]"
20200220-152927.513309,62,[1.9352468  1.4482073  0.52491134],"[[ 0.5011626  -0.17685474  0.6740269 ]
 [ 0.51063085  0.6754774   0.17891106]
 [-0.48498696  0.6971266   0.16064225]
 [-0.50287163 -0.16268711  0.69847864]]","[[ 0.7206726   0.2516342   0.6459963 ]
 [ 0.01215454  0.9270738  -0.37468174]
 [-0.69316894  0.27787462  0.66505814]]"
20200220-152927.513309,63,[1.9440534 1.446549  0.5228281],"[[ 0.5012763  -0.17735758  0.6735944 ]
 [ 0.50687575  0.677531    0.18273127]
 [-0.4889235   0.6936577   0.1629738 ]
 [-0.50274515 -0.1683292   0.69736594]]","[[ 0.7182847   0.25401086  0.6477232 ]
 [ 0.00713298  0.9282349  -0.37192628]
 [-0.6957126   0.2717691   0.66492504]]"
20200220-152927.513309,64,[1.9535973 1.4494057 0.5210729],"[[ 0.5010734  -0.18342398  0.67219114]
 [ 0.5130861   0.6725793   0.1834091 ]
 [-0.48258662  0.69747454  0.1659016 ]
 [-0.5027713  -0.16589987  0.6978516 ]]","[[ 0.7224201   0.2462552   0.64611745]
 [ 0.01545619  0.9284479  -0.3711414 ]
 [-0.69128186  0.27810657  0.66692305]]"
20200220-152927.513309,65,[1.963362  1.4468744 0.5191441],"[[ 0.5012367  -0.18384248  0.67175245]
 [ 0.50928813  0.67466456  0.18717784]
 [-0.4865446   0.69398665  0.16816454]
 [-0.5026544  -0.1715003   0.6967309 ]]","[[ 0.7200469   0.24849993  0.6479045 ]
 [ 0.01040979  0.9297072  -0.36815256]
 [-0.69384736  0.2718318   0.6668461 ]]"
20200220-152927.513309,66,[1.972485  1.4479829 0.5163034],"[[ 0.5013315  -0.18245631  0.6718615 ]
 [ 0.5027508   0.67854786  0.19157667]
 [-0.49324226  0.6886375   0.16995089]
 [-0.5026138  -0.17905612  0.69499457]]","[[ 0.7156419   0.2546072   0.6504093 ]
 [ 0.00167739  0.93056554 -0.3661218 ]
 [-0.6984656   0.263103    0.6655245 ]]"
20200220-152927.513309,67,[1.9820023 1.4490465 0.5133778],"[[ 0.50129765 -0.18550977  0.67098624]
 [ 0.5026728   0.6777701   0.1947682 ]
 [-0.49338192  0.6877386   0.17304535]
 [-0.50258833 -0.18228985  0.69418865]]","[[ 0.71557087  0.25328764  0.65100193]
 [ 0.00153054  0.93137574 -0.36405602]
 [-0.6985385   0.2615043   0.66607785]]"
20200220-152927.513309,68,[1.9913903 1.4500196 0.5106333],"[[ 0.5010868  -0.18830487  0.6704236 ]
 [ 0.5025345   0.6769344   0.1977918 ]
 [-0.49355537  0.6869621   0.17596513]
 [-0.50276667 -0.18542996  0.6931427 ]]","[[ 0.7152957   0.25213662  0.6517508 ]
 [ 0.00135134  0.93214154 -0.36209166]
 [-0.69882065  0.25988343  0.66641605]]"
20200220-152927.513309,69,[2.0002031  1.456553   0.50817955],"[[ 0.50088245 -0.19193006  0.66961366]
 [ 0.50550824  0.6743157   0.19889046]
 [-0.49057415  0.6886238   0.17815438]
 [-0.5029067  -0.18509048  0.69305193]]","[[ 0.7172138   0.24901915  0.6508408 ]
 [ 0.00532498  0.93198556 -0.36245626]
 [-0.6968328   0.2634243   0.66710687]]"
20200220-152927.513309,70,[2.0090702 1.4629434 0.5057647],"[[ 0.5006601  -0.1955071   0.66881204]
 [ 0.5084331   0.6717127   0.1999697 ]
 [-0.4876228   0.69024855  0.18031883]
 [-0.5030497  -0.1847585   0.6929556 ]]","[[ 0.71908444  0.24592783  0.64995134]
 [ 0.00923794  0.9318205  -0.36280173]
 [-0.6948611   0.2668894   0.6677859 ]]"
20200220-152927.513309,71,[2.0185297 1.4638412 0.5031578],"[[ 0.50046426 -0.19810699  0.66825724]
 [ 0.5082495   0.6709323   0.20281106]
 [-0.4878427   0.6894533   0.18309963]
 [-0.5032172  -0.18777013  0.691935  ]]","[[ 0.71879625  0.24490559  0.650656  ]
 [ 0.0089992   0.9325424  -0.36094865]
 [-0.6951626   0.2653039   0.6681038 ]]"
20200220-152927.513309,72,[2.0282102  1.4607085  0.50087714],"[[ 0.5004601  -0.20116574  0.66727644]
 [ 0.50793135  0.6702335   0.20619085]
 [-0.488227    0.68826693  0.18634054]
 [-0.5031703  -0.19133368  0.69101727]]","[[ 0.71861327  0.2430001   0.651572  ]
 [ 0.00857053  0.933795   -0.35770586]
 [-0.69535726  0.26263645  0.66895473]]"
20200220-152927.513309,73,[2.0373008  1.4592127  0.49916518],"[[ 0.5005964  -0.20159784  0.6668432 ]
 [ 0.50476706  0.67184144  0.20946853]
 [-0.491533    0.68523854  0.1882088 ]
 [-0.503      -0.19605006  0.6899428 ]]","[[ 0.71655124  0.24498598  0.6530976 ]
 [ 0.00430116  0.93472457 -0.3553471 ]
 [-0.6975214   0.25743353  0.6687243 ]]"
20200220-152927.513309,74,[2.0466516  1.4642698  0.49642414],"[[ 0.5005645  -0.20354427  0.6662188 ]
 [ 0.504602    0.67135346  0.21161751]
 [-0.49171627  0.68451667  0.19017568]
 [-0.50301826 -0.19822076  0.6893502 ]]","[[ 0.71643627  0.24499173  0.6532214 ]
 [ 0.00409239  0.93482155 -0.35509455]
 [-0.6976407   0.25707585  0.6687373 ]]"
20200220-152927.513309,75,[2.0563157  1.4655762  0.49385262],"[[ 0.50085604 -0.20227884  0.66607887]
 [ 0.49871656  0.674826    0.21558434]
 [-0.4977149   0.6795118   0.19153686]
 [-0.50269747 -0.20483245  0.68787795]]","[[ 0.71253884  0.25053033  0.6553801 ]
 [-0.00381927  0.9354496  -0.35343948]
 [-0.7016223   0.24933626  0.66750103]]"
20200220-152927.513309,76,[2.0661774  1.4645895  0.49281645],"[[ 0.5005145  -0.20785138  0.6648058 ]
 [ 0.5043685   0.6702062   0.21623321]
 [-0.49206486  0.6829652   0.19457176]
 [-0.5029608  -0.20292829  0.6880541 ]]","[[ 0.7162727   0.24286346  0.6541947 ]
 [ 0.0037445   0.93613166 -0.3516296 ]
 [-0.6978105   0.25431234  0.6696163 ]]"
20200220-152927.513309,77,[2.0759943 1.4617007 0.4907091],"[[ 0.5005071  -0.21078527  0.66382694]
 [ 0.5042254   0.6693833   0.21934156]
 [-0.49226514  0.6819156   0.19759022]
 [-0.5029159  -0.20612314  0.6871545 ]]","[[ 0.7161838   0.24091601  0.65501165]
 [ 0.00353155  0.93726766 -0.34859234]
 [-0.6979028   0.25196943  0.67040527]]"
20200220-152927.513309,78,[2.0854106  1.4669259  0.48810393],"[[ 0.500499   -0.21256699  0.66321063]
 [ 0.5041291   0.6688848   0.2212545 ]
 [-0.4923771   0.68126863  0.1993762 ]
 [-0.5029111  -0.20804195  0.6866203 ]]","[[ 0.7161148   0.24099508  0.6550581 ]
 [ 0.00338865  0.93729055 -0.3485325 ]
 [-0.6979745   0.25180903  0.6703911 ]]"
20200220-152927.513309,79,[2.0955675  1.4685365  0.48643452],"[[ 0.50047386 -0.21246101  0.66322094]
 [ 0.5013607   0.6702176   0.2236636 ]
 [-0.49519032  0.67885923  0.20052433]
 [-0.50294125 -0.21170478  0.68549436]]","[[ 7.1409637e-01  2.4348457e-01  6.5633982e-01]
 [-3.4032040e-04  9.3768537e-01 -3.4748599e-01]
 [-7.0004749e-01  2.4791507e-01  6.6968036e-01]]"
20200220-152927.513309,80,[2.104678  1.4711585 0.4846801],"[[ 0.5007887  -0.21238023  0.662711  ]
 [ 0.49856976  0.6718242   0.22607839]
 [-0.49805272  0.6761772   0.20155008]
 [-0.502576   -0.21524744  0.68489444]]","[[ 0.7123932   0.24613643  0.65720063]
 [-0.00412775  0.9379295  -0.3468013 ]
 [-0.7017685   0.24434616  0.6691906 ]]"
20200220-152927.513309,81,[2.1143982  1.4722139  0.48247704],"[[ 0.50096494 -0.21468648  0.66166264]
 [ 0.4985118   0.671256    0.22846533]
 [-0.49814674  0.6752669   0.20379046]
 [-0.5023647  -0.2175777   0.6844528 ]]","[[ 0.7125225   0.24513736  0.65743417]
 [-0.00423927  0.9384707  -0.34533295]
 [-0.7016366   0.2432704   0.6697206 ]]"
20200220-152927.513309,82,[2.123555  1.4748794 0.4807836],"[[ 0.50091    -0.214608    0.6616873 ]
 [ 0.49597687  0.67241853  0.23070203]
 [-0.5007281   0.6730331   0.20484975]
 [-0.5023617  -0.22095993  0.68336165]]","[[ 0.7106058   0.24766797  0.6585591 ]
 [-0.00768706  0.93867475 -0.3447181 ]
 [-0.7035484   0.2398963   0.66893154]]"
20200220-152927.513309,83,[2.1340706 1.4726074 0.4794349],"[[ 0.5007547  -0.21867065  0.66054684]
 [ 0.49877265  0.6697156   0.2323371 ]
 [-0.49796775  0.67428446  0.20770022]
 [-0.50249213 -0.2213697   0.6830504 ]]","[[ 0.712465    0.2428807   0.65833324]
 [-0.00400201  0.9395785  -0.34231022]
 [-0.7016962   0.24124941  0.67038876]]"
20200220-152927.513309,84,[2.1440268  1.4698874  0.47754884],"[[ 0.50072145 -0.22139856  0.65960765]
 [ 0.49873048  0.66883177  0.23517317]
 [-0.49806198  0.67333555  0.21042168]
 [-0.502474   -0.2242007   0.6821541 ]]","[[ 0.7124157   0.24098721  0.6590822 ]
 [-0.00408559  0.9405958  -0.33950388]
 [-0.70174587  0.23917511  0.6710798 ]]"
20200220-152927.513309,85,[2.1540396  1.4715574  0.47530052],"[[ 0.5006982  -0.22358207  0.6588324 ]
 [ 0.49872106  0.66810876  0.23742945]
 [-0.49812138  0.672582    0.21258762]
 [-0.50244766 -0.22644104  0.6814498 ]]","[[ 0.7123919   0.24013832  0.65941745]
 [-0.00412574  0.94105005 -0.3382425 ]
 [-0.7017697   0.23824067  0.6713872 ]]"
20200220-152927.513309,86,[2.1638052 1.4729278 0.4732453],"[[ 0.5005161  -0.22571974  0.6583159 ]
 [ 0.49887565  0.6671798   0.23949407]
 [-0.49799442  0.6720979   0.21471237]
 [-0.5026013  -0.22848637  0.6805592 ]]","[[ 0.71230143  0.23918214  0.6598625 ]
 [-0.00395727  0.9414978  -0.3369955 ]
 [-0.7018626   0.2374311   0.6715768 ]]"
20200220-152927.513309,87,[2.1744843  1.4727316  0.47308978],"[[ 0.5003765  -0.22838618  0.6575719 ]
 [ 0.5015227   0.6650163   0.23980892]
 [-0.49536484  0.6736202   0.21624665]
 [-0.5027048  -0.22766066  0.68068224]]","[[ 7.1408445e-01  2.3544396e-01  6.5927970e-01]
 [-4.3902738e-04  9.4189835e-01 -3.3589801e-01]
 [-7.0005947e-01  2.3957010e-01  6.7269826e-01]]"
20200220-152927.513309,88,[2.1857963  1.4755085  0.46963382],"[[ 0.5003532  -0.23104559  0.65660846]
 [ 0.5013363   0.6641637   0.24270351]
 [-0.49556822  0.67255074  0.21895793]
 [-0.50271314 -0.23060803  0.6797191 ]]","[[ 7.1395504e-01  2.3473810e-01  6.5967137e-01]
 [-6.7091599e-04  9.4235879e-01 -3.3460376e-01]
 [-7.0019126e-01  2.3844942e-01  6.7295921e-01]]"
20200220-152927.513309,89,[2.1960282  1.4728992  0.46790552],"[[ 0.5000536  -0.23672946  0.6549584 ]
 [ 0.5060655   0.65987897  0.24416095]
 [-0.4908221   0.6749626   0.22267881]
 [-0.50292873 -0.23009609  0.6795797 ]]","[[ 0.7171581   0.22747397  0.6587412 ]
 [ 0.00570617  0.9432823  -0.33194283]
 [-0.69688714  0.24181433  0.6751845 ]]"
20200220-152927.513309,90,[2.2061605  1.4723957  0.46725973],"[[ 0.50003576 -0.23798995  0.6544618 ]
 [ 0.5058793   0.6595511   0.24562891]
 [-0.49105984  0.6743188   0.22399183]
 [-0.5029017  -0.2316182   0.67909765]]","[[ 0.7170365   0.22669876  0.6591406 ]
 [ 0.00545261  0.9437808  -0.33052686]
 [-0.69701415  0.24059393  0.6754893 ]]"
20200220-152927.513309,91,[2.2155788  1.47153    0.46605936],"[[ 0.5001432  -0.2382375   0.65412617]
 [ 0.503367    0.6607005   0.24821462]
 [-0.4936746   0.67185646  0.22524679]
 [-0.50275594 -0.23521619  0.6780649 ]]","[[ 0.7153175   0.22835995  0.66043365]
 [ 0.00202347  0.9444166  -0.32874507]
 [-0.69879663  0.23649344  0.67509556]]"
20200220-152927.513309,92,[2.2263436 1.4676386 0.4639626],"[[ 0.5002512  -0.23956203  0.6533941 ]
 [ 0.5007375   0.66147083  0.251993  ]
 [-0.49636087  0.66892034  0.22759317]
 [-0.5026295  -0.24002539  0.6765921 ]]","[[ 0.71352977  0.22899802  0.6621445 ]
 [-0.00149898  0.9455736  -0.32540467]
 [-0.70062333  0.23119333  0.6750382 ]]"
20200220-152927.513309,93,[2.2355726 1.4708328 0.4625742],"[[ 0.50014    -0.23928174  0.65354353]
 [ 0.49844435  0.6625332   0.2538677 ]
 [-0.49870256  0.6669646   0.22820687]
 [-0.5027016  -0.24279933  0.67553973]]","[[ 0.711737    0.23153909  0.66318935]
 [-0.00461015  0.9456336  -0.32520106]
 [-0.7024309   0.2284002   0.67410994]]"
20200220-152927.513309,94,[2.2457633 1.4685202 0.4609948],"[[ 0.5001287  -0.2417452   0.6526091 ]
 [ 0.4985651   0.6615735   0.25626847]
 [-0.49862692  0.66616553  0.23062935]
 [-0.50266826 -0.24515997  0.67471343]]","[[ 0.71178883  0.22970276  0.66377205]
 [-0.00451413  0.94649094 -0.32269898]
 [-0.702379    0.2266971   0.6747386 ]]"
20200220-152927.513309,95,[2.2557504  1.4765168  0.46004522],"[[ 0.50010884 -0.24474391  0.65154964]
 [ 0.5032002   0.658478    0.25503877]
 [-0.49398974  0.66926837  0.23175244]
 [-0.5026477  -0.24204652  0.6758172 ]]","[[ 0.7151656   0.22576652  0.6614888 ]
 [ 0.00168417  0.9458377  -0.32463565]
 [-0.6989529   0.23328234  0.6760504 ]]"
20200220-152927.513309,96,[2.2647557  1.4835272  0.45852354],"[[ 0.50020325 -0.24379092  0.65169024]
 [ 0.5008257   0.6599565   0.25629774]
 [-0.49640867  0.66738003  0.23167406]
 [-0.5025428  -0.24418844  0.67523205]]","[[ 0.7135174   0.22938085  0.6620254 ]
 [-0.00152219  0.94539523 -0.32592306]
 [-0.700636    0.23154408  0.6749049 ]]"
20200220-152927.513309,97,[2.2750678  1.4830108  0.45802972],"[[ 0.5004146  -0.24207197  0.65193003]
 [ 0.49624762  0.662722    0.25877795]
 [-0.50103766  0.66368186  0.2317103 ]
 [-0.5022801  -0.24845032  0.67404133]]","[[ 0.7103359   0.23364551  0.66395247]
 [-0.00769361  0.94581896 -0.3246036 ]
 [-0.7038208   0.22546937  0.6736466 ]]"
20200220-152927.513309,98,[2.2849674  1.4882942  0.45610592],"[[ 0.5002492  -0.24033098  0.65269846]
 [ 0.49185562  0.66509545  0.26107025]
 [-0.50539696  0.66040075  0.23170279]
 [-0.5023969  -0.2525075   0.6724143 ]]","[[ 0.70688134  0.23903947  0.66571695]
 [-0.01359518  0.9455835  -0.3250955 ]
 [-0.7072015   0.22075336  0.67166513]]"
20200220-152927.513309,99,[2.29524    1.4859864  0.45460886],"[[ 0.50023323 -0.24280812  0.6517704 ]
 [ 0.49216452  0.66402024  0.26332214]
 [-0.505136    0.6597599   0.23405801]
 [-0.5023729  -0.25463519  0.6716205 ]]","[[ 0.7070427   0.2370832   0.666245  ]
 [-0.01327548  0.94641125 -0.3226919 ]
 [-0.7070464   0.21931224  0.6723004 ]]"
20200220-152927.513309,100,[2.3044798  1.4892257  0.45336822],"[[ 0.50035393 -0.24546814  0.650631  ]
 [ 0.4945678   0.6620954   0.26381683]
 [-0.50279564  0.66088414  0.23578629]
 [-0.5022406  -0.25417992  0.6719263 ]]","[[ 0.70889527  0.23432247  0.6652523 ]
 [-0.01014347  0.94649005 -0.3225741 ]
 [-0.70524096  0.22192329  0.67333907]]"
20200220-152927.513309,101,[2.3137226  1.4923273  0.45214632],"[[ 0.5004539  -0.24811567  0.64950037]
 [ 0.49692708  0.660179    0.26433307]
 [-0.5004889   0.6619711   0.23751238]
 [-0.5021157  -0.25376368  0.67220926]]","[[ 0.71070355  0.23157144  0.66428554]
 [-0.00705723  0.94656837 -0.3224256 ]
 [-0.7034563   0.22446097  0.6743638 ]]"
20200220-152927.513309,102,[2.3233662  1.4916027  0.45116928],"[[ 0.500327   -0.2512799   0.64843225]
 [ 0.4992523   0.6579433   0.2654203 ]
 [-0.49821874  0.66293424  0.2397795 ]
 [-0.50219315 -0.25394312  0.672007  ]]","[[ 0.71229583  0.22789045  0.6638529 ]
 [-0.00399308  0.94712245 -0.32084805]
 [-0.701868    0.22588795  0.6755413 ]]"
20200220-152927.513309,103,[2.332998  1.4909238 0.4502028],"[[ 0.50039405 -0.25148442  0.6481585 ]
 [ 0.49702862  0.6588689   0.26771945]
 [-0.50050026  0.66073203  0.24078973]
 [-0.50206393 -0.2570617   0.6709973 ]]","[[ 0.710719    0.22934072  0.6650425 ]
 [-0.00700577  0.94762677 -0.31930327]
 [-0.70344126  0.22227573  0.67510307]]"
20200220-152927.513309,104,[2.3421075 1.4979464 0.4488435],"[[ 0.5004884  -0.2504899   0.64833796]
 [ 0.4947917   0.6602548   0.2688006 ]
 [-0.50274587  0.65898395  0.24059255]
 [-0.50193566 -0.25895774  0.67046225]]","[[ 0.70914114  0.23283757  0.66551137]
 [-0.0100117   0.94712895 -0.32069704]
 [-0.70499545  0.22075656  0.67397916]]"
20200220-152927.513309,105,[2.3529484  1.5039351  0.44751158],"[[ 0.50061315 -0.25252536  0.64740694]
 [ 0.4970545   0.6586132   0.26876956]
 [-0.5005036   0.66020894  0.24174827]
 [-0.5018163  -0.25803837  0.670958  ]]","[[ 0.7109044   0.23092665  0.6642951 ]
 [-0.00702374  0.94683945 -0.3216299 ]
 [-0.70325375  0.2239823   0.6747341 ]]"
20200220-152927.513309,106,[2.3620543  1.5109     0.44619763],"[[ 0.5005002  -0.2544274   0.64681226]
 [ 0.4993079   0.6568901   0.26863396]
 [-0.49826705  0.66159296  0.2427729 ]
 [-0.50191724 -0.25701553  0.6712163 ]]","[[ 0.7124544   0.22935998  0.6631761 ]
 [-0.00403723  0.94639856 -0.32297558]
 [-0.7017067   0.22742799  0.67519206]]"
20200220-152927.513309,107,[2.3719382  1.5180353  0.44545406],"[[ 0.50049335 -0.25440758  0.6467986 ]
 [ 0.49930143  0.6569217   0.26863864]
 [-0.49827653  0.6615858   0.24270402]
 [-0.5019217  -0.2569726   0.67125267]]","[[ 0.71243864  0.23050149  0.66279763]
 [-0.00405313  0.94584906 -0.32458165]
 [-0.701723    0.228558    0.6747935 ]]"
20200220-152927.513309,108,[2.3821278  1.5192798  0.44395995],"[[ 0.50029427 -0.25601554  0.6464072 ]
 [ 0.49942672  0.6561075   0.27017605]
 [-0.49817026  0.6611832   0.24429755]
 [-0.5021006  -0.25848892  0.67043376]]","[[ 0.71232295  0.22982106  0.663158  ]
 [-0.00392133  0.9461573  -0.32368392]
 [-0.70184106  0.227967    0.6748705 ]]"
20200220-152927.513309,109,[2.3931096  1.5186876  0.44210663],"[[ 0.5002059  -0.25664997  0.64620996]
 [ 0.49724305  0.6566793   0.27287155]
 [-0.50036     0.6589798   0.2457514 ]
 [-0.5021787  -0.26200995  0.66899955]]","[[ 0.7106156   0.23115537  0.6645245 ]
 [-0.00684146  0.94671524 -0.32199964]
 [-0.70354724  0.22427161  0.67433196]]"
20200220-152927.513309,110,[2.4041746  1.5266603  0.44202262],"[[ 0.50012463 -0.25467727  0.64704424]
 [ 0.49520075  0.6582647   0.27278295]
 [-0.5023999   0.6578985   0.24451874]
 [-0.50224125 -0.26267323  0.6686805 ]]","[[ 0.70899534  0.23504287  0.6648914 ]
 [-0.0095892   0.9459493  -0.3241731 ]
 [-0.70514816  0.22346139  0.6729274 ]]"
20200220-152927.513309,111,[2.4140975  1.5317147  0.44039437],"[[ 0.50015676 -0.25568253  0.6466032 ]
 [ 0.49530387  0.65782475  0.27370927]
 [-0.5022993   0.6575908   0.2454919 ]
 [-0.50220793 -0.26356703  0.66837204]]","[[ 0.709062    0.23531568  0.66472393]
 [-0.00948473  0.94577277 -0.32469103]
 [-0.70508254  0.22392134  0.6728433 ]]"
20200220-152927.513309,112,[2.4243734  1.5370626  0.43865472],"[[ 0.5003854  -0.25671318  0.64586294]
 [ 0.49532714  0.65754735  0.2747386 ]
 [-0.5023002   0.65706617  0.24648297]
 [-0.50195587 -0.26456305  0.6683008 ]]","[[ 0.709259    0.23563842  0.6643991 ]
 [-0.00948942  0.9455856  -0.32523504]
 [-0.7048842   0.22437112  0.6729012 ]]"
20200220-152927.513309,113,[2.4358604 1.5433186 0.4375291],"[[ 0.50049984 -0.2557168   0.6460353 ]
 [ 0.493156    0.6588979   0.2757558 ]
 [-0.50448143  0.6553663   0.2462652 ]
 [-0.5017927  -0.26637903  0.66779536]]","[[ 0.7077373   0.23884018  0.6648785 ]
 [-0.01238921  0.9451713  -0.32634014]
 [-0.70636725  0.22272581  0.6718919 ]]"
20200220-152927.513309,114,[2.4470804  1.546813   0.43546358],"[[ 0.5004377  -0.25592282  0.6460097 ]
 [ 0.49120584  0.65950227  0.27777213]
 [-0.5064134   0.6535313   0.24723823]
 [-0.5018212  -0.269178    0.6666241 ]]","[[ 0.7061654   0.24094233  0.66579074]
 [-0.01502965  0.945209   -0.32611963]
 [-0.7078875   0.22028781  0.6710953 ]]"
20200220-152927.513309,115,[2.4577403  1.5480407  0.43400794],"[[ 0.5004447  -0.2576016   0.64531076]
 [ 0.49145535  0.6587241   0.279263  ]
 [-0.5062095   0.6530741   0.2488381 ]
 [-0.5017752  -0.27058795  0.6660822 ]]","[[ 0.7063032   0.2401278   0.66593856]
 [-0.01478492  0.94551027 -0.32525623]
 [-0.707755    0.21988371  0.6713674 ]]"
20200220-152927.513309,116,[2.4683888  1.548718   0.43272263],"[[-0.50045323 -0.25646082  0.64566684]
 [-0.48742092  0.6607368   0.28183362]
 [ 0.5101921   0.6497731   0.24916984]
 [ 0.5016685  -0.2746809   0.66452885]]","[[-0.70323384  0.24403158  0.66776556]
 [ 0.0201956   0.94572425 -0.32434195]
 [ 0.7106718   0.21460232  0.6699937 ]]"
20200220-152927.513309,117,[2.4801188  1.5438071  0.43126565],"[[-0.50052917 -0.257921    0.64494324]
 [-0.4858285   0.66075534  0.28479025]
