Timestamp,Epoch,s,u,v
20200220-172120.616605,0,[1.8274271 1.4207071 0.7625121],"[[ 0.26069212  0.50004214  0.6574142 ]
 [ 0.65674186  0.50046337 -0.2607992 ]
 [ 0.65775996 -0.49955162 -0.26081786]
 [ 0.2609245  -0.49994272  0.657088  ]]","[[ 4.9499118e-01  7.0726115e-01  5.0474322e-01]
 [ 7.1363026e-01  4.8530774e-04 -7.0052248e-01]
 [ 4.9569708e-01 -7.0695245e-01  5.0448269e-01]]"
20200220-172120.616605,1,[1.8095187 1.4272867 0.7606625],"[[ 0.2594447  -0.49776545  0.6599188 ]
 [ 0.66484576 -0.4927119  -0.2541598 ]
 [ 0.6552691   0.50728863 -0.2528734 ]
 [ 0.24757014  0.5021182   0.6602766 ]]","[[ 0.49819785 -0.7030948   0.50740176]
 [ 0.7186629   0.00743911 -0.6953188 ]
 [ 0.48510042  0.71105707  0.5089942 ]]"
20200220-172120.616605,2,[1.7913349 1.4342003 0.7574569],"[[ 0.24949202 -0.49778268  0.66372   ]
 [ 0.66881764 -0.4924647  -0.24405761]
 [ 0.65887046  0.50753194 -0.2427851 ]
 [ 0.23733208  0.5020977   0.6640533 ]]","[[ 0.4935611  -0.7029746   0.5120784 ]
 [ 0.72527224  0.00774126 -0.68841875]
 [ 0.4799767   0.71117276  0.5136688 ]]"
20200220-172120.616605,3,[1.7678976  1.4411905  0.75453633],"[[ 0.24013148 -0.49773756  0.66718423]
 [ 0.6725712  -0.49205512 -0.23442203]
 [ 0.66200787  0.50793505 -0.23317304]
 [ 0.22744313  0.50213647  0.66748935]]","[[ 0.48896658 -0.7027448   0.5167801 ]
 [ 0.7319117   0.00821393 -0.68135   ]
 [ 0.4745704   0.7113948   0.5183635 ]]"
20200220-172120.616605,4,[1.7469003  1.4480698  0.75071126],"[[ 0.2333727  -0.49631664  0.6707844 ]
 [ 0.6803611  -0.48610446 -0.22364147]
 [ 0.6616663   0.5137861  -0.22154805]
 [ 0.21176341  0.50338453  0.67152774]]","[[ 0.48874915 -0.69947517  0.52140075]
 [ 0.7391708   0.01455128 -0.67336076]
 [ 0.46341205  0.7145088   0.5241436 ]]"
20200220-172120.616605,5,[1.722492   1.4551442  0.74707234],"[[ 0.21899499 -0.49757084  0.6745268 ]
 [ 0.6809712  -0.49056357 -0.2123047 ]
 [ 0.6682875   0.50944006 -0.21094769]
 [ 0.20423232  0.5022362   0.6748641 ]]","[[ 0.4789759  -0.7019001   0.5271795 ]
 [ 0.7466856   0.00999621 -0.66510195]
 [ 0.4615653   0.71220535  0.5288866 ]]"
20200220-172120.616605,6,[1.7054902 1.4620173 0.7443407],"[[ 0.20615226 -0.4989409   0.6773783 ]
 [ 0.67981106 -0.49621415 -0.20331529]
 [ 0.67483     0.50391334 -0.20274946]
 [ 0.19990769  0.5009002   0.67728484]]","[[ 0.46924525 -0.7049839   0.5317959 ]
 [ 0.7524795   0.0040493  -0.6586034 ]
 [ 0.46215138  0.70921195  0.532386  ]]"
20200220-172120.616605,7,[1.6916116  1.4693365  0.74193394],"[[ 0.19896443 -0.49886608  0.6795808 ]
 [ 0.6824017  -0.4956851  -0.19578266]
 [ 0.676673    0.50443745 -0.19516289]
 [ 0.19197504  0.5009705   0.67952234]]","[[ 0.46566793 -0.70467806  0.5353336 ]
 [ 0.7575169   0.00466353 -0.6527987 ]
 [ 0.45751643  0.70951176  0.53597736]]"
20200220-172120.616605,8,[1.6741902  1.4765885  0.73755133],"[[ 0.18210329  0.50042605  0.68299145]
 [ 0.6806097   0.5028868  -0.18390314]
 [ 0.68487287 -0.49726078 -0.1840976 ]
 [ 0.18589617 -0.4994098   0.68250304]]","[[ 0.45287618  0.7086443   0.5410418 ]
 [ 0.76477516  0.00315956 -0.6442894 ]
 [ 0.4582815  -0.70555866  0.5405227 ]]"
20200220-172120.616605,9,[1.6693767  1.4834373  0.73373234],"[[ 0.17912385 -0.4987423   0.68515736]
 [ 0.6888547  -0.49449196 -0.1751579 ]
 [ 0.6814272   0.5056596  -0.1744175 ]
 [ 0.17044392  0.50104135  0.68516994]]","[[ 0.45646417 -0.7040148   0.5440624 ]
 [ 0.7699375   0.00609073 -0.63809025]
 [ 0.44591123  0.7101593   0.5448276 ]]"
20200220-172120.616605,10,[1.6570085  1.4909638  0.73112184],"[[ 0.17169487 -0.49873155  0.6870528 ]
 [ 0.6908195  -0.49437916 -0.16762933]
 [ 0.6831959   0.50577015 -0.16696386]
 [ 0.16289008  0.501052    0.68700963]]","[[ 0.4524207  -0.70394236  0.5475225 ]
 [ 0.77478135  0.00622796 -0.6321988 ]
 [ 0.44162157  0.7102301   0.54821897]]"
20200220-172120.616605,11,[1.6401404 1.4981827 0.7274678],"[[ 0.14671609  0.502436    0.68980604]
 [ 0.67857754  0.5149044  -0.15697585]
 [ 0.6997718  -0.48509037 -0.15808548]
 [ 0.1683035  -0.49711013  0.68886477]]","[[ 0.4270634   0.71525884  0.5531921 ]
 [ 0.7808788   0.01672252 -0.6244588 ]
 [ 0.45590037 -0.6986595   0.55138886]]"
20200220-172120.616605,12,[1.6344512  1.5049833  0.72279793],"[[ 0.11665229  0.5058563   0.6930181 ]
 [ 0.66012466  0.5415459  -0.14569223]
 [ 0.7205026  -0.4568474  -0.14874536]
 [ 0.17749146 -0.49206483  0.6901986 ]]","[[ 0.39495564  0.72915417  0.5588775 ]
 [ 0.7853048   0.04774714 -0.61726534]
 [ 0.47676647 -0.68268156  0.5537504 ]]"
20200220-172120.616605,13,[1.6166711 1.5121073 0.7183289],"[[ 0.0881633   0.5079791   0.69551456]
 [ 0.6436373   0.56411237 -0.13418813]
 [ 0.73776644 -0.43168378 -0.13818185]
 [ 0.1834633  -0.48722044  0.69221306]]","[[ 0.36410388  0.7408217   0.564457  ]
 [ 0.7901093   0.07518489 -0.60833776]
 [ 0.4931085  -0.6674808   0.55795497]]"
20200220-172120.616605,14,[1.60428   1.519034  0.7133702],"[[ 0.05355896  0.5093994   0.6978375 ]
 [ 0.61923546  0.5935156  -0.12257771]
 [ 0.7587376  -0.39696065 -0.12753123]
 [ 0.19492523 -0.48028487  0.69407   ]]","[[ 0.32423407  0.75514823  0.5697573 ]
 [ 0.7922714   0.11232883 -0.59974027]
 [ 0.51689297 -0.6458586   0.56186163]]"
20200220-172120.616605,15,[1.596333   1.5270764  0.70950717],"[[ 0.048092    0.5085708   0.6990052 ]
 [ 0.6238679   0.59003335 -0.11459278]
 [ 0.7581824  -0.4011881  -0.11837439]
 [ 0.18339916 -0.481938    0.69587904]]","[[ 0.32326284  0.7535658   0.5723985 ]
 [ 0.7976779   0.1084419  -0.5932542 ]
 [ 0.5091279  -0.6483665   0.56604755]]"
20200220-172120.616605,16,[1.5800493 1.5349596 0.7048542],"[[ 0.02724388  0.50829655  0.70048124]
 [ 0.6132684   0.602712   -0.10432317]
 [ 0.7680825  -0.3855408  -0.10711615]
 [ 0.18223363 -0.4793032   0.69783163]]","[[ 0.30098686  0.7597744   0.57632434]
 [ 0.8017262   0.12564059 -0.58433694]
 [ 0.51637393 -0.63793206  0.57131493]]"
20200220-172120.616605,17,[1.5663162  1.5433846  0.70081794],"[[ 0.04792862  0.50608784  0.7012906 ]
 [ 0.6484349   0.565728   -0.09607266]
 [ 0.7459811  -0.42986232 -0.09665719]
 [ 0.14404082 -0.48892272  0.69972795]]","[[ 0.33820412  0.74206877  0.5787504 ]
 [ 0.81320995  0.07905308 -0.57657635]
 [ 0.4736114  -0.66564596  0.57672155]]"
20200220-172120.616605,18,[1.5562142 1.5513645 0.6955827],"[[ 0.11562066  0.49385715  0.7021424 ]
 [ 0.73002     0.4575864  -0.08598808]
 [ 0.6712876  -0.5410461  -0.08539099]
 [ 0.0554591  -0.50397295  0.70164824]]","[[ 0.44323984  0.6818329   0.5819298 ]
 [ 0.8214235  -0.0490309  -0.56820726]
 [ 0.3588899  -0.72986287  0.581806  ]]"
20200220-172120.616605,19,[1.5590707 1.553517  0.6904878],"[[-0.5046883   0.03471582  0.70294493]
 [-0.55687064  0.6587608  -0.07670033]
 [ 0.44001403  0.7423136  -0.07605641]
 [ 0.4915      0.11747097  0.7029943 ]]","[[-0.7377638   0.336985    0.5849323 ]
 [-0.06863424  0.8245564  -0.5616016 ]
 [ 0.6715609   0.45447564  0.5851991 ]]"
20200220-172120.616605,20,[1.5667392 1.5513167 0.6853681],"[[-0.5015312   0.05435697  0.70409894]
 [-0.51866364  0.690036   -0.0676389 ]
 [ 0.4813698   0.7172682  -0.06690974]
 [ 0.49773258  0.08013774  0.70369965]]","[[-0.7171962   0.37380835  0.5881302 ]
 [-0.02190411  0.83144873 -0.55516964]
 [ 0.696527    0.41104808  0.5881241 ]]"
20200220-172120.616605,21,[1.5749825 1.5397545 0.6811713],"[[-0.5004353   0.05384038  0.7049086 ]
 [-0.5070298   0.6994468  -0.05871041]
 [ 0.49331784  0.70987314 -0.05802973]
 [ 0.49912181  0.062892    0.7044782 ]]","[[-0.710757    0.38036892  0.5917297 ]
 [-0.00803311  0.83675337 -0.5475211 ]
 [ 0.70339173  0.3939078   0.5916727 ]]"
20200220-172120.616605,22,[1.5830842 1.539868  0.6766571],"[[ 0.496211    0.07424126  0.70602655]
 [ 0.46697024  0.7274302  -0.05058375]
 [-0.53238183  0.6816123  -0.05100547]
 [-0.5022782   0.02717507  0.7045328 ]]","[[ 0.6872932   0.4165806   0.5950537 ]
 [-0.03911996  0.8392434  -0.5423472 ]
 [-0.7253261   0.34947303  0.5931029 ]]"
20200220-172120.616605,23,[1.5909848 1.5295879 0.6725098],"[[ 0.4974813   0.05857307  0.70658976]
 [ 0.47737706  0.72120786 -0.04206453]
 [-0.52257556  0.68975294 -0.04247457]
 [-0.5015367   0.02587889  0.7050943 ]]","[[ 0.6933834   0.40148428  0.59835607]
 [-0.02719919  0.84438515 -0.53504586]
 [-0.7200554   0.35471705  0.5964027 ]]"
20200220-172120.616605,24,[1.5993658  1.5255536  0.66845316],"[[ 0.49585426  0.0625316   0.70723087]
 [ 0.46057916  0.73263156 -0.03421515]
 [-0.5383779   0.6777093  -0.03568219]
 [-0.50214005  0.00712507  0.7052519 ]]","[[ 0.6832118   0.41385952  0.6016162 ]
 [-0.04696056  0.8470796  -0.52938735]
 [-0.72870886  0.33343154  0.59816974]]"
20200220-172120.616605,25,[1.6073748  1.5141847  0.66358817],"[[ 0.4987057   0.03443711  0.70732105]
 [ 0.48792264  0.7148964  -0.0253653 ]
 [-0.5124296   0.69818896 -0.02550833]
 [-0.50063986  0.0164099   0.7059765 ]]","[[ 0.69950324  0.3813436   0.60437757]
 [-0.01499738  0.85336906 -0.5210917 ]
 [-0.7144721   0.3554413   0.6026535 ]]"
20200220-172120.616605,26,[1.6157216 1.5199426 0.6604387],"[[ 4.9717104e-01  4.1652586e-02  7.0800018e-01]
 [ 4.7096384e-01  7.2635317e-01 -2.0335659e-02]
 [-5.2871436e-01  6.8605840e-01 -2.1589102e-02]
 [-5.0147337e-01  1.3072994e-04  7.0558941e-01]]","[[ 0.68924767  0.39660603  0.60633445]
 [-0.03515692  0.8541926  -0.51876676]
 [-0.7236724   0.33624178  0.60269374]]"
20200220-172120.616605,27,[1.6236768 1.5175358 0.656486 ],"[[ 0.49608555  0.04293944  0.70866   ]
 [ 0.45913282  0.73407763 -0.01310103]
 [-0.53980565  0.6775461  -0.01535896]
 [-0.5017029  -0.01475457  0.70526135]]","[[ 0.6818135   0.40470016  0.6093834 ]
 [-0.04924146  0.8565314  -0.5137404 ]
 [-0.7298668   0.3202684   0.6039227 ]]"
20200220-172120.616605,28,[1.6317637 1.5131928 0.6518127],"[[ 0.49676156  0.03173053  0.70876247]
 [ 0.46410695  0.7310563  -0.00527961]
 [-0.53523815  0.68130934 -0.00749463]
 [-0.5013511  -0.01917188  0.7053879 ]]","[[ 0.6847913   0.39571282  0.6119414 ]
 [-0.04361957  0.86047786 -0.50761706]
 [-0.7274326   0.3209191   0.6065087 ]]"
20200220-172120.616605,29,[1.639947   1.5115812  0.64784044],"[[ 4.98227000e-01  1.40550034e-02  7.08470523e-01]
 [ 4.80777651e-01  7.20041454e-01  5.09233214e-04]
 [-5.19482613e-01  6.93641722e-01 -3.51773517e-04]
 [-5.00760138e-01 -1.42828645e-02  7.05740511e-01]]","[[ 0.69484264  0.37596577  0.61306095]
 [-0.02393135  0.86408144 -0.502783  ]
 [-0.71876365  0.33468378  0.60939795]]"
20200220-172120.616605,30,[1.6481661 1.5033114 0.6437644],"[[ 0.49848032  0.00448989  0.7084105 ]
 [ 0.48369122  0.71804965  0.00802185]
 [-0.51671284  0.69569516  0.00725617]
 [-0.50056756 -0.01982225  0.7057178 ]]","[[ 0.69649726  0.36845672  0.6157366 ]
 [-0.02057182  0.8679987  -0.49614033]
 [-0.7172647   0.33289346  0.6121385 ]]"
20200220-172120.616605,31,[1.6563151 1.497265  0.6403728],"[[ 0.49802682  0.00343512 -0.7085639 ]
 [ 0.47581205  0.7233708  -0.01489393]
 [-0.5243414   0.6897337  -0.01303712]
 [-0.50063795 -0.03147289 -0.70536906]]","[[ 0.6916247   0.3726321  -0.6187089 ]
 [-0.0302578   0.8708291   0.49065384]
 [-0.72162324  0.32062748 -0.6135619 ]]"
20200220-172120.616605,32,[1.6644287 1.4960401 0.6365241],"[[ 0.49778047  0.00238809 -0.70842785]
 [ 0.4680679   0.7285769  -0.02152134]
 [-0.5316843   0.6836397  -0.01843029]
 [-0.500438   -0.0424997  -0.705214  ]]","[[ 0.68698037  0.37720245 -0.62110883]
 [-0.03970985  0.8729354   0.48621672]
 [-0.72559017  0.3093572  -0.61466813]]"
20200220-172120.616605,33,[1.6724263  1.4920964  0.63384694],"[[ 0.49900234 -0.01638609 -0.7076812 ]
 [ 0.4885682   0.7145374  -0.02531908]
 [-0.5121175   0.6985943  -0.02471744]
 [-0.5000336  -0.03367516 -0.7056454 ]]","[[ 0.699426    0.35351297 -0.62115383]
 [-0.01493722  0.8761457   0.48181522]
 [-0.71454906  0.32771587 -0.61807936]]"
20200220-172120.616605,34,[1.6811953 1.4830468 0.6290937],"[[ 0.49872008 -0.02014292 -0.707625  ]
 [ 0.48182657  0.7189071  -0.03416809]
 [-0.51867545  0.6932594  -0.03237451]
 [-0.500097   -0.04645821 -0.705019  ]]","[[ 0.6952499   0.35524252 -0.62484443]
 [-0.02330753  0.8800121   0.47437924]
 [-0.7183901   0.3152485  -0.6201081 ]]"
20200220-172120.616605,35,[1.6899372 1.4787977 0.6239548],"[[ 0.49834496 -0.02358804 -0.7077771 ]
 [ 0.4754571   0.7226978  -0.04252612]
 [-0.5247757   0.6882684  -0.03958254]
 [-0.5002035  -0.05863552 -0.7040426 ]]","[[ 0.6910918   0.35742188 -0.6282052 ]
 [-0.03119843  0.88310903  0.46812952]
 [-0.7220934   0.30392128 -0.6214604 ]]"
20200220-172120.616605,36,[1.6982859  1.4798195  0.62090075],"[[ 0.49865294 -0.02902469 -0.7072117 ]
 [ 0.47674134  0.7217371  -0.04694704]
 [-0.52356184  0.6887723  -0.04400443]
 [-0.49994618 -0.06201952 -0.7040678 ]]","[[ 0.6920273   0.35393718 -0.6291478 ]
 [-0.02971835  0.8847808   0.46505907]
 [-0.72125953  0.3031363  -0.6228109 ]]"
20200220-172120.616605,37,[1.7067764  1.4776862  0.61645883],"[[ 0.4988024  -0.03647919 -0.7067489 ]
 [ 0.47817725  0.7203481  -0.05340466]
 [-0.5222318   0.6893544  -0.05050654]
 [-0.49981663 -0.06751397 -0.7036355 ]]","[[ 0.6928603   0.34902197 -0.63097405]
 [-0.02808403  0.88744795  0.46005136]
 [-0.7205246   0.30103096 -0.6246794 ]]"
20200220-172120.616605,38,[1.7154586  1.4740437  0.61140835],"[[ 0.49920842 -0.04947839 -0.7058286 ]
 [ 0.48666546  0.71394044 -0.06003179]
 [-0.51406837  0.69502664 -0.05854135]
 [-0.49968106 -0.0691264  -0.70340216]]","[[ 0.6980539   0.33621857 -0.63220066]
 [-0.0177151   0.89074504  0.4541578 ]
 [-0.715826    0.3058271  -0.6277443 ]]"
20200220-172120.616605,39,[1.723809  1.4725906 0.6071581],"[[ 0.4996444  -0.06457305 -0.70444465]
 [ 0.4999391   0.704121   -0.06484766]
 [-0.5009971   0.70404905 -0.06574643]
 [-0.4994178  -0.06602179 -0.7037256 ]]","[[ 0.70629406  0.31894556 -0.6319988 ]
 [-0.00108381  0.8932425   0.44957393]
 [-0.7079177   0.31684637 -0.63123745]]"
20200220-172120.616605,40,[1.7324474 1.4695176 0.6047244],"[[ 0.49963087 -0.06890767 -0.7040298 ]
 [ 0.5000727   0.703637   -0.06908828]
 [-0.5009057   0.70371836 -0.07001501]
 [-0.4993894  -0.07019645 -0.70332557]]","[[ 0.7063558   0.3161552  -0.63333064]
 [-0.00095677  0.89514095  0.44578254]
 [-0.7078565   0.31427497 -0.6325905 ]]"
20200220-172120.616605,41,[1.741001  1.4711    0.6018659],"[[ 0.4997727  -0.0728621  -0.7033808 ]
 [ 0.50007206  0.70341367 -0.07296719]
 [-0.5009264   0.7031646  -0.0737904 ]
 [-0.49922794 -0.07389558 -0.7031974 ]]","[[ 0.706521    0.31428832 -0.63407505]
 [-0.00096932  0.8964047   0.44323564]
 [-0.7076915   0.31254065 -0.6336333 ]]"
20200220-172120.616605,42,[1.7500377 1.4693949 0.6001049],"[[ 0.49979526 -0.07994884 -0.7027347 ]
 [ 0.50580394  0.69887304 -0.07553459]
 [-0.49517938  0.706982   -0.07762358]
 [-0.49916354 -0.07321922 -0.7031594 ]]","[[ 0.70998895  0.30607653 -0.63421834]
 [ 0.00632612  0.8977976   0.440363  ]
 [-0.7041844   0.31666493 -0.6354901 ]]"
20200220-172120.616605,43,[1.7586594 1.4681993 0.5960119],"[[ 0.49959666 -0.08516173 -0.7023912 ]
 [ 0.5054759   0.69834447 -0.08108597]
 [-0.49552846  0.7062567  -0.08321314]
 [-0.4993485  -0.07914454 -0.70224464]]","[[ 0.70962816  0.30349448 -0.6358609 ]
 [ 0.00594043  0.89986336  0.43613157]
 [-0.7045514   0.31326833 -0.6367656 ]]"
20200220-172120.616605,44,[1.7670796 1.4644829 0.593029 ],"[[-0.4995447  -0.08629089 -0.7021124 ]
 [-0.49998114  0.70182616 -0.08659788]
 [ 0.5011202   0.7016379  -0.08742891]
 [ 0.4993519  -0.08773654 -0.70135224]]","[[-0.7062616   0.30641824 -0.6382025 ]
 [ 0.0011269   0.9019639   0.43181002]
 [ 0.7079501   0.30425158 -0.6373678 ]]"
20200220-172120.616605,45,[1.7758898 1.4636608 0.5888663],"[[-0.49953362 -0.0918138  -0.70140654]
 [-0.5001009   0.7010626  -0.09203315]
 [ 0.5010411   0.70100725 -0.09289663]
 [ 0.4993226  -0.09311669 -0.7006633 ]]","[[-0.7063184   0.30341923 -0.6395713 ]
 [ 0.00101568  0.90391755  0.427706  ]
 [ 0.70789385  0.30144697 -0.63876146]]"
20200220-172120.616605,46,[1.7851142 1.459574  0.585942 ],"[[-0.49954286 -0.09342672 -0.70104545]
 [-0.4954457   0.7038012  -0.09735295]
 [ 0.50568825  0.6969497  -0.09704765]
 [ 0.499269   -0.10097729 -0.69974214]]","[[-0.7034111   0.30535638 -0.6418491 ]
 [ 0.00702065  0.90595746  0.42331046]
 [ 0.7107487   0.29325503 -0.6394043 ]]"
20200220-172120.616605,47,[1.7938415 1.463251  0.5815085],"[[ 0.49963516 -0.10476975 -0.6995147 ]
 [ 0.50506896  0.69626296 -0.10092618]
 [-0.49608314  0.7031407  -0.10300449]
 [-0.49917093 -0.09916871 -0.69991666]]","[[ 0.7095325   0.29299828 -0.64087117]
 [ 0.0053533   0.90719163  0.42068353]
 [-0.70465237  0.30191934 -0.64211345]]"
20200220-172120.616605,48,[1.8025656 1.4641064 0.5782933],"[[ 0.49944994 -0.11828779 -0.697762  ]
 [ 0.5188383   0.6854238  -0.10314013]
 [-0.4820078   0.71232456 -0.10884614]
 [-0.4990238  -0.0937841  -0.70045865]]","[[ 0.71805906  0.2756461  -0.6390698 ]
 [ 0.02335968  0.90816474  0.41796035]
 [-0.6955899   0.31504872 -0.6456769 ]]"
20200220-172120.616605,49,[1.8109783 1.4611987 0.5754793],"[[ 0.49951288 -0.11890998 -0.6974342 ]
 [ 0.5134252   0.68890905 -0.10820735]
 [-0.48767376  0.70773447 -0.1125241 ]
 [-0.4990552  -0.10186771 -0.69943935]]","[[ 0.71482253  0.27897608 -0.64124984]
 [ 0.01627843  0.9100939   0.41408268]
 [-0.69911665  0.30643412 -0.6460142 ]]"
20200220-172120.616605,50,[1.820085   1.4605788  0.57171017],"[[ 0.49937078 -0.12935367 -0.6958003 ]
 [ 0.52159256  0.68202835 -0.11177882]
 [-0.47922108  0.7126755  -0.11844213]
 [-0.49891588 -0.10098649 -0.6995273 ]]","[[ 0.71995866  0.2671324  -0.64054644]
 [ 0.02709211  0.9114338   0.41055354]
 [-0.693488    0.3129354  -0.6489574 ]]"
20200220-172120.616605,51,[1.8298119 1.4527996 0.5671435],"[[ 0.49937034 -0.13514936 -0.69467235]
 [ 0.5201251   0.6820103  -0.1186985 ]
 [-0.48074752  0.7104577  -0.12518485]
 [-0.49898008 -0.10884137 -0.6983338 ]]","[[ 0.7191856   0.2640064  -0.64270747]
 [ 0.02528676  0.914443    0.40392363]
 [-0.69435775  0.30674806 -0.6509785 ]]"
20200220-172120.616605,52,[1.8388354 1.4511231 0.5651125],"[[ 0.49935928 -0.13785127 -0.6941248 ]
 [ 0.51937336  0.68202794 -0.12199773]
 [-0.48156887  0.70933026 -0.12838383]
 [-0.49898243 -0.11263188 -0.6977283 ]]","[[ 0.7187806   0.26275784 -0.6436713 ]
 [ 0.024328    0.9157573   0.40099502]
 [-0.6948113   0.30388668 -0.6518361 ]]"
20200220-172120.616605,53,[1.8477648  1.4536685  0.56276053],"[[ 0.4991396  -0.14006652 -0.6939556 ]
 [ 0.51883173  0.68181384 -0.12472793]
 [-0.48213974  0.7085919  -0.13104638]
 [-0.49921343 -0.11579491 -0.6969182 ]]","[[ 0.7182974   0.26231283 -0.64439154]
 [ 0.02367968  0.91644716  0.39945427]
 [-0.6953328   0.302186   -0.65207034]]"
20200220-172120.616605,54,[1.8570983 1.4551507 0.5598657],"[[ 0.4992171  -0.14031081 -0.6936876 ]
 [ 0.5142128   0.68472606 -0.12885244]
 [-0.48694098  0.70462996 -0.13371873]
 [-0.49925548 -0.12231011 -0.695927  ]]","[[ 0.71548957  0.26593593 -0.64602864]
 [ 0.01762023  0.917553    0.3972229 ]
 [-0.69840133  0.29559195 -0.6518136 ]]"
20200220-172120.616605,55,[1.8659087  1.4577637  0.55760777],"[[ 0.499255   -0.13727146 -0.6941152 ]
 [ 0.5060643   0.69021755 -0.13267632]
 [-0.495277    0.69838595 -0.13502528]
 [-0.4993439  -0.1304382  -0.69452834]]","[[ 0.7102492   0.27412832 -0.6483827 ]
 [ 0.0068835   0.91831434  0.39579237]
 [-0.703917    0.28557435 -0.6503451 ]]"
20200220-172120.616605,56,[1.8748765  1.460232   0.55536145],"[[-0.4992512  -0.13438003 -0.69452834]
 [-0.4980583   0.69545364 -0.13647711]
 [ 0.5033295   0.6921919  -0.13630846]
 [ 0.4993453  -0.13840815 -0.6931266 ]]","[[-0.70501596  0.28200072 -0.65071356]
 [ 0.00357931  0.9189461   0.394367  ]
 [ 0.7091825   0.27570593 -0.64888096]]"
20200220-172120.616605,57,[1.8839505  1.4646538  0.55140996],"[[ 0.499212   -0.14334705  0.6928916 ]
 [ 0.50582236  0.68918806  0.13895217]
 [-0.49555424  0.69695485  0.14122948]
 [-0.4993569  -0.13684177  0.69328785]]","[[ 0.7101062   0.27221343  0.64934534]
 [ 0.00658088  0.91963524 -0.39271885]
 [-0.704064    0.28314525  0.6512471 ]]"
20200220-172120.616605,58,[1.8925977 1.4663303 0.5486278],"[[ 0.4991307  -0.14378707  0.6928389 ]
 [ 0.50189584  0.69130516  0.14272688]
 [-0.4995473   0.6935792   0.14378601]
 [-0.49942157 -0.14272682  0.69204706]]","[[ 0.70744807  0.27525595  0.6509621 ]
 [ 0.00141795  0.9204893  -0.39076528]
 [-0.7067641   0.27736914  0.6508078 ]]"
20200220-172120.616605,59,[1.901883  1.4645506 0.5468634],"[[ 0.49911684 -0.14662948  0.69223905]
 [ 0.50191045  0.69071645  0.14556386]
 [-0.49956936  0.6929788   0.14663656]
 [-0.4993985  -0.14557187  0.69145787]]","[[ 0.7074464   0.27339777  0.6517464 ]
 [ 0.00140419  0.9216061  -0.38812387]
 [-0.7067657   0.27549204  0.6516029 ]]"
20200220-172120.616605,60,[1.9112169  1.462819   0.54511344],"[[-0.49929556 -0.14463381  0.6922401 ]
 [-0.49463332  0.69540197  0.14963782]
 [ 0.5068497   0.68704075  0.148193  ]
 [ 0.49914482 -0.15320718  0.69025415]]","[[-0.70275337  0.27957362  0.65419906]
 [ 0.00818143  0.9226655  -0.3855148 ]
 [ 0.71138674  0.26556945  0.65069336]]"
20200220-172120.616605,61,[1.9205433  1.4632354  0.54168785],"[[-0.49931413 -0.14875844  0.6913471 ]
 [-0.495001    0.6943094   0.15346675]
 [ 0.50652164  0.6864396   0.15214731]
 [ 0.49909464 -0.15686397  0.6894478 ]]","[[-0.7029684   0.27728307  0.65494263]
 [ 0.00776839  0.92380905 -0.38277504]
 [ 0.71117884  0.26399082  0.65156245]]"
20200220-172120.616605,62,[1.9302933  1.4580276  0.53816706],"[[-0.49922016 -0.15633066  0.6898845 ]
 [-0.4989072   0.6903779   0.15778011]
 [ 0.50266     0.6881607   0.15784195]
 [ 0.49920356 -0.15929273  0.68865895]]","[[-0.70546114  0.26959902  0.65547025]
 [ 0.00270735  0.9258457  -0.37789243]
 [ 0.7087436   0.2648138   0.65387803]]"
20200220-172120.616605,63,[1.9398052  1.4543066  0.53532946],"[[-0.49938917 -0.15608121  0.6895482 ]
 [-0.4922513   0.6941995   0.16313866]
 [ 0.50927746  0.6823274   0.16071905]
 [ 0.49893442 -0.16779485  0.6870796 ]]","[[-0.70108694  0.27414483  0.6582718 ]
 [ 0.01150307  0.92737204 -0.37396356]
 [ 0.7129831   0.25460878  0.65332204]]"
20200220-172120.616605,64,[1.949454  1.4556643 0.5328554],"[[-0.49949408 -0.16124511  0.68829167]
 [-0.4958147   0.6911433   0.16526864]
 [ 0.5057534   0.6841471   0.1640904 ]
 [ 0.49888557 -0.16811796  0.68703336]]","[[-0.7035975   0.2689187   0.6577488 ]
 [ 0.00684334  0.92814744 -0.37214997]
 [ 0.7105658   0.2573426   0.6548823 ]]"
20200220-172120.616605,65,[1.9585725 1.4646591 0.5290042],"[[-0.49954808 -0.16377755  0.6876606 ]
 [-0.49595785  0.6904581   0.16765969]
 [ 0.50560284  0.6836565   0.16658011]
 [ 0.49884206 -0.17046529  0.6864866 ]]","[[-0.70370823  0.26906303  0.65757114]
 [ 0.00666699  0.927979   -0.372573  ]
 [ 0.71045786  0.25779864  0.6548204 ]]"
20200220-172120.616605,66,[1.9680816  1.4651769  0.52599174],"[[-0.49959922 -0.16288193  0.68771464]
 [-0.48959646  0.6940154   0.17216021]
 [ 0.51187015  0.67831147  0.16875347]
 [ 0.49868286 -0.17805998  0.6847856 ]]","[[-0.69933265  0.27444467  0.6600107 ]
 [ 0.01505455  0.928805   -0.37026286]
 [ 0.7146379   0.24900079  0.65367514]]"
20200220-172120.616605,67,[1.9774241 1.465849  0.5230116],"[[-0.49980232 -0.16645262  0.6865906 ]
 [-0.4899537   0.6930825   0.17540681]
 [ 0.5115283   0.67761517  0.1720444 ]
 [ 0.49847963 -0.18101959  0.68427104]]","[[-0.6997238   0.2724555   0.6604202 ]
 [ 0.01465102  0.92970085 -0.3680239 ]
 [ 0.71426326  0.24783915  0.6545255 ]]"
20200220-172120.616605,68,[1.9873332 1.4677845 0.5207277],"[[-0.49971506 -0.1711997   0.685621  ]
 [-0.49355596  0.6899339   0.17712145]
 [ 0.5080087   0.67962754  0.17514688]
 [ 0.49861267 -0.18107598  0.6840144 ]]","[[-0.7020725   0.26760098  0.65991217]
 [ 0.00998562  0.9303142  -0.36662802]
 [ 0.7120354   0.25080982  0.6558201 ]]"
20200220-172120.616605,69,[1.9974663 1.4648165 0.5187807],"[[-0.4998117  -0.17243585  0.68512475]
 [-0.49081004  0.6910902   0.18070531]
 [ 0.5107164   0.6768332   0.17760827]
 [ 0.49846026 -0.18589489  0.68293875]]","[[-0.7002031   0.26848465  0.66153735]
 [ 0.01367     0.93146783 -0.36356696]
 [ 0.7138128   0.24552746  0.6558869 ]]"
20200220-172120.616605,70,[2.0068595  1.4678     0.51708627],"[[-0.499999   -0.17429933  0.68438673]
 [-0.49097353  0.6906681   0.18240605]
 [ 0.51056385  0.6763692   0.17928988]
 [ 0.4982671  -0.1874084   0.68278706]]","[[-0.7004765   0.26779252  0.6615283 ]
 [ 0.01349431  0.9317358  -0.3628861 ]
 [ 0.71354777  0.24526621  0.6562727 ]]"
20200220-172120.616605,71,[2.0163176 1.468533  0.514294 ],"[[-0.49983025 -0.17750148  0.6838274 ]
 [-0.4913622   0.6894571   0.18533023]
 [ 0.5101981   0.675977    0.18241362]
 [ 0.49842882 -0.1902569   0.68173206]]","[[-0.70052314  0.26601994  0.66219395]
 [ 0.01302838  0.9325364  -0.36084098]
 [ 0.71351075  0.24415022  0.6567291 ]]"
20200220-172120.616605,72,[2.0254169 1.4707096 0.5120764],"[[-0.49975425 -0.17793466  0.68377084]
 [-0.48863652  0.6906316   0.18813574]
 [ 0.51289535  0.6734855   0.18414894]
 [ 0.4984161  -0.19438261  0.68055236]]","[[-0.69848734  0.26824707  0.6634447 ]
 [ 0.01666339  0.9329329  -0.3596642 ]
 [ 0.71542835  0.2401657   0.6561117 ]]"
20200220-172120.616605,73,[2.034673  1.4737232 0.5105148],"[[-0.4997341  -0.18369606  0.6823825 ]
 [-0.49501744  0.6858574   0.18842146]
 [ 0.50664467  0.6775701   0.18698446]
 [ 0.49853224 -0.19171283  0.6810933 ]]","[[-0.7029091   0.2608505   0.66172165]
 [ 0.00830399  0.9332718  -0.3590747 ]
 [ 0.7112311   0.246902    0.6581714 ]]"
20200220-172120.616605,74,[2.0441027  1.4746296  0.50779724],"[[ 0.49967247 -0.19068451  0.68063664]
 [ 0.50122195  0.680748    0.19002195]
 [-0.50048643  0.6811331   0.19113328]
 [-0.49861547 -0.1904712   0.6812441 ]]","[[ 7.0717353e-01  2.5261614e-01  6.6037166e-01]
 [-1.2874775e-04  9.3404067e-01 -3.5716677e-01]
 [-7.0704013e-01  2.5249395e-01  6.6056138e-01]]"
20200220-172120.616605,75,[2.0536637 1.4754219 0.5051562],"[[ 0.4998522  -0.19353728  0.67956984]
 [ 0.5011984   0.680108    0.19286576]
 [-0.5005198   0.68018633  0.19391489]
 [-0.49842575 -0.19324398  0.68072367]]","[[ 7.0734060e-01  2.5125787e-01  6.6071081e-01]
 [-1.6790006e-04  9.3475521e-01 -3.5529274e-01]
 [-7.0687294e-01  2.5120205e-01  6.6123241e-01]]"
20200220-172120.616605,76,[2.063786  1.4788792 0.5042871],"[[ 0.4998974  -0.19632234  0.6787361 ]
 [ 0.5040876   0.6779051   0.193095  ]
 [-0.4976104   0.6819074   0.1953223 ]
 [-0.49837995 -0.19210559  0.6810881 ]]","[[ 0.7094265   0.24792968  0.65973115]
 [ 0.00369522  0.9347603  -0.35526025]
 [-0.70476997  0.25446895  0.66222745]]"
20200220-172120.616605,77,[2.0741644 1.4781622 0.503713 ],"[[ 0.4997544  -0.19953306  0.67802435]
 [ 0.5068778   0.67546904  0.19385548]
 [-0.4948041   0.6835145   0.1973197 ]
 [-0.49848694 -0.19166647  0.68100506]]","[[ 0.7112625   0.24373591  0.65931654]
 [ 0.00742913  0.9353007  -0.35377598]
 [-0.7028871   0.25652578  0.6634337 ]]"
20200220-172120.616605,78,[2.0835874  1.4897842  0.50173986],"[[ 0.4997248  -0.19973259  0.67799157]
 [ 0.5068649   0.6754113   0.19407822]
 [-0.49480578  0.6834588   0.19749214]
 [-0.4985286  -0.1918617   0.68092453]]","[[ 0.71124107  0.2455681   0.6586598 ]
 [ 0.00742951  0.93431777 -0.3563642 ]
 [-0.7029091   0.25835434  0.6627006 ]]"
20200220-172120.616605,79,[2.0923831  1.4962189  0.49942854],"[[ 0.49983484 -0.19920166  0.677929  ]
 [ 0.50379765  0.67722434  0.19626313]
 [-0.4979131   0.68082273  0.1982908 ]
 [-0.49843287 -0.19536106  0.68012756]]","[[ 0.7092237   0.24932522  0.6594231 ]
 [ 0.00334582  0.93417287 -0.35680535]
 [-0.70497566  0.25526115  0.6617032 ]]"
20200220-172120.616605,80,[2.1018426  1.505236   0.49624583],"[[ 0.49982667 -0.20085809  0.6774527 ]
 [ 0.50377876  0.67674476  0.19793563]
 [-0.49792024  0.6803293   0.19995262]
 [-0.4984531  -0.1970387   0.67963105]]","[[ 0.7092103   0.25004047  0.65916646]
 [ 0.00333582  0.9337912  -0.3578024 ]
 [-0.7049891   0.255956    0.66142035]]"
20200220-172120.616605,81,[2.1116934  1.5055641  0.49381945],"[[ 0.49962854 -0.20720525  0.6757971 ]
 [ 0.50932926  0.672022    0.19938675]
 [-0.4923154   0.683413    0.20373434]
 [-0.49857834 -0.19595705  0.6797318 ]]","[[ 0.71300924  0.24241127  0.65791696]
 [ 0.01081436  0.93441993 -0.3560094 ]
 [-0.7010713   0.26095295  0.66362834]]"
20200220-172120.616605,82,[2.1220748  1.5067538  0.49187797],"[[ 0.4997912  -0.20724183  0.6755281 ]
 [ 0.50626516  0.6736668   0.20213611]
 [-0.49543792  0.6805905   0.20513506]
 [-0.49844313 -0.20005101  0.6787654 ]]","[[ 0.7110205   0.24494728  0.65912884]
 [ 0.00670912  0.93496    -0.35468987]
 [-0.7031393   0.25661394  0.66313237]]"
20200220-172120.616605,83,[2.1311545  1.5089086  0.48998892],"[[ 0.49973255 -0.20712869  0.67560035]
 [ 0.50331587  0.6751153   0.20467155]
 [-0.49844122  0.6780267   0.20640382]
 [-0.4984944  -0.20395288  0.67754793]]","[[ 0.70889413  0.24769783  0.6603901 ]
 [ 0.00276526  0.935322   -0.35378706]
 [-0.7053095   0.25262374  0.66235924]]"
20200220-172120.616605,84,[2.140922   1.5094634  0.48766026],"[[ 0.49954337 -0.20955701  0.67512757]
 [ 0.5033487   0.67420125  0.20709154]
 [-0.49841732  0.67742556  0.20893764]
 [-0.4986747  -0.2064775   0.6765063 ]]","[[ 0.70873195  0.2465616   0.66098887]
 [ 0.00280241  0.9359464  -0.352131  ]
 [-0.7054723   0.25141886  0.6626442 ]]"
20200220-172120.616605,85,[2.150952   1.5058471  0.48564598],"[[ 0.4995294  -0.21247593  0.67421186]
 [ 0.50327253  0.67334366  0.210088  ]
 [-0.4985251   0.67643297  0.21190782]
 [-0.49865773 -0.20952502  0.6755714 ]]","[[ 0.7086792   0.24450828  0.66180784]
 [ 0.0026861   0.93708634 -0.34908757]
 [-0.70552593  0.24916875  0.66343683]]"
20200220-172120.616605,86,[2.161555   1.5052105  0.48275402],"[[-0.49966517 -0.21370132  0.6735944 ]
 [-0.50043815  0.6744196   0.21383375]
 [ 0.5013766   0.67342156  0.21432821]
 [ 0.49851573 -0.21445972  0.6742474 ]]","[[-0.7068031   0.24599959  0.6632599 ]
 [ 0.00107763  0.9379619  -0.34673682]
 [ 0.7074096   0.24435987  0.6632196 ]]"
20200220-172120.616605,87,[2.1716568  1.50624    0.48038873],"[[ 0.49934033 -0.21966182  0.67214686]
 [ 0.505882    0.6697256   0.21496645]
 [-0.49593723  0.67654085  0.21800964]
 [-0.49878794 -0.2133288   0.67415136]]","[[ 0.7103984   0.23886071  0.66202724]
 [ 0.00617072  0.93849695 -0.345233  ]
 [-0.7037731   0.24933814  0.6652325 ]]"
20200220-172120.616605,88,[2.181507   1.5070469  0.47822338],"[[ 0.4991423  -0.22182961  0.67170316]
 [ 0.50582     0.66891325  0.21720971]
 [-0.49600574  0.6758908   0.2202887 ]
 [-0.4989803  -0.21568082  0.6731328 ]]","[[ 0.7101773   0.23796082  0.662588  ]
 [ 0.00609297  0.93903285 -0.34377342]
 [-0.70399654  0.24817723  0.66542983]]"
20200220-172120.616605,89,[2.1922007  1.5107528  0.47512466],"[[ 0.4992952  -0.22249018  0.6712453 ]
 [ 0.50312835  0.6700803   0.2202752 ]
 [-0.4987284   0.6731635   0.22207883]
 [-0.49883494 -0.21986756  0.6720041 ]]","[[ 0.70839566  0.24041805  0.66360754]
 [ 0.00248865  0.9393429  -0.3429707 ]
 [-0.70581126  0.24461043  0.66482806]]"
20200220-172120.616605,90,[2.2012694  1.5171571  0.47329527],"[[ 0.49910626 -0.22520693  0.6705923 ]
 [ 0.5057089   0.6678702   0.22069605]
 [-0.49613196  0.6746724   0.22369829]
 [-0.49900344 -0.21919869  0.671981  ]]","[[ 0.71010333  0.23805371  0.66263396]
 [ 0.00596843  0.9390421  -0.34375048]
 [-0.70407224  0.24805325  0.6653961 ]]"
20200220-172120.616605,91,[2.2126782  1.5172042  0.47143444],"[[ 0.4991231  -0.22719395  0.66990876]
 [ 0.5056016   0.66726565  0.22276369]
 [-0.49623087  0.6739093   0.22574647]
 [-0.49899712 -0.22132744  0.67129487]]","[[ 0.7100517   0.23706771  0.66304266]
 [ 0.00584058  0.9396067  -0.3422065 ]
 [-0.70412534  0.24685684  0.66578466]]"
20200220-172120.616605,92,[2.2220385  1.5195162  0.46987548],"[[ 0.49912688 -0.23038776  0.66878426]
 [ 0.5080534   0.6651031   0.22374566]
 [-0.49377608  0.6749939   0.22784749]
 [-0.4989385  -0.22123073  0.67138016]]","[[ 0.71185946  0.23379864  0.6622646 ]
 [ 0.00914397  0.9397992  -0.34160507]
 [-0.7022625   0.24923052  0.666867  ]]"
20200220-172120.616605,93,[2.231988  1.5201598 0.4679303],"[[ 0.49929675 -0.23232591  0.6678398 ]
 [ 0.507774    0.66473883  0.22593045]
 [-0.49406904  0.67395854  0.22981155]
 [-0.49876252 -0.22344235  0.67091876]]","[[ 0.7118716   0.23306347  0.6625107 ]
 [ 0.00881073  0.9402932  -0.34025118]
 [-0.70225465  0.24805234  0.66731447]]"
20200220-172120.616605,94,[2.2427182  1.5191156  0.46555617],"[[ 0.4993222  -0.23646306  0.66635036]
 [ 0.5100169   0.6623267   0.22800541]
 [-0.49177706  0.67452466  0.23296769]
 [-0.49871388 -0.22455598  0.6706089 ]]","[[ 0.71356374  0.22891468  0.66213673]
 [ 0.0118848   0.9410214  -0.33813885]
 [-0.7004897   0.249153    0.668758  ]]"
20200220-172120.616605,95,[2.2513719  1.5297499  0.46365136],"[[ 0.49924394 -0.23506305  0.66692495]
 [ 0.5074656   0.6639358   0.22895525]
 [-0.49435002  0.6727654   0.23262653]
 [-0.49885067 -0.22654217  0.6698324 ]]","[[ 0.7116713   0.23350358  0.6625707 ]
 [ 0.00847939  0.9402205  -0.34046087]
 [-0.7024614   0.24791439  0.66714793]]"
20200220-172120.616605,96,[2.2614934  1.5264676  0.46200433],"[[ 0.4995645  -0.23410784  0.66676295]
 [ 0.50214297  0.66691726  0.23282188]
 [-0.49974597  0.66808295  0.23383467]
 [-0.4985395  -0.23255096  0.6682381 ]]","[[ 0.70815235  0.23759088  0.664884  ]
 [ 0.00137325  0.9412173  -0.3377988 ]
 [-0.70605844  0.2401262   0.66619897]]"
20200220-172120.616605,97,[2.2725208  1.5254115  0.46195558],"[[ 0.49940082 -0.23659185  0.6661201 ]
 [ 0.50454485  0.6648658   0.23314157]
 [-0.49734053  0.66947097  0.23536079]
 [-0.49868408 -0.23191985  0.6682325 ]]","[[ 0.70976675  0.2340037   0.66443473]
 [ 0.00461313  0.9416498  -0.33656245]
 [-0.7044216   0.24194595  0.66727227]]"
20200220-172120.616605,98,[2.2821631 1.5276365 0.4605442],"[[ 0.49908605 -0.24276134  0.6643305 ]
 [ 0.511755    0.6592502   0.23274028]
 [-0.4900442   0.6739408   0.23856653]
 [-0.49887574 -0.22860433  0.6690164 ]]","[[ 0.7147431   0.22538102  0.66207707]
 [ 0.01433031  0.9417349  -0.33605102]
 [-0.6992403   0.24967787  0.66986877]]"
20200220-172120.616605,99,[2.2922192  1.5283965  0.45875755],"[[ 0.4988835  -0.24447615  0.6639708 ]
 [ 0.51154184  0.65860593  0.23465985]
 [-0.49026352  0.673244    0.24044347]
 [-0.49908143 -0.23067875  0.6680305 ]]","[[ 0.71443754  0.22480682  0.66260165]
 [ 0.01407743  0.94217086 -0.33483747]
 [-0.6995577   0.24854818  0.66995746]]"
20200220-172120.616605,100,[2.3031592 1.5337497 0.4571751],"[[ 0.49888313 -0.2468451   0.6630756 ]
 [ 0.5137019   0.65680736  0.23503405]
 [-0.48803753  0.6743261   0.24185516]
 [-0.4990443  -0.2301203   0.6682781 ]]","[[ 0.7160543   0.22260219  0.66159993]
 [ 0.01705114  0.9419297  -0.3353766 ]
 [-0.6978363   0.25142887  0.67067736]]"
20200220-172120.616605,101,[2.3144445  1.5348891  0.45585006],"[[ 0.49869412 -0.249633    0.6622753 ]
 [ 0.51573044  0.65477276  0.23594718]
 [-0.4859548   0.67523265  0.2438423 ]
 [-0.49917325 -0.23025426  0.66802794]]","[[ 0.71740955  0.21959224  0.66113746]
 [ 0.01984836  0.94219357 -0.33448088]
 [-0.6963689   0.2530823   0.6715802 ]]"
20200220-172120.616605,102,[2.3240807 1.5358747 0.4541203],"[[ 0.4988087  -0.24806921  0.6626597 ]
 [ 0.51063615  0.6577444   0.23910843]
 [-0.4911901   0.6711234   0.24434942]
 [-0.49917206 -0.23543017  0.66633505]]","[[ 0.7138824   0.22467181  0.6632456 ]
 [ 0.01302511  0.9427101  -0.33335894]
 [-0.70014447  0.24661787  0.67005765]]"
20200220-172120.616605,103,[2.3344731 1.534627  0.4536041],"[[ 0.49881846 -0.24923821  0.66219604]
 [ 0.5104026   0.65744025  0.24049018]
 [-0.49145588  0.67045724  0.24564637]
 [-0.49913964 -0.23693843  0.6658218 ]]","[[ 0.7137516   0.22388352  0.6636526 ]
 [ 0.01272829  0.94323266 -0.33188912]
 [-0.7002833   0.24533361  0.6703842 ]]"
20200220-172120.616605,104,[2.3445995  1.5398651  0.45157263],"[[ 0.49898595 -0.25040862  0.6614913 ]
 [ 0.51016694  0.6572647   0.24187818]
 [-0.49170294  0.6696945   0.24683267]
 [-0.4989696  -0.23834395  0.6655811 ]]","[[ 0.71377856  0.22430192  0.6634825 ]
 [ 0.01243649  0.9431208  -0.33221787]
 [-0.700261    0.24538139  0.67039   ]]"
20200220-172120.616605,105,[2.3559601 1.5414637 0.4505448],"[[ 0.49880475 -0.25289586  0.6607694 ]
 [ 0.5122066   0.65535045  0.24249388]
 [-0.48962444  0.67070305  0.24849655]
 [-0.49910524 -0.238153    0.665455  ]]","[[ 0.7151507   0.22153677  0.66293377]
 [ 0.01523825  0.9432763  -0.3316592 ]
 [-0.6988042   0.24728821  0.6712088 ]]"
20200220-172120.616605,106,[2.3664114  1.5425677  0.44878298],"[[ 0.4987816  -0.25453314  0.6601368 ]
 [ 0.51194024  0.6548776   0.24438742]
 [-0.48992413  0.6698305   0.25024727]
 [-0.49910787 -0.24015705  0.66473335]]","[[ 0.71498626  0.22106701  0.66326785]
 [ 0.01491069  0.94365555 -0.3305934 ]
 [-0.69897956  0.24625954  0.6714046 ]]"
20200220-172120.616605,107,[2.3762898 1.5493982 0.447942 ],"[[ 0.49875364 -0.25458404  0.6601432 ]
 [ 0.5117877   0.65491754  0.2445876 ]
 [-0.49006155  0.6696928   0.25032178]
 [-0.49915728 -0.240378    0.6646257 ]]","[[ 0.7148794   0.22218433  0.66300946]
 [ 0.01473821  0.943177   -0.33196387]
 [-0.6990925   0.24708572  0.6709831 ]]"
20200220-172120.616605,108,[2.387065   1.5527493  0.44563285],"[[ 0.49867812 -0.2546126   0.6601961 ]
 [ 0.5091869   0.6560179   0.24704166]
 [-0.4926995   0.66735566  0.2513661 ]
 [-0.49929574 -0.24382283  0.66326964]]","[[ 0.7129751   0.2248687   0.664154  ]
 [ 0.01129868  0.94337475 -0.3315363 ]
 [-0.70109826  0.24388124  0.670062  ]]"
20200220-172120.616605,109,[2.39822   1.5558707 0.4433831],"[[ 0.49869344 -0.25766093  0.6589685 ]
 [ 0.51116127  0.6540532   0.24826054]
 [-0.49067363  0.66797215  0.25356472]
 [-0.4992579  -0.24420936  0.66319835]]","[[ 0.71449375  0.22218403  0.66342527]
 [ 0.01403363  0.9434936  -0.33109406]
 [-0.6995011   0.24587485  0.67100215]]"
20200220-172120.616605,110,[2.4093993  1.5574714  0.44250035],"[[ 0.49883562 -0.25702596  0.65898037]
 [ 0.5085936   0.6555271   0.250019  ]
 [-0.4933001   0.665776    0.25388893]
 [-0.49914974 -0.24690825  0.6624015 ]]","[[ 0.7127981   0.22472401  0.6643929 ]
 [ 0.01062699  0.9437106  -0.33060154]
 [-0.70128864  0.2427127   0.67028713]]"
20200220-172120.616605,111,[2.4209137  1.5521891  0.44082493],"[[ 0.49870747 -0.26100194  0.65760523]
 [ 0.51055527  0.65307647  0.2521556 ]
 [-0.4913097   0.66609704  0.2571679 ]
 [-0.4992388  -0.24836195  0.66169316]]","[[ 0.7141488   0.22019437  0.6644592 ]
 [ 0.01330363  0.9447947  -0.3273928 ]
 [-0.6998676   0.2426469   0.6717946 ]]"
20200220-172120.616605,112,[2.4320982  1.5516398  0.43885273],"[[ 0.4988263  -0.2614606   0.65720075]
 [ 0.50792557  0.65413857  0.2550776 ]
 [-0.49399582  0.6634198   0.2585821 ]
 [-0.49915153 -0.2522209   0.6604226 ]]","[[ 0.71240497  0.22194706  0.6657467 ]
 [ 0.00982878  0.9454211  -0.32570267]
 [-0.7016997   0.23857564  0.67134136]]"
20200220-172120.616605,113,[2.4424832  1.5485795  0.43763268],"[[ 0.49906808 -0.26052237  0.6571599 ]
 [ 0.5032185   0.6566738   0.25852588]
 [-0.49877438  0.6592951   0.25936094]
 [-0.49892566 -0.2573677   0.6588152 ]]","[[ 0.7092254   0.22558868  0.66791415]
 [ 0.00355622  0.94626343 -0.3233776 ]
 [-0.704973    0.23172286  0.67031187]]"
20200220-172120.616605,114,[2.4531438 1.5497899 0.4361334],"[[ 0.4990484  -0.26204485  0.6565585 ]
 [ 0.5031328   0.6561121   0.26014087]
 [-0.49888235  0.6586058   0.26091492]
 [-0.4989233  -0.2590141   0.658165  ]]","[[ 0.70916384  0.22505449  0.66815954]
 [ 0.00344948  0.94656646 -0.32249072]
 [-0.70503527  0.23100357  0.6704944 ]]"
20200220-172120.616605,115,[2.4637594 1.5487999 0.4358809],"[[ 0.49903342 -0.26309147  0.6561441 ]
 [ 0.5030614   0.65572745  0.26126385]
 [-0.4989767   0.65811473  0.26199707]
 [-0.49891624 -0.26017207  0.65770346]]","[[ 0.7091057   0.2242541   0.6684902 ]
 [ 0.00334117  0.9469962  -0.32122692]
 [-0.7050943   0.23001735  0.6707713 ]]"
20200220-172120.616605,116,[2.4744515 1.5500907 0.4344196],"[[ 0.499014   -0.26457518  0.6555516 ]
 [ 0.5029822   0.6551707   0.262834  ]
 [-0.49907765  0.6574399   0.26350945]
 [-0.49891436 -0.26177073  0.6570641 ]]","[[ 0.7090481   0.22374438  0.6687222 ]
 [ 0.00324236  0.94728214 -0.32038426]
 [-0.70515275  0.2293361   0.6709432 ]]"
