Timestamp,Epoch,s,u,v
20200222-112628.565414,0,[1.1534878  0.76658803 0.26461083],"[[-0.5377759   0.2701244  -0.73560786]
 [-0.7164474   0.35131198  0.5702193 ]
 [-0.29531714 -0.65020347  0.25305656]
 [-0.33209687 -0.617129   -0.2639949 ]]","[[ 0.5278732   0.42856014  0.7332708 ]
 [ 0.6935735  -0.71582544 -0.08093131]
 [ 0.49020997  0.5512987  -0.67510295]]"
20200222-112628.565414,1,[1.1529049  0.7704228  0.26497924],"[[-0.5429863   0.2671103  -0.7321699 ]
 [-0.715003    0.3481437   0.57428396]
 [-0.28898102 -0.65088105  0.25598913]
 [-0.332305   -0.61951745 -0.26190582]]","[[ 0.5267762   0.4307161   0.73279643]
 [ 0.6964933  -0.712902   -0.08165677]
 [ 0.48724112  0.5534026  -0.6755306 ]]"
20200222-112628.565414,2,[1.1507232  0.77421045 0.2653643 ],"[[-0.54778117  0.2645061  -0.7288443 ]
 [-0.71343756  0.34543306  0.57814956]
 [-0.2832053  -0.6513386   0.2587506 ]
 [-0.33277228 -0.6216675  -0.25995585]]","[[ 0.52571106  0.4328163   0.7323236 ]
 [ 0.69935685 -0.710005   -0.08241969]
 [ 0.48428085  0.5554844  -0.67595047]]"
20200222-112628.565414,3,[1.1486057 0.7780049 0.2657513],"[[-0.5525928   0.2617799  -0.72548586]
 [-0.7118707   0.34265825  0.5820084 ]
 [-0.2773127  -0.6517903   0.2615146 ]
 [-0.3331351  -0.62387943 -0.25796726]]","[[ 0.5245916   0.43499136  0.73183763]
 [ 0.70229495 -0.70700985 -0.08318091]
 [ 0.4812334   0.55760175 -0.6763837 ]]"
20200222-112628.565414,4,[1.143912   0.78184    0.26614547],"[[-0.5575676   0.25862464 -0.7221028 ]
 [-0.71051925  0.3393597   0.58585143]
 [-0.2709527  -0.6524176   0.26423436]
 [-0.33296403 -0.6263381  -0.25598055]]","[[ 0.52313995  0.43764824  0.7312925 ]
 [ 0.7058443  -0.70336926 -0.08399791]
 [ 0.477607    0.5601213  -0.6768722 ]]"
20200222-112628.565414,5,[1.1423354 0.7857453 0.2665434],"[[-0.56146544  0.25766277 -0.7187105 ]
 [-0.7078344   0.3388332   0.5896535 ]
 [-0.2671235  -0.6519098   0.26692063]
 [-0.3352195  -0.6275471  -0.25400317]]","[[ 0.5227239   0.43888316  0.7308498 ]
 [ 0.7075902  -0.7015137  -0.08482139]
 [ 0.47547448  0.5614802  -0.67724746]]"
20200222-112628.565414,6,[1.1402435  0.78963274 0.26696408],"[[-0.565738    0.25477132 -0.71567214]
 [-0.7066841   0.33586675  0.5929779 ]
 [-0.2612396  -0.65235305  0.2693602 ]
 [-0.33509958 -0.6298578  -0.25226176]]","[[ 0.5213514   0.44124466  0.73040813]
 [ 0.710745   -0.6982332  -0.08550885]
 [ 0.4722648   0.56371415 -0.67763734]]"
20200222-112628.565414,7,[1.1392686 0.793475  0.2673904],"[[-0.57033086  0.25083855 -0.71267456]
 [-0.7061599   0.3316778   0.59621745]
 [-0.25418833 -0.6532242   0.2717523 ]
 [-0.33384052 -0.6327466  -0.25054163]]","[[ 0.51954013  0.44409865  0.729969  ]
 [ 0.7145121  -0.69429994 -0.08614066]
 [ 0.46856248  0.5663252  -0.6780304 ]]"
20200222-112628.565414,8,[1.1367022  0.79722404 0.26780918],"[[-0.57511914  0.24692677 -0.7094547 ]
 [-0.7052805   0.32770887  0.599685  ]
 [-0.24719837 -0.65394944  0.2742868 ]
 [-0.33273205 -0.63559777 -0.2486335 ]]","[[ 0.5176658   0.44711763  0.7294574 ]
 [ 0.71846354 -0.6901202  -0.08685776]
 [ 0.46457767  0.5690519  -0.67848927]]"
20200222-112628.565414,9,[1.1372485 0.8011641 0.2682239],"[[-0.5796678   0.24366133 -0.7061084 ]
 [-0.7038453   0.3246857   0.60325706]
 [-0.24090065 -0.6542785   0.27690265]
 [-0.33249688 -0.638066   -0.24661079]]","[[ 0.5162903   0.44945884  0.72899336]
 [ 0.7215217  -0.6868371  -0.08753122]
 [ 0.4613579   0.5711759  -0.67890143]]"
20200222-112628.565414,10,[1.1357611  0.8049016  0.26865244],"[[-0.5847289   0.23848584 -0.7029378 ]
 [-0.7036263   0.31935832  0.60658425]
 [-0.2326054  -0.6553894   0.27935663]
 [-0.32999483 -0.6415598  -0.24473219]]","[[ 0.5138369   0.4530842   0.7284823 ]
 [ 0.7261986  -0.68180716 -0.08817182]
 [ 0.45673513  0.5743288  -0.6793669 ]]"
20200222-112628.565414,11,[1.1341314  0.8087714  0.26905358],"[[-0.5899365   0.23429872 -0.69922733]
 [-0.70210165  0.31565312  0.61048424]
 [-0.2254182  -0.6558496   0.28220245]
 [-0.3289601  -0.64445966 -0.2423877 ]]","[[ 0.5119972   0.4561226   0.7278814 ]
 [ 0.7300653  -0.677565   -0.08894114]
 [ 0.45261884  0.57693845 -0.6799105 ]]"
20200222-112628.565414,12,[1.1329045  0.8125146  0.26948622],"[[-0.5949316   0.22872975 -0.69606906]
 [-0.7019594   0.31007376  0.61371344]
 [-0.2168608  -0.65689987  0.28460324]
 [-0.3260074  -0.648089   -0.24050887]]","[[ 0.5093228   0.45993337  0.72735935]
 [ 0.7349299  -0.67220205 -0.08956848]
 [ 0.4477368   0.5801774  -0.68038666]]"
20200222-112628.565414,13,[1.1287771  0.81634027 0.26992923],"[[-0.5993707   0.22417594 -0.6930212 ]
 [-0.70134115  0.30568603  0.61678326]
 [-0.20960203 -0.6574815   0.28690055]
 [-0.3239491  -0.65116805 -0.23872235]]","[[ 0.5067699   0.4635853   0.7268241 ]
 [ 0.73960054 -0.66696495 -0.09027233]
 [ 0.44291723  0.5833067  -0.68086547]]"
20200222-112628.565414,14,[1.1241076  0.8200319  0.27036574],"[[-0.60436416  0.218432   -0.6897873 ]
 [-0.70100737  0.30016935  0.6200254 ]
 [-0.20109576 -0.65832436  0.28932795]
 [-0.320769   -0.65482414 -0.2367514 ]]","[[ 0.503596    0.46797442  0.726217  ]
 [ 0.74515307 -0.6606556  -0.09100064]
 [ 0.43719327  0.58697027 -0.68141615]]"
20200222-112628.565414,15,[1.1237545  0.82382447 0.27081355],"[[-0.6088244   0.21304443 -0.68675464]
 [-0.70075583  0.29494035  0.6230201 ]
 [-0.19288225 -0.6590109   0.291542  ]
 [-0.31791592 -0.658276   -0.23498467]]","[[ 0.5008327   0.47168043  0.7257301 ]
 [ 0.74984646 -0.65523887 -0.09161016]
 [ 0.43231586  0.59006757 -0.68185306]]"
20200222-112628.565414,16,[1.1208993  0.8276472  0.27121678],"[[-0.61418056  0.20790742 -0.682782  ]
 [-0.69908834  0.29078215  0.6269849 ]
 [-0.18498906 -0.6592469   0.29442775]
 [-0.3159699  -0.6615238  -0.23240277]]","[[ 0.49826565  0.4754783   0.7250185 ]
 [ 0.7545391  -0.6497085  -0.09246466]
 [ 0.42708573  0.59312665 -0.6824944 ]]"
20200222-112628.565414,17,[1.1178179  0.83150053 0.27165917],"[[-0.6186348   0.20288709 -0.6795202 ]
 [-0.698181    0.2864201   0.6301395 ]
 [-0.17744616 -0.6595016   0.29682252]
 [-0.31360385 -0.6647242  -0.23037566]]","[[ 0.4953845   0.47936377  0.7244341 ]
 [ 0.75938475 -0.64393395 -0.09318842]
 [ 0.42181644  0.59628826 -0.6830163 ]]"
20200222-112628.565414,18,[1.1150455  0.83531845 0.27208287],"[[-0.62348986  0.19758438 -0.6758746 ]
 [-0.6968815   0.28208154  0.6336595 ]
 [-0.16959493 -0.6596639   0.29944524]
 [-0.3112144  -0.66800773 -0.22803889]]","[[ 0.49249035  0.4833348   0.7237684 ]
 [ 0.76426345 -0.6380207  -0.09397306]
 [ 0.41635883  0.5994307  -0.68361413]]"
20200222-112628.565414,19,[1.1152383 0.8390035 0.2725054],"[[-0.62882936  0.1906     -0.6720857 ]
 [-0.69612443  0.27610266  0.6372867 ]
 [-0.15989807 -0.6601563   0.30212873]
 [-0.30727348 -0.6720359  -0.22557606]]","[[ 0.4891034   0.487752    0.7231015 ]
 [ 0.76963466 -0.6314281  -0.09466251]
 [ 0.41041481  0.6028236  -0.6842246 ]]"
20200222-112628.565414,20,[1.1144966  0.84271175 0.27292708],"[[-0.63384074  0.18448819 -0.6682504 ]
 [-0.69484174  0.27124447  0.640912  ]
 [-0.15122671 -0.66024697  0.3048267 ]
 [-0.30425498 -0.6756217  -0.22305599]]","[[ 0.48598412  0.49186695  0.72241706]
 [ 0.77460414 -0.6252081  -0.09541045]
 [ 0.40473175  0.60595524 -0.6848435 ]]"
20200222-112628.565414,21,[1.114705   0.84633255 0.27337304],"[[-0.63859636  0.17729731 -0.6648081 ]
 [-0.6944776   0.2649487   0.6441059 ]
 [-0.14145744 -0.66060275  0.3071838 ]
 [-0.2998083  -0.67968506 -0.22089651]]","[[ 0.4821794   0.49647596  0.7218134 ]
 [ 0.78021324 -0.61809427 -0.09605507]
 [ 0.39845964  0.6094842  -0.6853896 ]]"
20200222-112628.565414,22,[1.1121479 0.8500521 0.273825 ],"[[-0.6428529   0.17106487 -0.66156024]
 [-0.6938157   0.25972098  0.6470597 ]
 [-0.13297759 -0.6606155   0.3094433 ]
 [-0.29610327 -0.6832784  -0.21885353]]","[[ 0.4783577   0.50104344  0.72120017]
 [ 0.7857733  -0.6108968  -0.096776  ]
 [ 0.39208984  0.6129932  -0.68593365]]"
20200222-112628.565414,23,[1.1114577  0.85380036 0.27426985],"[[-0.64724535  0.16450444 -0.6581099 ]
 [-0.6930167   0.25432497  0.65018696]
 [-0.12409206 -0.6605608   0.31177005]
 [-0.29223722 -0.6869616  -0.21667351]]","[[ 0.47462964  0.5054649   0.72057766]
 [ 0.79109854 -0.60387146 -0.09748146]
 [ 0.3858628   0.61631536 -0.6864878 ]]"
20200222-112628.565414,24,[1.1124849  0.8575419  0.27472943],"[[-0.6512918   0.15784054 -0.65488684]
 [-0.69249094  0.24872425  0.653061  ]
 [-0.11513062 -0.6604771   0.3139188 ]
 [-0.28813332 -0.6906468  -0.2146856 ]]","[[ 0.47093177  0.5096915   0.72002655]
 [ 0.79617417 -0.59706444 -0.09808674]
 [ 0.3799082   0.6194586  -0.6869797 ]]"
20200222-112628.565414,25,[1.1113505  0.86147064 0.27518606],"[[-0.6548964   0.15312271 -0.65161693]
 [-0.6910387   0.24545388  0.6559284 ]
 [-0.10839463 -0.65983427  0.3161841 ]
 [-0.28605446 -0.6934874  -0.21255799]]","[[ 0.46789858  0.51329917  0.71944076]
 [ 0.8004557  -0.5911953  -0.09878784]
 [ 0.3746222   0.62210315 -0.68749243]]"
20200222-112628.565414,26,[1.1086825 0.8649745 0.2756164],"[[-0.66001076  0.14389534 -0.6477464 ]
 [-0.69047916  0.23799616  0.6593451 ]
 [-0.0971543  -0.65976506  0.3187486 ]
 [-0.27961758 -0.6981134  -0.20997342]]","[[ 0.46240035  0.5193554   0.71864885]
 [ 0.80761385 -0.5812419  -0.09958941]
 [ 0.36598653  0.6264409  -0.6882049 ]]"
20200222-112628.565414,27,[1.1076322 0.8684912 0.2760764],"[[-0.6642344   0.13494772 -0.6445298 ]
 [-0.69052446  0.23036383  0.6621109 ]
 [-0.08628643 -0.65965176  0.32084975]
 [-0.2729897  -0.70255375 -0.20795628]]","[[ 0.4568871   0.52507716  0.7180168 ]
 [ 0.81440806 -0.571569   -0.10024101]
 [ 0.35776192  0.6305574  -0.6887697 ]]"
20200222-112628.565414,28,[1.1089977 0.8721432 0.2765408],"[[-0.6680112   0.12727877 -0.64129764]
 [-0.69006026  0.22411145  0.6648712 ]
 [-0.07661732 -0.659199    0.32291183]
 [-0.26778352 -0.70642143 -0.20594142]]","[[ 0.45242462  0.5297082   0.71744084]
 [ 0.8198376  -0.56364685 -0.10083954]
 [ 0.35096776  0.63380724 -0.6892824 ]]"
20200222-112628.565414,29,[1.1095821 0.8753698 0.2769857],"[[-0.67257875  0.11659884 -0.6376525 ]
 [-0.68999636  0.21524122  0.66798455]
 [-0.06407945 -0.658874    0.32517952]
 [-0.25968617 -0.71130943 -0.20360193]]","[[ 0.4462975   0.5358423   0.7167227 ]
 [ 0.82696295 -0.55302143 -0.1014885 ]
 [ 0.34198132  0.63799715 -0.68993366]]"
20200222-112628.565414,30,[1.1107088  0.8787491  0.27744243],"[[-0.6765423   0.10707331 -0.634231  ]
 [-0.6897015   0.2074822   0.6708592 ]
 [-0.05278961 -0.65825593  0.32729608]
 [-0.25261775 -0.71567166 -0.20143639]]","[[ 0.44069785  0.54132     0.71607125]
 [ 0.83328825 -0.54332787 -0.10210458]
 [ 0.3337902   0.6416912  -0.69051915]]"
20200222-112628.565414,31,[1.1096354  0.88180447 0.27789742],"[[-0.68072945  0.09527835 -0.6307702 ]
 [-0.6898852   0.1976261   0.67373663]
 [-0.03950401 -0.65757966  0.32942915]
 [-0.24311543 -0.7207322  -0.19920947]]","[[ 0.43321133  0.548286    0.71533936]
 [ 0.8413352  -0.5306506  -0.10278705]
 [ 0.3232385   0.64636874 -0.6911761 ]]"
20200222-112628.565414,32,[1.1093049  0.8854616  0.27834874],"[[-0.68422765  0.08840229 -0.62713826]
 [-0.6882991   0.19320713  0.6767005 ]
 [-0.03116006 -0.6562131   0.3317874 ]
 [-0.2389687  -0.7240445  -0.19670105]]","[[ 0.42866373  0.55276006  0.7146353 ]
 [ 0.8463373  -0.52248985 -0.103525  ]
 [ 0.3161652   0.6491999  -0.6917941 ]]"
20200222-112628.565414,33,[1.1093239  0.888594   0.27878073],"[[-0.68852574  0.07695033 -0.6230441 ]
 [-0.6874279   0.18460047  0.68005735]
 [-0.01840848 -0.6549398   0.33425984]
 [-0.23029667 -0.72873574 -0.19393104]]","[[ 0.4217059   0.5591645   0.7137923 ]
 [ 0.8534954  -0.51055855 -0.10428515]
 [ 0.30612016  0.6531963  -0.69255   ]]"
20200222-112628.565414,34,[1.1086675  0.891456   0.27924973],"[[-0.6917046   0.06455542 -0.6200996 ]
 [-0.6879424   0.17409617  0.6823833 ]
 [-0.00501173 -0.65375084  0.3360456 ]
 [-0.21967058 -0.73357546 -0.1921012 ]]","[[ 0.4133097   0.5662233   0.7131383 ]
 [ 0.86152524 -0.49676296 -0.10488561]
 [ 0.29487202  0.65773684 -0.6931326 ]]"
20200222-112628.565414,35,[1.1093385 0.8947031 0.2796936],"[[-0.6952668   0.05398353 -0.61622304]
 [-0.6868296   0.1664521   0.6854763 ]
 [ 0.00664782 -0.65202117  0.3383618 ]
 [-0.21171896 -0.7377319  -0.18948065]]","[[ 0.40662345  0.5720252   0.71235144]
 [ 0.8678826  -0.48541299 -0.10561213]
 [ 0.28537187  0.6611819  -0.693831  ]]"
20200222-112628.565414,36,[1.1091793  0.89832366 0.28015924],"[[-0.69794595  0.0460632  -0.613017  ]
 [-0.6856945   0.16110016  0.68793184]
 [ 0.01550114 -0.650188    0.34043995]
 [-0.2060457  -0.7410676  -0.18724567]]","[[ 0.40086544  0.57688457  0.7116962 ]
 [ 0.8731918  -0.47564846 -0.10627863]
 [ 0.27720666  0.6640506  -0.69440174]]"
20200222-112628.565414,37,[1.1099924  0.9014438  0.28061593],"[[-0.70077485  0.03545155 -0.6095975 ]
 [-0.6849218   0.15320385  0.69057465]
 [ 0.02698065 -0.6482051   0.34247288]
 [-0.19765781 -0.74505174 -0.1849603 ]]","[[ 0.39373302  0.5826436   0.7109858 ]
 [ 0.87945366 -0.46381673 -0.10693607]
 [ 0.26746154  0.6673832  -0.695028  ]]"
20200222-112628.565414,38,[1.1102372  0.9048834  0.28106856],"[[-0.7035567   0.02684785 -0.6059553 ]
 [-0.6833609   0.14779438  0.6933398 ]
 [ 0.03638308 -0.6459511   0.3447401 ]
 [-0.1915784  -0.74845403 -0.1823518 ]]","[[ 0.38765532  0.58761173  0.71023655]
 [ 0.8847163  -0.45352533 -0.10766584]
 [ 0.25884458  0.67009515 -0.69568115]]"
20200222-112628.565414,39,[1.1131779  0.90834963 0.28153452],"[[-0.7059952   0.01799805 -0.6024682 ]
 [-0.68203354  0.14180253  0.69598764]
 [ 0.04621261 -0.6436974   0.3467352 ]
 [-0.18510945 -0.7518124  -0.18002224]]","[[ 0.38205484  0.5920621   0.7095749 ]
 [ 0.88938314 -0.4441573  -0.1082682 ]
 [ 0.25106138  0.67244834 -0.6962626 ]]"
20200222-112628.565414,40,[1.1129519  0.91159266 0.28199288],"[[-0.7083705   0.00696761 -0.5990973 ]
 [-0.68109864  0.13397543  0.69846654]
 [ 0.05750246 -0.64116186  0.3488041 ]
 [-0.17609395 -0.7555882  -0.17765862]]","[[ 0.37395838  0.598089    0.7088334 ]
 [ 0.8957734  -0.4309494  -0.10896192]
 [ 0.24030237  0.67570126 -0.6969095 ]]"
20200222-112628.565414,41,[1.1134632  0.91491854 0.28244764],"[[-0.7106931  -0.0025468  -0.5955039 ]
 [-0.6795848   0.12799533  0.7010895 ]
 [ 0.0674101  -0.6384179   0.35101712]
 [-0.16892603 -0.75896883 -0.17503065]]","[[ 0.36704078  0.6032569   0.7080695 ]
 [ 0.9010952  -0.4195219  -0.10967732]
 [ 0.23088709  0.678294   -0.69757336]]"
20200222-112628.565414,42,[1.1147912  0.91769993 0.28291085],"[[-0.7125825  -0.01447391 -0.5921459 ]
 [-0.6786998   0.11930829  0.70353895]
 [ 0.07957664 -0.63543415  0.35292876]
 [-0.15893444 -0.76274496 -0.17273675]]","[[ 0.35856393  0.6091773   0.70734364]
 [ 0.9072343  -0.4058999  -0.11032332]
 [ 0.21990421  0.6812842  -0.69820774]]"
20200222-112628.565414,43,[1.1152495  0.9210496  0.28337654],"[[-0.71423435 -0.0244759  -0.5889923 ]
 [-0.6775646   0.11260447  0.70575434]
 [ 0.0896413  -0.6324437   0.35488948]
 [-0.15079682 -0.765987   -0.17044723]]","[[ 0.35079533  0.6144807   0.7066516 ]
 [ 0.9126485  -0.39339215 -0.11097547]
 [ 0.20979884  0.6838541  -0.6988048 ]]"
20200222-112628.565414,44,[1.1169933  0.92420965 0.28384325],"[[-0.71567553 -0.0353709  -0.5857941 ]
 [-0.67647386  0.10501255  0.7080115 ]
 [ 0.10056363 -0.6292485   0.35674265]
 [-0.14169851 -0.7692643  -0.16822511]]","[[ 0.3428112   0.6197519   0.7059662 ]
 [ 0.9179586  -0.38065985 -0.11158011]
 [ 0.19958103  0.68629867 -0.699401  ]]"
20200222-112628.565414,45,[1.1169703  0.9267954  0.28430107],"[[-0.7166897  -0.04968257 -0.58272415]
 [-0.67584074  0.09424177  0.7101342 ]
 [ 0.11415392 -0.6254424   0.35855   ]
 [-0.1287022  -0.7729633  -0.16608407]]","[[ 0.3316478   0.62663966  0.70521814]
 [ 0.92492723 -0.36319545 -0.11224524]
 [ 0.18579468  0.68950135 -0.700049  ]]"
20200222-112628.565414,46,[1.1183801  0.92905295 0.28476086],"[[-0.71731275 -0.06436077 -0.57966655]
 [-0.67510986  0.08305946  0.712254  ]
 [ 0.12808253 -0.62135786  0.36023825]
 [-0.11525859 -0.7764493  -0.16404116]]","[[ 0.32063228  0.6331604   0.70448774]
 [ 0.93138623 -0.34610337 -0.11283872]
 [ 0.17238058  0.6923298  -0.7006886 ]]"
20200222-112628.565414,47,[1.1207253 0.9319072 0.2852143],"[[-0.71836686 -0.07569127 -0.5760308 ]
 [-0.6733382   0.07582711  0.7147756 ]
 [ 0.13909236 -0.6173207   0.36224562]
 [-0.10591439 -0.779382   -0.16143815]]","[[ 0.31239554  0.63813436  0.7036998 ]
 [ 0.93604565 -0.3330694  -0.11350497]
 [ 0.16194949  0.69415367 -0.70137244]]"
20200222-112628.565414,48,[1.1231844  0.9346972  0.28566816],"[[-0.71919817 -0.08715773 -0.57241064]
 [-0.6715204   0.06856368  0.71725446]
 [ 0.15009251 -0.6130802   0.36423272]
 [-0.09636551 -0.78219885 -0.15882948]]","[[ 0.30402467  0.6430299   0.70290935]
 [ 0.9405505  -0.31989053 -0.1141703 ]
 [ 0.15143913  0.6958323  -0.7020567 ]]"
20200222-112628.565414,49,[1.1264179  0.9369296  0.28613564],"[[-0.7190138  -0.10014939 -0.5695586 ]
 [-0.6704432   0.05871167  0.7192036 ]
 [ 0.16248308 -0.6086553   0.36562604]
 [-0.08440635 -0.784896   -0.15705715]]","[[ 0.2943776   0.64820313  0.70226395]
 [ 0.94539464 -0.30507818 -0.11470099]
 [ 0.13989587  0.6976819  -0.7026159 ]]"
20200222-112628.565414,50,[1.1288569 0.9396987 0.2866003],"[[-0.719068   -0.11173262 -0.5664426 ]
 [-0.6688944   0.05094371  0.7212582 ]
 [ 0.17325784 -0.6041594   0.36736178]
 [-0.07418353 -0.7873453  -0.15483865]]","[[ 0.28535208  0.65298647  0.70155776]
 [ 0.94970435 -0.29115433 -0.11528672]
 [ 0.12898088  0.6991696  -0.7032254 ]]"
20200222-112628.565414,51,[1.1300247  0.94205254 0.2870541 ],"[[-0.71875125 -0.12551454 -0.5631018 ]
 [-0.6671893   0.04162988  0.723431  ]
 [ 0.18561268 -0.59883624  0.369263  ]
 [-0.06167126 -0.7898785  -0.15234512]]","[[ 0.27409732  0.65865433  0.700746  ]
 [ 0.95473397 -0.27391985 -0.11597855]
 [ 0.11555846  0.70081544 -0.7039204 ]]"
20200222-112628.565414,52,[1.1324378  0.94418645 0.28751832],"[[-0.71783113 -0.13844809 -0.56034905]
 [-0.6658139   0.03215983  0.72521466]
 [ 0.19738078 -0.59369856  0.370712  ]
 [-0.04951141 -0.79203546 -0.15048458]]","[[ 0.26359704  0.663636    0.70007426]
 [ 0.95908844 -0.25800344 -0.11654839]
 [ 0.10327585  0.7021549  -0.70449454]]"
20200222-112628.565414,53,[1.135131   0.94624853 0.28796867],"[[-0.7169448  -0.1520001  -0.5570538 ]
 [-0.6638748   0.02287097  0.727364  ]
 [ 0.20949714 -0.58807266  0.37238365]
 [-0.0370337  -0.7940677  -0.14819995]]","[[ 0.2529369   0.6685934   0.6992895 ]
 [ 0.96321726 -0.24182358 -0.11719253]
 [ 0.09075052  0.7032098  -0.70516676]]"
20200222-112628.565414,54,[1.136779  0.9483464 0.2884174],"[[-0.7157599  -0.16566397 -0.5538338 ]
 [-0.6618934   0.01372406  0.72939   ]
 [ 0.22134668 -0.5821098   0.37416744]
 [-0.02431886 -0.795937   -0.14579797]]","[[ 0.24143064  0.6736714   0.69848275]
 [ 0.96732986 -0.22444761 -0.11788284]
 [ 0.07735847  0.7041237  -0.7058509 ]]"
20200222-112628.565414,55,[1.1386291  0.95089686 0.28887638],"[[-0.7145818  -0.17758515 -0.55083174]
 [-0.6599772   0.00612014  0.7312126 ]
 [ 0.231571   -0.5764588   0.37594077]
 [-0.01332944 -0.7975722  -0.14346002]]","[[ 0.23100196  0.67808557  0.69773775]
 [ 0.97075945 -0.20876035 -0.11851159]
 [ 0.065299    0.7047121  -0.7064821 ]]"
20200222-112628.565414,56,[1.1419915  0.95318425 0.28932342],"[[-7.1365988e-01 -1.8896441e-01  5.4725456e-01]
 [-6.5752172e-01 -4.8294602e-04 -7.3346853e-01]
 [ 2.4154408e-01 -5.7071024e-01 -3.7776199e-01]
 [-3.3509387e-03 -7.9911315e-01  1.4082511e-01]]","[[ 0.2221146   0.6818958  -0.6969098 ]
 [ 0.97347695 -0.19529854  0.11916917]
 [ 0.05484451  0.70489466  0.7071884 ]]"
20200222-112628.565414,57,[1.1441437 0.9545016 0.2897454],"[[-0.71164626 -0.20483969  0.5432944 ]
 [-0.65464544 -0.01049771 -0.73593336]
 [ 0.2546912  -0.563289   -0.3797672 ]
 [ 0.01147048 -0.8003976   0.1378765 ]]","[[ 0.20917584  0.6869969  -0.69590294]
 [ 0.9770579  -0.1759739   0.11996413]
 [ 0.04004577  0.70503104  0.70804507]]"
20200222-112628.565414,58,[1.1463805  0.95678735 0.29019958],"[[-0.70980614 -0.2163106   0.5403902 ]
 [-0.6525671  -0.01768088 -0.73763365]
 [ 0.26426584 -0.5571803  -0.38143298]
 [ 0.02224855 -0.80152786  0.13558698]]","[[ 0.19878359  0.6908215  -0.69516236]
 [ 0.9796354  -0.16053097  0.12060082]
 [ 0.02828144  0.70497894  0.7086641 ]]"
20200222-112628.565414,59,[1.1485218 0.9573006 0.2906347],"[[-0.7061985  -0.23343857  0.5372053 ]
 [-0.64994013 -0.02971958 -0.73953366]
 [ 0.27805868 -0.54898775 -0.3830702 ]
 [ 0.0392998  -0.8020196   0.13325725]]","[[ 0.18401627  0.6958072  -0.6942551 ]
 [ 0.9828492  -0.13892032  0.12127887]
 [ 0.01205942  0.70466536  0.7094373 ]]"
20200222-112628.565414,60,[1.1520456  0.9581564  0.29107714],"[[-0.7029882  -0.24758188  0.5341763 ]
 [-0.6473409  -0.03948349 -0.7413698 ]
 [ 0.289697   -0.5415903  -0.38447535]
 [ 0.05322796 -0.8023865   0.13116804]]","[[ 0.17210549  0.69965506 -0.69344234]
 [ 0.985078   -0.12150208  0.12189586]
 [-0.00103036  0.70407385  0.71012604]]"
20200222-112628.565414,61,[1.1567152  0.95819587 0.29152125],"[[-0.6994251  -0.26096264  0.5314764 ]
 [-0.64478385 -0.0493856  -0.7430696 ]
 [ 0.3010145  -0.53434503 -0.38547483]
 [ 0.06669682 -0.80245554  0.12957469]]","[[ 0.16136064  0.7029491  -0.6926943 ]
 [ 0.9868136  -0.10587815  0.12242905]
 [-0.0127202   0.7033154   0.71076435]]"
20200222-112628.565414,62,[1.1606696  0.9595339  0.29195806],"[[-0.6967629  -0.27262327  0.5281916 ]
 [-0.64197814 -0.05629321 -0.74500793]
 [ 0.31039768 -0.52744514 -0.38704294]
 [ 0.07770759 -0.8026888   0.12717952]]","[[ 0.15171592  0.7059251  -0.6918469 ]
 [ 0.988148   -0.09177663  0.12304798]
 [-0.02336727  0.7023154   0.7114824 ]]"
20200222-112628.565414,63,[1.164829   0.96201724 0.29240295],"[[-0.69512737 -0.28114742  0.5248713 ]
 [-0.6394106  -0.06016665 -0.74692446]
 [ 0.31733856 -0.52156484 -0.38869664]
 [ 0.08513761 -0.8033097   0.12461481]]","[[ 0.14452426  0.70820135 -0.69105977]
 [ 0.9889997  -0.08115146  0.12366929]
 [-0.03150225  0.7013311   0.71213925]]"
20200222-112628.565414,64,[1.1688542  0.96193236 0.2928284 ],"[[-0.69120765 -0.29459754  0.5217313 ]
 [-0.6363305  -0.0691101  -0.7487964 ]
 [ 0.32803097 -0.513619   -0.3899925 ]
 [ 0.09854662 -0.8028898   0.12250258]]","[[ 0.13319916  0.7112823  -0.69017076]
 [ 0.9901249  -0.06478565  0.12432128]
 [-0.04371437  0.69991463  0.71288776]]"
20200222-112628.565414,65,[1.1731194  0.96301013 0.29326344],"[[-0.68842024 -0.3048502   0.51851183]
 [-0.63351846 -0.07480083 -0.75065553]
 [ 0.33618602 -0.5067528  -0.39144886]
 [ 0.10821755 -0.8029153   0.12012343]]","[[ 0.12455501  0.7136634  -0.68932635]
 [ 0.99078715 -0.05223057  0.12495166]
 [-0.0531695   0.698539    0.7135939 ]]"
20200222-112628.565414,66,[1.177432   0.96476716 0.2937044 ],"[[-0.6858015  -0.31413138  0.5155265 ]
 [-0.63094705 -0.07972435 -0.7523083 ]
 [ 0.3433583  -0.5003587  -0.39290407]
 [ 0.11699378 -0.8028739   0.1178606 ]]","[[ 0.11642789  0.7157805  -0.68855125]
 [ 0.9912639  -0.04048843  0.12552437]
 [-0.06196953  0.6971506   0.71424145]]"
20200222-112628.565414,67,[1.1818734 0.9644327 0.2941238],"[[-0.6817037  -0.32634035  0.51243544]
 [-0.6277823  -0.0875098  -0.75410247]
 [ 0.35279876 -0.4924865  -0.39412382]
 [ 0.12923701 -0.8020602   0.11578133]]","[[ 0.10609415  0.718248   -0.68765074]
 [ 0.99167573 -0.02568627  0.12617145]
 [-0.07295922  0.6953127   0.71499443]]"
20200222-112628.565414,68,[1.1875676  0.9654094  0.29454744],"[[-0.6792716  -0.33478546  0.5091439 ]
 [-0.6249271  -0.0916364  -0.75602037]
 [ 0.35958347 -0.48626176 -0.39535812]
 [ 0.13695253 -0.80191696  0.11356859]]","[[ 0.09986375  0.7199422  -0.6868117 ]
 [ 0.9917956  -0.0166629   0.12674233]
 [-0.07980287  0.69383377  0.7156997 ]]"
20200222-112628.565414,69,[1.1901282  0.96566755 0.29495716],"[[-0.6746541  -0.34777883  0.50584435]
 [-0.62165517 -0.09897675 -0.7577171 ]
 [ 0.36862436 -0.4775572  -0.3971264 ]
 [ 0.15001091 -0.800745    0.11080308]]","[[ 0.08719995  0.72254467 -0.6858027 ]
 [ 0.9918342   0.0013424   0.12752625]
 [-0.09306403  0.69132286  0.7165275 ]]"
20200222-112628.565414,70,[1.1949488  0.9651435  0.29536787],"[[-0.6705769  -0.35857862  0.5027779 ]
 [-0.61848825 -0.10542785 -0.75944877]
 [ 0.37673387 -0.46992812 -0.3982846 ]
 [ 0.16084424 -0.7996713   0.10872813]]","[[ 0.07804494  0.7244611  -0.6848834 ]
 [ 0.9916484   0.01434167  0.12817237]
 [-0.10267825  0.68916655  0.7172913 ]]"
20200222-112628.565414,71,[1.2009617  0.96459    0.29577786],"[[-0.6672827  -0.36751354  0.4996254 ]
 [-0.6154178  -0.11033919 -0.76129425]
 [ 0.3837624  -0.46317267 -0.39925468]
 [ 0.1694743  -0.7988933   0.10677946]]","[[ 0.07153884  0.72598076 -0.68398404]
 [ 0.9913962   0.02360818  0.12874927]
 [-0.10961711  0.6873096   0.7180458 ]]"
20200222-112628.565414,72,[1.2071161  0.9647373  0.29618338],"[[-0.6647504  -0.3752642   0.49609518]
 [-0.61238945 -0.11349197 -0.76331514]
 [ 0.38982034 -0.4568328  -0.40041697]
 [ 0.17642556 -0.7984985   0.10442951]]","[[ 0.0662572   0.72736967 -0.6830398 ]
 [ 0.99110794  0.03118873  0.12935375]
 [-0.11539114  0.6855368   0.71883535]]"
20200222-112628.565414,73,[1.210842   0.9662297  0.29660785],"[[-0.6617642  -0.38295797  0.49331945]
 [-0.6100354  -0.11685406 -0.7646675 ]
 [ 0.39509606 -0.45038632 -0.40187842]
 [ 0.18391335 -0.7980229   0.10204522]]","[[ 0.05835935  0.7288027  -0.6822325 ]
 [ 0.9906098   0.04236191  0.12999211]
 [-0.12363925  0.6834123   0.71948683]]"
20200222-112628.565414,74,[1.2149856  0.9670299  0.29700065],"[[-0.6586036  -0.39181858  0.4896819 ]
 [-0.6070398  -0.12004537 -0.7665112 ]
 [ 0.4010279  -0.4431876  -0.40355194]
 [ 0.19214733 -0.79727787  0.09908583]]","[[ 0.05029777  0.7303659  -0.68120193]
 [ 0.9899568   0.05376989  0.13074586]
 [-0.13212043  0.6809365   0.7203261 ]]"
20200222-112628.565414,75,[1.220021   0.96848094 0.29742068],"[[-0.6561058  -0.39828807  0.48682892]
 [-0.60472995 -0.12246557 -0.7679557 ]
 [ 0.40562588 -0.4373629  -0.40479565]
 [ 0.19822814 -0.79692084  0.09686327]]","[[ 0.04441682  0.731487   -0.6804073 ]
 [ 0.98939365  0.062078    0.1313257 ]
 [-0.13830136  0.6790238   0.72097135]]"
20200222-112628.565414,76,[1.2252414 0.9692159 0.297824 ],"[[-0.65336704 -0.40531564  0.48370844]
 [-0.6021528  -0.12506673 -0.7695625 ]
 [ 0.41058213 -0.43117306 -0.4060382 ]
 [ 0.2048069  -0.7963463   0.09451282]]","[[ 0.03845607  0.7326533  -0.67951465]
 [ 0.98874843  0.07047719  0.13194525]
 [-0.14456041  0.67694306  0.7216996 ]]"
20200222-112628.565414,77,[1.231637   0.9700032  0.29822505],"[[-0.6512945  -0.41114038  0.48047835]
 [-0.59961516 -0.12672499 -0.77130175]
 [ 0.414986   -0.42570102 -0.40707603]
 [ 0.20991321 -0.796042    0.09232168]]","[[ 0.0345476   0.7336572  -0.67864096]
 [ 0.9882623   0.07602974  0.13250291]
 [-0.1488086   0.6752528   0.7224192 ]]"
20200222-112628.565414,78,[1.2369556  0.96993864 0.29862988],"[[-0.64795125 -0.41850042  0.477712  ]
 [-0.59707236 -0.13016188 -0.77269924]
 [ 0.420069   -0.41933078 -0.40813205]
 [ 0.21726912 -0.79503286  0.09030548]]","[[ 0.02806928  0.73473966 -0.67776823]
 [ 0.98745084  0.08503537  0.1330778 ]
 [-0.15541181  0.6729981   0.72313243]]"
20200222-112628.565414,79,[1.2414716  0.9705938  0.29901066],"[[-0.6448933  -0.42618984  0.47415283]
 [-0.5943359  -0.13229975 -0.77439374]
 [ 0.4248781  -0.41250712 -0.40970924]
 [ 0.22440225 -0.79416436  0.08736336]]","[[ 0.02099517  0.7359395  -0.6767219 ]
 [ 0.98644996  0.09491207  0.13382196]
 [-0.16271394  0.6703618   0.7239749 ]]"
20200222-112628.565414,80,[1.2480526  0.97131324 0.2994084 ],"[[-0.64300966 -0.43126294  0.47095028]
 [-0.591949   -0.1333319  -0.7760838 ]
 [ 0.42872056 -0.40726262 -0.410665  ]
 [ 0.22876485 -0.7939597   0.08517062]]","[[ 0.01773998  0.7368302  -0.6758451 ]
 [ 0.9859197   0.09952063  0.13437986]
 [-0.16627568  0.668713    0.7246899 ]]"
20200222-112628.565414,81,[1.2534215  0.9734811  0.29981324],"[[-0.64133996 -0.43602926  0.46777844]
 [-0.58993983 -0.13354203 -0.7775673 ]
 [ 0.4318302  -0.40205637 -0.41202044]
 [ 0.23275891 -0.7939748   0.08253194]]","[[ 0.01346798  0.73769087 -0.6750046 ]
 [ 0.98521316  0.10552436  0.13498159]
 [-0.17080407  0.66684115  0.72536135]]"
20200222-112628.565414,82,[1.2602373  0.97347397 0.3001909 ],"[[-0.6393169  -0.44139245  0.46432763]
 [-0.58736    -0.13453047 -0.7793867 ]
 [ 0.4358297  -0.3965979  -0.41293916]
 [ 0.23734966 -0.7935895   0.08023231]]","[[ 0.01036093  0.7386374  -0.67402345]
 [ 0.9846536   0.10989986  0.13557105]
 [-0.17421295  0.66508424  0.7261632 ]]"
20200222-112628.565414,83,[1.2658635  0.97491044 0.30057546],"[[-0.6374423  -0.44652972  0.4609251 ]
 [-0.5851562  -0.13479722 -0.7809854 ]
 [ 0.4391458  -0.39114228 -0.41425076]
 [ 0.24168278 -0.79337823  0.07750275]]","[[ 0.00620424  0.73954207 -0.67308205]
 [ 0.9838996   0.11571205  0.13620669]
 [-0.17861421  0.66309035  0.7269172 ]]"
20200222-112628.565414,84,[1.2715411  0.97633195 0.30095744],"[[-0.6355753  -0.45155177  0.45754263]
 [-0.58300036 -0.13497825 -0.78255165]
 [ 0.44235075 -0.3857329  -0.41554245]
 [ 0.24592762 -0.7931531   0.07477945]]","[[ 0.00213177  0.7404214  -0.67213947]
 [ 0.9831279   0.12138765  0.1368374 ]
 [-0.18290676  0.6610908   0.7276703 ]]"
20200222-112628.565414,85,[1.2762728  0.97604847 0.3013399 ],"[[-0.6317143  -0.45878983  0.45503166]
 [-0.5807885  -0.13810042 -0.78358   ]
 [ 0.44648778 -0.37931302 -0.41673523]
 [ 0.25351626 -0.79155684  0.07266945]]","[[-0.00521131  0.741243   -0.67121667]
 [ 0.9817623   0.13135487  0.13743645]
 [-0.19004135  0.6582589   0.728409  ]]"
20200222-112628.565414,86,[1.2820582 0.9766437 0.3017162],"[[-0.6294111  -0.46387815  0.45204982]
 [-0.5787058  -0.13901803 -0.78495073]
 [ 0.44973332 -0.37391806 -0.41779664]
 [ 0.25822753 -0.790997    0.07035165]]","[[-0.00950031  0.74203014 -0.67029923]
 [ 0.98087025  0.13725397  0.13803986]
 [-0.19443096  0.6561651   0.7291393 ]]"
20200222-112628.565414,87,[1.287884   0.9780472  0.30209044],"[[-0.62766105 -0.46843216  0.44871795]
 [-0.576708   -0.13882151 -0.78643847]
 [ 0.45253214 -0.3687262  -0.41903636]
 [ 0.26203796 -0.79078496  0.06764213]]","[[-0.01319375  0.7428275  -0.6693528 ]
 [ 0.98005426  0.14235675  0.13866515]
 [-0.19829118  0.6541726   0.7298896 ]]"
20200222-112628.565414,88,[1.2939647  0.97773457 0.30246326],"[[-0.62465686 -0.47409043  0.4461044 ]
 [-0.57457167 -0.14082374 -0.787625  ]
 [ 0.45603588 -0.3631606  -0.41989946]
 [ 0.26777336 -0.7896338   0.06574348]]","[[-0.01814948  0.7435333  -0.6684528 ]
 [ 0.9789737   0.14907512  0.13923861]
 [-0.20317817  0.6518705   0.73060495]]"
20200222-112628.565414,89,[1.2998252 0.9790583 0.302848 ],"[[-0.6225162  -0.4785706   0.4433912 ]
 [-0.5728297  -0.14138845 -0.7887631 ]
 [ 0.45865113 -0.3581828  -0.4209794 ]
 [ 0.2719903  -0.7891037   0.0635093 ]]","[[-0.0223085   0.74416924 -0.6676185 ]
 [ 0.97801876  0.15472431  0.13978486]
 [-0.2073204   0.64982504  0.7312631 ]]"
20200222-112628.565414,90,[1.3057994  0.97961915 0.30321255],"[[-0.62037927 -0.48308253  0.44048193]
 [-0.57092804 -0.1418685  -0.79004514]
 [ 0.461418   -0.3530884  -0.42196596]
 [ 0.27615982 -0.7885641   0.06123113]]","[[-0.02611653  0.7448708  -0.66669744]
 [ 0.97709936  0.15990688  0.14038081]
 [-0.21117507  0.6477633   0.731989  ]]"
20200222-112628.565414,91,[1.3105304  0.98075855 0.30359292],"[[-0.6177999  -0.48782077  0.43801418]
 [-0.5694183  -0.1427138  -0.79093856]
 [ 0.46384686 -0.34771132 -0.42320004]
 [ 0.28094852 -0.78788346  0.05883723]]","[[-0.03167241  0.74540967 -0.66585386]
 [ 0.9757496   0.16741921  0.14100924]
 [-0.21658638  0.64524055  0.73263574]]"
20200222-112628.565414,92,[1.3154545  0.98102033 0.30397218],"[[-0.6145939  -0.49306664  0.4359509 ]
 [-0.5678603  -0.14463623 -0.7916523 ]
 [ 0.4665189  -0.34226722 -0.42425922]
 [ 0.2866518  -0.78665036  0.05689787]]","[[-0.03775913  0.74585825 -0.6650337 ]
 [ 0.97423244  0.17556663  0.14158928]
 [-0.22236323  0.6425511   0.7332685 ]]"
20200222-112628.565414,93,[1.3228797  0.9801043  0.30431703],"[[-0.6127386  -0.49691445  0.43303218]
 [-0.5657391  -0.145111   -0.79312664]
 [ 0.46938866 -0.33769944 -0.42472756]
 [ 0.29011178 -0.78611565  0.05513392]]","[[-0.03950793  0.7466367  -0.6640579 ]
 [ 0.973723    0.17793694  0.14213286]
 [-0.22428204  0.6409933   0.7340473 ]]"
20200222-112628.565414,94,[1.3273983  0.9794581  0.30465087],"[[-0.60895085 -0.5035495   0.4300983 ]
 [-0.5637437  -0.14673288 -0.7941449 ]
 [ 0.47243282 -0.33112094 -0.426156  ]
 [ 0.29694983 -0.7843889   0.05234712]]","[[-0.04690368  0.7472026  -0.66293925]
 [ 0.97174853  0.18781511  0.1429352 ]
 [-0.2313116   0.637506    0.73490214]]"
20200222-112628.565414,95,[1.3339576  0.97922236 0.3049808 ],"[[-0.6068713  -0.5078848   0.4268814 ]
 [-0.5617255  -0.14673744 -0.79556787]
 [ 0.47504127 -0.32600048 -0.42702422]
 [ 0.30084437 -0.78373766  0.0499442 ]]","[[-0.05006564  0.74793285 -0.6618835 ]
 [ 0.970819    0.19206537  0.14360124]
 [-0.234529    0.6353797   0.7357233 ]]"
20200222-112628.565414,96,[1.3415122  0.97922325 0.3053094 ],"[[-0.6056821  -0.51105344  0.42351934]
 [-0.5597361  -0.1458485  -0.79717106]
 [ 0.47739282 -0.32166466 -0.42763814]
 [ 0.3032177  -0.78363526  0.04770225]]","[[-0.05103814  0.7487781  -0.66085273]
 [ 0.97047025  0.19339392  0.14417449]
 [-0.2357596   0.63397944  0.7365374 ]]"
20200222-112628.565414,97,[1.3484287  0.97824717 0.3056144 ],"[[-0.6034672  -0.51575077  0.4200324 ]
 [-0.55754447 -0.14575294 -0.79869455]
 [ 0.48011467 -0.31648368 -0.42850277]
 [ 0.3073449  -0.78268456  0.04522149]]","[[-0.05396944  0.7496133  -0.6596723 ]
 [ 0.96958846  0.19727531  0.14484774]
 [-0.23871681  0.63179326  0.73746306]]"
20200222-112628.565414,98,[1.3549358  0.97897387 0.30592993],"[[-0.6020678  -0.5193527   0.4164691 ]
 [-0.5557546  -0.14443494 -0.80016464]
 [ 0.48215768 -0.31172314 -0.42952666]
 [ 0.3101206  -0.78245777  0.04239332]]","[[-0.05631533  0.75040007 -0.65858054]
 [ 0.9688445   0.20041585  0.1455119 ]
 [-0.24118209  0.6298676   0.73830765]]"
20200222-112628.565414,99,[1.3617138 0.9778623 0.3062487],"[[-0.5997702  -0.5233742   0.4137865 ]
 [-0.5539097  -0.14501043 -0.80133706]
 [ 0.48456877 -0.30697465 -0.4301138 ]
 [ 0.31409022 -0.7815485   0.04052354]]","[[-0.05933738  0.7510688  -0.65755224]
 [ 0.967917    0.20440635  0.14613217]
 [-0.24416316  0.6277849   0.7391012 ]]"
20200222-112628.565414,100,[1.3681375  0.97844005 0.30658677],"[[-0.59822094 -0.52646494  0.41099522]
 [-0.55246186 -0.14438775 -0.80245054]
 [ 0.48633555 -0.3025736  -0.43092284]
 [ 0.31685317 -0.7813044   0.03823756]]","[[-0.06190488  0.7516839  -0.65661216]
 [ 0.96710163  0.20781358  0.14672562]
 [-0.24674414  0.62592757  0.7398192 ]]"
20200222-112628.565414,101,[1.3748614  0.9789961  0.30691347],"[[-0.5964291  -0.53002506  0.40808186]
 [-0.5509062  -0.14389761 -0.8035746 ]
 [ 0.48818865 -0.29805836 -0.4317951 ]
 [ 0.32007247 -0.78072256  0.035914  ]]","[[-0.06482586  0.7522887  -0.6556365 ]
 [ 0.9661766   0.2116548   0.14732598]
 [-0.2496003   0.62391007  0.74056447]]"
20200222-112628.565414,102,[1.3827479  0.9781677  0.30722076],"[[-0.59509224 -0.53279495  0.40520376]
 [-0.5490608  -0.14348225 -0.8049587 ]
 [ 0.49035197 -0.2941302  -0.43206644]
 [ 0.32241675 -0.78040355  0.03420098]]","[[-0.06552617  0.7531147  -0.6546178 ]
 [ 0.96589744  0.2125581   0.14785585]
 [-0.2504967   0.62260514  0.7413596 ]]"
20200222-112628.565414,103,[1.389152   0.97861147 0.30756578],"[[-0.59330124 -0.5356141   0.4031756 ]
 [-0.5479137  -0.14364643 -0.80570394]
 [ 0.4918542  -0.2901789  -0.4327051 ]
 [ 0.32536656 -0.7799227   0.0325055 ]]","[[-0.06841369  0.753559   -0.65381056]
 [ 0.9649774   0.21634169  0.14837413]
 [-0.25325513  0.62076163  0.74196815]]"
20200222-112628.565414,104,[1.3945664  0.97885716 0.3079087 ],"[[-0.5908251  -0.53926283  0.4012613 ]
 [-0.5469085  -0.14424154 -0.8062215 ]
 [ 0.49327075 -0.28566608 -0.43366295]
 [ 0.3293942  -0.7789639   0.03053824]]","[[-0.07306591  0.75386256 -0.6529568 ]
 [ 0.963505    0.22241178  0.14896627]
 [-0.25752538  0.6182428   0.7426012 ]]"
20200222-112628.565414,105,[1.4003423  0.97937965 0.3081978 ],"[[-0.5889532  -0.54308474  0.39796466]
 [-0.5454986  -0.14306116 -0.8073189 ]
 [ 0.49480954 -0.2807024  -0.4348587 ]
 [ 0.3327595  -0.7783307   0.02753765]]","[[-0.07682694  0.7544713  -0.65182114]
 [ 0.9622376   0.22733603  0.1497232 ]
 [-0.26114425  0.6157041   0.7434463 ]]"
20200222-112628.565414,106,[1.4084022  0.9785791  0.30848995],"[[-0.58780867 -0.54549515  0.3951286 ]
 [-0.54377383 -0.1423647  -0.8086521 ]
 [ 0.49673167 -0.27702156 -0.43507186]
 [ 0.33473635 -0.77809167  0.02584149]]","[[-0.0771739   0.75532603 -0.6507893 ]
 [ 0.9620589   0.22774784  0.1502453 ]
 [-0.26170003  0.6145027   0.74424434]]"
20200222-112628.565414,107,[1.4149908  0.97901934 0.30882338],"[[-0.5861704  -0.5480122   0.393139  ]
 [-0.54272807 -0.14230919 -0.80935854]
 [ 0.49802163 -0.2732773  -0.43565702]
 [ 0.33737975 -0.77765685  0.02416134]]","[[-0.07973748  0.75576234 -0.6499733 ]
 [ 0.96118367  0.23107398  0.1507672 ]
 [-0.26413602  0.61272186  0.7448518 ]]"
20200222-112628.565414,108,[1.4195073  0.9800766  0.30912724],"[[-0.5839264  -0.55186224  0.39038047]
 [-0.541904   -0.14137551 -0.8099681 ]
 [ 0.49895975 -0.26814368 -0.43716678]
 [ 0.34118807 -0.77689105  0.02097695]]","[[-0.08517759  0.75606847 -0.6489263 ]
 [ 0.95932245  0.23817095  0.15157472]
 [-0.26915622  0.60961866  0.74560046]]"
20200222-112628.565414,109,[1.4266348  0.97907287 0.3094161 ],"[[-0.5821982  -0.55485743  0.38777405]
 [-0.5404524  -0.14102267 -0.81098944]
 [ 0.50060207 -0.26412082 -0.43767956]
 [ 0.3440268  -0.77619994  0.01907865]]","[[-0.08710609  0.7567665  -0.647856  ]
 [ 0.95862526  0.24059716  0.15215386]
 [-0.2710172   0.60779756  0.7464129 ]]"
20200222-112628.565414,110,[1.4336979  0.97966325 0.30970612],"[[-0.58078223 -0.55756986  0.38504967]
 [-0.539193   -0.14008288 -0.8119641 ]
 [ 0.50192094 -0.26016933 -0.4383676 ]
 [ 0.3464651  -0.7757606   0.01688658]]","[[-0.08926804  0.7573508  -0.64687806]
 [ 0.957826    0.24337791  0.1527633 ]
 [-0.27313116  0.6059596   0.74713624]]"
20200222-112628.565414,111,[1.4398111  0.97904825 0.31000364],"[[-0.5784782  -0.56095654  0.3829187 ]
 [-0.5381595  -0.14023285 -0.8125676 ]
 [ 0.503164   -0.2558473  -0.43918836]
 [ 0.35010412 -0.77472883  0.01486099]]","[[-0.09316851  0.75773203 -0.64588076]
 [ 0.95643646  0.24837632  0.15342301]
 [-0.27667496  0.6034495   0.74786335]]"
20200222-112628.565414,112,[1.4471031  0.97803676 0.31027862],"[[-0.57687217 -0.56371593  0.38033915]
 [-0.53677994 -0.1397164  -0.8135618 ]
 [ 0.50466585 -0.25198537 -0.43964824]
 [ 0.3527012  -0.77408457  0.01298258]]","[[-0.09486214  0.7584444  -0.6447968 ]
 [ 0.9557959   0.25047332  0.15400398]
 [-0.27830794  0.60168505  0.74867857]]"
20200222-112628.565414,113,[1.4514478  0.97988117 0.310594  ],"[[-0.57498693 -0.56668854  0.37798998]
 [-0.53646314 -0.13848352 -0.8138885 ]
 [ 0.5050051  -0.24731871 -0.44114873]
 [ 0.35576278 -0.77364075  0.00983928]]","[[-0.10004305  0.7585577  -0.64388025]
 [ 0.9538893   0.2571785   0.15477207]
 [-0.2829956   0.59870666  0.7493089 ]]"
20200222-112628.565414,114,[1.458401   0.9805731  0.31088224],"[[-0.5739609  -0.56872946  0.37530798]
 [-0.53542435 -0.1370591  -0.8148182 ]
 [ 0.5060458  -0.24356256 -0.44176757]
 [ 0.357502   -0.77358824  0.00753307]]","[[-0.10163845  0.75917023 -0.6429077 ]
 [ 0.95324475  0.25919878  0.15537177]
 [-0.28459448  0.5970565   0.75001967]]"
20200222-112628.565414,115,[1.4665262  0.98247266 0.31115365],"[[-0.57368106 -0.57031536  0.37199244]
 [-0.5341274  -0.13461943 -0.8160893 ]
 [ 0.5072028  -0.24020556 -0.44226012]
 [ 0.35825086 -0.7738991   0.00509363]]","[[-0.10159565  0.7599935  -0.6419411 ]
 [ 0.95318633  0.25910044  0.15589447]
 [-0.28480598  0.5960512   0.75073874]]"
20200222-112628.565414,116,[1.4739645  0.9823617  0.31140587],"[[-0.57250136 -0.5727055   0.3690667 ]
 [-0.5328429  -0.1332525  -0.817143  ]
 [ 0.5084517  -0.23637824 -0.44278574]
 [ 0.36027497 -0.7735486   0.00282412]]","[[-0.10302402  0.76072955 -0.64084053]
 [ 0.9525966   0.26087543  0.15653709]
 [-0.286262    0.5943354   0.75154483]]"
