Timestamp,Epoch,s,u,v
20200221-215144.573549,0,[1.7569474  0.47651652 0.29469532],"[[ 0.6470471  -0.46419382 -0.03842778]
 [ 0.18944943  0.6338708   0.6746692 ]
 [-0.23867184  0.4590807  -0.63993037]
 [-0.6989096  -0.41470098  0.36583334]]","[[ 0.6878453   0.06832664  0.7226344 ]
 [-0.6268637   0.55782586  0.5439415 ]
 [ 0.36593848  0.8271408  -0.42652938]]"
20200221-215144.573549,1,[1.7613384 0.4846651 0.2932578],"[[ 0.6455031  -0.46398386 -0.0415763 ]
 [ 0.18889816  0.6327872   0.67454803]
 [-0.2411448   0.45985398 -0.6405889 ]
 [-0.69963723 -0.41573277  0.3645575 ]]","[[ 0.68596846  0.07631162  0.72361857]
 [-0.6305522   0.55862653  0.5388324 ]
 [ 0.36311334  0.8259013  -0.43131858]]"
20200221-215144.573549,2,[1.7680416  0.49272972 0.29255214],"[[ 0.64432836 -0.46450967 -0.04317462]
 [ 0.1901908   0.63401526  0.67219687]
 [-0.24267186  0.4587898  -0.6423262 ]
 [-0.6998418  -0.41444826  0.36565614]]","[[ 0.6855721   0.08346836  0.7232039 ]
 [-0.6315353   0.5623653   0.53376824]
 [ 0.36215198  0.82266533 -0.4382552 ]]"
20200221-215144.573549,3,[1.7753195  0.49908805 0.29189488],"[[ 0.64345485 -0.4652227  -0.04579537]
 [ 0.19167538  0.63373137  0.6710803 ]
 [-0.24411267  0.45866683 -0.64308196]
 [-0.6997395  -0.41421902  0.36606023]]","[[ 0.6855322   0.08778989  0.7227301 ]
 [-0.63192964  0.5647185   0.53080904]
 [ 0.36153924  0.8206011  -0.44260976]]"
20200221-215144.573549,4,[1.7818401  0.5071408  0.29118094],"[[ 0.6423677  -0.46580335 -0.04786862]
 [ 0.19299082  0.6343276   0.66920966]
 [-0.24560344  0.45802855 -0.64447325]
 [-0.6998551  -0.41335845  0.36677152]]","[[ 0.6852367   0.09406023  0.72222114]
 [-0.6327435   0.56795025  0.5263728 ]
 [ 0.3606749   0.8176705  -0.44869632]]"
20200221-215144.573549,5,[1.7884827  0.5159554  0.29013765],"[[ 0.64118737 -0.46581677 -0.05038289]
 [ 0.19376959  0.63420546  0.66829765]
 [-0.24729693  0.45848632 -0.6452493 ]
 [-0.7001258  -0.4130233   0.3667328 ]]","[[ 0.6844765   0.1007475   0.72204006]
 [-0.6343708   0.57036394  0.5217843 ]
 [ 0.3592571   0.81519026 -0.45431203]]"
20200221-215144.573549,6,[1.7957261  0.5250492  0.28875366],"[[ 0.6402587  -0.46638328 -0.05414429]
 [ 0.19591838  0.6326602   0.66839826]
 [-0.24803984  0.46043044 -0.6451942 ]
 [-0.7001146  -0.41259143  0.36611015]]","[[ 0.6848907   0.10489092  0.7210566 ]
 [-0.6338605   0.57383007  0.5185942 ]
 [ 0.35936812  0.8122296  -0.45949712]]"
20200221-215144.573549,7,[1.8030063 0.5340806 0.2874056],"[[ 0.6393249  -0.46693128 -0.05795114]
 [ 0.1980343   0.63102305  0.66857433]
 [-0.24879536  0.4624353  -0.6450658 ]
 [-0.7001052  -0.41223574  0.36543134]]","[[ 0.68529636  0.10876504  0.72009665]
 [-0.63336015  0.57708263  0.51558775]
 [ 0.3594773   0.80941087 -0.46436012]]"
20200221-215144.573549,8,[1.8091489 0.5411268 0.2863713],"[[ 0.6383918  -0.46727568 -0.06174107]
 [ 0.19900076  0.62917566  0.6688896 ]
 [-0.25040382  0.4638041  -0.64491844]
 [-0.70010895 -0.41313118  0.36449277]]","[[ 0.68491673  0.11241086  0.719898  ]
 [-0.63435125  0.57806545  0.51326305]
 [ 0.35845175  0.8082105  -0.46723464]]"
20200221-215144.573549,9,[1.8152939  0.54790837 0.28515685],"[[ 0.63735276 -0.46703237 -0.06585065]
 [ 0.19900654  0.62672037  0.6699832 ]
 [-0.2525921   0.46573576 -0.6442932 ]
 [-0.70026785 -0.41496122  0.3628673 ]]","[[ 0.6837634   0.11654075  0.72033757]
 [-0.63673776  0.5774616   0.51098275]
 [ 0.35641688  0.8080573  -0.46905282]]"
20200221-215144.573549,10,[1.822904   0.55368227 0.2846876 ],"[[ 0.6365906  -0.46763894 -0.06863984]
 [ 0.20042087  0.62598497  0.66931576]
 [-0.2540579   0.46595213 -0.64454705]
 [-0.7000274  -0.41514486  0.36313096]]","[[ 0.68374807  0.11941592  0.7198809 ]
 [-0.63708246  0.5787408   0.50910246]
 [ 0.3558294   0.8067212  -0.4717906 ]]"
20200221-215144.573549,11,[1.8292699  0.5614555  0.28419155],"[[ 0.63568157 -0.46813127 -0.07104768]
 [ 0.20167767  0.62606496  0.6678939 ]
 [-0.2556344   0.4656278  -0.6454586 ]
 [-0.6999185  -0.4148334   0.36366662]]","[[ 0.68350327  0.12415072  0.71931213]
 [-0.6378303   0.5807757   0.50583833]
 [ 0.3549587   0.80454123 -0.4761492 ]]"
20200221-215144.573549,12,[1.8369701  0.56812984 0.28358957],"[[ 0.6349061  -0.4689753  -0.073976  ]
 [ 0.20377259  0.62513936  0.66735154]
 [-0.25651082  0.4663559  -0.64556307]
 [-0.69969517 -0.41445822  0.36389285]]","[[ 0.68394226  0.12654613  0.7184769 ]
 [-0.63728535  0.5829939   0.5039697 ]
 [ 0.35509244  0.80256104 -0.4793802 ]]"
20200221-215144.573549,13,[1.8422267  0.57459354 0.2829315 ],"[[ 0.6338069  -0.46890557 -0.07703541]
 [ 0.20347895  0.62405217  0.667086  ]
 [-0.25902662  0.46659058 -0.6458535 ]
 [-0.6998501  -0.41590834  0.36322877]]","[[ 0.6825165   0.13145459  0.7189512 ]
 [-0.64013904  0.58221626  0.5012447 ]
 [ 0.35269418  0.80233663 -0.4815215 ]]"
20200221-215144.573549,14,[1.848106  0.5829379 0.2817817],"[[ 0.63262296 -0.46830294 -0.08061735]
 [ 0.2032028   0.6223853   0.6676357 ]
 [-0.2613745   0.468182   -0.6455741 ]
 [-0.7001288  -0.41729409  0.36193576]]","[[ 0.6810221   0.13691849  0.71934843]
 [-0.6430474   0.58174497  0.49805883]
 [ 0.35028395  0.80176425 -0.48422632]]"
20200221-215144.573549,15,[1.8553687  0.5922923  0.28139344],"[[ 0.6315746  -0.4682057  -0.08222552]
 [ 0.20409599  0.6233762   0.66587484]
 [-0.26313722  0.4677399  -0.6466201 ]
 [-0.7001551  -0.4164192   0.3629491 ]]","[[ 0.6803623   0.14297377  0.71879464]
 [-0.64447063  0.58370537  0.49390858]
 [ 0.3489484   0.79927874 -0.4892735 ]]"
20200221-215144.573549,16,[1.8629426  0.6008527  0.28031147],"[[ 0.6308005  -0.4686265  -0.08602506]
 [ 0.20621797  0.62152606  0.6662572 ]
 [-0.26385096  0.46985868 -0.64609176]
 [-0.6999624  -0.41632625  0.36230725]]","[[ 0.68084556  0.14536847  0.71785617]
 [-0.64384884  0.5860124   0.49198407]
 [ 0.34915364  0.7971559  -0.49257925]]"
20200221-215144.573549,17,[1.8708295  0.60694754 0.27964693],"[[ 0.6301398  -0.4686213  -0.08919825]
 [ 0.20714353  0.6201277   0.6664465 ]
 [-0.2654976   0.47095925 -0.64565116]
 [-0.6996619  -0.4171728   0.361977  ]]","[[ 0.68050843  0.14799643  0.71763897]
 [-0.6447592   0.5862579   0.49049732]
 [ 0.34812954  0.79649174 -0.4943754 ]]"
20200221-215144.573549,18,[1.8775377  0.61433464 0.27928254],"[[ 0.6293657  -0.4690196  -0.09167565]
 [ 0.20836473  0.61993235  0.6653231 ]
 [-0.26706228  0.47083858 -0.64619094]
 [-0.6994002  -0.4171518   0.36246133]]","[[ 0.68030274  0.15164001  0.7170731 ]
 [-0.6454224   0.58754635  0.48807728]
 [ 0.3473015   0.7948551  -0.49758115]]"
20200221-215144.573549,19,[1.8846297  0.62228364 0.27908698],"[[ 0.62836564 -0.46876138 -0.09330283]
 [ 0.20860563  0.6206838   0.66380525]
 [-0.2693264   0.4701544  -0.6470247 ]
 [-0.6993595  -0.41709635  0.36334103]]","[[ 0.6791972   0.1571432   0.7169362 ]
 [-0.647647    0.58789766  0.4846957 ]
 [ 0.34531844  0.7935254  -0.50107175]]"
20200221-215144.573549,20,[1.8908542  0.63059604 0.27835107],"[[ 0.62748706 -0.46869138 -0.09641052]
 [ 0.20934494  0.61968833  0.66354555]
 [-0.2710588   0.4710405  -0.64704967]
 [-0.69925815 -0.41765508  0.36295897]]","[[ 0.6785865   0.16114923  0.7166253 ]
 [-0.64897245  0.5884978   0.48218796]
 [ 0.34402806  0.7922761  -0.50392795]]"
20200221-215144.573549,21,[1.8984829  0.63625324 0.27770397],"[[ 0.6267868  -0.4688104  -0.09964474]
 [ 0.21032186  0.61805946  0.6638771 ]
 [-0.27260956  0.47223338 -0.6464609 ]
 [-0.6989898  -0.4185871   0.36252785]]","[[ 0.6782613   0.16320841  0.7164668 ]
 [-0.6497978   0.58848286  0.4810933 ]
 [ 0.3431099   0.7918655  -0.5051976 ]]"
20200221-215144.573549,22,[1.9063561  0.64347947 0.2771238 ],"[[ 0.62617    -0.46973944 -0.10273452]
 [ 0.21296145  0.61683434  0.6635403 ]
 [-0.2729896   0.47342706 -0.6462188 ]
 [-0.69859564 -0.41800347  0.36271375]]","[[ 0.6791981   0.16425963  0.7153384 ]
 [-0.6483806   0.59100395  0.47991365]
 [ 0.3439374   0.7897678  -0.5079115 ]]"
20200221-215144.573549,23,[1.9143234 0.6512552 0.2759921],"[[ 0.62540954 -0.46940017 -0.10666027]
 [ 0.21402328  0.61453295  0.6646187 ]
 [-0.27435747  0.47590238 -0.64511245]
 [-0.6984163  -0.41896266  0.3615738 ]]","[[ 0.6788869   0.16669768  0.71506953]
 [-0.6491589   0.5913274   0.4784605 ]
 [ 0.34308207  0.78901434 -0.50965786]]"
20200221-215144.573549,24,[1.9220634 0.6567534 0.2754285],"[[ 0.62475824 -0.46951437 -0.10971244]
 [ 0.21501034  0.6130859   0.66478384]
 [-0.27588713  0.4768902  -0.64458185]
 [-0.69809324 -0.41983074  0.36130333]]","[[ 0.67858243  0.1686481   0.71490127]
 [-0.64994544  0.5912894   0.47743902]
 [ 0.34219432  0.78862846 -0.51085067]]"
20200221-215144.573549,25,[1.9303706  0.6607448  0.27455175],"[[ 0.62427753 -0.4693386  -0.11367518]
 [ 0.21571167  0.6103661   0.6660644 ]
 [-0.27758843  0.4788239  -0.64321023]
 [-0.697632   -0.4217845   0.3601622 ]]","[[ 0.67822194  0.16949801  0.7150423 ]
 [-0.6508773   0.590261    0.4774418 ]
 [ 0.34113622  0.7892163  -0.51065046]]"
20200221-215144.573549,26,[1.9367615  0.66883737 0.27390286],"[[ 0.6234505  -0.4692076  -0.11669347]
 [ 0.21637078  0.6094253   0.6657327 ]
 [-0.27934453  0.4795778  -0.64320105]
 [-0.6974666  -0.4224337   0.35982677]]","[[ 0.6775931   0.17314485  0.71476465]
 [-0.6522127   0.5905679   0.4752349 ]
 [ 0.33983254  0.7881944  -0.51309204]]"
20200221-215144.573549,27,[1.9456275  0.67713946 0.27331594],"[[ 0.62297213 -0.47012413 -0.11967117]
 [ 0.21959968  0.6083805   0.6652832 ]
 [-0.27924538  0.4810231  -0.64288265]
 [-0.69692445 -0.4212759   0.36024886]]","[[ 0.6790042   0.17373529  0.71328074]
 [-0.64997655  0.5939593   0.47407037]
 [ 0.34129697  0.7855115  -0.51622486]]"
20200221-215144.573549,28,[1.9530479 0.6829363 0.2729509],"[[ 0.6224272  -0.47109145 -0.12262351]
 [ 0.22170445  0.60720015  0.66472304]
 [-0.2800011   0.48152453 -0.642794  ]
 [-0.69644177 -0.4213252   0.36044773]]","[[ 0.6796112   0.17453775  0.7125064 ]
 [-0.6491558   0.5954522   0.47332177]
 [ 0.3416509   0.78420234 -0.5179782 ]]"
20200221-215144.573549,29,[1.9619339  0.68815917 0.2726901 ],"[[ 0.6219477  -0.47177082 -0.12509194]
 [ 0.22371705  0.6063539   0.66422474]
 [-0.28081396  0.48202112 -0.6425184 ]
 [-0.69589865 -0.42121565  0.3610092 ]]","[[ 0.68014336  0.17530409  0.71180993]
 [-0.6484695   0.5967241   0.47266006]
 [ 0.34189487  0.78306377 -0.5195373 ]]"
20200221-215144.573549,30,[1.9684062  0.6961283  0.27210978],"[[ 0.62116706 -0.47159922 -0.12798949]
 [ 0.22433713  0.6054935   0.66384476]
 [-0.28256667  0.48268676 -0.64248717]
 [-0.69568676 -0.42188302  0.3607479 ]]","[[ 0.6795208   0.17871669  0.71155596]
 [-0.64980197  0.596876    0.47063404]
 [ 0.3406004   0.782176   -0.5217201 ]]"
20200221-215144.573549,31,[1.97585    0.7027701  0.27142438],"[[ 0.62058145 -0.47192654 -0.13141508]
 [ 0.22586595  0.60379285  0.6639366 ]
 [-0.2836436   0.48394734 -0.64196223]
 [-0.69527656 -0.42250997  0.36028156]]","[[ 0.67970467  0.18006958  0.71103925]
 [-0.6497228   0.5976737   0.46973044]
 [ 0.3403852   0.7812562  -0.5232369 ]]"
20200221-215144.573549,32,[1.9817628  0.709426   0.27096087],"[[ 0.61986864 -0.4717697  -0.13439263]
 [ 0.22592545  0.6028361   0.6634619 ]
 [-0.28586584  0.4840618  -0.6420487 ]
 [-0.6949831  -0.42391804  0.35990363]]","[[ 0.6787416   0.18348654  0.7110856 ]
 [-0.6516873   0.5968674   0.46803117]
 [ 0.3385463   0.78107756 -0.5246946 ]]"
20200221-215144.573549,33,[1.9910674  0.7169319  0.27022827],"[[ 0.619314   -0.47189516 -0.13750137]
 [ 0.22797874  0.60135424  0.66371536]
 [-0.28649876  0.48587206 -0.64121366]
 [-0.69454634 -0.42381188  0.3597505 ]]","[[ 0.67927164  0.18453813  0.71030694]
 [-0.6509756   0.5983956   0.46706918]
 [ 0.33885244  0.77965915 -0.526603  ]]"
20200221-215144.573549,34,[1.9988911  0.7218944  0.26973552],"[[-0.61874706 -0.4721101  -0.1405259 ]
 [-0.22897007  0.5998692   0.6637201 ]
 [ 0.28797808  0.48659328 -0.64069724]
 [ 0.6941133  -0.42484838  0.35949293]]","[[-0.679049    0.18592899  0.7101569 ]
 [ 0.65160495  0.59819716  0.46644554]
 [-0.338088    0.7794811  -0.5273574 ]]"
20200221-215144.573549,35,[2.0077186 0.7238635 0.269394 ],"[[-0.6184233  -0.47254914 -0.14339009]
 [-0.23021087  0.59812266  0.66397494]
 [ 0.289282    0.48721588 -0.6398174 ]
 [ 0.693449   -0.42610753  0.35945857]]","[[-0.6791374   0.18577352  0.7101131 ]
 [ 0.65171856  0.5976986   0.46692562]
 [-0.33769116  0.7799006  -0.52699155]]"
20200221-215144.573549,36,[2.013717   0.7304324  0.26894805],"[[-0.61772794 -0.47233748 -0.14630723]
 [-0.23020631  0.5972177   0.6634557 ]
 [ 0.2915227   0.48727268 -0.6399001 ]
 [ 0.69313157 -0.42754343  0.35909358]]","[[-0.6781549   0.18909648  0.710175  ]
 [ 0.6536932   0.5968003   0.46531132]
 [-0.33584395  0.7797898  -0.5283341 ]]"
20200221-215144.573549,37,[2.0220013  0.73491603 0.26854324],"[[-0.61717796 -0.47235802 -0.14890282]
 [-0.23107505  0.596039    0.663448  ]
 [ 0.29304272  0.48790786 -0.6393025 ]
 [ 0.69269145 -0.42844048  0.35910606]]","[[-0.6778295   0.19051984  0.7101052 ]
 [ 0.6544755   0.59640884  0.46471307]
 [-0.3349759   0.7797427  -0.5289541 ]]"
20200221-215144.573549,38,[2.0281622  0.7433076  0.26794273],"[[-0.6162363  -0.47079846 -0.15143576]
 [-0.22949955  0.5956826   0.6632199 ]
 [ 0.29636696  0.48815686 -0.63925844]
 [ 0.6926395  -0.43036506  0.35854658]]","[[-0.6754948   0.19642316  0.71072143]
 [ 0.6587173   0.5938937   0.46193284]
 [-0.33135867  0.7801976  -0.5305595 ]]"
20200221-215144.573549,39,[2.037102   0.7484742  0.26794142],"[[-0.61584693 -0.47227287 -0.15341559]
 [-0.23266533  0.5952184   0.66212153]
 [ 0.2962512   0.4882964  -0.6392415 ]
 [ 0.69197917 -0.42923188  0.3597627 ]]","[[-0.67691773  0.19576366  0.70954853]
 [ 0.65646666  0.59657395  0.46168286]
 [-0.33291745  0.7783162  -0.53234386]]"
20200221-215144.573549,40,[2.046119  0.7546211 0.2676287],"[[-0.61542714 -0.47307587 -0.15587229]
 [-0.23525421  0.5943284   0.6615934 ]
 [ 0.29651588  0.48911166 -0.63885355]
 [ 0.6913637  -0.4286526   0.3603673 ]]","[[-0.6779034   0.19580445  0.70859563]
 [ 0.6549678   0.5986002   0.46118882]
 [-0.3338626   0.7767487  -0.5340388 ]]"
20200221-215144.573549,41,[2.054568   0.76158774 0.26724547],"[[-0.6148171  -0.47247627 -0.15802778]
 [-0.23566541  0.5939733   0.6612489 ]
 [ 0.29835823  0.4896141  -0.6385317 ]
 [ 0.69097334 -0.4292321   0.36063108]]","[[-0.67718893  0.19876075  0.7084558 ]
 [ 0.65642065  0.5982171   0.4596176 ]
 [-0.33245644  0.776293   -0.53557664]]"
20200221-215144.573549,42,[2.0627513  0.76743615 0.2667816 ],"[[-0.6143496  -0.47259295 -0.16068752]
 [-0.237103    0.5928527   0.66112745]
 [ 0.29939017  0.49052286 -0.63796145]
 [ 0.6904505  -0.42961484  0.3606868 ]]","[[-0.6773133   0.19984142  0.7080326 ]
 [ 0.6564111   0.59875125  0.4589349 ]
 [-0.33222118  0.77560323 -0.53672045]]"
20200221-215144.573549,43,[2.0706437  0.7743195  0.26637197],"[[-0.61363316 -0.47221145 -0.16292557]
 [-0.23759943  0.5922897   0.660831  ]
 [ 0.30109695  0.49107635 -0.63762903]
 [ 0.69017506 -0.43017823  0.36081386]]","[[-0.676586    0.2026251   0.7079369 ]
 [ 0.6578259   0.59834546  0.4574362 ]
 [-0.33090284  0.7751941  -0.5381242 ]]"
20200221-215144.573549,44,[2.078227   0.7829759  0.26585135],"[[-0.6129501  -0.4718807  -0.16538881]
 [-0.23862867  0.59170514  0.6604767 ]
 [ 0.30237737  0.4920293  -0.6373334 ]
 [ 0.6898672  -0.4302566   0.36086482]]","[[-0.676277    0.20523916  0.707479  ]
 [ 0.65851754  0.5988784   0.4557406 ]
 [-0.3301581   0.774094   -0.54016125]]"
20200221-215144.573549,45,[2.0877492  0.7871783  0.26569366],"[[-0.6125228  -0.4726279  -0.16748016]
 [-0.24065498  0.5908986   0.6599696 ]
 [ 0.30301976  0.49236837 -0.6368988 ]
 [ 0.6892604  -0.43015683  0.36159417]]","[[-0.67684203  0.2052445   0.70693696]
 [ 0.65773124  0.5998707   0.45557097]
 [-0.3305673   0.77332395 -0.54101336]]"
20200221-215144.573549,46,[2.0966973  0.79152596 0.26558477],"[[-0.61219364 -0.47332814 -0.16955408]
 [-0.24260472  0.5902496   0.65928763]
 [ 0.3037307   0.49250773 -0.6366194 ]
 [ 0.6885562  -0.43011853  0.36236295]]","[[-0.6774019   0.20539124  0.7063578 ]
 [ 0.6569856   0.6008645   0.4553372 ]
 [-0.33090302  0.77251303 -0.5419657 ]]"
20200221-215144.573549,47,[2.1056035  0.7963757  0.26523948],"[[-0.61193633 -0.47481024 -0.1723059 ]
 [-0.24613917  0.58871126  0.6589023 ]
 [ 0.30310166  0.49363995 -0.63603926]
 [ 0.68780714 -0.42929435  0.36278474]]","[[-0.67920023  0.20346127  0.70518833]
 [ 0.65403813  0.6037715   0.4557346 ]
 [-0.3330483   0.77075505 -0.5431532 ]]"
20200221-215144.573549,48,[2.1136277 0.8017206 0.2649415],"[[-0.61137694 -0.47426584 -0.17458223]
 [-0.2459159   0.5881919   0.6584593 ]
 [ 0.30546317  0.49352565 -0.63583046]
 [ 0.6873401  -0.43073738  0.36286685]]","[[-0.67811257  0.2063556   0.70539415]
 [ 0.6561643   0.60233307  0.4545804 ]
 [-0.331077    0.77111095 -0.5438528 ]]"
20200221-215144.573549,49,[2.1232343  0.8050584  0.26486075],"[[-0.61103183 -0.4765152  -0.17680524]
 [-0.25005886  0.58682996  0.65772897]
 [ 0.30433342  0.4941818  -0.63542604]
 [ 0.68665284 -0.42935792  0.36382103]]","[[-0.680305    0.203429    0.70413184]
 [ 0.65244514  0.6057795   0.455353  ]
 [-0.3339167   0.76918626 -0.5448412 ]]"
20200221-215144.573549,50,[2.1330018  0.8079139  0.26501462],"[[-0.6106144  -0.47792056 -0.17829448]
 [-0.2525779   0.5864042   0.6567085 ]
 [ 0.30455413  0.49386257 -0.6353097 ]
 [ 0.6860039  -0.42874444  0.36513948]]","[[-0.6812291   0.2026129   0.70347345]
 [ 0.6509681   0.60727227  0.4554788 ]
 [-0.33491406  0.76822406 -0.5455861 ]]"
20200221-215144.573549,51,[2.1407208  0.81215286 0.26465794],"[[-0.6102204  -0.47801352 -0.180927  ]
 [-0.25331715  0.58526295  0.6564135 ]
 [ 0.30607244  0.49410585 -0.63492143]
 [ 0.6854059  -0.42991838  0.36505   ]]","[[-0.68096304  0.203765    0.7033982 ]
 [ 0.65166116  0.6068216   0.4550882 ]
 [-0.3341062   0.7682756  -0.5460089 ]]"
20200221-215144.573549,52,[2.149867   0.8202675  0.26418284],"[[-0.6096051  -0.47746032 -0.18305974]
 [-0.2542381   0.58482355  0.65619224]
 [ 0.30736697  0.49510008 -0.6344052 ]
 [ 0.685033   -0.42998677  0.36528182]]","[[-0.6806299   0.20608903  0.70304364]
 [ 0.6524      0.607119    0.45363086]
 [-0.33334282  0.7674203  -0.5476758 ]]"
20200221-215144.573549,53,[2.1580002  0.8253474  0.26388985],"[[-0.60906094 -0.4768967  -0.18527997]
 [-0.25393614  0.5843021   0.6557638 ]
 [ 0.30973956  0.49494335 -0.63416666]
 [ 0.6845603  -0.43149933  0.36534667]]","[[-0.6795162   0.20888996  0.70329416]
 [ 0.65457     0.6055689   0.4525754 ]
 [-0.33135462  0.7678874  -0.54822695]]"
20200221-215144.573549,54,[2.166532   0.83065665 0.26347846],"[[-0.60862625 -0.47695565 -0.18768294]
 [-0.25521946  0.58328825  0.65559125]
 [ 0.31074622  0.49569342 -0.6335784 ]
 [ 0.68401325 -0.43194482  0.36545038]]","[[-0.6795754   0.20972803  0.7029876 ]
 [ 0.6546339   0.6058719   0.45207718]
 [-0.33110723  0.7674199  -0.5490307 ]]"
20200221-215144.573549,55,[2.1750624  0.8332441  0.26337925],"[[-0.6081561  -0.47782975 -0.18975191]
 [-0.2566009   0.58230674  0.65498817]
 [ 0.31172675  0.49548322 -0.63331586]
 [ 0.6834682  -0.43254405  0.36591795]]","[[-0.6797289   0.2098114   0.70281416]
 [ 0.6545106   0.6059823   0.45210785]
 [-0.3310355   0.76731    -0.54922754]]"
20200221-215144.573549,56,[2.183264   0.83886504 0.26289916],"[[-0.60771686 -0.47805086 -0.19246686]
 [-0.25798365  0.5810314   0.65478206]
 [ 0.31265023  0.49626774 -0.6327872 ]
 [ 0.6829162  -0.43311512  0.36578256]]","[[-0.67988956  0.21048906  0.70245606]
 [ 0.65439796  0.6064397   0.4516573 ]
 [-0.33092836  0.76676285 -0.5500556 ]]"
20200221-215144.573549,57,[2.1921577  0.8445795  0.26263514],"[[-0.6072098  -0.47894806 -0.19454937]
 [-0.2604761   0.58015037  0.6542359 ]
 [ 0.31265303  0.49702463 -0.6323917 ]
 [ 0.68241984 -0.4324363   0.36634293]]","[[-0.6807852   0.21012487  0.70169747]
 [ 0.6529236   0.6082822   0.4513134 ]
 [-0.33199787  0.76540214 -0.55130494]]"
20200221-215144.573549,58,[2.200909   0.8509247  0.26270026],"[[-0.60660166 -0.47829527 -0.19563098]
 [-0.2601966   0.58094764  0.65311927]
 [ 0.3150395   0.49621782 -0.632594  ]
 [ 0.68196934 -0.43301412  0.3674085 ]]","[[-0.6796019   0.21365489  0.70177835]
 [ 0.65518016  0.6070865   0.4496501 ]
 [-0.3299701   0.7653743  -0.55255955]]"
20200221-215144.573549,59,[2.2092788  0.8546581  0.26272652],"[[-0.6061112  -0.47844693 -0.19721922]
 [-0.2604958   0.5808134   0.6521967 ]
 [ 0.3169118   0.4954193  -0.63263667]
 [ 0.6814236  -0.43393955  0.3681232 ]]","[[-0.6789376   0.2155125   0.7018534 ]
 [ 0.6565125   0.6061674   0.44894606]
 [-0.3286872   0.7655816  -0.5530365 ]]"
20200221-215144.573549,60,[2.218021  0.860101  0.2626381],"[[-0.6056224  -0.47865233 -0.1988908 ]
 [-0.26145607  0.5806113   0.65137833]
 [ 0.3181798   0.4952264  -0.6325575 ]
 [ 0.6808992  -0.43420416  0.36880818]]","[[-0.678733    0.2170023   0.70159197]
 [ 0.65701455  0.6062538   0.4480936 ]
 [-0.32810554  0.7650921  -0.55405825]]"
20200221-215144.573549,61,[2.2282696  0.8645821  0.26224297],"[[-0.6052519  -0.47865644 -0.2010764 ]
 [-0.2627925   0.5795846   0.65136886]
 [ 0.3191289   0.49601838 -0.63171846]
 [ 0.68027    -0.4346671   0.3690779 ]]","[[-0.6788266   0.21745427  0.70136154]
 [ 0.6570081   0.60641795  0.44788104]
 [-0.32792455  0.76483375 -0.554522  ]]"
20200221-215144.573549,62,[2.2355843 0.8715388 0.2618471],"[[-0.60468334 -0.47824448 -0.20338094]
 [-0.26305616  0.5790297   0.65087646]
 [ 0.32087055  0.49628633 -0.6315267 ]
 [ 0.67985415 -0.43555334  0.36901203]]","[[-0.6781314   0.21986476  0.7012826 ]
 [ 0.6583545   0.60584575  0.44667694]
 [-0.3266606   0.7645982  -0.555592  ]]"
20200221-215144.573549,63,[2.2453635  0.87352794 0.26168153],"[[-0.60444564 -0.47972712 -0.20547266]
 [-0.2659957   0.57760817  0.650491  ]
 [ 0.3204832   0.49681714 -0.6308843 ]
 [ 0.67910373 -0.43520477  0.369632  ]]","[[-0.67948705  0.21776155  0.7006263 ]
 [ 0.65611947  0.6077021   0.44744334]
 [-0.32833612  0.7637263  -0.55580336]]"
20200221-215144.573549,64,[2.253932   0.87511116 0.26148522],"[[-0.60410637 -0.47978106 -0.20756002]
 [-0.26613206  0.5766431   0.6501816 ]
 [ 0.3223634   0.49642035 -0.63043797]
 [ 0.67846245 -0.4368751   0.36977136]]","[[-0.67881745  0.21882765  0.70094323]
 [ 0.65745664  0.6062615   0.44743454]
 [-0.3270439   0.7645662  -0.5554106 ]]"
20200221-215144.573549,65,[2.2640295  0.8784441  0.26177207],"[[-0.6037094  -0.4805021  -0.20835836]
 [-0.26754212  0.5770131   0.6489528 ]
 [ 0.32334307  0.49552426 -0.63050777]
 [ 0.6777945  -0.43661112  0.3713584 ]]","[[-0.67893636  0.21946087  0.70062983]
 [ 0.6573886   0.6066474   0.44701144]
 [-0.32693377  0.7640783  -0.5561461 ]]"
20200221-215144.573549,66,[2.2745101  0.8807101  0.26115248],"[[-0.603469   -0.48039365 -0.21102372]
 [-0.26869243  0.5751602   0.6495581 ]
 [ 0.32431147  0.49670812 -0.629178  ]
 [ 0.67709047 -0.43782887  0.37105045]]","[[-0.67899615  0.21916628  0.70066416]
 [ 0.65743643  0.60625803  0.44746885]
 [-0.3267133   0.76447195 -0.55573475]]"
20200221-215144.573549,67,[2.2847192  0.88014424 0.2609657 ],"[[-0.6032963  -0.4809079  -0.2129676 ]
 [-0.26980963  0.573819    0.649557  ]
 [ 0.32535967  0.49670142 -0.628299  ]
 [ 0.6762971  -0.43902972  0.3714305 ]]","[[-0.6790783   0.21843918  0.7008116 ]
 [ 0.65744907  0.60564095  0.44828543]
 [-0.3265171   0.7651688  -0.55489033]]"
20200221-215144.573549,68,[2.2949376  0.8814644  0.26101205],"[[-0.60300857 -0.48152697 -0.21432509]
 [-0.2710456   0.57332444  0.64894915]
 [ 0.32636952  0.4962415  -0.6278941 ]
 [ 0.6755723  -0.43951738  0.37239605]]","[[-0.67916405  0.21838975  0.700744  ]
 [ 0.6574406   0.6055006   0.44848743]
 [-0.32635576  0.76529413 -0.5548125 ]]"
20200221-215144.573549,69,[2.3047478  0.887151   0.26030278],"[[-0.602514   -0.48082525 -0.21683303]
 [-0.27167633  0.5720393   0.64939547]
 [ 0.3276759   0.49759632 -0.6267904 ]
 [ 0.67512774 -0.44042706  0.37202522]]","[[-0.67874557  0.21968488  0.70074445]
 [ 0.65826386  0.605024    0.44792232]
 [-0.32556543  0.76530015 -0.55526817]]"
20200221-215144.573549,70,[2.3154175  0.89133114 0.2599159 ],"[[-0.6021498  -0.4807647  -0.21882528]
 [-0.2728881   0.5711182   0.6493635 ]
 [ 0.32862014  0.49829248 -0.62595004]
 [ 0.67450446 -0.44090134  0.3723292 ]]","[[-0.6787832   0.22010826  0.70057523]
 [ 0.6583215   0.60510284  0.4477312 ]
 [-0.3253707   0.7651163  -0.5556356 ]]"
20200221-215144.573549,71,[2.3258483  0.8957153  0.25995332],"[[-0.60181403 -0.48066285 -0.2199059 ]
 [-0.27359098  0.57138956  0.64855236]
 [ 0.33004746  0.4978563  -0.6257569 ]
 [ 0.67382234 -0.44115317  0.3734296 ]]","[[-0.6784572   0.2215593   0.7004336 ]
 [ 0.65903366  0.6048434   0.4470337 ]
 [-0.32460815  0.7649025  -0.5563753 ]]"
20200221-215144.573549,72,[2.3348033  0.9022559  0.25997674],"[[-0.6013061  -0.480078   -0.22104229]
 [-0.27332586  0.57207215  0.6474621 ]
 [ 0.33225453  0.4970628  -0.62595254]
 [ 0.6732984  -0.44179973  0.37432095]]","[[-0.67739016  0.224727    0.7004573 ]
 [ 0.66101354  0.60379     0.44553187]
 [-0.32280606  0.76481074 -0.55754894]]"
20200221-215144.573549,73,[2.343553   0.9068292  0.26010758],"[[-0.60081935 -0.47948217 -0.22211066]
 [-0.27242634  0.57275784  0.6463021 ]
 [ 0.33502403  0.49566048 -0.6262312 ]
 [ 0.67272484 -0.44313192  0.37522602]]","[[-0.6758816   0.22814076  0.7008109 ]
 [ 0.6637513   0.6017231   0.4442563 ]
 [-0.3203411   0.7654288  -0.55812216]]"
20200221-215144.573549,74,[2.3520687  0.91080016 0.2599262 ],"[[-0.60045433 -0.48044357 -0.22405607]
 [-0.27437827  0.57180536  0.6456488 ]
 [ 0.33529246  0.4958269  -0.625949  ]
 [ 0.67212313 -0.44313392  0.37566411]]","[[-0.6764966   0.22769305  0.70036286]
 [ 0.6627863   0.6028108   0.4442224 ]
 [-0.32103994  0.76470584 -0.5587113 ]]"
20200221-215144.573549,75,[2.3596988  0.91753197 0.25956377],"[[-0.5999554  -0.47999448 -0.22609992]
 [-0.27459624  0.571395    0.6451312 ]
 [ 0.33693674  0.49599388 -0.62573385]
 [ 0.67165756 -0.4439626   0.37568772]]","[[-0.67580724  0.22990361  0.7003064 ]
 [ 0.6640602   0.602214    0.443128  ]
 [-0.3198576   0.7645145  -0.5596503 ]]"
20200221-215144.573549,76,[2.369444   0.9198963  0.25930902],"[[-0.5995851  -0.4800311  -0.22779974]
 [-0.27527654  0.5705651   0.6450079 ]
 [ 0.33819148  0.49610975 -0.62503403]
 [ 0.671079   -0.4448603   0.37603813]]","[[-0.67546755  0.23051742  0.70043236]
 [ 0.664721    0.60153484  0.4430595 ]
 [-0.3192015   0.7648642  -0.559547  ]]"
20200221-215144.573549,77,[2.379586   0.927303   0.25891167],"[[-0.59912217 -0.47943452 -0.22946084]
 [-0.27610424  0.57030606  0.64481384]
 [ 0.33930585  0.4969041  -0.6243973 ]
 [ 0.67058986 -0.4449493   0.3764185 ]]","[[-0.6751427   0.2322499   0.700173  ]
 [ 0.66534626  0.6016224   0.44200063]
 [-0.31858525  0.764271   -0.5607077 ]]"
20200221-215144.573549,78,[2.388871   0.93238205 0.25868466],"[[-0.5987155  -0.48036164 -0.23116939]
 [-0.27855358  0.5694772   0.64429075]
 [ 0.33907327  0.49757138 -0.6239424 ]
 [ 0.6700577  -0.444265    0.37702268]]","[[-0.67606163  0.23149608  0.69953585]
 [ 0.66382146  0.6034066   0.44186154]
 [-0.31981525  0.76309234 -0.56161207]]"
20200221-215144.573549,79,[2.396897   0.93821484 0.25842953],"[[-0.5984086  -0.4813912  -0.23328984]
 [-0.28101832  0.5685271   0.6435043 ]
 [ 0.338856    0.49808368 -0.6237682 ]
 [ 0.6694123  -0.44379336  0.3773481 ]]","[[-0.67708355  0.23076445  0.6987889 ]
 [ 0.6621572   0.6053678   0.44167617]
 [-0.32110104  0.7617597  -0.5626868 ]]"
20200221-215144.573549,80,[2.4062805  0.9432473  0.25820914],"[[-0.59798825 -0.48231062 -0.23493652]
 [-0.28344762  0.5677105   0.6429927 ]
 [ 0.3386079   0.4987481  -0.6233007 ]
 [ 0.6688886  -0.44309333  0.37797025]]","[[-0.67797583  0.23000087  0.69817495]
 [ 0.6606506   0.6071144   0.44153455]
 [-0.32231867  0.76059943 -0.5635592 ]]"
20200221-215144.573549,81,[2.4155557  0.9474585  0.25787362],"[[-0.5976665  -0.4823646  -0.23682025]
 [-0.28456813  0.5669069   0.6427398 ]
 [ 0.3394433   0.49919736 -0.62271196]
 [ 0.66827667 -0.44355702  0.3781952 ]]","[[-0.67800456  0.23041263  0.69801146]
 [ 0.66068596  0.60724884  0.441297  ]
 [-0.3221862   0.76036763 -0.5639478 ]]"
20200221-215144.573549,82,[2.4241214  0.9504218  0.25759006],"[[-0.5973958  -0.48245406 -0.23884876]
 [-0.28515506  0.5660241   0.64233315]
 [ 0.34075752  0.4990953  -0.6223098 ]
 [ 0.6675995  -0.44470072  0.37827167]]","[[-0.6777307   0.23107667  0.69805783]
 [ 0.66127235  0.6066922   0.4411843 ]
 [-0.32155883  0.76061034 -0.56397843]]"
20200221-215144.573549,83,[2.4350688  0.95410657 0.2576022 ],"[[-0.59705275 -0.48244503 -0.23987961]
 [-0.2858018   0.5661365   0.6416287 ]
 [ 0.34212956  0.49863386 -0.62201315]
 [ 0.66692823 -0.4450847   0.3793018 ]]","[[-0.67737466  0.23221788  0.6980248 ]
 [ 0.6619858   0.6062564   0.44071326]
 [-0.32084054  0.7606104  -0.56438756]]"
20200221-215144.573549,84,[2.4444232  0.9583357  0.25725538],"[[-0.5967233  -0.48246992 -0.24171361]
 [-0.28690296  0.56534773  0.64140284]
 [ 0.34294572  0.49910885 -0.62139857]
 [ 0.66633016 -0.44552752  0.37952685]]","[[-0.67739475  0.23261479  0.69787294]
 [ 0.66202146  0.60639197  0.44047272]
 [-0.32072407  0.7603808  -0.56476265]]"
20200221-215144.573549,85,[2.4557614  0.959522   0.25669435],"[[-0.5965327  -0.48241362 -0.2439576 ]
 [-0.2879497   0.5637097   0.6418603 ]
 [ 0.3438078   0.49994653 -0.6201476 ]
 [ 0.6656048  -0.44672313  0.3793638 ]]","[[-0.6774329   0.2321314   0.697997  ]
 [ 0.66204405  0.60597587  0.44101122]
 [-0.3205967   0.76086015 -0.56418926]]"
20200221-215144.573549,86,[2.465479  0.9653931 0.2563792],"[[-0.59613955 -0.48184437 -0.24563308]
 [-0.28811988  0.56345224  0.64147043]
 [ 0.34542465  0.5000542  -0.61973643]
 [ 0.6650462  -0.4475414   0.3796143 ]]","[[-0.67676216  0.23404597  0.6980083 ]
 [ 0.6632787   0.60525566  0.44014415]
 [-0.31945953  0.76084685 -0.5648519 ]]"
20200221-215144.573549,87,[2.4749906  0.9671332  0.25594103],"[[-0.5958475  -0.48117325 -0.24774663]
 [-0.2875277   0.5624517   0.6415159 ]
 [ 0.34766436  0.49988997 -0.61900723]
 [ 0.66439694 -0.44970012  0.37935326]]","[[-0.6756468   0.2356503   0.6985489 ]
 [ 0.66528785  0.6031448   0.4400097 ]
 [-0.31763768  0.76202714 -0.5642881 ]]"
20200221-215144.573549,88,[2.4859316  0.96879315 0.25609827],"[[-0.5955851  -0.4811067  -0.2485151 ]
 [-0.28754073  0.56276375  0.6406965 ]
 [ 0.3495368   0.49876317 -0.61883944]
 [ 0.6636437  -0.45063117  0.38050768]]","[[-0.67488873  0.23707634  0.6987994 ]
 [ 0.6666834   0.6018342   0.43969187]
 [-0.3163207   0.7626207  -0.56422585]]"
20200221-215144.573549,89,[2.4965343  0.97326136 0.2559335 ],"[[-0.59533477 -0.4819216  -0.24995127]
 [-0.2899333   0.56211686  0.64015937]
 [ 0.3493058   0.49927408 -0.6183269 ]
 [ 0.66294837 -0.45000127  0.38130274]]","[[-0.6758116   0.23616739  0.69821465]
 [ 0.6651732   0.6034963   0.43970084]
 [-0.31752697  0.76158845 -0.564942  ]]"
20200221-215144.573549,90,[2.505312   0.97686523 0.25578228],"[[-0.5950041  -0.4828901  -0.25157803]
 [-0.2918069   0.56127566  0.6394809 ]
 [ 0.34943885  0.4993334  -0.6180597 ]
 [ 0.66235256 -0.44994754  0.38180435]]","[[-0.6764022   0.23558263  0.6978401 ]
 [ 0.66420275  0.60456043  0.43970576]
 [-0.3182994   0.76092523 -0.5654008 ]]"
20200221-215144.573549,91,[2.5155857  0.97947234 0.25565147],"[[-0.59454733 -0.48376188 -0.25276625]
 [-0.29359913  0.5605144   0.63911146]
 [ 0.34958723  0.49952886 -0.61747986]
 [ 0.6618926  -0.44974342  0.3825758 ]]","[[-0.6768447   0.23497342  0.6976165 ]
 [ 0.66342765  0.6053615   0.439774  ]
 [-0.31897494  0.7604767  -0.5656236 ]]"
20200221-215144.573549,92,[2.527202   0.98278177 0.2553152 ],"[[-0.59425575 -0.48375213 -0.25433624]
 [-0.29473868  0.5597464   0.6390488 ]
 [ 0.3503608   0.5000059  -0.6166345 ]
 [ 0.6612383  -0.45017967  0.383003  ]]","[[-0.67688227  0.23508422  0.69754267]
 [ 0.6634173   0.6053995   0.43973747]
 [-0.31891653  0.76041234 -0.56574315]]"
20200221-215144.573549,93,[2.535641   0.9870235  0.25504214],"[[-0.5936937  -0.4832627  -0.25589454]
 [-0.294207    0.5594159   0.63864166]
 [ 0.35244873  0.4996158  -0.6163357 ]
 [ 0.660871   -0.4515478   0.38312575]]","[[-0.6757176   0.23736171  0.6979007 ]
 [ 0.66542643  0.6037827   0.43892413]
 [-0.3171965   0.76099026 -0.5659333 ]]"
20200221-215144.573549,94,[2.5464642  0.99230397 0.25503516],"[[-0.5934576  -0.48484683 -0.2569073 ]
 [-0.29784372  0.5589111   0.63780975]
 [ 0.35105258  0.50029933 -0.61600536]
 [ 0.6601963  -0.44971338  0.38436198]]","[[-0.6774952   0.23529898  0.6968749 ]
 [ 0.66238964  0.6070608   0.43899542]
 [-0.3197503   0.75902    -0.56714034]]"
20200221-215144.573549,95,[2.555268   0.99498004 0.2547693 ],"[[-0.59321445 -0.48493034 -0.25870603]
 [-0.29836774  0.5581397   0.6373775 ]
 [ 0.3522813   0.5001016  -0.6156228 ]
 [ 0.65952325 -0.45080015  0.3844856 ]]","[[-0.67721     0.23588113  0.69695526]
 [ 0.6629545   0.6065119   0.43890148]
 [-0.31918305  0.75927806 -0.5671144 ]]"
20200221-215144.573549,96,[2.5640926  0.99764365 0.25450528],"[[-0.59297407 -0.48501056 -0.26048023]
 [-0.29889375  0.5573812   0.63694626]
 [ 0.3534984   0.4999026  -0.6152374 ]
 [ 0.6588498  -0.45187193  0.3846197 ]]","[[-0.67692703  0.23645437  0.69703597]
 [ 0.66351175  0.6059701   0.43880787]
 [-0.3186249   0.75953245 -0.5670879 ]]"
20200221-215144.573549,97,[2.5748281 1.0008245 0.2545917],"[[-0.5927178  -0.4865365  -0.26135322]
 [-0.30182347  0.5569237   0.63607186]
 [ 0.3527199   0.4999802  -0.61496997]
 [ 0.65816194 -0.45070857  0.38590032]]","[[-0.67822635  0.2347325   0.6963548 ]
 [ 0.6612857   0.6082283   0.43904406]
 [-0.3204848   0.75826055 -0.56774163]]"
20200221-215144.573549,98,[2.5844839 1.001897  0.2545073],"[[-0.5923156  -0.48744267 -0.26262373]
 [-0.3030018   0.55606586  0.6355653 ]
 [ 0.3533464   0.49957564 -0.6145766 ]
 [ 0.6576464  -0.45123667  0.38649902]]","[[-0.67833227  0.23436825  0.69637424]
 [ 0.6610978   0.60828483  0.4392484 ]
 [-0.320648    0.7583276  -0.5675595 ]]"
20200221-215144.573549,99,[2.5961928  1.0061239  0.25466514],"[[-0.5919769  -0.48819053 -0.2630682 ]
 [-0.30482066  0.5563198   0.63467807]
 [ 0.3535066   0.4993108  -0.6143668 ]
 [ 0.6570247  -0.45040786  0.38798472]]","[[-0.6788001   0.23426904  0.6959515 ]
 [ 0.66029817  0.6094138   0.43888643]
 [-0.32130504  0.7574515  -0.5683575 ]]"
20200221-215144.573549,100,[2.606054   1.0107033  0.25458133],"[[-0.5915582  -0.48832983 -0.26412293]
 [-0.3054952   0.55624986  0.63401055]
 [ 0.35455668  0.4990168  -0.6141482 ]
 [ 0.65652174 -0.45066848  0.38870522]]","[[-0.6785261   0.23529494  0.69587266]
 [ 0.6607851   0.6093193   0.4382843 ]
 [-0.32088262  0.7572095  -0.56891835]]"
20200221-215144.573549,101,[2.6156726  1.0108438  0.25438496],"[[-0.591259   -0.488396   -0.2656017 ]
 [-0.3053942   0.55545497  0.6337382 ]
 [ 0.35625172  0.49835658 -0.6136437 ]
 [ 0.6559206  -0.45230505  0.3889378 ]]","[[-0.67780745  0.23605646  0.69631475]
 [ 0.6620656   0.6078394   0.4384061 ]
 [-0.319759    0.7581611  -0.5682831 ]]"
20200221-215144.573549,102,[2.6246583  1.0142083  0.25421628],"[[-0.5909278  -0.4892975  -0.2670677 ]
 [-0.3071257   0.5546316   0.63311595]
 [ 0.35636014  0.4984025  -0.6133492 ]
 [ 0.65535134 -0.45228964  0.38941187]]","[[-0.67832947  0.2354522   0.69601107]
 [ 0.6611659   0.608811    0.43841597]
 [-0.32051328  0.75756913 -0.5686475 ]]"
20200221-215144.573549,103,[2.6344802  1.0201626  0.25421628],"[[-0.5904786  -0.4886327  -0.26786324]
 [-0.30658856  0.55535233  0.63223946]
 [ 0.3584865   0.49760532 -0.6133727 ]
 [ 0.6548479  -0.453002    0.39025193]]","[[-0.67721516  0.23819579  0.6961627 ]
 [ 0.66312784  0.60754764  0.4372037 ]
 [-0.31881192  0.75772583 -0.56939477]]"
20200221-215144.573549,104,[2.645403  1.0232135 0.2542925],"[[-0.5902443  -0.49012768 -0.26865935]
 [-0.30948642  0.554875    0.6314196 ]
 [ 0.35765034  0.49771687 -0.61306894]
 [ 0.6541528  -0.45184785  0.39150715]]","[[-0.67849046  0.23643553  0.6955206 ]
 [ 0.660922    0.60976636  0.43745497]
 [-0.3206751   0.7564939  -0.5699861 ]]"
20200221-215144.573549,105,[2.6536827 1.0288657 0.2540364],"[[-0.5899722  -0.4910151  -0.27036673]
 [-0.3117373   0.55406106  0.63067746]
 [ 0.35727718  0.4982122  -0.6128835 ]
 [ 0.65353316 -0.4513369   0.39181814]]","[[-0.6794024   0.23560484  0.69491184]
 [ 0.65934956  0.61159307  0.4372777 ]
 [-0.32197854  0.7552775  -0.5708638 ]]"
20200221-215144.573549,106,[2.6633453  1.0311496  0.25403658],"[[-0.58955365 -0.49112073 -0.27130073]
 [-0.31168196  0.55399954  0.629984  ]
 [ 0.35894617  0.49729022 -0.6127181 ]
 [ 0.6530225  -0.45231327  0.39254558]]","[[-0.67866814  0.23693019  0.69517875]
 [ 0.66063833  0.61048293  0.43688375]
 [-0.32088384  0.75576085 -0.5708405 ]]"
20200221-215144.573549,107,[2.670227   1.0363289  0.25371242],"[[-0.58911014 -0.49058673 -0.27307478]
 [-0.31105003  0.5536711   0.62939084]
 [ 0.36101216  0.4968205  -0.6126371 ]
 [ 0.652585   -0.45380828  0.39239386]]","[[-0.6776061   0.23918706  0.6954419 ]
 [ 0.66250426  0.6090672   0.43603343]
 [-0.31927735  0.756192   -0.57117015]]"
20200221-215144.573549,108,[2.6780407  1.0428119  0.25334704],"[[-0.588624   -0.48997962 -0.2746378 ]
 [-0.31094337  0.5534817   0.62896043]
 [ 0.3625876   0.4969125  -0.61235577]
 [ 0.652201   -0.4545941   0.39243305]]","[[-0.6768315   0.24116665  0.6955126 ]
 [ 0.6638315   0.60830873  0.43507248]
 [-0.31816134  0.75617385 -0.5718166 ]]"
20200221-215144.573549,109,[2.6870322 1.0474656 0.2532798],"[[-0.58830535 -0.49007684 -0.27575535]
 [-0.3114909   0.55348486  0.62814546]
 [ 0.3637084   0.4964511  -0.61228144]
 [ 0.65160316 -0.45498955  0.39306945]]","[[-0.6765366   0.2421984   0.6954409 ]
 [ 0.66436327  0.6081278   0.43451342]
 [-0.3176785   0.75598973 -0.57232845]]"
20200221-215144.573549,110,[2.6984072  1.0498043  0.25301516],"[[-0.5881132  -0.4916128  -0.2771321 ]
 [-0.31487256  0.5520661   0.62793   ]
 [ 0.36230937  0.49742624 -0.6114719 ]
 [ 0.65093017 -0.45398992  0.39370555]]","[[-0.67819065  0.23942608  0.6947897 ]
 [ 0.6614788   0.6107745   0.43520144]
 [-0.32016125  0.75473815 -0.5725968 ]]"
20200221-215144.573549,111,[2.7081892  1.0520558  0.25301304],"[[-0.58770615 -0.49168926 -0.27797204]
 [-0.31480685  0.55203825  0.62728554]
 [ 0.36393648  0.4965321  -0.6112626 ]
 [ 0.65042174 -0.45491952  0.39446512]]","[[-0.67745996  0.24070567  0.6950603 ]
 [ 0.66273844  0.60968065  0.4348187 ]
 [-0.31910145  0.75521547 -0.5725591 ]]"
20200221-215144.573549,112,[2.7171526 1.0566573 0.2529363],"[[-0.5873801  -0.49179193 -0.27907076]
 [-0.3153277   0.5520125   0.6265005 ]
 [ 0.36504346  0.49607986 -0.6111726 ]
 [ 0.6498433  -0.45533222  0.39507523]]","[[-0.67715335  0.24172404  0.69500554]
 [ 0.6632832   0.6094809   0.43426743]
 [-0.3186198   0.7550512  -0.5730435 ]]"
20200221-215144.573549,113,[2.7270699  1.0573709  0.25284258],"[[-0.5870072  -0.4926922  -0.28009114]
 [-0.3164817   0.55117196  0.6261013 ]
 [ 0.3655271   0.495697   -0.6106969 ]
 [ 0.64934707 -0.45579442  0.3957213 ]]","[[-0.6772667   0.24123448  0.69506526]
 [ 0.66304195  0.6095788   0.43449855]
 [-0.31888098  0.75512886 -0.57279605]]"
20200221-215144.573549,114,[2.7380924 1.059663  0.2523402],"[[-0.58668    -0.49186346 -0.2816137 ]
 [-0.31616804  0.550478    0.6263857 ]
 [ 0.36723503  0.49597406 -0.60972327]
 [ 0.64883196 -0.45722458  0.39569223]]","[[-0.67638844  0.24245699  0.69549507]
 [ 0.66454077  0.60808736  0.43429887]
 [-0.31762296  0.7559395  -0.57242584]]"
20200221-215144.573549,115,[2.7482822  1.0630927  0.25211552],"[[-0.5863752  -0.49109447 -0.28274956]
 [-0.31546694  0.5504958   0.6260636 ]
 [ 0.36932373  0.49545655 -0.6093051 ]
 [ 0.64826316 -0.45858893  0.39603636]]","[[-0.6752693   0.24449427  0.69586945]
 [ 0.6664721   0.60641444  0.43367812]
 [-0.31595337  0.75662684 -0.5724416 ]]"
20200221-215144.573549,116,[2.7573352 1.067768  0.2520409],"[[-0.586067   -0.4911514  -0.28377146]
 [-0.31598577  0.5505324   0.62530196]
 [ 0.37039587  0.49503338 -0.6091938 ]
 [ 0.6476773  -0.45894074  0.39667946]]","[[-0.6749707   0.24548815  0.6958091 ]
 [ 0.6669882   0.60624236  0.43312478]
 [-0.315502    0.75644284 -0.5729335 ]]"
20200221-215144.573549,117,[2.7685509 1.067027  0.2517986],"[[-0.58607525 -0.49177396 -0.28512964]
