Timestamp,Epoch,s,u,v
20200222-212012.451744,0,[1.8220505 1.420761  0.7628462],"[[ 0.26120934  0.4999897   0.6570846 ]
 [ 0.6570568   0.50005424 -0.261232  ]
 [ 0.6571013  -0.499975   -0.26125097]
 [ 0.26127344 -0.49998102  0.6570735 ]]","[[ 4.9527481e-01  7.0713145e-01  5.0464648e-01]
 [ 7.1366537e-01  5.3362593e-05 -7.0048684e-01]
 [ 4.9536306e-01 -7.0708227e-01  5.0462878e-01]]"
20200222-212012.451744,1,[1.8017622  1.4273552  0.75990784],"[[ 0.24515003  0.5021994   0.661254  ]
 [ 0.6553374   0.5080574  -0.25076303]
 [ 0.666341   -0.49194315 -0.25213477]
 [ 0.25772893 -0.49765992  0.66052204]]","[[ 0.4833176   0.71138656  0.51022863]
 [ 0.720162    0.00830411 -0.6937564 ]
 [ 0.49776608 -0.70275193  0.5083    ]]"
20200222-212012.451744,2,[1.7780222 1.434052  0.7571262],"[[ 0.23526494  0.50222814  0.6648116 ]
 [ 0.6585533   0.50853163 -0.24119322]
 [ 0.670242   -0.4914927  -0.24255455]
 [ 0.24846251 -0.49759147  0.6640923 ]]","[[ 0.47793573  0.7116386   0.5149254 ]
 [ 0.72678924  0.00884441 -0.6868036 ]
 [ 0.49331012 -0.7024901   0.51298434]]"
20200222-212012.451744,3,[1.7657514 1.4407035 0.7534883],"[[ 0.22455013  0.502199    0.66853154]
 [ 0.6619958   0.50891614 -0.2307174 ]
 [ 0.67422146 -0.49110243 -0.2321056 ]
 [ 0.23825218 -0.49761286  0.66780376]]","[[ 0.47266275  0.711817    0.5195252 ]
 [ 0.73325706  0.00932196 -0.6798878 ]
 [ 0.48879868 -0.7023031   0.5175387 ]]"
20200222-212012.451744,4,[1.7437576 1.4475365 0.750455 ],"[[ 0.21445659  0.5022393   0.6718055 ]
 [ 0.66484445  0.509505   -0.22102486]
 [ 0.6779205  -0.49053714 -0.22239625]
 [ 0.22894152 -0.49752793  0.671093  ]]","[[ 0.46698698  0.7121336   0.5242031 ]
 [ 0.73986024  0.00999695 -0.67268646]
 [ 0.4842831  -0.7019726   0.52221096]]"
20200222-212012.451744,5,[1.730861   1.4544392  0.74737626],"[[ 0.20069928  0.50350803  0.6750967 ]
 [ 0.6628657   0.5160291  -0.21163273]
 [ 0.685453   -0.48384216 -0.21380891]
 [ 0.22468494 -0.4960748   0.6736037 ]]","[[ 0.45637995  0.7154969   0.5289437 ]
 [ 0.74544257  0.01712989 -0.66634977]
 [ 0.48583195 -0.69840586  0.5255442 ]]"
20200222-212012.451744,6,[1.718927  1.4610708 0.7442627],"[[ 0.186312    0.50475353  0.6782662 ]
 [ 0.6599173   0.5235188  -0.2022925 ]
 [ 0.6934397  -0.47608277 -0.2053524 ]
 [ 0.2212206  -0.4944664   0.6759167 ]]","[[ 0.4447596   0.71932375  0.5336314 ]
 [ 0.7507708   0.02547161 -0.6600716 ]
 [ 0.4883976  -0.694208    0.5287186 ]]"
20200222-212012.451744,7,[1.6963617 1.4680492 0.7403838],"[[ 0.16858421  0.50617194  0.6816988 ]
 [ 0.65646714  0.53227144 -0.19085872]
 [ 0.7026011  -0.46684417 -0.19469467]
 [ 0.21675313 -0.49247718  0.6789356 ]]","[[ 0.4300078   0.72395426  0.53942883]
 [ 0.75773746  0.03543977 -0.6515963 ]
 [ 0.4908431  -0.68893707  0.533328  ]]"
20200222-212012.451744,8,[1.6749129  1.4750434  0.73636925],"[[ 0.14917466  0.50768006  0.6849556 ]
 [ 0.6510045   0.543065   -0.17934206]
 [ 0.7129173  -0.45521155 -0.18397099]
 [ 0.21374956 -0.49002427  0.68178195]]","[[ 0.4127738   0.72961986  0.54522717]
 [ 0.7643986   0.04801426 -0.64295363]
 [ 0.49529043 -0.6821653   0.53790134]]"
20200222-212012.451744,9,[1.654643   1.4819815  0.73223585],"[[ 0.12739456  0.5092661   0.68803823]
 [ 0.64261353  0.55675876 -0.16777518]
 [ 0.72490305 -0.44006115 -0.17321727]
 [ 0.21291743 -0.48684058  0.68443453]]","[[ 0.39198324  0.7367064   0.5510107 ]
 [ 0.77050686  0.06435552 -0.63417447]
 [ 0.50266093 -0.6731434   0.5424111 ]]"
20200222-212012.451744,10,[1.6461067 1.4885126 0.7287499],"[[ 0.10757267  0.51035523  0.69060254]
 [ 0.6324177   0.5709751  -0.1584984 ]
 [ 0.7364519  -0.42384732 -0.1648369 ]
 [ 0.214743   -0.4836097   0.6861307 ]]","[[ 0.37199742  0.74365133  0.5555186 ]
 [ 0.77413404  0.08167792 -0.62773013]
 [ 0.5121858  -0.66355973  0.5453018 ]]"
20200222-212012.451744,11,[1.6327133 1.4952046 0.7239995],"[[ 0.08094847  0.51124626  0.69359255]
 [ 0.6173189   0.5902842  -0.14673847]
 [ 0.7515256  -0.4009134  -0.15392867]
 [ 0.21811554 -0.47902006  0.6882614 ]]","[[ 0.3440181   0.7528304   0.56115794]
 [ 0.778071    0.10597743 -0.6191725 ]
 [ 0.52560186 -0.64962715  0.5492973 ]]"
20200222-212012.451744,12,[1.6209066 1.5014293 0.7207953],"[[ 0.0533898  -0.51191753  0.6956043 ]
 [ 0.59679425 -0.61329675 -0.13779847]
 [ 0.7675558   0.37231788 -0.14587927]
 [ 0.22769333  0.4724267   0.6898301 ]]","[[ 0.31162298 -0.7635545   0.56557566]
 [ 0.7788119  -0.13575648 -0.6123907 ]
 [ 0.54437417  0.6313119   0.55236053]]"
20200222-212012.451744,13,[1.6120033 1.509349  0.7154371],"[[ 0.04207691  0.5106822   0.6973192 ]
 [ 0.5989464   0.6134952  -0.12696083]
 [ 0.7698651  -0.3720991  -0.13395807]
 [ 0.21633443 -0.4736768   0.69259113]]","[[ 0.3050018   0.7635449   0.5691865 ]
 [ 0.7850115   0.1368141  -0.60418457]
 [ 0.5391946  -0.63109523  0.55766296]]"
20200222-212012.451744,14,[1.5967529 1.5152882 0.7108726],"[[-0.00564909  0.50917995  0.6995208 ]
 [ 0.55494845  0.65583396 -0.11556505]
 [ 0.796558   -0.3148675  -0.12352771]
 [ 0.23978193 -0.45986494  0.6943024 ]]","[[ 0.24341832  0.7813504   0.5746643 ]
 [ 0.7795624   0.19491157 -0.5952241 ]
 [ 0.5770872  -0.5928751   0.5616664 ]]"
20200222-212012.451744,15,[1.5887074 1.521874  0.7080986],"[[-0.03858241 -0.5062497   0.7006176 ]
 [ 0.5215411  -0.68382424 -0.1086148 ]
 [ 0.8129006   0.27316946 -0.11637828]
 [ 0.25631803  0.44885883  0.6955528 ]]","[[ 0.19890638 -0.7917355   0.5775738 ]
 [ 0.772555   -0.23594214 -0.5894831 ]
 [ 0.6029886   0.56345934  0.5647288 ]]"
20200222-212012.451744,16,[1.5735571  1.5268743  0.70273846],"[[-0.12389133  0.48982444 -0.70244527]
 [ 0.41637632  0.75409234  0.0965438 ]
 [ 0.8461139  -0.1492622   0.10418852]
 [ 0.30882493 -0.41126344 -0.69742006]]","[[ 0.07314222  0.80934197 -0.5827656 ]
 [ 0.7358223   0.35064265  0.579323  ]
 [ 0.67321295 -0.4711849  -0.56988513]]"
20200222-212012.451744,17,[1.5652342  1.5350935  0.69820166],"[[-0.1762621   0.473049    0.7029356 ]
 [ 0.34747952  0.78901047 -0.08821128]
 [ 0.8575873  -0.07155969 -0.09365484]
 [ 0.33575824 -0.38544282  0.6995206 ]]","[[-0.00683879  0.81119555  0.58473504]
 [ 0.70550156  0.41832066 -0.5720798 ]
 [ 0.70867527 -0.40861914  0.5751606 ]]"
20200222-212012.451744,18,[1.5648811  1.5426393  0.69383675],"[[-0.22316058  0.45232385  0.7031189 ]
 [ 0.2800131   0.816297   -0.08073401]
 [ 0.86135656  0.00211727 -0.0850037 ]
 [ 0.3603568  -0.35924613  0.7013419 ]]","[[-0.08041633  0.80610824  0.58627874]
 [ 0.670433    0.47899666 -0.5666408 ]
 [ 0.7375994  -0.34749338  0.57896066]]"
20200222-212012.451744,19,[1.5623032  1.5437813  0.68857205],"[[-0.40180114  0.303639    0.70370305]
 [-0.09785981  0.8582431  -0.0709601 ]
 [ 0.77731603  0.37355533 -0.07398238]
 [ 0.47408777 -0.17798492  0.70306027]]","[[-4.2360646e-01  6.8800312e-01  5.8924454e-01]
 [ 4.0183061e-01  7.2570765e-01 -5.5846262e-01]
 [ 8.1184328e-01 -2.0811103e-04  5.8387524e-01]]"
20200222-212012.451744,20,[1.5682896 1.5390143 0.6820402],"[[-0.46406946  0.19188641  0.70475245]
 [-0.29235098  0.8137423  -0.05935848]
 [ 0.6708647   0.54343414 -0.06227937]
 [ 0.49911007 -0.07538186  0.7042171 ]]","[[-0.5722439   0.56611174  0.59334165]
 [ 0.22572212  0.80429596 -0.5496887 ]
 [ 0.7884075   0.18062569  0.5880375 ]]"
20200222-212012.451744,21,[1.5747519 1.5366172 0.6762379],"[[ 0.48833326  0.11600967  0.70496154]
 [ 0.40206346  0.7661392  -0.04997857]
 [-0.5893204   0.6319305  -0.05166785]
 [-0.50257033 -0.01536476  0.7055936 ]]","[[ 0.6470956   0.47581264  0.5957095 ]
 [-0.11281743  0.832509   -0.54240304]
 [-0.7540156   0.28378025  0.59239286]]"
20200222-212012.451744,22,[1.5822786  1.5329729  0.67218506],"[[ 0.4970926   0.06933196  0.70513594]
 [ 0.462049    0.73179156 -0.0431347 ]
 [-0.53694254  0.6777723  -0.043577  ]
 [-0.501101    0.01728808  0.7064162 ]]","[[ 0.6843595   0.41793346  0.59748137]
 [-0.04600804  0.84254587 -0.5366562 ]
 [-0.72769195  0.3397767   0.59583247]]"
20200222-212012.451744,23,[1.5900955 1.5278144 0.6675342],"[[ 0.4979444   0.05606075  0.7058573 ]
 [ 0.46950534  0.7273221  -0.03477581]
 [-0.53002393  0.6838627  -0.03518649]
 [-0.50069016  0.01384756  0.70662445]]","[[ 0.6886072   0.4063945   0.6005531 ]
 [-0.03753524  0.8470614  -0.5301683 ]
 [-0.72416264  0.34253582  0.5985466 ]]"
20200222-212012.451744,24,[1.5980866 1.524641  0.6635412],"[[ 0.50060344  0.02938703  0.70561445]
 [ 0.49773565  0.7085652  -0.02830755]
 [-0.502729    0.704537   -0.0275278 ]
 [-0.4989182   0.02645404  0.70749533]]","[[ 0.7052533   0.37455022  0.6019388 ]
 [-0.00418388  0.8512342  -0.5247697 ]
 [-0.7089433   0.36757705  0.60190266]]"
20200222-212012.451744,25,[1.6062948 1.5179276 0.6582128],"[[-0.50177443  0.00676417  0.70537925]
 [-0.51649654  0.6952886  -0.01963489]
 [ 0.48371482  0.7180512  -0.01772638]
 [ 0.4974674   0.03050667  0.7083365 ]]","[[-0.71601903  0.3497388   0.60415226]
 [-0.01869548  0.85552967 -0.5174163 ]
 [ 0.6978305   0.38177466  0.60603696]]"
20200222-212012.451744,26,[1.6143607 1.5126128 0.6554124],"[[-0.50162005  0.00261181  0.7055014 ]
 [-0.5144168   0.69698095 -0.01395396]
 [ 0.48590383  0.71670604 -0.01204046]
 [ 0.4976445   0.02330716  0.708469  ]]","[[-0.7148887   0.34845826  0.606227  ]
 [-0.01616654  0.8585133  -0.51253647]
 [ 0.6990513   0.37620705  0.6081081 ]]"
20200222-212012.451744,27,[1.6229585 1.504325  0.6493782],"[[-0.5014652  -0.00621513  0.70559597]
 [-0.51261824  0.6984253  -0.00382787]
 [ 0.4877474   0.71555805 -0.00186549]
 [ 0.497853    0.01184537  0.70860183]]","[[-0.7139003   0.34442878  0.6096846 ]
 [-0.01402364  0.8634634  -0.5042167 ]
 [ 0.7001069   0.3685103   0.6115967 ]]"
20200222-212012.451744,28,[1.6316123 1.4966152 0.643346 ],"[[-5.0127763e-01 -1.4616468e-02  7.0560169e-01]
 [-5.1053345e-01  6.9993740e-01  6.1372905e-03]
 [ 4.8987696e-01  7.1405441e-01  7.9977671e-03]
 [ 4.9809358e-01  4.3321212e-04  7.0853728e-01]]","[[-0.71273977  0.34081203  0.6130656 ]
 [-0.01155172  0.86820227 -0.49607608]
 [ 0.7013336   0.36065504  0.6148653 ]]"
20200222-212012.451744,29,[1.6395168 1.490909  0.6399458],"[[ 0.5007757  -0.01285533  0.7058169 ]
 [ 0.4989459   0.70834005  0.01310963]
 [-0.5016307   0.7056159   0.01373257]
 [-0.4986416  -0.01398378  0.70814   ]]","[[ 0.7060337   0.34915382  0.6161235 ]
 [-0.00281457  0.87138855 -0.4905857 ]
 [-0.70817274  0.3446359   0.61621237]]"
20200222-212012.451744,30,[1.6474376  1.4898098  0.63613725],"[[-0.5008985  -0.02523918  0.7056729 ]
 [-0.5084239   0.70113254  0.01850609]
 [ 0.49213475  0.7124538   0.02033133]
 [ 0.49840656 -0.01362952  0.70800376]]","[[-0.7113647   0.3361038   0.6172476 ]
 [-0.00896693  0.87382865 -0.48615146]
 [ 0.70276606  0.35136583  0.6185969 ]]"
20200222-212012.451744,31,[1.6554581  1.488876   0.63234997],"[[-0.5011283  -0.03726479  0.70496523]
 [-0.51705515  0.694642    0.02384022]
 [ 0.48333147  0.7182652   0.02672231]
 [ 0.4979109  -0.01338873  0.7083373 ]]","[[-0.71646243  0.3236872   0.61798745]
 [-0.01983127  0.87603587 -0.48183826]
 [ 0.6973438   0.35747442  0.6212277 ]]"
20200222-212012.451744,32,[1.663452  1.4925393 0.6281339],"[[-0.50104505 -0.04866352  0.70447224]
 [-0.525454    0.6879606   0.02873942]
 [ 0.47458297  0.7239976   0.03279858]
 [ 0.4976178  -0.01303747  0.70839083]]","[[-0.72116435  0.312224    0.61841595]
 [-0.03055068  0.877477   -0.47864494]
 [ 0.6920901   0.3640747   0.6232664 ]]"
20200222-212012.451744,33,[1.6722702  1.4866589  0.62479633],"[[-0.5009288  -0.05849234 -0.70393735]
 [-0.53096336  0.6833184  -0.03416217]
 [ 0.468756    0.7276153  -0.03929776]
 [ 0.49740955 -0.01519371 -0.7083508 ]]","[[-0.7243474   0.302166   -0.6196908 ]
 [-0.03779024  0.88008565  0.47330874]
 [ 0.68839884  0.36625826 -0.6260688 ]]"
20200222-212012.451744,34,[1.6807096 1.4825358 0.6196647],"[[-0.50076866 -0.05861238 -0.7038588 ]
 [-0.5203335   0.69118404 -0.04260164]
 [ 0.47998834  0.7196572  -0.0462786 ]
 [ 0.49809125 -0.03038028 -0.70754945]]","[[-0.71840924  0.30949408 -0.622978  ]
 [-0.0242999   0.88385916  0.46712148]
 [ 0.69519603  0.35072258 -0.627452  ]]"
20200222-212012.451744,35,[1.6894789  1.481577   0.61598057],"[[-0.500764   -0.06821284 -0.702988  ]
 [-0.5261436   0.68646103 -0.04749809]
 [ 0.47390008  0.7232696  -0.05215382]
 [ 0.49782228 -0.03161556 -0.7076947 ]]","[[-0.721911    0.30001855 -0.62356514]
 [-0.03188161  0.88574666  0.4630729 ]
 [ 0.69125104  0.3541776  -0.6298651 ]]"
20200222-212012.451744,36,[1.6980513 1.4735107 0.6114878],"[[-0.5007275  -0.06899647 -0.7027511 ]
 [-0.51659936  0.69326633 -0.0557548 ]
 [ 0.4838916   0.71590614 -0.05897175]
 [ 0.49824268 -0.04581794 -0.7067917 ]]","[[-0.71655756  0.3056013  -0.62701905]
 [-0.01975489  0.8896645   0.45618722]
 [ 0.6972481   0.33927113 -0.63145864]]"
20200222-212012.451744,37,[1.7067791  1.4657378  0.60704464],"[[-0.50068593 -0.07087985 -0.70242864]
 [-0.50872946  0.6985576  -0.06379425]
 [ 0.4919787   0.70961607 -0.06568544]
 [ 0.4984621  -0.05863574 -0.7058395 ]]","[[-0.7120098   0.30936584 -0.63034505]
 [-0.00974227  0.8932716   0.44941157]
 [ 0.7021019   0.32612646 -0.6330042 ]]"
20200222-212012.451744,38,[1.7157379  1.4625571  0.60205656],"[[-0.50059295 -0.08168709 -0.7014552 ]
 [-0.5142596   0.69372344 -0.07022075]
 [ 0.48634154  0.71291107 -0.07330482]
 [ 0.49841303 -0.06190934 -0.7054472 ]]","[[-0.71527845  0.29931176 -0.6314976 ]
 [-0.01688263  0.8959729   0.44378772]
 [ 0.69863564  0.32809296 -0.63581693]]"
20200222-212012.451744,39,[1.7247903 1.4595579 0.597144 ],"[[ 0.50041497 -0.09172729 -0.7004661 ]
 [ 0.5189482   0.6894131  -0.07649587]
 [-0.481509    0.715541   -0.08067376]
 [-0.49842426 -0.06554969 -0.70497364]]","[[ 0.718057    0.29017606 -0.6326076 ]
 [ 0.02306236  0.89851975  0.438327  ]
 [-0.6956023   0.329333   -0.6384961 ]]"
20200222-212012.451744,40,[1.733256  1.4586772 0.5930391],"[[ 0.5004724  -0.09653162 -0.6996178 ]
 [ 0.5177397   0.689848   -0.08218636]
 [-0.48279336  0.7138831  -0.08609109]
 [-0.49838087 -0.07184858 -0.70453435]]","[[ 0.71754944  0.28843594 -0.6339774 ]
 [ 0.02157719  0.90058106  0.43415216]
 [-0.69617325  0.32520506 -0.63998795]]"
20200222-212012.451744,41,[1.7425802 1.4618642 0.5885321],"[[ 0.50038725 -0.10127145 -0.69901186]
 [ 0.51727754  0.6895637  -0.08728907]
 [-0.48326725  0.7129346  -0.09115329]
 [-0.49848738 -0.07726786 -0.70388526]]","[[ 0.7172778   0.286811   -0.6350213 ]
 [ 0.02103926  0.9020255   0.43116954]
 [-0.6964697   0.32262877 -0.64096874]]"
20200222-212012.451744,42,[1.7513709  1.4594201  0.58397526],"[[ 0.5003045  -0.10281796 -0.6988199 ]
 [ 0.51080066  0.6935102  -0.09411577]
 [-0.48991895  0.7076256  -0.09662535]
 [-0.49875602 -0.08796689 -0.70246494]]","[[ 0.71333313  0.2905268  -0.63776976]
 [ 0.01273012  0.9045053   0.42627263]
 [-0.7007096   0.3121932  -0.641515  ]]"
20200222-212012.451744,43,[1.7605752 1.4569441 0.5793624],"[[ 0.50011617 -0.11199643 -0.6976735 ]
 [ 0.5153093   0.6892433  -0.09963217]
 [-0.4853086   0.71000886 -0.10332968]
 [-0.49881443 -0.09103821 -0.7018893 ]]","[[ 0.716029    0.2820512  -0.6385527 ]
 [ 0.01865766  0.90668035  0.4214056 ]
 [-0.69782114  0.31365246 -0.6439471 ]]"
20200222-212012.451744,44,[1.7695779  1.459162   0.57429516],"[[ 0.5001669  -0.11361809 -0.69722176]
 [ 0.5095199   0.69276327 -0.10597274]
 [-0.49126157  0.70501447 -0.10823157]
 [-0.4988835  -0.10062061 -0.7006695 ]]","[[ 0.71258575  0.28595448 -0.6406651 ]
 [ 0.01117717  0.90842515  0.41789842]
 [-0.7014961   0.30494925 -0.64413464]]"
20200222-212012.451744,45,[1.7783917  1.4545594  0.57091236],"[[ 0.5001348  -0.11841495 -0.6964315 ]
 [ 0.5089647   0.69236314 -0.11121877]
 [-0.49186692  0.7037911  -0.11341471]
 [-0.49888575 -0.10625004 -0.699822  ]]","[[ 0.7122703   0.28316402 -0.6422532 ]
 [ 0.01046977  0.9106261   0.41309866]
 [-0.7018271   0.30096212 -0.64564735]]"
20200222-212012.451744,46,[1.7879627  1.4583211  0.56678003],"[[ 0.5000744  -0.12233952 -0.69578683]
 [ 0.50848496  0.6920157  -0.11555441]
 [-0.49235004  0.7027545  -0.11758861]
 [-0.49895918 -0.11083144 -0.6990715 ]]","[[ 0.71198297  0.282076   -0.64305025]
 [ 0.00990006  0.91164577  0.41085768]
 [-0.7021271   0.2988899  -0.6462837 ]]"
20200222-212012.451744,47,[1.7972049 1.4636663 0.5634269],"[[ 0.4999956  -0.12855943 -0.69472134]
 [ 0.51280963  0.68836796 -0.11819738]
 [-0.48793393  0.7052005  -0.12127652]
 [-0.49894977 -0.11096993 -0.6990593 ]]","[[ 0.71474284  0.27637962 -0.6424619 ]
 [ 0.01560601  0.9120753   0.40972623]
 [-0.6992133   0.3028751  -0.64758605]]"
20200222-212012.451744,48,[1.805889  1.4676921 0.5594834],"[[ 0.4999385  -0.13225426 -0.69406396]
 [ 0.51242805  0.6879555  -0.12221259]
 [-0.48832166  0.70424056 -0.12519066]
 [-0.4990199  -0.11520063 -0.6983313 ]]","[[ 0.71451074  0.27542442 -0.6431298 ]
 [ 0.01514747  0.9129444   0.4078028 ]
 [-0.6994607   0.30112118 -0.6481365 ]]"
20200222-212012.451744,49,[1.814736  1.4699395 0.5572158],"[[ 0.49975303 -0.1345472  -0.693885  ]
 [ 0.51206553  0.68760407 -0.12486403]
 [-0.488706    0.7036477  -0.12786612]
 [-0.4992018  -0.11822642 -0.69755495]]","[[ 0.71413136  0.27479082 -0.6438217 ]
 [ 0.01469768  0.91364104  0.40625575]
 [-0.69985735  0.29958272 -0.6484211 ]]"
20200222-212012.451744,50,[1.8240782 1.4751759 0.55403  ],"[[ 0.4996321  -0.14054392 -0.6927896 ]
 [ 0.51641065  0.68390554 -0.12721932]
 [-0.48423502  0.7060959  -0.13135707]
 [-0.4992041  -0.1181092  -0.69756943]]","[[ 0.7168858   0.2691591  -0.64313924]
 [ 0.02045779  0.9139544   0.40530097]
 [-0.6968904   0.30371168 -0.64969444]]"
20200222-212012.451744,51,[1.8328757 1.4750988 0.5504796],"[[ 0.5000496  -0.13821384 -0.69265175]
 [ 0.5067825   0.69035023 -0.13283561]
 [-0.49412692  0.6983491  -0.13428389]
 [-0.49895912 -0.12892687 -0.6961006 ]]","[[ 0.7111365   0.2776927  -0.6458883 ]
 [ 0.00782256  0.91550726  0.40222532]
 [-0.70301044  0.2910895  -0.64887846]]"
20200222-212012.451744,52,[1.842292  1.47323   0.5464386],"[[ 0.5002338  -0.13995916 -0.6920157 ]
 [ 0.5020418   0.69286805 -0.13848291]
 [-0.49891907  0.69393826 -0.13856529]
 [-0.49879825 -0.13709477 -0.6947918 ]]","[[ 0.70826167  0.28012642 -0.64799273]
 [ 0.00164392  0.91724473  0.39832062]
 [-0.7059481   0.28318045 -0.64918876]]"
20200222-212012.451744,53,[1.8515465 1.4687617 0.5434992],"[[ 0.49977326 -0.1497995  -0.69054306]
 [ 0.51010406  0.6860099  -0.14169666]
 [-0.49080533  0.69887275 -0.1441836 ]
 [-0.4991299  -0.13611637 -0.6944665 ]]","[[ 0.71318597  0.2682284  -0.647626  ]
 [ 0.01227892  0.918971    0.39413399]
 [-0.70086735  0.28904307 -0.65210366]]"
20200222-212012.451744,54,[1.8608559  1.4695646  0.54090536],"[[ 0.4998216  -0.14973845 -0.69051695]
 [ 0.5056219   0.68855286 -0.14540127]
 [-0.49534637  0.6951427  -0.14662747]
 [-0.49915618 -0.1423031  -0.69321406]]","[[ 0.71030146  0.27174532 -0.6493278 ]
 [ 0.00641458  0.9199373   0.39201304]
 [-0.70386857  0.28261268 -0.6516897 ]]"
20200222-212012.451744,55,[1.8694637 1.4711838 0.5382959],"[[ 0.49983785 -0.14984141 -0.6904688 ]
 [ 0.50151664  0.6908032  -0.14896318]
 [-0.49951267  0.6916601  -0.1490149 ]
 [-0.4991294  -0.1481385  -0.6919951 ]]","[[ 0.7075823   0.27508867 -0.6508869 ]
 [ 0.00098852  0.92072654  0.39020732]
 [-0.70663047  0.2767471  -0.65121776]]"
20200222-212012.451744,56,[1.8785353 1.473642  0.536334 ],"[[ 0.49966782 -0.1519677  -0.6902575 ]
 [ 0.5015883   0.69014525 -0.15107994]
 [-0.49945673  0.6913719  -0.15125223]
 [-0.4992836  -0.15036541 -0.6912614 ]]","[[ 0.70744735  0.27427745 -0.65137565]
 [ 0.00107324  0.9212103   0.3890636 ]
 [-0.7067653   0.27594104 -0.6514133 ]]"
20200222-212012.451744,57,[1.8880532  1.4764459  0.53218114],"[[-0.49971122 -0.15331113 -0.689933  ]
 [-0.49772328  0.69191957 -0.15565754]
 [ 0.50330853  0.68780684 -0.15470307]
 [ 0.4992405  -0.15705028 -0.6898044 ]]","[[-0.70486     0.2770602  -0.6530008 ]
 [ 0.00401074  0.9221088   0.3869102 ]
 [ 0.7093352   0.27009842 -0.65106875]]"
20200222-212012.451744,58,[1.8978062 1.4706358 0.5289281],"[[-0.4998922  -0.15571883  0.6891306 ]
 [-0.49415687  0.69338995  0.16102931]
 [ 0.50685316  0.6841047   0.15888657]
 [ 0.49901554 -0.16420281  0.6884207 ]]","[[-0.7025826   0.27762893  0.6552096 ]
 [ 0.0087412   0.92405033 -0.38217047]
 [ 0.71154827  0.26277912  0.65164864]]"
20200222-212012.451744,59,[1.9071088 1.4689467 0.5274292],"[[-0.49986434 -0.15835093  0.6885398 ]
 [-0.4943726   0.6926656   0.16351514]
 [ 0.50667715  0.683664    0.16139276]
 [ 0.49900898 -0.16656233  0.68784326]]","[[-0.7026934   0.27574658  0.6558856 ]
 [ 0.00848602  0.92502695 -0.37980697]
 [ 0.7114423   0.261322    0.65235025]]"
20200222-212012.451744,60,[1.9157857 1.4749507 0.5247056],"[[-0.5000578  -0.15808025  0.68832886]
 [-0.49075514  0.6947308   0.16624185]
 [ 0.5102461   0.6805052   0.16291526]
 [ 0.4987492  -0.17109129  0.6870413 ]]","[[-0.7003864   0.27957833  0.6567305 ]
 [ 0.01324463  0.925027   -0.3796705 ]
 [ 0.7136411   0.25721785  0.65157926]]"
20200222-212012.451744,61,[1.9248455  1.4724674  0.52264947],"[[-0.50018257 -0.1591002   0.6878595 ]
 [-0.4875669   0.6962333   0.16994692]
 [ 0.5134107   0.6773893   0.16544901]
 [ 0.49850315 -0.17632326  0.68599856]]","[[-0.69827646  0.28102764  0.65835655]
 [ 0.01748681  0.92613566 -0.37678528]
 [ 0.71561444  0.2515878   0.65161306]]"
20200222-212012.451744,62,[1.9337043  1.4703269  0.52061665],"[[-0.49998325 -0.16480927  0.6867773 ]
 [-0.49163067  0.6926457   0.17234138]
 [ 0.509497    0.6795979   0.16916372]
 [ 0.498727   -0.1767083   0.68557936]]","[[-0.7008395   0.2747333   0.65828997]
 [ 0.01224919  0.927354   -0.37398463]
 [ 0.7132139   0.25403967  0.65329146]]"
20200222-212012.451744,63,[1.9434739 1.4696836 0.5198102],"[[-0.4998035  -0.16902542  0.68601084]
 [-0.4955386   0.68947214  0.17330614]
 [ 0.50566363  0.68203014  0.17148246]
 [ 0.49894154 -0.17576647  0.68552744]]","[[-0.70331657  0.2693736   0.657863  ]
 [ 0.00717309  0.928067   -0.3723446 ]
 [ 0.71084076  0.2571573   0.65465695]]"
20200222-212012.451744,64,[1.9532933 1.4708822 0.5175532],"[[-0.49980617 -0.16938317  0.6859339 ]
 [-0.49239933  0.6909377   0.17633381]
 [ 0.50875306  0.67924047  0.17344458]
 [ 0.49890614 -0.18040895  0.6843376 ]]","[[-0.7010907   0.27172977  0.65926844]
 [ 0.01133503  0.9286767  -0.3707173 ]
 [ 0.7129822   0.25243366  0.6541666 ]]"
20200222-212012.451744,65,[1.9623245 1.4755828 0.5144684],"[[-0.49982557 -0.17660923  0.68409747]
 [-0.4992447   0.68564487  0.17772488]
 [ 0.5019682   0.68330616  0.17719184]
 [ 0.49895608 -0.17830676  0.6848559 ]]","[[-0.7058683   0.2635926   0.6574716 ]
 [ 0.00230244  0.92903143 -0.36999387]
 [ 0.70833945  0.2596531   0.6563806 ]]"
20200222-212012.451744,66,[1.9727635 1.468828  0.5109557],"[[-0.4998313  -0.18174039  0.6827692 ]
 [-0.49948516  0.68415165  0.18264806]
 [ 0.5017224   0.6821779   0.18223488]
 [ 0.49895734 -0.18314204  0.68356174]]","[[-0.70600784  0.2596894   0.6588736 ]
 [ 0.00201124  0.9310758  -0.36482045]
 [ 0.7082013   0.25624096  0.6578691 ]]"
20200222-212012.451744,67,[1.9827924 1.4660202 0.5091566],"[[-0.4999978  -0.18258284  0.682305  ]
 [-0.49647102  0.68555284  0.18606529]
 [ 0.5047318   0.6792228   0.18450086]
 [ 0.49876362 -0.18798316  0.68249494]]","[[-0.7040353   0.26099634  0.660466  ]
 [ 0.0060458   0.93218666 -0.36192757]
 [ 0.71013916  0.25081667  0.6578703 ]]"
20200222-212012.451744,68,[1.99185   1.4643711 0.5072722],"[[ 0.4994526  -0.19173992  0.68053824]
 [ 0.50615543  0.6778064   0.1869242 ]
 [-0.49508914  0.6854373   0.18916713]
 [-0.49924016 -0.1843645   0.6827468 ]]","[[ 0.71027154  0.24850139  0.65860575]
 [ 0.00678637  0.9331547  -0.3594112 ]
 [-0.7038953   0.2597491   0.6611068 ]]"
20200222-212012.451744,69,[2.0016096 1.4677901 0.5057921],"[[ 0.49904686 -0.19723499  0.67948824]
 [ 0.51228875  0.67288375  0.18708993]
 [-0.4888733   0.68942803  0.19179955]
 [-0.4995149  -0.18169942  0.68301255]]","[[ 0.71419454  0.24132715  0.65702933]
 [ 0.01502195  0.933183   -0.35908753]
 [-0.6997861   0.26632822  0.6628489 ]]"
20200222-212012.451744,70,[2.0117047 1.4734195 0.5033688],"[[ 0.49896753 -0.20081986  0.6784856 ]
 [ 0.51498973  0.6704951   0.18828784]
 [-0.48609096  0.6907642   0.19399074]
 [-0.49953258 -0.18152754  0.68306124]]","[[ 0.71609163  0.23816319  0.656118  ]
 [ 0.01872569  0.93309575 -0.35914013]
 [-0.6977549   0.2694636   0.6637222 ]]"
20200222-212012.451744,71,[2.021688  1.4687595 0.5005513],"[[ 0.49919176 -0.20226721  0.67773205]
 [ 0.5112302   0.6722027   0.19301909]
 [-0.48996747  0.68693453  0.1972297 ]
 [-0.49938303 -0.18802294  0.6815597 ]]","[[ 0.7137718   0.23951465  0.658151  ]
 [ 0.01374361  0.93473685 -0.355075  ]
 [-0.70024365  0.26248786  0.6638969 ]]"
20200222-212012.451744,72,[2.0308037  1.471131   0.49853912],"[[ 0.49913982 -0.20613149  0.6765779 ]
 [ 0.51390445  0.66975874  0.1945076 ]
 [-0.48725843  0.68811727  0.19978023]
 [-0.4993405  -0.1882228   0.68154025]]","[[ 0.7156696   0.23570457  0.65746516]
 [ 0.01737576  0.9350352  -0.35412887]
 [-0.698223    0.2648632   0.6650806 ]]"
20200222-212012.451744,73,[2.0403194 1.4786516 0.4969512],"[[ 0.49890754 -0.2067072   0.67668927]
 [ 0.5138245   0.669486    0.19521002]
 [-0.48734596  0.6879954   0.20044468]
 [-0.49956903 -0.18900521  0.6810335 ]]","[[ 0.71542007  0.23671985  0.6573719 ]
 [ 0.01728274  0.9345738  -0.3553493 ]
 [-0.6984807   0.2655852   0.66452175]]"
20200222-212012.451744,74,[2.0491889  1.4811323  0.49499974],"[[ 0.49889758 -0.20641673  0.676769  ]
 [ 0.51056945  0.67122155  0.19783486]
 [-0.49070933  0.6852241   0.20174003]
 [-0.499624   -0.19318783  0.6798134 ]]","[[ 0.71316653  0.23985127  0.65868413]
 [ 0.01292324  0.93498397 -0.35445443]
 [-0.70087546  0.26129743  0.66369975]]"
20200222-212012.451744,75,[2.0589433  1.4777611  0.49286807],"[[ 0.4988964  -0.20931949  0.675858  ]
 [ 0.51024586  0.6705436   0.2010136 ]
 [-0.4910721   0.68404675  0.20484036]
 [-0.4996     -0.19656281  0.67885923]]","[[ 0.71298     0.237986    0.65956247]
 [ 0.01249484  0.9361788  -0.3513026 ]
 [-0.7010734   0.25871274  0.664503  ]]"
20200222-212012.451744,76,[2.0683422  1.4826802  0.49025506],"[[ 0.49887264 -0.21113278  0.67530394]
 [ 0.5100431   0.6701055   0.20300822]
 [-0.49126783  0.68332255  0.20672216]
 [-0.49963796 -0.19862406  0.67824626]]","[[ 0.71285367  0.23805496  0.6596739 ]
 [ 0.01225449  0.9362554  -0.3511065 ]
 [-0.70120585  0.25837156  0.6644958 ]]"
20200222-212012.451744,77,[2.077974   1.487761   0.48752987],"[[ 0.49902463 -0.21304165  0.6744527 ]
 [ 0.50982237  0.6697923   0.20509483]
 [-0.4915056   0.68242496  0.20863502]
 [-0.499477   -0.20071723  0.67787963]]","[[ 0.7128948   0.23808362  0.6596191 ]
 [ 0.0119795   0.93633324 -0.3509083 ]
 [-0.7011687   0.2580626   0.6646549 ]]"
20200222-212012.451744,78,[2.0874143  1.4947582  0.48605916],"[[ 0.4990031  -0.21360874  0.6742917 ]
 [ 0.50969666  0.6696766   0.2057801 ]
 [-0.4916228   0.68214965  0.20923764]
 [-0.4995124  -0.2014364   0.67764705]]","[[ 0.71280926  0.2389796   0.6593875 ]
 [ 0.01182968  0.93592787 -0.35199314]
 [-0.70125824  0.25870425  0.664311  ]]"
20200222-212012.451744,79,[2.0964453  1.4970499  0.48429835],"[[ 0.49937335 -0.21337426  0.6738229 ]
 [ 0.50658983  0.6715567   0.20827821]
 [-0.4948106   0.67923635  0.21031249]
 [-0.49915466 -0.20523293  0.67701656]]","[[ 0.7109827   0.24187694  0.66030246]
 [ 0.00764092  0.9362711  -0.3511951 ]
 [-0.7031681   0.25473896  0.6638244 ]]"
20200222-212012.451744,80,[2.1060498  1.4977113  0.48210725],"[[-0.49958763 -0.21185908  0.67402637]
 [-0.5008186   0.674888    0.21185479]
 [ 0.5006246   0.67448395  0.21145843]
 [ 0.49896666 -0.21145467  0.6753452 ]]","[[-7.0703930e-01  2.4732597e-01  6.6251433e-01]
 [ 1.1164278e-04  9.3688649e-01 -3.4963381e-01]
 [ 7.0717412e-01  2.4713083e-01  6.6244316e-01]]"
20200222-212012.451744,81,[2.1156058  1.5023538  0.47969767],"[[-0.49960983 -0.20990375  0.6746537 ]
 [-0.49530002  0.67800677  0.21474417]
 [ 0.506099    0.67020786  0.21210489]
 [ 0.49893066 -0.21695334  0.67360127]]","[[-0.7030282   0.25349057  0.6644502 ]
 [ 0.00750188  0.9369076  -0.3494968 ]
 [ 0.7111225   0.24072151  0.66057414]]"
20200222-212012.451744,82,[2.1254826  1.5032816  0.47742176],"[[-0.49920544 -0.21602021  0.6732456 ]
 [-0.50100416  0.6731824   0.2159011 ]
 [ 0.50045747  0.6735552   0.21572177]
 [ 0.49933106 -0.21560258  0.67349213]]","[[-7.0677209e-01  2.4611892e-01  6.6324890e-01]
 [-9.0372167e-05  9.3750042e-01 -3.4798458e-01]
 [ 7.0744145e-01  2.4600567e-01  6.6257668e-01]]"
20200222-212012.451744,83,[2.1360667  1.5070997  0.47696558],"[[-0.4993931  -0.21461517  0.67343533]
 [-0.49825355  0.67502964  0.21691078]
 [ 0.5032117   0.67144024  0.21551833]
 [ 0.49912763 -0.217816    0.6730427 ]]","[[-0.70495206  0.24944921  0.66394114]
 [ 0.00360373  0.9373582  -0.34834838]
 [ 0.7092461   0.24317627  0.6616914 ]]"
20200222-212012.451744,84,[2.1467185 1.5084511 0.4753051],"[[-0.49957412 -0.21464562  0.67317444]
 [-0.49560478  0.676347    0.21926403]
 [ 0.5058483   0.66895455  0.21669352]
 [ 0.4989184  -0.22131921  0.67216355]]","[[-0.70318073  0.25164217  0.66499114]
 [ 0.00716564  0.93773603 -0.3472755 ]
 [ 0.7109752   0.23943228  0.661201  ]]"
20200222-212012.451744,85,[2.1567745 1.5092314 0.4731169],"[[-0.4995677  -0.21706161  0.67240196]
 [-0.4958049   0.6754657   0.22151852]
 [ 0.5056794   0.6683397   0.21903634]
 [ 0.49889672 -0.22349982  0.67143756]]","[[-0.7032902   0.25041828  0.665337  ]
 [ 0.00695321  0.93828267 -0.3457992 ]
 [ 0.7108687   0.23857105  0.6616263 ]]"
20200222-212012.451744,86,[2.1674888  1.5109149  0.47168353],"[[-0.49972993 -0.21682724  0.67223805]
 [-0.49313098  0.67685336  0.22363915]
 [ 0.5083272   0.66591257  0.21992275]
 [ 0.49869376 -0.22675048  0.67060846]]","[[-0.70149535  0.25280604  0.6663284 ]
 [ 0.0105127   0.9385382  -0.34501532]
 [ 0.7125965   0.23502171  0.66103786]]"
20200222-212012.451744,87,[2.176878   1.5093102  0.47036004],"[[-0.49953684 -0.22084525  0.67117673]
 [-0.4961028   0.6740834   0.22507745]
 [ 0.5054431   0.6673399   0.22269027]
 [ 0.4988712  -0.22692852  0.6702769 ]]","[[-0.70345354  0.24816738  0.6660077 ]
 [ 0.00661862  0.9393073  -0.34301338]
 [ 0.71071047  0.23688594  0.66240156]]"
20200222-212012.451744,88,[2.1862223  1.5115807  0.46885082],"[[-0.4998825  -0.22070712  0.6707166 ]
 [-0.4934928   0.67554504  0.22723567]
 [ 0.5080413   0.6648135   0.22356944]
 [ 0.49847415 -0.23010945  0.6697162 ]]","[[-0.70187396  0.25057083  0.6667736 ]
 [ 0.01011471  0.9394957  -0.34241152]
 [ 0.71222943  0.23358555  0.66194195]]"
20200222-212012.451744,89,[2.1963537 1.5081726 0.4671614],"[[-0.4998497  -0.22352669  0.66981196]
 [-0.4937975   0.67444205  0.22981675]
 [ 0.50776887  0.6641417   0.22624947]
 [ 0.49848294 -0.23255022  0.6688405 ]]","[[-0.7020369   0.2483131   0.6674467 ]
 [ 0.00975817  0.94050634 -0.33963656]
 [ 0.71207386  0.2319244   0.662693  ]]"
20200222-212012.451744,90,[2.206266   1.5156877  0.46606985],"[[-0.50006205 -0.22379017  0.66944474]
 [-0.49381006  0.6744852   0.23004442]
 [ 0.5077601   0.6639435   0.22647649]
 [ 0.4982664  -0.23273799  0.66905266]]","[[-0.7022359   0.24932627  0.66685945]
 [ 0.00975697  0.93995583 -0.3411572 ]
 [ 0.71187776  0.23306622  0.66250324]]"
20200222-212012.451744,91,[2.2152193  1.5222334  0.46437567],"[[-0.49992198 -0.22645016  0.6687762 ]
 [-0.49655953  0.67225254  0.23026492]
 [ 0.50505036  0.66561323  0.22803724]
 [ 0.49842823 -0.23185292  0.66911525]]","[[-0.7040853   0.2469494   0.6657926 ]
 [ 0.00612715  0.9396617  -0.34205076]
 [ 0.7100891   0.2367535   0.663115  ]]"
20200222-212012.451744,92,[2.225179  1.5248572 0.4635126],"[[-0.50011086 -0.2274328   0.6681733 ]
 [-0.49660096  0.67203975  0.23120351]
 [ 0.5050143   0.665197    0.22893165]
 [ 0.49823418 -0.23270161  0.66908866]]","[[-0.70428914  0.24670944  0.6656661 ]
 [ 0.00608666  0.93973637 -0.34184575]
 [ 0.70988715  0.23670657  0.6633477 ]]"
20200222-212012.451744,93,[2.2351239 1.5274929 0.4626516],"[[-0.49991387 -0.22836159  0.66814035]
 [-0.49670336  0.67152023  0.23205736]
 [ 0.5049217   0.66508824  0.2299045 ]
 [ 0.49842384 -0.23360085  0.66849226]]","[[-0.7041682   0.24652374  0.66586286]
 [ 0.00595608  0.939809   -0.34164867]
 [ 0.7100084   0.2366122   0.66325194]]"
20200222-212012.451744,94,[2.2466624  1.5250491  0.45981863],"[[-0.49989858 -0.23157495  0.6670517 ]
 [-0.49676946  0.6703594   0.23523013]
 [ 0.5048479   0.6640452   0.2330623 ]
 [ 0.49844807 -0.23671827  0.6673763 ]]","[[-0.7041997   0.24446818  0.66658705]
 [ 0.00586459  0.9408231  -0.33884764]
 [ 0.7099779   0.23470709  0.663961  ]]"
20200222-212012.451744,95,[2.2556896  1.5315617  0.45822954],"[[-0.49974394 -0.2340767   0.6664113 ]
 [-0.49939618  0.6682204   0.23538166]
 [ 0.5022416   0.66564023  0.23451857]
 [ 0.49861076 -0.23582298  0.66745204]]","[[-0.7059639   0.24223652  0.66553473]
 [ 0.00237997  0.9404978  -0.33979112]
 [ 0.70824385  0.23829629  0.6645341 ]]"
20200222-212012.451744,96,[2.2659729  1.5281949  0.45668504],"[[-0.4997145  -0.23651963  0.66556174]
 [-0.49939987  0.6673536   0.2378459 ]
 [ 0.50226474  0.66477233  0.2369507 ]
 [ 0.49861318 -0.23827633  0.6665669 ]]","[[-0.7059546   0.24038473  0.6662157 ]
 [ 0.00237614  0.94143957 -0.33717346]
 [ 0.7082531   0.23644604  0.6651847 ]]"
20200222-212012.451744,97,[2.2760718 1.5287968 0.4549573],"[[-0.49983257 -0.23517066  0.6658597 ]
 [-0.4944896   0.67000914  0.24091008]
 [ 0.50713944  0.6607211   0.2376261 ]
 [ 0.49845544 -0.24337399  0.66492677]]","[[-0.70244163  0.24502651  0.6682348 ]
 [ 0.00893123  0.94183385 -0.3359606 ]
 [ 0.7116854   0.23002453  0.6637716 ]]"
20200222-212012.451744,98,[2.2870283 1.5258733 0.4540279],"[[-0.49965563 -0.23874429  0.6648277 ]
 [-0.49710202  0.66749936  0.2421657 ]
 [ 0.5045647   0.6619096   0.24013725]
 [ 0.49864683 -0.24356087  0.6646009 ]]","[[-0.70419264  0.24057648  0.668009  ]
 [ 0.00547312  0.94265693 -0.33371857]
 [ 0.70998824  0.231346    0.6651287 ]]"
20200222-212012.451744,99,[2.2964506 1.5283777 0.4527639],"[[-0.49998125 -0.23842748  0.6644582 ]
 [-0.49463025  0.66889924  0.24407437]
 [ 0.50702924  0.65956116  0.24073261]
 [ 0.49827796 -0.24638556  0.6640566 ]]","[[-0.7026845   0.2429949   0.66872126]
 [ 0.0087744   0.9427612  -0.33335334]
 [ 0.7114474   0.2283746   0.6645958 ]]"
20200222-212012.451744,100,[2.307578   1.5278027  0.45054957],"[[-0.50009984 -0.23935226  0.663939  ]
 [-0.49235395  0.66958904  0.24706016]
 [ 0.5092773   0.6570667   0.24252652]
 [ 0.49812105 -0.2502492   0.6628178 ]]","[[-0.7010974   0.24420129  0.6699466 ]
 [ 0.01182238  0.9433817  -0.33149868]
 [ 0.71296763  0.22449249  0.6642895 ]]"
20200222-212012.451744,101,[2.3182704  1.526557   0.45009163],"[[-0.50032437 -0.2377255   0.6641541 ]
 [-0.4878167   0.67221713  0.24950719]
 [ 0.51372945  0.6533475   0.24263223]
 [ 0.49778768 -0.2544561   0.6616457 ]]","[[-0.6979207   0.24816489  0.67180425]
 [ 0.01787892  0.9437898  -0.3300627 ]
 [ 0.7159519   0.21834639  0.6631274 ]]"
20200222-212012.451744,102,[2.3280451 1.5314914 0.4482643],"[[-0.50036484 -0.23902276  0.6636904 ]
 [-0.48808184  0.671601    0.25054845]
 [ 0.51345545  0.65312266  0.24387789]
 [ 0.49776983 -0.2554424   0.66125935]]","[[-0.6980942   0.24816005  0.6716256 ]
 [ 0.01757047  0.94367164 -0.330416  ]
 [ 0.7157904   0.21886063  0.66313195]]"
20200222-212012.451744,103,[2.3384817 1.5282899 0.4469195],"[[-0.5003344  -0.24156153  0.66281134]
 [-0.48853773  0.67043865  0.2527105 ]
 [ 0.51303583  0.6526077   0.24623127]
 [ 0.4977855  -0.25741622  0.6604459 ]]","[[-0.6983512   0.24597186  0.6721634 ]
 [ 0.01704131  0.94454426 -0.32794183]
 [ 0.7155524   0.21756399  0.6638152 ]]"
20200222-212012.451744,104,[2.3471243  1.5389159  0.44539067],"[[-0.5004941  -0.24304013  0.66214615]
 [-0.4908577   0.6689886   0.2520599 ]
 [ 0.51074785  0.6541396   0.24686994]
 [ 0.49769524 -0.2559047   0.66112274]]","[[-0.70019335  0.2451812   0.67053384]
 [ 0.01396622  0.9437085  -0.3304836 ]
 [ 0.7138167   0.22203761  0.6642026 ]]"
20200222-212012.451744,105,[2.357602   1.5357821  0.44406286],"[[-0.5004643  -0.24546471  0.66128665]
 [-0.49120095  0.6679106   0.2542046 ]
 [ 0.51043653  0.6535484   0.24915554]
 [ 0.49770644 -0.25790924  0.66030455]]","[[-0.7003837   0.24313658  0.67107934]
 [ 0.01356815  0.9445597  -0.32805967]
 [ 0.7136376   0.22066233  0.66485316]]"
20200222-212012.451744,106,[2.367744  1.5411125 0.4422168],"[[-0.50029343 -0.24670543  0.66109085]
 [-0.49144927  0.66719085  0.2552197 ]
 [ 0.51020014  0.6534176   0.2503869 ]
 [ 0.49787515 -0.25891715  0.65964246]]","[[-0.7003641   0.24327844  0.6710482 ]
 [ 0.01327476  0.9444024  -0.32852417]
 [ 0.71366245  0.22117852  0.6646549 ]]"
20200222-212012.451744,107,[2.377948   1.5419636  0.44075504],"[[-0.50049525 -0.24841544  0.66019017]
 [-0.49160647  0.6665883   0.2567887 ]
 [ 0.5100458   0.6527994   0.25200528]
 [ 0.49767518 -0.26038936  0.6593194 ]]","[[-0.70064574  0.24236493  0.6710849 ]
 [ 0.01308693  0.94474816 -0.32753602]
 [ 0.71338934  0.22070432  0.6651056 ]]"
20200222-212012.451744,108,[2.3884954 1.5431724 0.4391874],"[[-0.500483   -0.25017375  0.6595415 ]
 [-0.4918109   0.66581446  0.2583806 ]
 [ 0.5098686   0.6523089   0.2536942 ]
 [ 0.49766755 -0.2619112   0.6586987 ]]","[[-0.70076     0.24151781  0.67127097]
 [ 0.01286148  0.9450741  -0.32660335]
 [ 0.7132812   0.22023703  0.6653763 ]]"
20200222-212012.451744,109,[2.3978457 1.5456858 0.4381826],"[[-0.500563   -0.25275066  0.6584806 ]
 [-0.49419263  0.66390115  0.25879884]
 [ 0.5075447   0.65346164  0.2553735 ]
 [ 0.49760303 -0.26142067  0.65894693]]","[[-0.70258695  0.23871121  0.6703647 ]
 [ 0.00973458  0.9451915  -0.32637215]
 [ 0.71153146  0.22277905  0.6664029 ]]"
20200222-212012.451744,110,[2.4077666  1.5505049  0.43661588],"[[-0.50059175 -0.2537847   0.6580869 ]
 [-0.4943232   0.6634247   0.25969517]
 [ 0.507397    0.6531891   0.25639883]
 [ 0.49759454 -0.26230726  0.658589  ]]","[[-0.7026801   0.23888896  0.67020357]
 [ 0.00957207  0.9450395  -0.32681623]
 [ 0.7114416   0.2232321   0.66634715]]"
20200222-212012.451744,111,[2.4187486 1.5582638 0.4342506],"[[-0.50067997 -0.25629628  0.657033  ]
 [-0.49659836  0.6615653   0.26012412]
 [ 0.5051349   0.6542728   0.25803828]
 [ 0.49754196 -0.26185966  0.65883154]]","[[-0.704444    0.23712401  0.66897744]
 [ 0.00653669  0.9446686  -0.32796156]
 [ 0.7097294   0.2266576   0.6670161 ]]"
20200222-212012.451744,112,[2.427975   1.5646708  0.43313432],"[[-0.5008301  -0.255284    0.6572239 ]
 [-0.49433768  0.66294473  0.2611642 ]
 [ 0.5073632   0.65250343  0.25789398]
 [ 0.49737492 -0.26376882  0.65828615]]","[[-0.7028954   0.24042585  0.6694279 ]
 [ 0.00953691  0.9442427  -0.32911217]
 [ 0.71122944  0.22494717  0.66599673]]"
20200222-212012.451744,113,[2.4382856  1.5651726  0.43185514],"[[-0.50102973 -0.2568543   0.6563475 ]
 [-0.49443537  0.6624054   0.262651  ]
 [ 0.50726616  0.65186155  0.259394  ]
 [ 0.4971759  -0.26518235  0.6579799 ]]","[[-0.70313525  0.23957865  0.6694797 ]
 [ 0.00942453  0.9445857  -0.32812932]
 [ 0.71099365  0.22440979  0.6664294 ]]"
20200222-212012.451744,114,[2.449507   1.5638566  0.43023503],"[[-0.50096047 -0.2575037   0.65620106]
 [-0.49244168  0.66285056  0.26511773]
 [ 0.50921404  0.64981496  0.2608304 ]
 [ 0.49723366 -0.26844272  0.6565672 ]]","[[-0.70154697  0.24064276  0.6707631 ]
 [ 0.01210358  0.9451469  -0.3264216 ]
 [ 0.7125205   0.22088148  0.66597766]]"
20200222-212012.451744,115,[2.4601603  1.5604281  0.42917767],"[[-0.50092995 -0.25964412  0.6553859 ]
 [-0.49265522  0.66189307  0.26709256]
 [ 0.5090274   0.6491583   0.26287928]
 [ 0.49724358 -0.27032605  0.6557633 ]]","[[-0.70166576  0.2387942   0.6712993 ]
 [ 0.0118488   0.94594646 -0.3241067 ]
 [ 0.71240795  0.21946046  0.66656744]]"
20200222-212012.451744,116,[2.4698715  1.5591079  0.42850077],"[[-0.5007911  -0.26267526  0.6543815 ]
 [-0.4951096   0.65962404  0.26789683]
 [ 0.50664985  0.65027446  0.2650455 ]
 [ 0.497374   -0.27026075  0.655566  ]]","[[-0.7033373   0.23510101  0.6708534 ]
 [ 0.00866014  0.94648945 -0.3226184 ]
 [ 0.7108035   0.2210998   0.6677373 ]]"
20200222-212012.451744,117,[2.4815192 1.5606861 0.4278875],"[[-0.50090545 -0.26220998  0.6544089 ]
