Timestamp,Epoch,s,u,v
20200220-134204.700497,0,[1.8220173 1.4207784 0.7628702],"[[ 0.2613209   0.49997616  0.657055  ]
 [ 0.6570474   0.5000175  -0.2613121 ]
 [ 0.65704906 -0.5000123  -0.2613254 ]
 [ 0.26131675 -0.49999425  0.65704167]]","[[ 4.9534991e-01  7.0710790e-01  5.0460565e-01]
 [ 7.1361071e-01  1.5075762e-05 -7.0054251e-01]
 [ 4.9536666e-01 -7.0710564e-01  5.0459230e-01]]"
20200220-134204.700497,1,[1.8007041 1.4275051 0.7606071],"[[ 0.24982876  0.50109726  0.66050917]
 [ 0.6576261   0.5039475  -0.252574  ]
 [ 0.66302085 -0.4960823  -0.25322255]
 [ 0.25596297 -0.49883974  0.66016114]]","[[ 0.48756576  0.70920557  0.5092222 ]
 [ 0.71947986  0.00403528 -0.6945015 ]
 [ 0.49459904 -0.7049902   0.5082918 ]]"
20200220-134204.700497,2,[1.7744315 1.4344449 0.7566393],"[[ 0.23751153  0.50110674  0.6650335 ]
 [ 0.66202855  0.50413495 -0.2403953 ]
 [ 0.66769797 -0.4958933  -0.24101911]
 [ 0.24389794 -0.49882895  0.6647185 ]]","[[ 0.48131147  0.70930225  0.51500463]
 [ 0.7276673   0.00425189 -0.6859171 ]
 [ 0.48871228 -0.7048918   0.5140896 ]]"
20200220-134204.700497,3,[1.7528781  1.4413202  0.75292045],"[[ 0.22255288  0.502296    0.66914415]
 [ 0.6625479   0.50901324 -0.22886112]
 [ 0.67497927 -0.4909686  -0.23015301]
 [ 0.23643847 -0.49754754  0.6685045 ]]","[[ 0.47118494  0.7119112   0.5207373 ]
 [ 0.73503023  0.009423   -0.67796886]
 [ 0.48756057 -0.70220625  0.5188363 ]]"
20200220-134204.700497,4,[1.7312241  1.4481918  0.74989295],"[[ 0.21244709  0.5023439   0.67238253]
 [ 0.66533446  0.5096389  -0.21918297]
 [ 0.67866844 -0.49036667 -0.2204577 ]
 [ 0.227168   -0.4974528   0.6717582 ]]","[[ 0.4654533   0.71224993  0.52540755]
 [ 0.74162203  0.01014003 -0.67074144]
 [ 0.48306322 -0.7018526   0.5235006 ]]"
20200220-134204.700497,5,[1.7188052 1.454939  0.7468528],"[[ 0.20756283  0.50104564  0.67485994]
 [ 0.67230606  0.50409025 -0.2106058 ]
 [ 0.6775386  -0.49602902 -0.21112294]
 [ 0.21415961 -0.4988      0.6750088 ]]","[[ 0.46611887  0.70934516  0.5287367 ]
 [ 0.74733114  0.00418431 -0.6644389 ]
 [ 0.47352904 -0.70484877  0.52816534]]"
20200220-134204.700497,6,[1.6987394 1.4619399 0.743615 ],"[[ 0.1975953   0.50105983  0.67782795]
 [ 0.67506707  0.5043949  -0.20083582]
 [ 0.68072766 -0.4957592  -0.20133975]
 [ 0.2045733  -0.49874687  0.67799467]]","[[ 0.4605696   0.70950437  0.533366  ]
 [ 0.7538813   0.00451591 -0.6569952 ]
 [ 0.46854943 -0.7046867   0.53280216]]"
20200220-134204.700497,7,[1.67656    1.4690971  0.73971844],"[[ 0.18086524  0.5025759   0.6812206 ]
 [ 0.67293257  0.511855   -0.18932813]
 [ 0.68908525 -0.48820153 -0.19060066]
 [ 0.19902445 -0.49707294  0.68100303]]","[[ 0.44733393  0.7135729   0.53917164]
 [ 0.7612011   0.01272864 -0.64839095]
 [ 0.4695371  -0.7004653   0.5374786 ]]"
20200220-134204.700497,8,[1.6703242 1.4763483 0.7359197],"[[ 0.17730029  0.5010039   0.6833221 ]
 [ 0.68130076  0.50392723 -0.18041445]
 [ 0.6859787  -0.49624902 -0.18081526]
 [ 0.18392159 -0.49878788  0.6839792 ]]","[[ 0.45033696  0.7093478   0.5422383 ]
 [ 0.76669747  0.0040072  -0.641996  ]
 [ 0.4575714  -0.70484716  0.54205066]]"
20200220-134204.700497,9,[1.6512023 1.4838331 0.7307968],"[[ 0.16456921  0.50099885  0.68651336]
 [ 0.6844684   0.5039943  -0.16774343]
 [ 0.6892722  -0.4961805  -0.16807413]
 [ 0.17124037 -0.49879333  0.6872501 ]]","[[ 0.44347036  0.70938414  0.5478213 ]
 [ 0.77464175  0.00409414 -0.632387  ]
 [ 0.45084816 -0.7048102   0.5477031 ]]"
20200220-134204.700497,10,[1.6346042 1.4909197 0.7271517],"[[ 0.1385877   0.5045873   0.6892856 ]
 [ 0.6709827   0.5256049  -0.15703186]
 [ 0.7064556  -0.4739919  -0.15918815]
 [ 0.17747091 -0.49443132  0.6891191 ]]","[[ 0.41662735  0.7211241   0.5535355 ]
 [ 0.78040653  0.02858042 -0.62461877]
 [ 0.46624792 -0.6922161   0.5508626 ]]"
20200220-134204.700497,11,[1.6157775 1.4984938 0.7227813],"[[ 0.13375425  0.5031      0.6914921 ]
 [ 0.6795514   0.51736957 -0.146356  ]
 [ 0.70334977 -0.48259404 -0.14753638]
 [ 0.16005884 -0.49630857  0.6918469 ]]","[[ 0.41841573  0.7167218   0.5578876 ]
 [ 0.7877906   0.01930231 -0.61564094]
 [ 0.45201173 -0.6970923   0.55655026]]"
20200220-134204.700497,12,[1.6081452  1.5056592  0.71913326],"[[ 0.13551643 -0.50084835  0.69278586]
 [ 0.69190246 -0.5030381  -0.13818087]
 [ 0.69499946  0.49724922 -0.13834573]
 [ 0.14100276  0.49884528  0.6941282 ]]","[[ 0.4280299  -0.7089251   0.5605495 ]
 [ 0.7929944  -0.0029254  -0.6092221 ]
 [ 0.43353263  0.70527774  0.56092143]]"
20200220-134204.700497,13,[1.5962013  1.5128572  0.71587926],"[[ 0.1405701  -0.4977742   0.69413286]
 [ 0.70642394 -0.48440242 -0.1302821 ]
 [ 0.6833866   0.5156882  -0.12942235]
 [ 0.11911239  0.5016379   0.69602835]]","[[ 0.44136047 -0.69834256  0.5634878 ]
 [ 0.7979555   0.01821134 -0.6024412 ]
 [ 0.4104485   0.71553195  0.5652842 ]]"
20200220-134204.700497,14,[1.5860912 1.5206746 0.7113679],"[[ 0.13354805 -0.49721408  0.6959186 ]
 [ 0.71114033 -0.4800765  -0.12024289]
 [ 0.6820568   0.51985455 -0.11937848]
 [ 0.10603193  0.5020516   0.69784504]]","[[ 0.44010612 -0.69582355  0.5675704 ]
 [ 0.80361915  0.02320811 -0.594691  ]
 [ 0.40062785  0.71783763  0.5693912 ]]"
20200220-134204.700497,15,[1.5703114  1.5280892  0.70675457],"[[ 0.15503456 -0.48894826  0.69745314]
 [ 0.7424643  -0.4325791  -0.10984643]
 [ 0.64872384  0.56339216 -0.10805899]
 [ 0.06219481  0.5063536   0.69986874]]","[[ 0.47763944 -0.6672253   0.5715514 ]
 [ 0.8069778   0.07599001 -0.5856725 ]
 [ 0.3473433   0.7409697   0.5747319 ]]"
20200220-134204.700497,16,[1.556568   1.5344563  0.70201296],"[[ 0.23712097 -0.4530038   0.6987924 ]
 [ 0.81379473 -0.27939367 -0.09948479]
 [ 0.52840424  0.67942554 -0.09666805]
 [-0.04796374  0.5050816   0.70174575]]","[[ 0.5919172  -0.56439215  0.57540894]
 [ 0.78301156  0.23337942 -0.57656467]
 [ 0.19111997  0.79183036  0.5800669 ]]"
20200220-134204.700497,17,[1.5558802 1.5428767 0.6974993],"[[ 0.23284237 -0.4526563   0.70044196]
 [ 0.8173687  -0.27194422 -0.09051488]
 [ 0.5234579   0.6842998  -0.08878128]
 [-0.06070304  0.502874    0.70235753]]","[[ 0.59330034 -0.55907065  0.5791674 ]
 [ 0.7847604   0.24145496 -0.5708335 ]
 [ 0.17929336  0.79318327  0.58199173]]"
20200220-134204.700497,18,[1.5591905  1.5470284  0.69307846],"[[ 0.36316198 -0.35553825  0.70117277]
 [ 0.86194414  0.01364866 -0.0829284 ]
 [ 0.26911092  0.8194895  -0.08014898]
 [-0.22966202  0.44926935  0.70360196]]","[[ 0.7416019  -0.33517998  0.5811035 ]
 [ 0.6641104   0.4892103  -0.5653589 ]
 [-0.09478483  0.805188    0.5853958 ]]"
20200220-134204.700497,19,[1.5638281 1.5454574 0.6890551],"[[ 0.4714576  -0.18832937  0.7015697 ]
 [ 0.7852896   0.35726753 -0.0754335 ]
 [-0.07986759  0.8595887  -0.07167547]
 [-0.39328012  0.3130485   0.7049628 ]]","[[ 0.8122046  -0.01617542  0.5831484 ]
 [ 0.41582662  0.717153   -0.55926734]
 [-0.40916023  0.6967281   0.58920115]]"
20200220-134204.700497,20,[1.5673474  1.53852    0.68491477],"[[-0.5052151   0.00440466  0.70299447]
 [-0.5802232   0.64000124 -0.06537151]
 [ 0.41321146  0.7583582  -0.06384722]
 [ 0.4871908   0.12357941  0.7053008 ]]","[[-0.7499988   0.3024078   0.5882614 ]
 [-0.0987962   0.8281719  -0.5516981 ]
 [ 0.65401936  0.4718909   0.59125113]]"
20200220-134204.700497,21,[1.5747705  1.5283339  0.68071795],"[[ 0.49828532  0.06789555  0.70433295]
 [ 0.48201013  0.71809936 -0.05531151]
 [-0.5181383   0.69125235 -0.05613361]
 [-0.50091     0.04351728  0.70548195]]","[[ 0.69676596  0.40303248  0.59336513]
 [-0.02175322  0.8387141  -0.54413736]
 [-0.7169687   0.36622876  0.5931546 ]]"
20200220-134204.700497,22,[1.5826561 1.5181415 0.6765499],"[[ 0.49888235  0.05563146  0.70497   ]
 [ 0.48713142  0.7152715  -0.04657695]
 [-0.5132268   0.6955716  -0.04743376]
 [-0.5004176   0.03836526  0.70611465]]","[[ 0.69971615  0.39275888  0.59677297]
 [-0.015842    0.8436486  -0.5366623 ]
 [-0.7142454   0.36605722  0.5965365 ]]"
20200220-134204.700497,23,[1.5910386 1.5122088 0.6717894],"[[ 0.4992631   0.04486261  0.7054734 ]
 [ 0.4900714   0.713768   -0.03787102]
 [-0.5103572   0.698225   -0.03869365]
 [-0.50010216  0.03169625  0.70666534]]","[[ 0.7014207   0.38495123  0.5998514 ]
 [-0.01244135  0.84808874 -0.5297082 ]
 [-0.712639    0.36408535  0.5996563 ]]"
20200220-134204.700497,24,[1.5988159 1.5095115 0.6678265],"[[ 0.4975639   0.04939786  0.7063497 ]
 [ 0.47327307  0.7253923  -0.03020545]
 [-0.52656364  0.68644094 -0.03212075]
 [-0.5011719   0.01283486  0.7064886 ]]","[[ 0.69121253  0.39802888  0.603157  ]
 [-0.03243372  0.85089016 -0.5243416 ]
 [-0.7219234   0.34286886  0.6010554 ]]"
20200220-134204.700497,25,[1.6067157  1.5005232  0.66366106],"[[-0.50047874  0.01757133  0.7060955 ]
 [-0.5074378   0.70185584 -0.02306706]
 [ 0.49315384  0.71154606 -0.02266625]
 [ 0.498826    0.02814722  0.70737827]]","[[-0.7113399   0.35830668  0.6046588 ]
 [-0.00847029  0.855865   -0.5171303 ]
 [ 0.7027974   0.37297696  0.60577583]]"
20200220-134204.700497,26,[1.6152655 1.4879528 0.6580294],"[[-0.50031275  0.00812211  0.7063745 ]
 [-0.5057197   0.7033751  -0.01235116]
 [ 0.49488938  0.71058637 -0.01203773]
 [ 0.4990179   0.01625714  0.70762825]]","[[-0.71037996  0.35333812  0.60869724]
 [-0.00644716  0.86154664 -0.5076373 ]
 [ 0.70378876  0.36453974  0.60974765]]"
20200220-134204.700497,27,[1.6231152  1.4863204  0.65409464],"[[-0.5006754  -0.00573923 -0.7064175 ]
 [-0.5162968   0.69541407  0.00633548]
 [ 0.48411864  0.7183893   0.00479107]
 [ 0.498388    0.01681644 -0.7077507 ]]","[[-0.7163278   0.3386117  -0.61009544]
 [-0.01957339  0.8642626   0.5026599 ]
 [ 0.69748926  0.37201098 -0.61246765]]"
20200220-134204.700497,28,[1.6315621 1.4810055 0.64873  ],"[[-0.50105524 -0.02100819 -0.7058693 ]
 [-0.52510214  0.688805   -0.00197765]
 [ 0.4749358   0.72450227 -0.00468861]
 [ 0.4976415   0.01421666 -0.70832366]]","[[-0.72152406  0.32381007 -0.61200476]
 [-0.03070861  0.8680669   0.49549624]
 [ 0.6917079   0.37630627 -0.6163875 ]]"
20200220-134204.700497,29,[1.6396368  1.4823383  0.64359945],"[[-0.50091255 -0.02729442 -0.70559907]
 [-0.5234454   0.6901813  -0.00943324]
 [ 0.4767124   0.7230984  -0.01194197]
 [ 0.49783233  0.0058057  -0.7084479 ]]","[[-0.72070915  0.3220143  -0.61390984]
 [-0.0286989   0.87095064  0.49053168]
 [ 0.69264334  0.37114918 -0.6184606 ]]"
20200220-134204.700497,30,[1.6478832  1.4842789  0.64102525],"[[-0.50034803 -0.0234007  -0.70612854]
 [-0.5124897   0.6982876  -0.01407029]
 [ 0.48806366  0.7154091  -0.0153305 ]
 [ 0.49879876 -0.00603113 -0.707778  ]]","[[-0.71431386  0.3320329  -0.6160437 ]
 [-0.0150029   0.87281394  0.48782226]
 [ 0.6996647   0.35770065 -0.6184818 ]]"
20200220-134204.700497,31,[1.6565478 1.4791809 0.635747 ],"[[-0.5004509  -0.03707257 -0.7056186 ]
 [-0.5201057   0.69226336 -0.02183533]
 [ 0.48021     0.72063404 -0.02430735]
 [ 0.49843502 -0.00914547 -0.7078384 ]]","[[-0.71870726  0.3189141  -0.6178622 ]
 [-0.0246799   0.87634987  0.48104268]
 [ 0.69487464  0.36097762 -0.62196827]]"
20200220-134204.700497,32,[1.6648649  1.4721837  0.63172245],"[[-0.50030434 -0.04275252 -0.70537186]
 [-0.518021    0.69359034 -0.02908248]
 [ 0.4824203   0.7188786  -0.03145066]
 [ 0.4986186  -0.0178424  -0.707542  ]]","[[-0.71757704  0.31658113 -0.6203707 ]
 [-0.02213823  0.879906    0.47463176]
 [ 0.69612724  0.35431883 -0.62439173]]"
20200220-134204.700497,33,[1.6730608 1.470025  0.6271502],"[[-0.49978036 -0.03808613 -0.70569277]
 [-0.5013701   0.70568603 -0.03727869]
 [ 0.4994379   0.7065704  -0.03707485]
 [ 0.49940947 -0.03626845 -0.70656484]]","[[-0.7078343   0.3307454  -0.62416214]
 [-0.00118294  0.8830524   0.4692735 ]
 [ 0.7063777   0.33290622 -0.62466335]]"
20200220-134204.700497,34,[1.6811152 1.4697577 0.6234342],"[[-0.49976963 -0.0484149  -0.70534027]
 [-0.50862277  0.6998914  -0.04213685]
 [ 0.49215978  0.7116467  -0.04323683]
 [ 0.49931133 -0.03696984 -0.7062931 ]]","[[-0.7119478   0.32021785 -0.6249725 ]
 [-0.01031278  0.88511604  0.46525592]
 [ 0.7021565   0.33768305 -0.6268542 ]]"
20200220-134204.700497,35,[1.6901374 1.4629016 0.6194574],"[[-0.499707   -0.05455197 -0.70492333]
 [-0.50757647  0.7002147  -0.04906529]
 [ 0.4932184   0.710449   -0.05004002]
 [ 0.4993943  -0.04456157 -0.7058129 ]]","[[-0.7113731   0.3168299  -0.6273494 ]
 [-0.00906164  0.8884154   0.45895126]
 [ 0.7027561   0.3321704  -0.6291238 ]]"
20200220-134204.700497,36,[1.6989797 1.4629045 0.6157408],"[[-0.49973032 -0.06399852 -0.7042391 ]
 [-0.513608    0.69531125 -0.05377798]
 [ 0.487075    0.7143918  -0.05591574]
 [ 0.49923387 -0.04572389 -0.7057118 ]]","[[-0.71495163  0.30749086 -0.627928  ]
 [-0.0167914   0.8902893   0.45508552]
 [ 0.6989722   0.33590785 -0.63135076]]"
20200220-134204.700497,37,[1.7070974  1.4588789  0.61253726],"[[-0.49956676 -0.0644174  -0.7041371 ]
 [-0.50632507  0.70033145 -0.05992743]
 [ 0.4945733   0.70867896 -0.06070345]
 [ 0.49946508 -0.05621858 -0.70492196]]","[[-0.7106463   0.31202602 -0.63057256]
 [-0.00751156  0.89285696  0.4502777 ]
 [ 0.7035094   0.32472464 -0.6321617 ]]"
20200220-134204.700497,38,[1.7156678  1.4531435  0.60871536],"[[-0.49933642 -0.06251156 -0.70416945]
 [-0.49411157  0.70864797 -0.06755947]
 [ 0.50681704  0.699201   -0.06585278]
 [ 0.49965337 -0.07090942 -0.703736  ]]","[[-0.7032283   0.3210618  -0.6343413 ]
 [ 0.00801733  0.8957516   0.44448248]
 [ 0.71091866  0.3074869  -0.63249207]]"
20200220-134204.700497,39,[1.7246271 1.4487658 0.6055543],"[[-0.49919423 -0.06415029 -0.70396936]
 [-0.48856783  0.7120555  -0.07355264]
 [ 0.51227087  0.69459844 -0.07053534]
 [ 0.49968526 -0.07996707 -0.7028817 ]]","[[-0.69975907  0.32349938 -0.6369344 ]
 [ 0.01503983  0.8980653   0.43960467]
 [ 0.7142206   0.298038   -0.6332947 ]]"
20200220-134204.700497,40,[1.7334995  1.4446831  0.60243756],"[[-0.49936473 -0.07368379 -0.7030649 ]
 [-0.49502823  0.7069261  -0.07807726]
 [ 0.5059495   0.6987771  -0.07645021]
 [ 0.4995967  -0.08085073 -0.7026798 ]]","[[-0.70372397  0.31333584 -0.63764656]
 [ 0.00695414  0.90049005  0.43482098]
 [ 0.71043956  0.3015596  -0.63587546]]"
20200220-134204.700497,41,[1.7424924 1.4379982 0.598037 ],"[[ 0.49944216 -0.08444624 -0.7019365 ]
 [ 0.50055     0.70212984 -0.08449938]
 [-0.5004776   0.7019931  -0.08413944]
 [-0.49952945 -0.08419275 -0.7021864 ]]","[[ 7.0712405e-01  3.0276248e-01 -6.3899189e-01]
 [ 7.3805109e-05  9.0366137e-01  4.2824793e-01]
 [-7.0708960e-01  3.0287150e-01 -6.3897836e-01]]"
20200220-134204.700497,42,[1.7509879 1.4417926 0.5935331],"[[ 0.4994504  -0.0895061  -0.70130485]
 [ 0.50058055  0.70148194 -0.08953127]
 [-0.50044346  0.7013936  -0.08918684]
 [-0.49952447 -0.08921212 -0.70157063]]","[[ 7.0714259e-01  3.0071542e-01 -6.3993716e-01]
 [ 1.0636056e-04  9.0500844e-01  4.2539346e-01]
 [-7.0707083e-01  3.0088186e-01 -6.3993812e-01]]"
20200220-134204.700497,43,[1.760113  1.4396194 0.5887416],"[[ 0.49943063 -0.09914828 -0.7001516 ]
 [ 0.5053925   0.697109   -0.09531824]
 [-0.49562258  0.70404196 -0.09620322]
 [-0.4995055  -0.09237736 -0.701033  ]]","[[ 0.7101074   0.2918371  -0.6407643 ]
 [ 0.00632643  0.90737426  0.4202762 ]
 [-0.70406514  0.30249494 -0.6424867 ]]"
20200220-134204.700497,44,[1.7689059 1.4377742 0.586471 ],"[[ 0.49939904 -0.10269672 -0.69964314]
 [ 0.50512177  0.6967991  -0.09909293]
 [-0.49593383  0.7033109  -0.09992424]
 [-0.49950194 -0.09632388 -0.7004965 ]]","[[ 0.70995     0.2897676  -0.64187676]
 [ 0.00598464  0.90891516  0.4169382 ]
 [-0.7042267   0.29984668 -0.64355016]]"
20200220-134204.700497,45,[1.7775853 1.4402122 0.5838208],"[[ 0.49921635 -0.10577335 -0.69943887]
 [ 0.5050496   0.6962477  -0.10230216]
 [-0.49602252  0.70292616 -0.10319846]
 [-0.49966922 -0.09972876 -0.69976366]]","[[ 0.70973593  0.28850403 -0.642682  ]
 [ 0.00591     0.90982395  0.4149523 ]
 [-0.70444286  0.29830483 -0.64402974]]"
20200220-134204.700497,46,[1.7865876 1.4356725 0.5803115],"[[ 0.4990947  -0.11710273 -0.6979775 ]
 [ 0.51375204  0.6889249  -0.1064862 ]
 [-0.4871883   0.7083812  -0.10991215]
 [-0.49961096 -0.09932515 -0.69957685]]","[[ 0.7151022   0.27526385 -0.64254105]
 [ 0.01728165  0.9119596   0.4099159 ]
 [-0.6988063   0.30423585 -0.6473874 ]]"
20200220-134204.700497,47,[1.7957541  1.431306   0.57682633],"[[ 0.4988728  -0.12758413 -0.6965208 ]
 [ 0.5212618   0.68233746 -0.11067992]
 [-0.479429    0.7128944  -0.11641824]
 [-0.4995595  -0.09959598 -0.6993248 ]]","[[ 0.7197392   0.26316983 -0.64243054]
 [ 0.02729364  0.9139247   0.40496472]
 [-0.6937078   0.3090033  -0.6506046 ]]"
20200220-134204.700497,48,[1.8042377  1.4388294  0.57395065],"[[ 0.49879763 -0.12392788 -0.6970812 ]
 [ 0.51259017  0.6884516  -0.11434254]
 [-0.48843163  0.70641744 -0.11750858]
 [-0.49988732 -0.1079402  -0.6979939 ]]","[[ 0.71424603  0.2729551  -0.64447516]
 [ 0.0158602   0.9142686   0.40479824]
 [-0.6997151   0.29934713 -0.64868355]]"
20200220-134204.700497,49,[1.813068   1.4390297  0.57016563],"[[ 0.49859297 -0.12821814 -0.69656414]
 [ 0.51221883  0.6878151  -0.11897933]
 [-0.48882413  0.70549005 -0.12216304]
 [-0.5000881  -0.11293499 -0.6969354 ]]","[[ 0.7138593   0.27102566 -0.64571685]
 [ 0.01541093  0.9157683   0.4014112 ]
 [-0.70011973  0.2965022  -0.64955294]]"
20200220-134204.700497,50,[1.8223505 1.4390377 0.5663519],"[[ 0.49829763 -0.13800329 -0.6951403 ]
 [ 0.51979446  0.6812308  -0.12241141]
 [-0.48101592  0.71009666 -0.12798107]
 [-0.5001371  -0.1124381  -0.6967183 ]]","[[ 0.71852     0.26000842 -0.6450773 ]
 [ 0.02550499  0.91701895  0.39802754]
 [-0.69503856  0.30244341 -0.65226483]]"
20200220-134204.700497,51,[1.8314387 1.4378339 0.5620878],"[[ 0.49820447 -0.13981865 -0.694806  ]
 [ 0.5148537   0.68392056 -0.12839809]
 [-0.48613453  0.7057135  -0.13253374]
 [-0.5003911  -0.12112726 -0.69512105]]","[[ 0.7153753   0.2626892  -0.6474815 ]
 [ 0.01905614  0.91896176  0.39388573]
 [-0.6984803   0.29411468 -0.6523968 ]]"
20200220-134204.700497,52,[1.8403016  1.4366494  0.56013143],"[[ 0.4983955  -0.13727672  0.6948917 ]
 [ 0.50653106  0.6895923   0.13279778]
 [-0.49468803  0.69911313  0.13432461]
 [-0.50031185 -0.12984104  0.6938638 ]]","[[ 0.7102257   0.27006102  0.65011275]
 [ 0.00806086  0.92030925 -0.3911086 ]
 [-0.70392793  0.28301582  0.6514503 ]]"
20200220-134204.700497,53,[1.8492235  1.4370017  0.55660146],"[[-0.49837047 -0.13615066  0.6949802 ]
 [-0.49867406  0.6944026   0.13824078]
 [ 0.50260246  0.6927091   0.13726749]
 [ 0.500342   -0.13936484  0.69213426]]","[[-0.7050813   0.27665484  0.65293384]
 [ 0.00224187  0.9216228  -0.3880803 ]
 [ 0.709123    0.27216434  0.65043914]]"
20200220-134204.700497,54,[1.8581954  1.4444522  0.55404526],"[[ 0.4983738  -0.1432833   0.69366497]
 [ 0.5064784   0.68847746  0.13882276]
 [-0.49477315  0.69785464  0.14036171]
 [-0.50030273 -0.13589653  0.6927164 ]]","[[ 0.71020186  0.2681962   0.6509103 ]
 [ 0.00798453  0.9214629  -0.3883847 ]
 [-0.7039528   0.2810288   0.6522833 ]]"
20200220-134204.700497,55,[1.8669577  1.4422104  0.55157274],"[[-0.49862844 -0.13938408  0.6938575 ]
 [-0.49503666  0.69607276  0.1444305 ]
 [ 0.5062844   0.6887475   0.14218135]
 [ 0.49998477 -0.1472475   0.6910035 ]]","[[-0.7029182   0.27846926  0.6544931 ]
 [ 0.00709402  0.92287314 -0.38503882]
 [ 0.7112356   0.26600784  0.6506795 ]]"
20200220-134204.700497,56,[1.876628   1.4393085  0.54916275],"[[-0.49868375 -0.14078684  0.6933982 ]
 [-0.4915276   0.6977976   0.14875284]
 [ 0.50975347  0.68539864  0.14524658]
 [ 0.49986643 -0.15325193  0.68990946]]","[[-0.7006199   0.2797793   0.6563958 ]
 [ 0.0117049   0.924304   -0.38147777]
 [ 0.7134388   0.25958788  0.6508605 ]]"
20200220-134204.700497,57,[1.8858113  1.4462366  0.54667574],"[[-0.49849796 -0.1377051   0.69415164]
 [-0.48435202  0.70217705  0.15164678]
 [ 0.51674265  0.6800099   0.14585823]
 [ 0.4998797  -0.1599088   0.6883906 ]]","[[-0.6955839   0.28777152  0.65829384]
 [ 0.02101784  0.9240345  -0.38173094]
 [ 0.71813756  0.25168997  0.6487918 ]]"
20200220-134204.700497,58,[1.8952612 1.4412931 0.5430954],"[[-0.4984904  -0.1459423   0.69262815]
 [-0.48911843  0.69773614  0.15598908]
 [ 0.5121279   0.6823896   0.15178213]
 [ 0.49999517 -0.1618936   0.6876741 ]]","[[-0.6986276   0.279244    0.65874296]
 [ 0.01496856  0.9261965  -0.37674382]
 [ 0.71532893  0.2533431   0.65124625]]"
20200220-134204.700497,59,[1.9043397 1.4422069 0.5397256],"[[-0.4983764  -0.15466994  0.691061  ]
 [-0.496704    0.6915316   0.15840636]
 [ 0.5046946   0.6870618   0.15689407]
 [ 0.5001894  -0.16064641  0.6875512 ]]","[[-0.7035483   0.269236    0.65767163]
 [ 0.00512455  0.92735195 -0.37415507]
 [ 0.7106289   0.25986585  0.6538166 ]]"
20200220-134204.700497,60,[1.9134376  1.4451528  0.53776634],"[[ 0.4983479  -0.16139154  0.6896578 ]
 [ 0.50363404  0.68617874  0.15924168]
 [-0.4977768   0.69147646  0.16017807]
 [-0.5002202  -0.15802485  0.6880095 ]]","[[ 0.7082087   0.26082537  0.6560569 ]
 [ 0.0040269   0.9277475  -0.37318707]
 [-0.7059917   0.26693615  0.6559885 ]]"
20200220-134204.700497,61,[1.9227958 1.4417833 0.5349451],"[[ 0.49834046 -0.16542865  0.6886899 ]
 [ 0.5035856   0.6852746   0.16331033]
 [-0.4978584   0.69046646  0.1642577 ]
 [-0.50019544 -0.1621363   0.68706286]]","[[ 0.7081773   0.25815037  0.65714794]
 [ 0.00393774  0.9293     -0.36930466]
 [-0.7060235   0.2641207   0.65709263]]"
20200220-134204.700497,62,[1.9315243 1.4442197 0.5323954],"[[-0.49824926 -0.1658105   0.6886453 ]
 [-0.5002251   0.68696237  0.16660346]
 [ 0.5012631   0.6875047   0.16631746]
 [ 0.500258   -0.16711329  0.6858206 ]]","[[-7.0581430e-01  2.6092887e-01  6.5859133e-01]
 [ 5.2425859e-04  9.2988449e-01 -3.6785129e-01]
 [ 7.0839691e-01  2.5928944e-01  6.5646249e-01]]"
20200220-134204.700497,63,[1.9412522  1.4435463  0.52874404],"[[-0.4981862  -0.16777259  0.68820876]
 [-0.49697798  0.68815833  0.17135312]
 [ 0.50449216  0.6842535   0.16986029]
 [ 0.5003111  -0.173458    0.6842178 ]]","[[-0.703518    0.2623009   0.66050035]
 [ 0.00481654  0.931134   -0.3646458 ]
 [ 0.7106613   0.25335357  0.6563328 ]]"
20200220-134204.700497,64,[1.9502822 1.4420367 0.5265965],"[[-0.4982661  -0.1688779   0.6877434 ]
 [-0.49395892  0.68955517  0.17503388]
 [ 0.50753146  0.6812617   0.17234936]
 [ 0.5001473  -0.17853966  0.68313074]]","[[-0.7014986   0.26369724  0.66209006]
 [ 0.00887041  0.93218535 -0.3618725 ]
 [ 0.7126155   0.24798004  0.6562659 ]]"
20200220-134204.700497,65,[1.9603041 1.444173  0.5242615],"[[-0.4983687  -0.16939138  0.6874239 ]
 [-0.49101374  0.6910199   0.17803915]
 [ 0.51043963  0.67848843  0.1741955 ]
 [ 0.49998587 -0.18289828  0.68220735]]","[[-0.6995344   0.26595408  0.6632649 ]
 [ 0.0127792   0.9326711  -0.3605018 ]
 [ 0.7144849   0.24370734  0.65583414]]"
20200220-134204.700497,66,[1.9702369  1.4437126  0.52076495],"[[-0.49833164 -0.17159148  0.6869329 ]
 [-0.4884996   0.69163775  0.1823863 ]
 [ 0.5128931   0.67576885  0.17761725]
 [ 0.49997464 -0.18849333  0.6806692 ]]","[[-0.6976402   0.26668373  0.6649648 ]
 [ 0.01616429  0.9337631  -0.35752654]
 [ 0.71626604  0.23867612  0.65574145]]"
20200220-134204.700497,67,[1.9789537  1.4464829  0.51844954],"[[-0.4984563  -0.17618772  0.6856659 ]
 [-0.49192965  0.6887747   0.18404087]
 [ 0.5095612   0.6775091   0.1805918 ]
 [ 0.49989384 -0.18849091  0.6807188 ]]","[[-0.7001066   0.26215264  0.66417366]
 [ 0.01170884  0.93425524 -0.35641292]
 [ 0.7139422   0.2417504   0.65714777]]"
20200220-134204.700497,68,[1.9888773 1.4463636 0.5149366],"[[-0.49839813 -0.18233576  0.6842265 ]
 [-0.49552765  0.68522036  0.18710561]
 [ 0.5060249   0.6790831   0.18513747]
 [ 0.4999909  -0.18993002  0.68011045]]","[[-0.70247406  0.25625646  0.6639751 ]
 [ 0.00702995  0.935383   -0.35356677]
 [ 0.7116747   0.24370372  0.6588837 ]]"
20200220-134204.700497,69,[1.9986298 1.4476227 0.5120194],"[[-0.49859726 -0.18151124  0.684054  ]
 [-0.48960456  0.68856776  0.19136004]
 [ 0.51188064  0.67393386  0.18691649]
 [ 0.49966654 -0.19682881  0.6786114 ]]","[[-0.6984997   0.2613763   0.6661687 ]
 [ 0.01490669  0.9360224  -0.35162514]
 [ 0.7154552   0.23567958  0.65770745]]"
20200220-134204.700497,70,[2.007381   1.4465457  0.51012605],"[[-0.49828365 -0.19041632  0.68219674]
 [-0.49913776  0.68110424  0.19208916]
 [ 0.5025184   0.6800558   0.19161537]
 [ 0.5000498  -0.1932952   0.6789646 ]]","[[-0.70481515  0.24928194  0.6641491 ]
 [ 0.00236279  0.9370444  -0.34920293]
 [ 0.709387    0.24455428  0.6610321 ]]"
20200220-134204.700497,71,[2.0168395  1.4498072  0.50863105],"[[ 0.49821132 -0.19574453  0.6808364 ]
 [ 0.5049764   0.6766166   0.19230478]
 [-0.4966652   0.68371516  0.19424884]
 [-0.5001077  -0.19080748  0.67952025]]","[[ 0.70885885  0.24239162  0.6623938 ]
 [ 0.00545369  0.93718743 -0.34878373]
 [-0.7053294   0.2508509   0.66301143]]"
20200220-134204.700497,72,[2.026488   1.4471573  0.50625616],"[[ 0.4981925  -0.19895902  0.6798945 ]
 [ 0.5047953   0.6758091   0.19567937]
 [-0.49687573  0.68261343  0.19753984]
 [-0.5001004  -0.1942581   0.67855084]]","[[ 0.7087523   0.24028979  0.663273  ]
 [ 0.00523004  0.9383871  -0.34554654]
 [-0.705438    0.24837586  0.6638273 ]]"
20200220-134204.700497,73,[2.035782   1.4524639  0.50337005],"[[ 0.498168   -0.20101632  0.67930096]
 [ 0.5047106   0.6752599   0.19781196]
 [-0.4969494   0.6819444   0.1995949 ]
 [-0.50013685 -0.19638808  0.6779252 ]]","[[ 0.7086937   0.24022263  0.66335994]
 [ 0.00513768  0.93846536 -0.3453354 ]
 [-0.70549774  0.24814513  0.6638501 ]]"
20200220-134204.700497,74,[2.045497  1.4497551 0.5010992],"[[ 0.49815637 -0.20411298  0.6783557 ]
 [ 0.50451493  0.67447203  0.20108326]
 [-0.49717447  0.6808317   0.20276548]
 [-0.50012267 -0.1997334   0.6769676 ]]","[[ 0.7085793   0.23819178  0.6642139 ]
 [ 0.00488547  0.93962616 -0.34216818]
 [-0.7056144   0.24569829  0.6646358 ]]"
20200220-134204.700497,75,[2.0550568  1.4531574  0.49973598],"[[ 0.49832833 -0.2052952   0.67774147]
 [ 0.5043232   0.6743653   0.20240825]
 [-0.49737656  0.6801918   0.20394692]
 [-0.49994385 -0.20105866  0.6768328 ]]","[[ 0.7086456   0.23814487  0.6641601 ]
 [ 0.00463815  0.9397244  -0.34190133]
 [-0.70554966  0.24536727  0.66482675]]"
20200220-134204.700497,76,[2.064648   1.4544392  0.49727523],"[[ 0.49813753 -0.20778626  0.6772312 ]
 [ 0.50432605  0.6734824   0.20492178]
 [-0.49737906  0.67954415  0.20649934]
 [-0.5001285  -0.2036322   0.67581266]]","[[ 0.708469    0.23706657  0.6647339 ]
 [ 0.0046539   0.9403039  -0.3403042 ]
 [-0.7057267   0.24418867  0.66507286]]"
20200220-134204.700497,77,[2.074576   1.4516807  0.49512896],"[[ 0.49785638 -0.21435018  0.6755836 ]
 [ 0.509608    0.6687008   0.20678858]
 [-0.49204528  0.6823412   0.21078782]
 [-0.50033003 -0.20323229  0.67556894]]","[[ 0.71198547  0.22888637  0.66384315]
 [ 0.01180892  0.94134736 -0.33723226]
 [-0.702095    0.24794373  0.6675227 ]]"
20200220-134204.700497,78,[2.0854928  1.4545164  0.49119842],"[[ 0.49782526 -0.21745513  0.67459905]
 [ 0.5093118   0.667897    0.21014813]
 [-0.4923385   0.6811068   0.21399216]
 [-0.50037444 -0.20668948  0.6745084 ]]","[[ 0.71181285  0.22802122  0.6643261 ]
 [ 0.01147301  0.94193494 -0.33559987]
 [-0.7022756   0.24650605  0.66786516]]"
20200220-134204.700497,79,[2.094993   1.4573101  0.48935893],"[[ 0.49751455 -0.22432894  0.6727492 ]
 [ 0.5169918   0.66178995  0.21008958]
 [-0.48446622  0.6858496   0.21746314]
 [-0.500491   -0.20327622  0.6752638 ]]","[[ 0.71704036  0.21866709  0.6618445 ]
 [ 0.02193938  0.9419676  -0.3349863 ]
 [-0.69668645  0.2547191   0.6706314 ]]"
20200220-134204.700497,80,[2.1054258  1.4572333  0.48655114],"[[ 0.49752435 -0.2286178   0.6712507 ]
 [ 0.51889783  0.65954536  0.21259718]
 [-0.48247966  0.68611044  0.22084996]
 [-0.5004279  -0.20490597  0.67487067]]","[[ 0.7185254   0.2147291   0.66152304]
 [ 0.0246556   0.9426845  -0.33277357]
 [-0.6950637   0.25541654  0.67204845]]"
20200220-134204.700497,81,[2.1145384 1.4564421 0.4850758],"[[ 0.49767977 -0.22875533  0.67094594]
 [ 0.5158438   0.66115415  0.21550831]
 [-0.48569065  0.6832343   0.22233291]
 [-0.50032467 -0.20913473  0.67376256]]","[[ 0.7165705   0.21683797  0.662954  ]
 [ 0.02051716  0.94348806 -0.33077112]
 [-0.6972129   0.25062275  0.6716268 ]]"
20200220-134204.700497,82,[2.1241095 1.460683  0.4839948],"[[ 0.4979383  -0.22601011  0.67145085]
 [ 0.51040083  0.664907    0.21771802]
 [-0.49131158  0.67911637  0.22186548]
 [-0.5001612  -0.21358643  0.67270213]]","[[ 0.71299255  0.22324702  0.6646822 ]
 [ 0.01315056  0.9435349  -0.33101195]
 [-0.7010482   0.24474998  0.6697976 ]]"
20200220-134204.700497,83,[2.133933   1.4678133  0.48264542],"[[ 0.49797374 -0.22970201  0.67014074]
 [ 0.5152088   0.6614503   0.21701974]
 [-0.4863669   0.6821391   0.22335777]
 [-0.50002885 -0.21072847  0.67373973]]","[[ 0.7165349   0.2185215   0.6624394 ]
 [ 0.01974172  0.942931   -0.3324023 ]
 [-0.6972717   0.25125557  0.67132926]]"
20200220-134204.700497,84,[2.144698   1.4654657  0.48134032],"[[ 0.49783763 -0.23322299  0.66910297]
 [ 0.5171764   0.65926164  0.21872477]
 [-0.48433787  0.6827774   0.2260782 ]
 [-0.5001033  -0.21165155  0.67331237]]","[[ 0.717891    0.21443936  0.66230553]
 [ 0.02251601  0.9437256  -0.32996243]
 [-0.6957914   0.25178954  0.67266357]]"
20200220-134204.700497,85,[2.1550655  1.4657794  0.47859475],"[[ 0.49796182 -0.23398799  0.668607  ]
 [ 0.5140849   0.66063213  0.22231114]
 [-0.48754048  0.67966443  0.22813018]
 [-0.5000548  -0.21649645  0.67193633]]","[[ 0.71590203  0.21651307  0.6637818 ]
 [ 0.01839189  0.9445256  -0.3279225 ]
 [-0.6979584   0.24696852  0.6722057 ]]"
20200220-134204.700497,86,[2.1647804  1.4678262  0.47636682],"[[ 0.4982154  -0.23259078  0.6686826 ]
 [ 0.5087596   0.6638269   0.22576484]
 [-0.49301508  0.6752009   0.22894034]
 [-0.4998814  -0.22212534  0.6704329 ]]","[[ 0.7123779   0.2218011   0.6658243 ]
 [ 0.01118883  0.9450332  -0.32678303]
 [-0.70170695  0.24024272  0.6707391 ]]"
20200220-134204.700497,87,[2.1746016  1.4692447  0.47434467],"[[ 0.4980218  -0.23451263  0.66825515]
 [ 0.50863427  0.6631105   0.22781801]
 [-0.4931439   0.67453015  0.23095831]
 [-0.5000747  -0.22427034  0.66947156]]","[[ 0.71212184  0.22114144  0.66631746]
 [ 0.0110373   0.9454508  -0.32557794]
 [-0.7019691   0.23920554  0.6708353 ]]"
20200220-134204.700497,88,[2.1839383  1.4721892  0.47281653],"[[ 0.4980511  -0.23741005  0.66717446]
 [ 0.51085365  0.6611409   0.22868456]
 [-0.4909033   0.67547745  0.23289114]
 [-0.4999877  -0.22418605  0.6695846 ]]","[[ 0.7137936   0.21826516  0.66547656]
 [ 0.01406216  0.94553936 -0.3252042 ]
 [-0.7002149   0.2414867   0.67185056]]"
20200220-134204.700497,89,[2.1945894  1.4784627  0.47121817],"[[ 0.49806422 -0.2396036   0.6663525 ]
 [ 0.5129974   0.65943027  0.22891262]
 [-0.48869804  0.67661697  0.23410645]
 [-0.49994016 -0.22345352  0.6699014 ]]","[[ 0.71541137  0.21639028  0.66435087]
 [ 0.01702489  0.94515264 -0.32618546]
 [-0.6984962   0.24466728  0.67248887]]"
20200220-134204.700497,90,[2.2055297  1.4762113  0.47008783],"[[ 0.49792954 -0.24288766  0.66534173]
 [ 0.514917    0.6573171   0.23042046]
 [-0.48672807  0.67724967  0.23663017]
 [-0.50002265 -0.22421701  0.66950214]]","[[ 0.71673465  0.21250086  0.66418   ]
 [ 0.01971087  0.94588554 -0.32390153]
 [-0.69706756  0.245243    0.67376035]]"
20200220-134204.700497,91,[2.2143495  1.4832424  0.46840656],"[[ 0.49801853 -0.24190778  0.66552144]
 [ 0.51231784  0.65896726  0.23185311]
 [-0.48940155  0.6751906   0.2366521 ]
 [-0.49999428 -0.22662887  0.6688208 ]]","[[ 0.714995    0.21632423  0.6648204 ]
 [ 0.01620344  0.94554293 -0.32509413]
 [-0.6989419   0.24321306  0.6725532 ]]"
20200220-134204.700497,92,[2.2250264  1.479256   0.46628115],"[[ 0.49818856 -0.24312982  0.66482776]
 [ 0.5095087   0.65994245  0.23562284]
 [-0.49227855  0.67211986  0.2390477 ]
 [-0.49987042 -0.23155655  0.6673395 ]]","[[ 0.7131734   0.21711646  0.6665162 ]
 [ 0.01243981  0.946755   -0.3217144 ]
 [-0.7008771   0.23772947  0.6724997 ]]"
20200220-134204.700497,93,[2.2349706  1.4808342  0.46440583],"[[ 0.49837404 -0.24479187  0.66394967]
 [ 0.5091777   0.6596429   0.23756866]
 [-0.4926214   0.6711052   0.24079834]
 [-0.49968562 -0.23359326  0.66689456]]","[[ 0.7131563   0.21667482  0.6666784 ]
 [ 0.01202447  0.94711125 -0.32068   ]
 [-0.7009021   0.23671141  0.6728331 ]]"
20200220-134204.700497,94,[2.2457266  1.4807707  0.46210262],"[[ 0.49843588 -0.24851874  0.66248727]
 [ 0.5111426   0.6574679   0.23945943]
 [-0.49060684  0.6714892   0.24370828]
 [-0.49959937 -0.23468387  0.6666151 ]]","[[ 0.71469045  0.21303394  0.6662087 ]
 [ 0.01474054  0.9476886  -0.3188561 ]
 [-0.6992855   0.23770371  0.6741636 ]]"
20200220-134204.700497,95,[2.2548661  1.4840169  0.46076837],"[[ 0.49834216 -0.24806389  0.6627326 ]
 [ 0.50868714  0.65869516  0.24129778]
 [-0.49312487  0.6694637   0.24424452]
 [-0.49972036 -0.23749311  0.6655114 ]]","[[ 0.7128475   0.21578653  0.6672965 ]
 [ 0.01142257  0.94778913 -0.31869277]
 [-0.7012262   0.23480156  0.67316437]]"
20200220-134204.700497,96,[2.2642982  1.4870864  0.45945105],"[[ 0.4979927  -0.25073373  0.66218454]
 [ 0.5109944   0.6564805   0.24186952]
 [-0.49078685  0.6707498   0.246036  ]
 [-0.50001645 -0.2371941   0.6651899 ]]","[[ 0.71420217  0.2130844   0.6667162 ]
 [ 0.01454495  0.94781023 -0.31850362]
 [-0.6997885   0.23717333  0.6738287 ]]"
20200220-134204.700497,97,[2.2743149 1.484944  0.4579332],"[[ 0.49825    -0.24979582  0.6621392 ]
 [ 0.5060452   0.659198    0.24548332]
 [-0.49583858  0.66643786  0.24704783]
 [-0.49980974 -0.24273738  0.6635339 ]]","[[ 0.7108886   0.21700457  0.66898936]
 [ 0.0078718   0.9486938  -0.3160989 ]
 [-0.70326084  0.22997722  0.6727072 ]]"
20200220-134204.700497,98,[2.2838473  1.4842058  0.45690095],"[[ 0.4983496  -0.24994156  0.6618986 ]
 [ 0.5036224   0.66028374  0.24786353]
 [-0.4983158   0.6640885   0.24813083]
 [-0.4996934  -0.24605143  0.66248405]]","[[ 0.7092378   0.21858805  0.6702245 ]
 [ 0.00460179  0.94925886 -0.3144625 ]
 [-0.70495415  0.22611293  0.67224437]]"
20200220-134204.700497,99,[2.2938902  1.4921268  0.45608467],"[[ 0.49854964 -0.24975508  0.66170835]
 [ 0.503509    0.6605281   0.24776319]
 [-0.49843115  0.6639429   0.2479685 ]
 [-0.499493   -0.24597643  0.6627723 ]]","[[ 0.7093528   0.22004819  0.6696248 ]
 [ 0.00445442  0.94860125 -0.31644243]
 [-0.70483947  0.22745205  0.6719128 ]]"
20200220-134204.700497,100,[2.3041975  1.4940064  0.45428193],"[[ 0.49852294 -0.25139737  0.66109574]
 [ 0.50338554  0.6599666   0.24953315]
 [-0.4985759   0.6632085   0.24965125]
 [-0.49949995 -0.24778673  0.66208786]]","[[ 0.7092609   0.21957596  0.6698773 ]
 [ 0.00429086  0.94889075 -0.3155756 ]
 [-0.7049332   0.22669972  0.6720689 ]]"
20200220-134204.700497,101,[2.3135355  1.4970845  0.45309547],"[[ 0.49843055 -0.25102496  0.6613262 ]
 [ 0.5011811   0.6609917   0.2511967 ]
 [-0.50080085  0.66137254  0.25015345]
 [-0.49958277 -0.25032482  0.66103786]]","[[ 0.7075487   0.22204629  0.6708728 ]
 [ 0.0013001   0.9489404  -0.31545278]
 [-0.7066635   0.22407037  0.6711328 ]]"
20200220-134204.700497,102,[2.3246644  1.4971968  0.45093328],"[[ 0.49831995 -0.25472918  0.6600875 ]
 [ 0.5034671   0.6585324   0.25279886]
 [-0.49851388  0.6621203   0.25301865]
 [-0.4996821  -0.25108674  0.66057456]]","[[ 0.70910573  0.21832743  0.6704492 ]
 [ 0.00435304  0.9494804  -0.31379628]
 [-0.70508873  0.22543316  0.67233145]]"
20200220-134204.700497,103,[2.3358724  1.4975158  0.44880253],"[[ 0.4981999  -0.2582714   0.65887934]
 [ 0.50557566  0.65620893  0.2543991 ]
 [-0.49639282  0.66274935  0.2557633 ]
 [-0.49978462 -0.25189194  0.6601094 ]]","[[ 0.71055716  0.21482313  0.6700444 ]
 [ 0.0072153   0.94998085 -0.31222525]
 [-0.7036026   0.22668847  0.6734656 ]]"
20200220-134204.700497,104,[2.3469708  1.5021553  0.44638652],"[[ 0.498284   -0.25830266  0.658711  ]
 [ 0.5031877   0.6572721   0.25664312]
 [-0.49880219  0.66048825  0.25666803]
 [-0.49971154 -0.25500652  0.65905666]]","[[ 0.70892197  0.2175078   0.67090976]
 [ 0.00402478  0.94999486 -0.31223956]
 [-0.7052754   0.22405373  0.6725968 ]]"
20200220-134204.700497,105,[2.3573747  1.5017612  0.44606575],"[[-0.49848422 -0.25647187  0.6590984 ]
 [-0.49866357  0.6599959   0.25897405]
 [ 0.5033426   0.656911    0.25651938]
 [ 0.49949375 -0.25902766  0.657814  ]]","[[-0.7058099   0.22170419  0.6728148 ]
 [ 0.00202604  0.95039284 -0.31104562]
 [ 0.70839834  0.21817593  0.6712459 ]]"
20200220-134204.700497,106,[2.3683584  1.5034386  0.44516253],"[[-0.49839064 -0.25615448  0.6593293 ]
 [-0.49658558  0.6609007   0.26056057]
 [ 0.50539154  0.65518224  0.25698072]
 [ 0.49958962 -0.26140386  0.6567759 ]]","[[-0.70417434  0.22369242  0.6738697 ]
 [ 0.00480678  0.95055616 -0.31051603]
 [ 0.7100111   0.21541834  0.6704324 ]]"
20200220-134204.700497,107,[2.3777285  1.5066104  0.44412956],"[[-0.49809682 -0.258598    0.65879315]
 [-0.49895787  0.65878326  0.26084295]
 [ 0.50304836  0.6565763   0.25859246]
 [ 0.49988315 -0.26084387  0.6565691 ]]","[[-0.7056157   0.22114924  0.67320126]
 [ 0.00167193  0.95056784 -0.31051278]
 [ 0.708593    0.21797718  0.6711053 ]]"
20200220-134204.700497,108,[2.3879168  1.5123405  0.44238377],"[[-0.4983161  -0.25949463  0.6581654 ]
 [-0.49890265  0.658575    0.2617718 ]
 [ 0.50310165  0.65605426  0.25950712]
 [ 0.4996659  -0.26179013  0.6564677 ]]","[[-0.7057755   0.22167157  0.6728616 ]
 [ 0.00174378  0.95032567 -0.311252  ]
 [ 0.70843345  0.21850067  0.67110306]]"
20200220-134204.700497,109,[2.3973255  1.5154034  0.44139606],"[[-0.49801472 -0.26190165  0.6576369 ]
 [-0.5012371   0.6564756   0.26203957]
 [ 0.5007849   0.6574211   0.26110023]
 [ 0.49995762 -0.26123717  0.656259  ]]","[[-0.70718604  0.21914567  0.6722079 ]
 [-0.00134744  0.95033234 -0.31123424]
 [ 0.7070265   0.22100626  0.67176634]]"
20200220-134204.700497,110,[2.4067883  1.5184435  0.44041845],"[[-0.49833053 -0.2613909   0.6574009 ]
 [-0.4989954   0.65778446  0.2635808 ]
 [ 0.5030339   0.65537006  0.2614034 ]
 [ 0.4996267  -0.26359877  0.65575707]]","[[-0.70583045  0.22156946  0.6728376 ]
 [ 0.00165771  0.95033884 -0.31121323]
 [ 0.708379    0.21854833  0.6711454 ]]"
20200220-134204.700497,111,[2.4173255  1.5202233  0.43891954],"[[-0.49832553 -0.2628827   0.6568045 ]
 [-0.4990107   0.6571819   0.26506558]
 [ 0.50303704  0.6547796   0.26289392]
 [ 0.49961412 -0.265082    0.6551607 ]]","[[-0.70583725  0.22104709  0.6730025 ]
 [ 0.00164151  0.95057416 -0.3104937 ]
 [ 0.70837235  0.2180532   0.6713134 ]]"
20200220-134204.700497,112,[2.427142   1.5193508  0.43817422],"[[-0.4984087  -0.26303542  0.65658903]
 [-0.49693233  0.6580146   0.26714286]
 [ 0.5051318   0.6527243   0.26379603]
 [ 0.49948856 -0.2679183   0.654169  ]]","[[-0.7043742   0.22233525  0.67410994]
 [ 0.00444513  0.9510426  -0.30902854]
 [ 0.7098151   0.21467529  0.67087805]]"
20200220-134204.700497,113,[2.4377074 1.5211958 0.4367235],"[[-0.49840966 -0.2645079   0.6559945 ]
 [-0.49699932  0.6573889   0.26855853]
 [ 0.50508213  0.6521825   0.2652545 ]
 [ 0.49947092 -0.26931927  0.653596  ]]","[[-0.7044144   0.2217959   0.6742455 ]
 [ 0.00436881  0.9512605  -0.308357  ]
 [ 0.70977557  0.21426551  0.6710506 ]]"
20200220-134204.700497,114,[2.4479902  1.5227166  0.43541804],"[[-0.49821955 -0.26599023  0.6556589 ]
 [-0.49722284  0.6565672   0.2698352 ]
 [ 0.5048593   0.6519016   0.26668227]
 [ 0.49966365 -0.27054203  0.6528255 ]]","[[-0.70436203  0.22114398  0.6745143 ]
 [ 0.00411264  0.9514884  -0.30765712]
 [ 0.70982903  0.21392798  0.67110187]]"
20200220-134204.700497,115,[2.4595292  1.5222825  0.43582365],"[[-0.49829614 -0.26522622  0.6558322 ]
 [-0.4951767   0.6577367   0.2709588 ]
 [ 0.5068871   0.6502638   0.26662675]
 [ 0.49956658 -0.27238727  0.6522085 ]]","[[-0.702917    0.22276184  0.6754889 ]
 [ 0.00684663  0.9517664  -0.30674767]
 [ 0.7112393   0.21099326  0.67053777]]"
20200220-134204.700497,116,[2.4687843  1.5291758  0.43475574],"[[-0.49842262 -0.26417494  0.65608937]
 [-0.4931517   0.6590116   0.27174574]
 [ 0.5088737   0.648749    0.26632035]
 [ 0.49942374 -0.27393463  0.6517477 ]]","[[-0.701509    0.22603779  0.6758643 ]
 [ 0.00954321  0.9512618  -0.30823708]
 [ 0.71259713  0.20978113  0.6694756 ]]"
