Timestamp,Epoch,s,u,v
20200220-132424.209925,0,[1.416817   1.0189419  0.05617636],"[[ 0.3860614   0.12321011  0.67655665]
 [-0.22992955  0.6249908  -0.492132  ]
 [-0.02529453 -0.76603997 -0.34082162]
 [-0.8930002  -0.08595809  0.42885673]]","[[-0.63201296  0.49814737 -0.59364045]
 [ 0.5877987   0.80735433  0.05168945]
 [-0.5050271   0.3162727   0.80306864]]"
20200220-132424.209925,1,[1.4172367 1.0145571 0.0547008],"[[ 0.39096463  0.11118477  0.6776563 ]
 [-0.22066699  0.6338891  -0.48424923]
 [-0.0382581  -0.7616722  -0.34675834]
 [-0.8927422  -0.07535105  0.431327  ]]","[[-0.6243541   0.50906974 -0.59247774]
 [ 0.6004668   0.7979044   0.05280383]
 [-0.49962148  0.3227949   0.80385435]]"
20200220-132424.209925,2,[1.4146199  1.0104343  0.05326938],"[[ 0.39677554  0.09769318  0.6789588 ]
 [-0.20767237  0.64351034 -0.47622043]
 [-0.05398263 -0.7567604  -0.35201576]
 [-0.8924839  -0.06053336  0.43395153]]","[[-0.6135129   0.52372986 -0.5910236 ]
 [ 0.6179965   0.7843559   0.05353711]
 [-0.49161178  0.33240482  0.80487573]]"
20200220-132424.209925,3,[1.4131187  1.0039864  0.05177934],"[[ 0.4020937   0.08343492  0.6803307 ]
 [-0.19445899  0.6527546  -0.46774846]
 [-0.06984214 -0.7515638  -0.35736185]
 [-0.89198    -0.04584694  0.4366392 ]]","[[-0.6025654   0.53801656 -0.5894516 ]
 [ 0.63478786  0.7707556   0.05458982]
 [-0.4836934   0.3412828   0.805957  ]]"
20200220-132424.209925,4,[1.4133102  0.9983014  0.05027084],"[[ 0.4064941   0.07045611  0.68178016]
 [-0.18337353  0.66113293 -0.45908627]
 [-0.08323572 -0.74616957 -0.36253104]
 [-0.891184   -0.03420888  0.43930256]]","[[-0.5933006   0.5497004  -0.58806825]
 [ 0.64835507  0.75930244  0.05563857]
 [-0.47710603  0.34826666  0.8068955 ]]"
20200220-132424.209925,5,[1.412884   0.9918034  0.04874652],"[[ 0.4109851   0.05655915  0.68333375]
 [-0.17069146  0.6695377  -0.45010173]
 [-0.0976014  -0.74032086 -0.3674612 ]
 [-0.8901848  -0.02110005  0.4420806 ]]","[[-0.582635    0.56262594 -0.5865053 ]
 [ 0.66344887  0.74607545  0.05662848]
 [-0.46943778  0.35612252  0.8079634 ]]"
20200220-132424.209925,6,[1.4116472  0.98381233 0.0472407 ],"[[ 0.41545627  0.04166426  0.68515474]
 [-0.1561501   0.6777826  -0.44079047]
 [-0.11308552 -0.734055   -0.37187156]
 [-0.8889461  -0.00620411  0.44494775]]","[[-0.57034504  0.5769259  -0.58469075]
 [ 0.680156    0.730799    0.05762576]
 [-0.4605372   0.3648144   0.809207  ]]"
20200220-132424.209925,7,[1.411658   0.9799894  0.04570954],"[[ 0.41918555  0.02922422  0.6871086 ]
 [-0.14471807  0.68545014 -0.4312806 ]
 [-0.1250723  -0.72751844 -0.37593505]
 [-0.88752306  0.00455844  0.44782966]]","[[-0.56043166  0.58789766 -0.58334607]
 [ 0.69310725  0.7184807   0.05820535]
 [-0.45334166  0.37170118  0.8101355 ]]"
20200220-132424.209925,8,[1.4142274  0.97521317 0.04419902],"[[ 0.4217105   0.01857523  0.68935263]
 [-0.1367773   0.6920661  -0.4215665 ]
 [-0.1341748  -0.7215071  -0.3795836 ]
 [-0.88625574  0.01126371  0.4505454 ]]","[[-0.55380714  0.5952319  -0.5822341 ]
 [ 0.7012885   0.7104133   0.05922383]
 [-0.44887882  0.37551552  0.81086123]]"
20200220-132424.209925,9,[1.4163433  0.9772724  0.04267732],"[[ 0.4242885   0.01016716  0.691762  ]
 [-0.1303493   0.6990006  -0.41172427]
 [-0.14116819 -0.7148707  -0.38262838]
 [-0.88490665  0.01595266  0.4533693 ]]","[[-0.54811543  0.60096735 -0.58172816]
 [ 0.7082844   0.7034292   0.0593342 ]
 [-0.4448625   0.379507    0.81121624]]"
20200220-132424.209925,10,[1.4175618  0.97779834 0.04118084],"[[ 4.2710260e-01  4.0506368e-04  6.9432688e-01]
 [-1.2160012e-01  7.0585877e-01 -4.0166038e-01]
 [-1.4976014e-01 -7.0797729e-01 -3.8520154e-01]
 [-8.8338470e-01  2.3056094e-02  4.5628884e-01]]","[[-0.5404218   0.6086392  -0.58094984]
 [ 0.71760726  0.69390726  0.05943451]
 [-0.43929946  0.38477412  0.8117665 ]]"
20200220-132424.209925,11,[1.4199531  0.9727481  0.03965073],"[[ 0.42935503 -0.0104986   0.6972627 ]
 [-0.11292265  0.71200824 -0.39081645]
 [-0.15863328 -0.7014557  -0.38755992]
 [-0.88189465  0.02989556  0.45922175]]","[[-0.5331711   0.616123   -0.5797593 ]
 [ 0.72600347  0.6850385   0.06034234]
 [-0.43433583  0.3887345   0.81255025]]"
20200220-132424.209925,12,[1.4196864  0.9700008  0.03816941],"[[ 0.43230563 -0.02284272  0.7003143 ]
 [-0.09999766  0.71857214 -0.37992543]
 [-0.16985798 -0.6938633  -0.3891505 ]
 [-0.8799207   0.04105783  0.4623619 ]]","[[-0.52177155  0.62703246 -0.57843304]
 [ 0.7391455   0.6708277   0.06044875]
 [-0.42593217  0.39600572  0.8134871 ]]"
20200220-132424.209925,13,[1.4213389  0.9661365  0.03666284],"[[ 0.43455836 -0.03413594  0.7037705 ]
 [-0.08958188  0.7245047  -0.36838925]
 [-0.17913216 -0.6866584  -0.39027822]
 [-0.87809205  0.04927277  0.46548858]]","[[-0.5127468   0.6355475  -0.57720876]
 [ 0.7490834   0.6596691   0.06091537]
 [-0.4194814   0.4011434   0.81432146]]"
20200220-132424.209925,14,[1.4229608  0.96224886 0.035157  ],"[[ 0.436555   -0.0451925   0.70753247]
 [-0.07949332  0.7301427  -0.3564178 ]
 [-0.18788715 -0.67941785 -0.3908228 ]
 [-0.8762413   0.05692887  0.46863833]]","[[-0.5040424   0.64355683 -0.576     ]
 [ 0.7583729   0.6489226   0.06139998]
 [-0.41329375  0.4058746   0.81514055]]"
20200220-132424.209925,15,[1.4255888  0.9600855  0.03364878],"[[ 0.43817    -0.05472915  0.7118063 ]
 [-0.07159449  0.735608   -0.34385282]
 [-0.19489126 -0.6723235  -0.39052668]
 [-0.87458485  0.06218243  0.47179008]]","[[-0.49734274  0.6495239  -0.575125  ]
 [ 0.7652701   0.64073133  0.0618454 ]
 [-0.40867075  0.40936762  0.8157245 ]]"
20200220-132424.209925,16,[1.4286826  0.95799357 0.03213314],"[[ 0.43967772 -0.06411428  0.7165624 ]
 [-0.06388295  0.7409198  -0.33055833]
 [-0.20154126 -0.6651548  -0.38939217]
 [-0.87291676  0.06705613  0.4750192 ]]","[[-0.49079388  0.65522665 -0.57428163]
 [ 0.7718712   0.6327241   0.06224822]
 [-0.40414852  0.41272038  0.81628764]]"
20200220-132424.209925,17,[1.4322156  0.95637596 0.03066966],"[[ 0.4409309  -0.07254521  0.72183084]
 [-0.05741659  0.7459006  -0.3168299 ]
 [-0.20719065 -0.65831226 -0.38719678]
 [-0.8714099   0.07066892  0.4781819 ]]","[[-0.485458    0.6598012  -0.57357895]
 [ 0.777085    0.6262639   0.06270736]
 [-0.40058625  0.41527778  0.8167466 ]]"
20200220-132424.209925,18,[1.4356971  0.9561011  0.02916261],"[[ 0.44211534 -0.08056477  0.7274055 ]
 [-0.05165751  0.7509038  -0.30237973]
 [-0.21220878 -0.6513614  -0.38434884]
 [-0.86996144  0.07335481  0.48137695]]","[[-0.4807806   0.6636685  -0.5730568 ]
 [ 0.7815563   0.6206386   0.06306729]
 [-0.39751694  0.41755462  0.8170852 ]]"
20200220-132424.209925,19,[1.4388851  0.94927084 0.02769282],"[[ 0.4432615  -0.09103144  0.73431927]
 [-0.04263491  0.7552999  -0.2859107 ]
 [-0.21934822 -0.6441768  -0.37939498]
 [-0.8680944   0.07919198  0.48486072]]","[[-0.47320455  0.67028445 -0.57166094]
 [ 0.78878593  0.6113402   0.06387479]
 [-0.39229357  0.42069224  0.8179999 ]]"
20200220-132424.209925,20,[1.4430177  0.94587964 0.02619414],"[[ 0.44405976 -0.09916129  0.74162966]
 [-0.03748374  0.75971323 -0.2687369 ]
 [-0.22395252 -0.63751924 -0.3735356 ]
 [-0.86674726  0.0810658   0.4880955 ]]","[[-0.46925515  0.6737182  -0.5708795 ]
 [ 0.7923243   0.6066631   0.06466812]
 [-0.38989964  0.42197585  0.818483  ]]"
20200220-132424.209925,21,[1.446921  0.9409542 0.0247484],"[[ 0.44491205 -0.10798436  0.7499126 ]
 [-0.03085111  0.7638376  -0.2500686 ]
 [-0.22925372 -0.6306948  -0.36553192]
 [-0.8651844   0.08435237  0.4914092 ]]","[[-0.46393397  0.6782813  -0.5698243 ]
 [ 0.79714817  0.6002253   0.0654545 ]
 [-0.38641956  0.4238678   0.81915575]]"
20200220-132424.209925,22,[1.4499539  0.9386218  0.02331658],"[[ 0.44581357 -0.11679035  0.7582758 ]
 [-0.02341885  0.7680125  -0.23092024]
 [-0.23473004 -0.6234663  -0.35640204]
 [-0.8634837   0.08835544  0.49464256]]","[[-0.4577607   0.68315065 -0.5689992 ]
 [ 0.8027323   0.5926978   0.06580435]
 [-0.38219887  0.4266314   0.81970096]]"
20200220-132424.209925,23,[1.4532017  0.9353504  0.02191178],"[[ 0.44671696 -0.1259787   0.76799244]
 [-0.01501959  0.77205306 -0.20934519]
 [-0.24052383 -0.6159404  -0.34416714]
 [-0.86160684  0.09316966  0.49790683]]","[[-0.45066106  0.68866116 -0.568023  ]
 [ 0.80907524  0.5839765   0.06609453]
 [-0.37722892  0.42978725  0.82035434]]"
20200220-132424.209925,24,[1.4569255  0.9295494  0.02048724],"[[ 0.44735953 -0.1351275   0.7789247 ]
 [-0.00785048  0.77566534 -0.18488921]
 [-0.2456543  -0.60889965 -0.32895076]
 [-0.8599197   0.09656591  0.50088286]]","[[-0.44479677  0.69345236 -0.5668154 ]
 [ 0.81412643  0.57682884  0.06683406]
 [-0.37330168  0.43173176  0.82112944]]"
20200220-132424.209925,25,[1.4600205  0.925418   0.01911038],"[[ 0.4481701  -0.14478253  0.79060084]
 [ 0.00141011  0.7792837  -0.15822041]
 [-0.25147602 -0.6011472  -0.31016293]
 [-0.8578469   0.10186633  0.5037018 ]]","[[-0.43681717  0.6994486  -0.56565213]
 [ 0.82101333  0.5669583   0.06704738]
 [-0.3675974   0.4351205   0.82191384]]"
20200220-132424.209925,26,[1.4640212  0.9191813  0.01776138],"[[ 0.4486566  -0.15355335  0.80361205]
 [ 0.00820104  0.78251934 -0.12774184]
 [-0.25603163 -0.5942363  -0.28676343]
 [-0.8562056   0.10472713  0.50562453]]","[[-0.43129474  0.7038766  -0.5643957 ]
 [ 0.825559    0.5602269   0.06780963]
 [-0.3639194   0.436696    0.82271457]]"
20200220-132424.209925,27,[1.4670293  0.9175879  0.01644775],"[[ 0.44941032 -0.16293359  0.8164695 ]
 [ 0.0179668   0.78597903 -0.09521732]
 [-0.26155317 -0.5861088  -0.25923502]
 [-0.85398936  0.11030121  0.5070586 ]]","[[-0.4226947   0.7097857  -0.5635012 ]
 [ 0.83272755  0.5495459   0.06756012]
 [-0.3576229   0.44068563  0.82334805]]"
20200220-132424.209925,28,[1.471476   0.9143543  0.01516768],"[[ 0.4496989  -0.16983455  0.83034027]
 [ 0.02190468  0.7892048  -0.05787097]
 [-0.26450157 -0.57973903 -0.2255111 ]
 [-0.8528363   0.11051922  0.50629115]]","[[-0.41998112  0.71193093 -0.56282336]
 [ 0.83472127  0.54641944  0.0683087 ]
 [-0.35616875  0.4411123   0.8237498 ]]"
20200220-132424.209925,29,[1.4753466  0.91153705 0.01396723],"[[ 0.450166   -0.17797944  0.8438257 ]
 [ 0.02907962  0.79226357 -0.01562605]
 [-0.26865023 -0.5724758  -0.18394835]
 [-0.8510769   0.11363745  0.5038619 ]]","[[-0.4140163   0.71608794 -0.56196856]
 [ 0.8394425   0.5391112   0.06852362]
 [-0.35203245  0.44337034  0.82431537]]"
20200220-132424.209925,30,[1.4803762  0.9078603  0.01284116],"[[ 0.45046377 -0.18445036  0.85680145]
 [ 0.0326224   0.7952739   0.03402297]
 [-0.27118024 -0.56626046 -0.13167243]
 [-0.84998786  0.11343006  0.49738938]]","[[-0.41166416  0.71800596 -0.5612485 ]
 [ 0.84110343  0.5364157   0.06930548]
 [-0.35082427  0.44353744  0.82474047]]"
20200220-132424.209925,31,[1.4849279  0.9063107  0.01180644],"[[ 0.45088127 -0.19144446  0.8662997 ]
 [ 0.03824424  0.7983056   0.089361  ]
 [-0.27439833 -0.55928934 -0.0688199 ]
 [-0.8484984   0.11512093  0.4866244 ]]","[[-0.40720603  0.72098935 -0.56067604]
 [ 0.84450185  0.5310221   0.06951433]
 [-0.34785038  0.44518527  0.8251123 ]]"
20200220-132424.209925,32,[1.4896394  0.9024453  0.01084973],"[[ 0.4511293  -0.19831732  0.87009233]
 [ 0.042562    0.80107325  0.15417407]
 [-0.27715045 -0.5528247   0.00905137]
 [-0.8472651   0.1154822   0.46806782]]","[[-0.40409684  0.72334886 -0.5598858 ]
 [ 0.8467387   0.5273582   0.07019215]
 [-0.3460338   0.44571257  0.82559127]]"
20200220-132424.209925,33,[1.4924535 0.8984402 0.010021 ],"[[ 0.45149082 -0.20843704  0.862746  ]
 [ 0.05400816  0.80325264  0.22407624]
 [-0.28244323 -0.5444746   0.09939808]
 [-0.84466857  0.1220099   0.44224364]]","[[-0.393793    0.7300115  -0.55857867]
 [ 0.85466987  0.5144565   0.06981315]
 [-0.33832887  0.4499085   0.82650834]]"
20200220-132424.209925,34,[1.4972188  0.89884675 0.00935315],"[[ 0.4517274  -0.21452636  0.84115696]
 [ 0.05829248  0.80618864  0.29850206]
 [-0.28487995 -0.5376366   0.20358554]
 [-0.84343773  0.1224148   0.40237314]]","[[-0.39071387  0.73179066 -0.558413  ]
 [ 0.8568189   0.5108498   0.06995545]
 [-0.33645794  0.4511263   0.8266082 ]]"
20200220-132424.209925,35,[1.5012239  0.8970388  0.00890739],"[[ 0.45199177 -0.22288069  0.7986327 ]
 [ 0.06719205  0.8084794   0.37304178]
 [-0.2888079  -0.5297506   0.3170188 ]
 [-0.84129554  0.12668473  0.3500355 ]]","[[-0.38293475  0.73649925 -0.5576107 ]
 [ 0.8625383   0.50117886  0.06962199]
 [-0.33073926  0.4543      0.82717776]]"
20200220-132424.209925,36,[1.5059679  0.8983669  0.00867997],"[[ 0.45224893 -0.22976139  0.73492676]
 [ 0.07417244  0.811078    0.43973634]
 [-0.2918556  -0.52212733  0.43035722]
 [-0.83951765  0.1294029   0.28514475]]","[[-0.37707615  0.7396642  -0.5574141 ]
 [ 0.86671644  0.49398062  0.06917953]
 [-0.3265214   0.45703402  0.8273474 ]]"
20200220-132424.209925,37,[1.5109949  0.8954761  0.00873941],"[[ 0.45242164 -0.23666821  0.6507225 ]
 [ 0.08024886  0.81326085  0.4949781 ]
 [-0.2945912  -0.5151476   0.5360323 ]
 [-0.83790845  0.13121656  0.2102998 ]]","[[-0.37210697  0.74273586 -0.5566687 ]
 [ 0.870145    0.48789534  0.06932376]
 [-0.32308528  0.45858657  0.82783717]]"
20200220-132424.209925,38,[1.5158641  0.8938985  0.00897934],"[[ 0.4525147  -0.243357    0.5530374 ]
 [ 0.08585089  0.81540626  0.53382707]
 [-0.29711276 -0.5082458   0.62598   ]
 [-0.83641154  0.13257469  0.13163422]]","[[-0.36763412  0.74534225 -0.5561565 ]
 [ 0.8731629   0.48246318  0.06939726]
 [-0.3200498   0.46010247  0.82817507]]"
20200220-132424.209925,39,[1.5213726  0.8900338  0.00949884],"[[ 0.4526617  -0.2490407   0.45308688]
 [ 0.08917014  0.81756526  0.5556849 ]
 [-0.2988532  -0.50214624  0.6948102 ]
 [-0.83536386  0.13196544  0.05626217]]","[[-0.36545336  0.7469364  -0.55545455]
 [ 0.8744987   0.47994524  0.07003298]
 [-0.318898    0.46015054  0.8285926 ]]"
20200220-132424.209925,40,[1.5268062  0.8886688  0.01015612],"[[ 0.45276445 -0.25406593  0.3558605 ]
 [ 0.09150103  0.8199512   0.5634161 ]
 [-0.30029747 -0.49606785  0.7454837 ]
 [-0.8345379   0.13056591 -0.01341181]]","[[-0.36437497  0.7476344  -0.55522424]
 [ 0.8750379   0.47888166  0.07057787]
 [-0.31865308  0.46012536  0.8287008 ]]"
20200220-132424.209925,41,[1.5317084 0.8883905 0.0109198],"[[ 0.4527884  -0.26010293  0.2666567 ]
 [ 0.09628002  0.82202     0.56067806]
 [-0.30243817 -0.4892905   0.78046   ]
 [-0.83321303  0.13124213 -0.07359426]]","[[-0.3608      0.7495303  -0.55500233]
 [ 0.8773532   0.47462016  0.07061801]
 [-0.31634566  0.46145403  0.8288458 ]]"
20200220-132424.209925,42,[1.5373361  0.8853871  0.01184171],"[[ 0.4529027  -0.2653833   0.19234544]
 [ 0.09923464  0.8239854   0.55186725]
 [-0.30398077 -0.48334515  0.8021454 ]
 [-0.83224237  0.130374   -0.12251073]]","[[-0.35899553  0.7507879  -0.5544723 ]
 [ 0.87840253  0.47258988  0.07118881]
 [-0.31548566  0.4614934   0.8291517 ]]"
20200220-132424.209925,43,[1.5430032  0.88246065 0.01285283],"[[ 0.45301282 -0.2706101   0.12805691]
 [ 0.1020919   0.82591206  0.53930277]
 [-0.30545482 -0.47739023  0.8160353 ]
 [-0.8312967   0.12937646 -0.16383083]]","[[-0.35729235  0.7519742  -0.5539649 ]
 [ 0.8793775   0.47068748  0.07175554]
 [-0.31470263  0.46150646  0.829442  ]]"
20200220-132424.209925,44,[1.5484005  0.8834192  0.01391712],"[[ 0.453028   -0.2747087   0.0687551 ]
 [ 0.10284738  0.8283421   0.5233132 ]
 [-0.30651045 -0.47151893  0.8249713 ]
 [-0.83080643  0.12670527 -0.20208426]]","[[-0.35792175  0.75146383 -0.55425084]
 [ 0.87869793  0.4718674   0.07232497]
 [-0.31588256  0.4611325   0.82920146]]"
20200220-132424.209925,45,[1.5540708  0.8839136  0.01500684],"[[ 0.4531496  -0.2795056   0.02393396]
 [ 0.10634883  0.83040804  0.50784636]
 [-0.30809093 -0.4650823   0.82983834]
 [-0.829714    0.1264805  -0.22997211]]","[[-0.35564235  0.75253075 -0.55427045]
 [ 0.8800881   0.46925688  0.07240818]
 [-0.31458467  0.46205544  0.8291811 ]]"
20200220-132424.209925,46,[1.5593104 0.8822454 0.0161522],"[[ 0.453206   -0.2844197  -0.01717439]
 [ 0.10874505  0.8322158   0.4917524 ]
 [-0.30947807 -0.4592016   0.8321982 ]
 [-0.82885593  0.12512606 -0.25559932]]","[[-0.35450032  0.75324637 -0.5540305 ]
 [ 0.8806559   0.4681088   0.07293528]
 [-0.31428465  0.46205452  0.8292954 ]]"
20200220-132424.209925,47,[1.5651461  0.8779488  0.01733579],"[[ 0.4533452  -0.2897475  -0.0473587 ]
 [ 0.11246943  0.8336703   0.47767764]
 [-0.3110125  -0.45325696  0.83331925]
 [-0.82770747  0.12489362 -0.27415293]]","[[-0.3518868   0.75502676 -0.5532724 ]
 [ 0.88225776  0.4650024   0.07344367]
 [-0.31272492  0.46228495  0.8297563 ]]"
20200220-132424.209925,48,[1.5711669  0.8782544  0.01850278],"[[ 0.45352927 -0.29330492 -0.07438153]
 [ 0.11343335  0.8357818   0.4631796 ]
 [-0.31199092 -0.4476575   0.8335747 ]
 [-0.8271071   0.12265437 -0.29169375]]","[[-0.35223216  0.7547243  -0.55346525]
 [ 0.8818044   0.46577963  0.07396185]
 [-0.3136136   0.4619963   0.8295817 ]]"
20200220-132424.209925,49,[1.5770774  0.8741502  0.01973046],"[[ 0.45367372 -0.29851407 -0.09659356]
 [ 0.11705756  0.8371605   0.4499866 ]
 [-0.31343874 -0.4416963   0.8335432 ]
 [-0.8259744   0.12229519 -0.30559343]]","[[-0.34972206  0.75641304 -0.5527513 ]
 [ 0.88333005  0.4628025   0.0744454 ]
 [-0.3121261   0.4622265   0.8300144 ]]"
20200220-132424.209925,50,[1.5829409  0.872779   0.02093396],"[[ 0.45382303 -0.30273682 -0.1174827 ]
 [ 0.11885748  0.83882457  0.43651482]
 [-0.3145558  -0.43610513  0.8329138 ]
 [-0.8252101   0.12056446 -0.31922925]]","[[-0.34913796  0.7567893  -0.5526051 ]
 [ 0.8835215   0.4623509   0.07497465]
 [-0.3122376   0.46206203  0.83006406]]"
20200220-132424.209925,51,[1.5887214  0.87323016 0.02213739],"[[ 0.4539656  -0.30642697 -0.13607316]
 [ 0.12004168  0.8406897   0.42320427]
 [-0.31558573 -0.43048185  0.83205736]
 [-0.8245672   0.11844318 -0.3317569 ]]","[[-0.34927848  0.75656134 -0.5528287 ]
 [ 0.8832102   0.46287066  0.07543705]
 [-0.31296092  0.46191543  0.82987326]]"
20200220-132424.209925,52,[1.5945724  0.8727191  0.02333976],"[[ 0.4540998  -0.3104367  -0.15157533]
 [ 0.12200005  0.8423199   0.41088688]
 [-0.3167425  -0.42479128  0.8312675 ]
 [-0.82376134  0.11695528 -0.342332  ]]","[[-0.3485935   0.75686073 -0.5528511 ]
 [ 0.8834693   0.46230847  0.07584573]
 [-0.31299236  0.46198767  0.8298211 ]]"
20200220-132424.209925,53,[1.6002241  0.8726222  0.02454109],"[[ 0.4541714  -0.3152879  -0.16546737]
 [ 0.1261111   0.84366894  0.39893335]
 [-0.31821403 -0.4184413   0.8306002 ]
 [-0.82253534  0.11714403 -0.3515341 ]]","[[-0.34569207  0.7582289  -0.55279803]
 [ 0.88526005  0.4588766   0.07580736]
 [-0.31114548  0.46316406  0.8298599 ]]"
20200220-132424.209925,54,[1.6062348  0.8728777  0.02570882],"[[ 0.45434865 -0.31892964 -0.17729223]
 [ 0.12773004  0.84521556  0.38774967]
 [-0.31927377 -0.41298443  0.82977194]
 [-0.8217767   0.11549279 -0.36013386]]","[[-0.34534472  0.7582662  -0.5529641 ]
 [ 0.88529336  0.458751    0.07617854]
 [-0.31143647  0.46322757  0.8297153 ]]"
20200220-132424.209925,55,[1.6115531  0.87283295 0.026851  ],"[[ 0.4543276  -0.3249913  -0.18874529]
 [ 0.13499047  0.8459045   0.37679228]
 [-0.32107288 -0.40602803  0.82917565]
 [-0.81992453  0.11818294 -0.36724675]]","[[-0.33921847  0.7612256  -0.5526899 ]
 [ 0.88925576  0.45112738  0.07555376]
 [-0.3068471   0.4658535   0.82995504]]"
20200220-132424.209925,56,[1.6177211  0.8729292  0.02803382],"[[ 0.45443788 -0.3293414  -0.19691622]
 [ 0.1388833   0.8471645   0.36682802]
 [-0.32233062 -0.39981136  0.8289764 ]
 [-0.81871885  0.11831063 -0.37344247]]","[[-0.336533    0.7624047  -0.5527069 ]
 [ 0.8908612   0.44795984  0.07548753]
 [-0.30514246  0.46698102  0.8299499 ]]"
20200220-132424.209925,57,[1.6232374  0.8735828  0.02921351],"[[ 0.45438984 -0.33414564 -0.2066411 ]
 [ 0.14302121  0.8481745   0.35602322]
 [-0.32368523 -0.39358026  0.82812655]
 [-0.8174976   0.11849658 -0.38046482]]","[[-0.3336307   0.7636082  -0.5528046 ]
 [ 0.8925854   0.44453642  0.07535718]
 [-0.30328518  0.46828386  0.82989657]]"
20200220-132424.209925,58,[1.62909    0.87530583 0.03037326],"[[ 0.4543951  -0.3382384  -0.21456073]
 [ 0.14626095  0.8493834   0.3458999 ]
 [-0.32488513 -0.38754198  0.82749915]
 [-0.8164451   0.1181272  -0.38673255]]","[[-0.33165696  0.76422274 -0.5531432 ]
 [ 0.8936922   0.44232255  0.07526761]
 [-0.3021889   0.4693767   0.82967913]]"
20200220-132424.209925,59,[1.6348754  0.87361646 0.03153565],"[[ 0.45441505 -0.34327078 -0.22105822]
 [ 0.150948    0.8499922   0.33675674]
 [-0.3261461  -0.381557    0.82715064]
 [-0.8150772   0.1187133  -0.39185426]]","[[-0.3280749   0.766014   -0.55280155]
 [ 0.89584106  0.43796209  0.07522071]
 [-0.29972625  0.47054434  0.82991093]]"
20200220-132424.209925,60,[1.6408159  0.8754015  0.03268063],"[[ 0.45440316 -0.34722853 -0.22729579]
 [ 0.15410018  0.85108674  0.32732671]
 [-0.32727844 -0.37561777  0.82666326]
 [-0.81403935  0.11830205 -0.39726803]]","[[-0.3261834   0.7665557  -0.5531698 ]
 [ 0.8968777   0.4358513   0.07512645]
 [-0.29868832  0.47162065  0.82967424]]"
20200220-132424.209925,61,[1.6465433  0.87513334 0.03385354],"[[ 0.45441392 -0.35102388 -0.23335323]
 [ 0.15577367  0.8520722   0.31797293]
 [-0.3283088  -0.37035745  0.82591033]
 [-0.8132991   0.11657692 -0.4028786 ]]","[[-0.32576165  0.7666382  -0.5533039 ]
 [ 0.89695084  0.43563378  0.07551233]
 [-0.29892856  0.4716874   0.8295496 ]]"
20200220-132424.209925,62,[1.6525563  0.87595016 0.03501263],"[[ 0.45449892 -0.35416827 -0.23823474]
 [ 0.15660167  0.8532879   0.3090658 ]
 [-0.32924277 -0.36523405  0.8253629 ]
 [-0.81271493  0.11431802 -0.40804213]]","[[-0.32622543  0.76617074 -0.5536779 ]
 [ 0.89645797  0.43657413  0.07593387]
 [-0.29989982  0.47157755  0.8292616 ]]"
20200220-132424.209925,63,[1.6584319  0.87785983 0.03613558],"[[ 0.4544503  -0.3580593  -0.24284218]
 [ 0.15985222  0.85420763  0.30032137]
 [-0.33036077 -0.35933843  0.8249796 ]
 [-0.811655    0.11401163 -0.41260576]]","[[-0.32429957  0.76668364 -0.5540993 ]
 [ 0.89750963  0.43442962  0.07581327]
 [-0.29884195  0.47272328  0.8289911 ]]"
20200220-132424.209925,64,[1.6647053  0.8733099  0.03726237],"[[ 0.45456746 -0.36253655 -0.2450339 ]
 [ 0.16340172  0.8544932   0.29347324]
 [-0.33132234 -0.35421866  0.82527834]
 [-0.8104899   0.1137447  -0.41562963]]","[[-0.32175735  0.7682701  -0.5533835 ]
 [ 0.89895743  0.4313611   0.07617801]
 [-0.2972334   0.47295743  0.82943577]]"
20200220-132424.209925,65,[1.6711733  0.8754241  0.03833833],"[[ 0.4546888  -0.36569908 -0.24717546]
 [ 0.16616642  0.85553473  0.28615034]
 [-0.33225498 -0.34855947  0.8255343 ]
 [-0.80947727  0.11327365 -0.41894597]]","[[-0.32024628  0.76855844 -0.5538596 ]
 [ 0.89975053  0.42972508  0.07606093]
 [-0.29646456  0.47397715  0.82912886]]"
20200220-132424.209925,66,[1.6776682  0.87716746 0.03940303],"[[ 0.45486802 -0.36805788 -0.24934237]
 [ 0.16658889  0.85675734  0.27886865]
 [-0.3331317  -0.34375805  0.825453  ]
 [-0.808929    0.11104208 -0.42271453]]","[[-0.32112545  0.7677794  -0.5544304 ]
 [ 0.89901024  0.43120617  0.07643192]
 [-0.29775667  0.47389436  0.8287129 ]]"
20200220-132424.209925,67,[1.6842104  0.87989557 0.04041521],"[[ 0.45495197 -0.3710392  -0.25121427]
 [ 0.16928364  0.8576815   0.27193654]
 [-0.33409217 -0.3383238   0.82557476]
 [-0.80792594  0.11067559 -0.4258733 ]]","[[-0.31969535  0.7679575  -0.5550102 ]
 [ 0.8997509   0.42968616  0.07627691]
 [-0.29705766  0.47498557  0.828339  ]]"
20200220-132424.209925,68,[1.6907885  0.88202965 0.04146619],"[[ 0.45506087 -0.37407964 -0.25252762]
 [ 0.1719619   0.85858893  0.26511425]
 [-0.33499098 -0.33279425  0.8258899 ]
 [-0.8069258   0.11016954 -0.42877737]]","[[-0.31824934  0.768204   -0.5554997 ]
 [ 0.90050215  0.42813     0.07616007]
 [-0.29633254  0.47599083  0.82802147]]"
20200220-132424.209925,69,[1.6971775  0.88209134 0.04253323],"[[ 0.45521027 -0.37696713 -0.25380507]
 [ 0.1733525   0.85940087  0.2584168 ]
 [-0.3358642  -0.32793224  0.82600975]
 [-0.8061806   0.10856213 -0.43186927]]","[[-0.31807894  0.76810426 -0.55573505]
 [ 0.90043247  0.4282177   0.07648813]
 [-0.2967265   0.47607273  0.82783335]]"
20200220-132424.209925,70,[1.7038215  0.88490325 0.04351327],"[[ 0.45531377 -0.37979266 -0.25489566]
 [ 0.17604788  0.86021036  0.2520134 ]
 [-0.33677226 -0.32261008  0.8262115 ]
 [-0.80515915  0.10825125 -0.4346174 ]]","[[-0.31665596  0.7682595  -0.556333  ]
 [ 0.9011664   0.42670223  0.07631832]
 [-0.29602075  0.47718185  0.8274475 ]]"
20200220-132424.209925,71,[1.7097943  0.8841898  0.04461975],"[[ 0.45538673 -0.3831749  -0.25679448]
 [ 0.1775226   0.86073554  0.2447945 ]
 [-0.3376786  -0.3177798   0.8259666 ]
 [-0.8044141   0.10643112 -0.43807715]]","[[-0.31636763  0.7682946  -0.5564487 ]
 [ 0.90116644  0.42663345  0.07670112]
 [-0.2963287   0.47718716  0.8273341 ]]"
20200220-132424.209925,72,[1.7155812  0.8852689  0.04573091],"[[ 0.45537424 -0.3862985  -0.2590389 ]
 [ 0.17857009  0.8614101   0.23712899]
 [-0.3386536  -0.3128293   0.82548016]
 [-0.803779    0.10432273 -0.44187185]]","[[-0.3166511   0.76783895 -0.5569161 ]
 [ 0.9007947   0.4273571   0.07703821]
 [-0.297155    0.47727284  0.8269883 ]]"
20200220-132424.209925,73,[1.7221085  0.8844209  0.04677432],"[[ 0.45567992 -0.3882643  -0.2592526 ]
 [ 0.17768836  0.8623299   0.23112829]
 [-0.33953336 -0.3089118   0.82554233]
 [-0.8034302   0.10105111 -0.44480112]]","[[-0.3187556   0.7667868  -0.5571651 ]
 [ 0.89927226  0.43040398  0.07785856]
 [-0.29950702  0.47622523  0.82674366]]"
20200220-132424.209925,74,[1.7285814  0.8877157  0.04781118],"[[ 0.45572257 -0.39105195 -0.26001415]
 [ 0.17996356  0.8631128   0.22442466]
 [-0.34043622 -0.30343574  0.8256519 ]
 [-0.8025167   0.10020748 -0.4475769 ]]","[[-0.31782636  0.76662976 -0.55791134]
 [ 0.8996901   0.4295538   0.07772459]
 [-0.29923898  0.4772445   0.8262528 ]]"
20200220-132424.209925,75,[1.7351441  0.8916708  0.04878277],"[[ 0.4557853  -0.39353377 -0.2605326 ]
 [ 0.18214788  0.86390865  0.21815105]
 [-0.34133098 -0.29814926  0.825755  ]
 [-0.80160785  0.09949985 -0.45017892]]","[[-0.31699547  0.7663578  -0.5587572 ]
 [ 0.9000483   0.42883503  0.07754682]
 [-0.29904327  0.47832638  0.8256977 ]]"
20200220-132424.209925,76,[1.7418433 0.8917108 0.0497269],"[[ 0.4560564  -0.3959056  -0.2603646 ]
 [ 0.18325788  0.8644619   0.21281669]
 [-0.34214106 -0.29389796  0.8259654 ]
 [-0.80085474  0.0979188  -0.45243818]]","[[-0.31706     0.7661575  -0.55899507]
 [ 0.8998406   0.4292091   0.07788683]
 [-0.29959935  0.47831166  0.82550466]]"
20200220-132424.209925,77,[1.7483766  0.89182717 0.05074565],"[[ 0.4564017  -0.39745924 -0.26037133]
 [ 0.1816023   0.86541086  0.20689783]
 [-0.3430918  -0.29023397  0.8258432 ]
 [-0.80062854  0.09409645 -0.45539325]]","[[-0.31994402  0.7646175  -0.5594602 ]
 [ 0.89780843  0.43328962  0.07874092]
 [-0.30261502  0.47709545  0.8251085 ]]"
20200220-132424.209925,78,[1.7554631  0.8882165  0.05167438],"[[ 0.45678675 -0.39972085 -0.2591168 ]
 [ 0.18203919  0.8657668   0.20261171]
 [-0.3439233  -0.286707    0.82634443]
 [-0.7999525   0.09203241 -0.4571233 ]]","[[-0.3205808   0.7645691  -0.5591617 ]
 [ 0.89722186  0.43436015  0.079523  ]
 [-0.3036784   0.47619864  0.8252358 ]]"
20200220-132424.209925,79,[1.7622895  0.887655   0.05258258],"[[ 0.4568938  -0.40320203 -0.25866112]
 [ 0.18615514  0.86571586  0.19771175]
 [-0.34462503 -0.28173062  0.8268145 ]
 [-0.79864144  0.09269295 -0.45867464]]","[[-0.31757376  0.7658603  -0.55911064]
 [ 0.8990003   0.4307016   0.07933753]
 [-0.30157134  0.4774451   0.8252883 ]]"
20200220-132424.209925,80,[1.7685336  0.88805944 0.05348793],"[[ 0.45671803 -0.40792447 -0.25958878]
 [ 0.19267046  0.8651041   0.19193524]
 [-0.34528187 -0.27599946  0.8268113 ]
 [-0.7969108   0.09495558 -0.46060568]]","[[-0.31223625  0.76806706 -0.5590899 ]
 [ 0.9022285   0.4240259   0.07864902]
 [-0.2974763   0.47986972  0.8253684 ]]"
20200220-132424.209925,81,[1.7753645  0.8876113  0.05444817],"[[ 0.45697564 -0.41032866 -0.25893793]
 [ 0.19368877  0.8654898   0.18677613]
 [-0.34608826 -0.27179828  0.82703286]
 [-0.79616624  0.09318616 -0.46269014]]","[[-0.31234613  0.7678866  -0.55927676]
 [ 0.90199614  0.42445084  0.07902173]
 [-0.29806516  0.47978336  0.8252061 ]]"
20200220-132424.209925,82,[1.781671   0.8887569  0.05538037],"[[ 0.4569168  -0.41384283 -0.25951   ]
 [ 0.19725415  0.8653684   0.18092057]
 [-0.34682956 -0.2667881   0.826865  ]
 [-0.7950012   0.09325239 -0.46499103]]","[[-0.30999276  0.76861924 -0.5595791 ]
 [ 0.90330815  0.4216907   0.07881031]
 [-0.29654443  0.48104182  0.8250214 ]]"
20200220-132424.209925,83,[1.7884722  0.8921932  0.05632776],"[[ 0.45695475 -0.41623992 -0.25915778]
 [ 0.19932921  0.8658597   0.17522822]
 [-0.34764767 -0.26171404  0.8269681 ]
 [-0.7941043   0.09239664 -0.46717894]]","[[-0.30923125  0.76834714 -0.5603738 ]
 [ 0.9036204   0.4210481   0.07866786]
 [-0.2963885   0.48203862  0.8244954 ]]"
20200220-132424.209925,84,[1.7953022  0.8944234  0.05717294],"[[ 0.45684585 -0.41997612 -0.25914466]
 [ 0.20485114  0.86551505  0.1700932 ]
 [-0.3481607  -0.2561933   0.82713926]
 [-0.792535    0.09417103 -0.46877784]]","[[-0.30491647  0.7698188  -0.56071794]
 [ 0.90614766  0.41571116  0.07797676]
 [-0.29312477  0.48431686  0.8243269 ]]"
20200220-132424.209925,85,[1.8018526  0.89872754 0.05814109],"[[ 0.45698303 -0.42128497 -0.2587041 ]
 [ 0.20419921  0.8664784   0.16420014]
 [-0.3492116  -0.25178316  0.82694423]
 [-0.79216164  0.09131929 -0.4714597 ]]","[[-0.3069772   0.76817745 -0.5618436 ]
 [ 0.90469944  0.4187953   0.07829053]
 [-0.29543847  0.48426613  0.8235304 ]]"
20200220-132424.209925,86,[1.809159   0.89844024 0.0590274 ],"[[ 0.4573224  -0.42311037 -0.25702715]
 [ 0.20501192  0.8669146   0.15997016]
 [-0.34995514 -0.24779284  0.82743835]
 [-0.7914278   0.08964364 -0.47296143]]","[[-0.30729163  0.76787096 -0.5620909 ]
 [ 0.9043519   0.41947892  0.07864548]
 [-0.29617485  0.48416084  0.82332784]]"
20200220-132424.209925,87,[1.8157979  0.8949252  0.05988292],"[[ 0.45725238 -0.4276165  -0.2570277 ]
 [ 0.21032006  0.8658607   0.15532951]
 [-0.3503738  -0.2432406   0.82745904]
 [-0.78988844  0.09090444 -0.47446913]]","[[-0.3029523   0.77001053 -0.5615191 ]
 [ 0.9068799   0.41401964  0.07846244]
 [-0.29289687  0.48546004  0.82373536]]"
20200220-132424.209925,88,[1.8223219  0.89610445 0.06074842],"[[ 0.45718122 -0.43087307 -0.25713137]
 [ 0.21369362  0.8655423   0.15006758]
 [-0.3510105  -0.23857443  0.8272199 ]
 [-0.7887407   0.09092463 -0.47651914]]","[[-0.30074996  0.7706385  -0.5618415 ]
 [ 0.9080702   0.41144106  0.07826087]
 [-0.29147545  0.48665452  0.82353467]]"
20200220-132424.209925,89,[1.8293437  0.89710724 0.06152079],"[[ 0.45702    -0.43483388 -0.25707397]
 [ 0.21960993  0.86473006  0.14548728]
 [-0.35129014 -0.2334808   0.82726026]
 [-0.787083    0.09299529 -0.47789866]]","[[-0.2958995   0.7724414  -0.5619412 ]
 [ 0.91086245  0.40535507  0.07756907]
 [-0.28770328  0.48889843  0.8235322 ]]"
20200220-132424.209925,90,[1.8367505  0.8978241  0.06237951],"[[ 0.4569152  -0.43855214 -0.25636694]
 [ 0.22475311  0.86410534  0.14078212]
 [-0.35157853 -0.2282567   0.8275402 ]
 [-0.78556186  0.09430119 -0.47920114]]","[[-0.2917982   0.77390814 -0.56206745]
 [ 0.91316533  0.4002453   0.07702486]
 [-0.28457507  0.49078485  0.82349694]]"
20200220-132424.209925,91,[1.843721   0.9008278  0.06317969],"[[ 0.4569089  -0.4408678  -0.25581294]
 [ 0.2272016   0.86413115  0.13608488]
 [-0.3522059  -0.22379659  0.82744426]
 [-0.78457946  0.09395868 -0.481016  ]]","[[-0.29056537  0.7738906  -0.56273025]
 [ 0.91374934  0.398947    0.07683498]
 [-0.28396136  0.49186876  0.823062  ]]"
20200220-132424.209925,92,[1.8512824  0.897686   0.06397779],"[[ 0.45725226 -0.4432013  -0.25401217]
 [ 0.22894895  0.86392546  0.13275412]
 [-0.35273203 -0.22036062  0.82791305]
 [-0.7836344   0.09298767 -0.48209372]]","[[-0.28971654  0.774427   -0.56242955]
 [ 0.9141159   0.39803663  0.0771933 ]
 [-0.28364813  0.49176174  0.82323396]]"
20200220-132424.209925,93,[1.8581877  0.9009914  0.06480566],"[[ 0.45743027 -0.44433776 -0.2530274 ]
 [ 0.22853866  0.86454606  0.1280682 ]
 [-0.35374287 -0.21660376  0.8276925 ]
 [-0.7831944   0.09059143 -0.48425293]]","[[-0.29143122  0.7731171  -0.56334513]
 [ 0.9129536   0.4006319   0.07752298]
 [-0.28562844  0.49171543  0.82257676]]"
20200220-132424.209925,94,[1.8658135  0.9004835  0.06556686],"[[ 0.45755213 -0.4470611  -0.25173423]
 [ 0.23186739  0.86413884  0.1243866 ]
 [-0.3541066  -0.21247384  0.8280004 ]
 [-0.7819796   0.09085938 -0.48535898]]","[[-0.28908393  0.77398014 -0.5633694 ]
 [ 0.9142076   0.39778844  0.07738739]
 [-0.28399822  0.49266523  0.8225728 ]]"
20200220-132424.209925,95,[1.872731   0.89872193 0.06633272],"[[ 0.45749435 -0.45084104 -0.25179273]
 [ 0.23605013  0.8630856   0.11999141]
 [-0.35443127 -0.20848764  0.8276308 ]
 [-0.7806138   0.09142663 -0.48706278]]","[[-0.28586575  0.77533394 -0.56315   ]
 [ 0.9159465   0.3937998   0.07722396]
 [-0.2816427   0.49373958  0.8227385 ]]"
20200220-132424.209925,96,[1.88017    0.89743555 0.06711014],"[[ 0.4578317  -0.45264626 -0.25008106]
 [ 0.23695977  0.863099    0.11650491]
 [-0.3550437  -0.20515145  0.8279015 ]
 [-0.7798619   0.08991548 -0.48832908]]","[[-0.28591418  0.77527905 -0.5632013 ]
 [ 0.9157912   0.39409134  0.07757977]
 [-0.28209868  0.4935936   0.8226699 ]]"
20200220-132424.209925,97,[1.8861228  0.9009783  0.06806755],"[[ 0.4579564  -0.4534165  -0.24940969]
 [ 0.23420404  0.863967    0.11076801]
 [-0.35647732 -0.20169942  0.82717323]
 [-0.7799666   0.08538935 -0.49123245]]","[[-0.29008946  0.7728804  -0.5643615 ]
 [ 0.9131743   0.39996532  0.07835964]
 [-0.2862877   0.49262902  0.82180035]]"
20200220-132424.209925,98,[1.8940889  0.90368116 0.0687784 ],"[[ 0.45814598 -0.45489696 -0.24754497]
 [ 0.23625948  0.86417633  0.10734902]
 [-0.35703704 -0.19754837  0.82753503]
 [-0.77897894  0.08510205 -0.49232417]]","[[-0.28922367  0.7727319  -0.56500894]
 [ 0.9135543   0.39912444  0.07821941]
 [-0.28595152  0.49354348  0.82136875]]"
20200220-132424.209925,99,[1.9010558  0.901996   0.06951828],"[[ 0.45810887 -0.4585846  -0.24745609]
 [ 0.24045567  0.86304826  0.10315862]
 [-0.35729307 -0.19365968  0.8271331 ]
 [-0.7775984   0.08569515 -0.4939384 ]]","[[-0.28600726  0.7740755  -0.56480724]
 [ 0.9153049   0.39512956  0.07803776]
 [-0.2835791   0.49465147  0.8215249 ]]"
20200220-132424.209925,100,[1.9083811  0.90635026 0.07027623],"[[ 0.45811233 -0.46020418 -0.24631506]
 [ 0.24212685  0.86321837  0.09884945]
 [-0.35798013 -0.18935107  0.827009  ]
 [-0.77676123  0.0849259  -0.49559456]]","[[-0.28560725  0.7735318  -0.5657536 ]
 [ 0.91540027  0.39494163  0.0778695 ]
 [-0.28367412  0.4956508   0.82088935]]"
20200220-132424.209925,101,[1.915648   0.90415144 0.07104037],"[[ 0.45854798 -0.46136296 -0.24450828]
 [ 0.24116088  0.86342615  0.09555258]
 [-0.3589466  -0.18682072  0.82702506]
 [-0.7763585   0.08208351 -0.4971068 ]]","[[-0.28758255  0.7727637  -0.56580275]
 [ 0.91410345  0.39777753  0.07866299]
 [-0.28585148  0.49458015  0.82077974]]"
20200220-132424.209925,102,[1.9235048  0.9080063  0.07177624],"[[ 0.45873    -0.46254605 -0.24261993]
 [ 0.24253514  0.8637695   0.09185486]
 [-0.3596101  -0.18263829  0.8272345 ]
 [-0.77551526  0.08122244 -0.49837932]]","[[-0.28742507  0.77217746 -0.5666823 ]
 [ 0.9140658   0.3978865   0.07855128]
 [-0.28613082  0.49540734  0.82018346]]"
20200220-132424.209925,103,[1.9308553  0.9073991  0.07250302],"[[ 0.45875874 -0.46556896 -0.24199998]
 [ 0.24587825  0.8629311   0.08792007]
 [-0.35990918 -0.17884117  0.82695955]
 [-0.774306    0.08130981 -0.49984428]]","[[-0.28508118  0.7730276  -0.56670725]
 [ 0.91530895  0.3950436   0.0784219 ]
 [-0.28449634  0.49635568  0.8201786 ]]"
20200220-132424.209925,104,[1.9389327  0.91085935 0.07317503],"[[ 0.45871398 -0.46796066 -0.24074805]
 [ 0.25005352  0.8624799   0.0843    ]
 [-0.360047   -0.17419508  0.82707745]
 [-0.77292997  0.08244525 -0.5008757 ]]","[[-0.28204206  0.77369225 -0.56732064]
 [ 0.9169546   0.39132923  0.07781967]
 [-0.28221762  0.49825883  0.8198118 ]]"
20200220-132424.209925,105,[1.9463757  0.91054773 0.07390441],"[[ 0.459049   -0.46946415 -0.23923531]
 [ 0.25040832  0.86244506  0.08083685]
 [-0.36080492 -0.17117673  0.8269641 ]
 [-0.7722625   0.08056572 -0.50235677]]","[[-0.2827027   0.7732696  -0.56756777]
 [ 0.9164438   0.3924471   0.0782043 ]
 [-0.28321338  0.49803546  0.819604  ]]"
20200220-132424.209925,106,[1.9535865  0.9131083  0.07466232],"[[ 0.45900017 -0.47172862 -0.23839234]
 [ 0.25273138  0.8620747   0.07648311]
 [-0.36132607 -0.16703166  0.8265959 ]
 [-0.77129066  0.07999919 -0.50404245]]","[[-0.28158122  0.7732152  -0.5681994 ]
 [ 0.9169567   0.39127925  0.0780452 ]
 [-0.28267032  0.49903813  0.81918156]]"
20200220-132424.209925,107,[1.961482   0.91302323 0.07534552],"[[ 0.45939067 -0.47275475 -0.23632388]
 [ 0.25294092  0.8622404   0.07360259]
 [-0.36208805 -0.16406551  0.82675767]
 [-0.7706321   0.07827716 -0.50517887]]","[[-0.28237754  0.77270544 -0.5684974 ]
 [ 0.9163719   0.3925726   0.07841745]
 [-0.28377008  0.4988117   0.81893915]]"
20200220-132424.209925,108,[1.9690092  0.91254145 0.07602691],"[[ 0.4595012  -0.47544774 -0.2353679 ]
 [ 0.2561394   0.8614345   0.07010511]
 [-0.3622775  -0.16043079  0.82657784]
 [-0.76941943  0.07836954 -0.50641525]]","[[-0.28015333  0.7734779  -0.56854725]
 [ 0.91753834  0.3898673   0.07827377]
 [-0.28220105  0.49973533  0.81891835]]"
20200220-132424.209925,109,[1.9762717  0.9151251  0.07676448],"[[ 0.45945498 -0.47766107 -0.23453853]
 [ 0.25839943  0.86100537  0.06584589]
 [-0.36276892 -0.1564055   0.8261388 ]
 [-0.76845944  0.0777643  -0.5080851 ]]","[[-0.27908438  0.7733967  -0.56918323]
 [ 0.91802037  0.3887627   0.07811654]
 [-0.2816923   0.5007207   0.8184914 ]]"
20200220-132424.209925,110,[1.9834037  0.9160224  0.07754403],"[[ 0.4596868  -0.47905967 -0.23307648]
 [ 0.2583339   0.86101943  0.06187321]
 [-0.36363676 -0.1531676   0.82582873]
 [-0.76793224  0.07541091 -0.50975835]]","[[-0.2802585   0.7726015  -0.56968594]
 [ 0.9172126   0.39059007  0.0784886 ]
 [-0.2831541   0.5005261   0.81810606]]"
20200220-132424.209925,111,[1.9910462  0.9155558  0.07821552],"[[ 0.45979446 -0.48166528 -0.23202485]
 [ 0.2614142   0.86019075  0.05847378]
 [-0.36379793 -0.14960834  0.825641  ]
 [-0.7667481   0.07541759 -0.51094276]]","[[-0.27813077  0.773323   -0.5697497 ]
 [ 0.9183205   0.3880059   0.07835161]
 [-0.28165743  0.50142086  0.81807476]]"
20200220-132424.209925,112,[1.9982994  0.9138798  0.07899586],"[[ 0.46037427 -0.4822602  -0.22976533]
 [ 0.25929922  0.8605789   0.05520244]
 [-0.36498144 -0.1473117   0.82559   ]
 [-0.7665558   0.07161028 -0.5124077 ]]","[[-0.28117108  0.77206475 -0.56996375]
 [ 0.9164419   0.39224464  0.07923538]
 [-0.2847401   0.50006     0.81784046]]"
20200220-132424.209925,113,[2.0052662  0.9142988  0.07970984],"[[ 0.46047783 -0.48415437 -0.2289817 ]
 [ 0.25994864  0.86016965  0.05125883]
 [-0.36579093 -0.14433335  0.8249129 ]
 [-0.76588756  0.0697927  -0.51425576]]","[[-0.28161293  0.7716253  -0.57034105]
 [ 0.91604775  0.3931052   0.07952964]
 [-0.28557107  0.50006294  0.817549  ]]"
20200220-132424.209925,114,[2.013373  0.916966  0.0803218],"[[ 0.46068206 -0.48543492 -0.22728401]
 [ 0.26175532  0.8600715   0.04829908]
 [-0.3662374  -0.14078039  0.8249064 ]
 [-0.7649357   0.06936023 -0.5153044 ]]","[[-0.2809065   0.77142775 -0.5709561 ]
 [ 0.9163425   0.39244333  0.07940203]
 [-0.2853208   0.5008868   0.8171319 ]]"
20200220-132424.209925,115,[2.0211174  0.91801673 0.08087297],"[[ 0.46099037 -0.4864558  -0.22606362]
 [ 0.2621177   0.8599992   0.04561358]
 [-0.36705896 -0.13835052  0.82450473]
 [-0.7642316   0.06797977 -0.51672673]]","[[-0.28158647  0.77087533 -0.57136685]
 [ 0.91582185  0.3935985   0.0796902 ]
 [-0.28632036  0.50083053  0.8168166 ]]"
20200220-132424.209925,116,[2.0289376 0.9157919 0.0814857],"[[ 0.46155486 -0.48707908 -0.22413935]
 [ 0.2608336   0.8601419   0.04325967]
 [-0.3681528  -0.13658328  0.8243527 ]
 [-0.7638041   0.06523109 -0.51800823]]","[[-0.2838056   0.77003455 -0.57140267]
 [ 0.91439414  0.3967416   0.08049414]
 [-0.28868252  0.49964264  0.8167126 ]]"
