Timestamp,Epoch,s,u,v
20200222-003539.465762,0,[1.8347138 1.4134763 0.7584119],"[[ 0.26098156  0.4901994   0.67507726]
 [ 0.66380626  0.49990496 -0.26954076]
 [ 0.652494   -0.50773615 -0.24712397]
 [ 0.2559334  -0.50199944  0.6407405 ]]","[[ 0.5012174   0.7007713   0.5076424 ]
 [ 0.712537   -0.00136589 -0.7016332 ]
 [ 0.49099103 -0.7133847   0.50000995]]"
20200222-003539.465762,1,[1.8284627  1.419869   0.75584006],"[[ 0.2587284   0.48813874  0.6776723 ]
 [ 0.6726543   0.4915822  -0.26213482]
 [ 0.6497603  -0.51581985 -0.23817438]
 [ 0.24167702 -0.50398177  0.6444525 ]]","[[ 0.5047354   0.69654787  0.50996405]
 [ 0.7173812  -0.00982117 -0.6966115 ]
 [ 0.48021483 -0.7174429   0.50464755]]"
20200222-003539.465762,2,[1.8007774  1.4266633  0.75264037],"[[ 0.24579969  0.48913273  0.68170255]
 [ 0.67468935  0.49447724 -0.25134248]
 [ 0.6555826  -0.51299196 -0.22793368]
 [ 0.23364198 -0.5030718   0.64819384]]","[[ 0.49694583  0.6980952   0.5154689 ]
 [ 0.7246449  -0.00702832 -0.68908674]
 [ 0.4774252  -0.7159706   0.50936383]]"
20200222-003539.465762,3,[1.7864552  1.4331038  0.74986446],"[[ 0.24092892  0.48794904  0.6843762 ]
 [ 0.68174183  0.48874417 -0.24307664]
 [ 0.65449655 -0.5185193  -0.2187281 ]
 [ 0.22094263 -0.50415504  0.6516907 ]]","[[ 0.497704    0.69517344  0.5186758 ]
 [ 0.7301484  -0.01302804 -0.68316454]
 [ 0.46816057 -0.71872395  0.5140638 ]]"
20200222-003539.465762,4,[1.7639362 1.4400284 0.7468957],"[[ 0.22530335  0.49014136  0.68790936]
 [ 0.6796888   0.49677023 -0.23294435]
 [ 0.6631957  -0.5107438  -0.20991762]
 [ 0.21779114 -0.5021167   0.6545627 ]]","[[ 0.48582843  0.69946253  0.52414024]
 [ 0.7366609  -0.00492367 -0.6762443 ]
 [ 0.47042674 -0.7146523   0.5176587 ]]"
20200222-003539.465762,5,[1.7454251 1.4470476 0.7442379],"[[ 0.2136414   0.49123955  0.690797  ]
 [ 0.6796582   0.50086963 -0.22417636]
 [ 0.6687633  -0.5067094  -0.20171449]
 [ 0.21255149 -0.5010579   0.6571575 ]]","[[ 4.7773179e-01  7.0166910e-01  5.2861392e-01]
 [ 7.4239028e-01 -7.2586240e-04 -6.6996735e-01]
 [ 4.6971184e-01 -7.1250260e-01  5.2125913e-01]]"
20200222-003539.465762,6,[1.7331904  1.4537014  0.74118906],"[[ 0.20957573  0.48994315  0.6930551 ]
 [ 0.6871913   0.4940041  -0.21592352]
 [ 0.6665188  -0.51340806 -0.19244179]
 [ 0.1989947  -0.5023224   0.6603164 ]]","[[ 0.47952873  0.698119    0.53167886]
 [ 0.74780256 -0.00805853 -0.6638724 ]
 [ 0.45917735 -0.7159367   0.5259194 ]]"
20200222-003539.465762,7,[1.7270377  1.4600111  0.73766667],"[[ 0.21415015 -0.48601943  0.6946757 ]
 [ 0.70303404 -0.47423425 -0.20817631]
 [ 0.65493876  0.5321812  -0.18201731]
 [ 0.17589188  0.50563866  0.6640466 ]]","[[ 0.49267492 -0.68765134  0.5332982 ]
 [ 0.75252485  0.02890669 -0.6579291 ]
 [ 0.43701     0.72546536  0.53171635]]"
20200222-003539.465762,8,[1.7102673 1.4672967 0.734766 ],"[[ 0.20256671 -0.48717153  0.6972693 ]
 [ 0.70291185 -0.47829586 -0.19929548]
 [ 0.66013855  0.52835566 -0.17390828]
 [ 0.17058435  0.5047153   0.66622263]]","[[ 0.48466918 -0.689852    0.5377732 ]
 [ 0.75824815  0.02485254 -0.6514922 ]
 [ 0.4360682   0.7235238   0.5351243 ]]"
20200222-003539.465762,9,[1.6915371 1.4743395 0.731356 ],"[[ 0.19500479 -0.48678115  0.69978195]
 [ 0.70752084 -0.47518137 -0.1898107 ]
 [ 0.6603913   0.53127897 -0.16427222]
 [ 0.15896843  0.5049649   0.6687992 ]]","[[ 0.48242074 -0.68805134  0.54208446]
 [ 0.7643528   0.02840472 -0.6441724 ]
 [ 0.42782584  0.72510576  0.5396171 ]]"
20200222-003539.465762,10,[1.6786373  1.4814227  0.72742236],"[[ 0.18631409 -0.48661885  0.70248836]
 [ 0.7109715  -0.47348213 -0.17992304]
 [ 0.66178226  0.53286535 -0.15436736]
 [ 0.14781924  0.5050453   0.67105025]]","[[ 0.47900063 -0.68699265  0.54644257]
 [ 0.7702677   0.03038906 -0.6369961 ]
 [ 0.42100582  0.7260285   0.5437247 ]]"
20200222-003539.465762,11,[1.6662294 1.4888176 0.7233701],"[[ 0.165311    0.48974985  0.705487  ]
 [ 0.70297     0.48923948 -0.16914761]
 [ 0.67542803 -0.5179482  -0.1453625 ]
 [ 0.14933917 -0.50251335  0.67271596]]","[[ 0.45976335  0.69564885  0.55198777]
 [ 0.7766555  -0.01358038 -0.6297793 ]
 [ 0.43060884 -0.71825373  0.5465233 ]]"
20200222-003539.465762,12,[1.6624539 1.495852  0.7194267],"[[ 0.15059842  0.49131563  0.707628  ]
 [ 0.699442    0.49738503 -0.16000003]
 [ 0.6830772  -0.5100451  -0.13698071]
 [ 0.1466523  -0.50107056  0.67446256]]","[[ 0.4480949   0.70016056  0.5558655 ]
 [ 0.7814491  -0.00475705 -0.6239509 ]
 [ 0.43422154 -0.71396977  0.54927146]]"
20200222-003539.465762,13,[1.6559349 1.5028234 0.7148269],"[[ 0.15645242  0.48790717  0.7089794 ]
 [ 0.71681815  0.47447303 -0.15111643]
 [ 0.6686924  -0.53189665 -0.12602483]
 [ 0.1206006  -0.5038929   0.6772223 ]]","[[ 0.46423993  0.68770176  0.55816454]
 [ 0.7863071  -0.02993461 -0.61711025]
 [ 0.40767938 -0.72537595  0.55464166]]"
20200222-003539.465762,14,[1.6453549 1.5100868 0.7106097],"[[ 0.14985095  0.48756543  0.7105806 ]
 [ 0.72195774  0.46965078 -0.14165652]
 [ 0.66680783 -0.5363415  -0.11645668]
 [ 0.10811602 -0.50402915  0.6792981 ]]","[[ 0.46365166  0.6851263   0.56180865]
 [ 0.791542   -0.0353897  -0.61008906]
 [ 0.39810592 -0.72756404  0.5587147 ]]"
20200222-003539.465762,15,[1.6359688  1.5167216  0.70634043],"[[ 0.16303419 -0.4822952   0.7115397 ]
 [ 0.7443101  -0.43550506 -0.13330865]
 [ 0.643229    0.56686664 -0.10595308]
 [ 0.07535561  0.5063481   0.68169916]]","[[ 0.48879886 -0.6655765   0.563989  ]
 [ 0.7943823   0.07235049 -0.6030939 ]
 [ 0.36060026  0.74281454  0.5640871 ]]"
20200222-003539.465762,16,[1.6209843 1.5247611 0.7024327],"[[ 0.1408141   0.48598945  0.71353537]
 [ 0.73480064  0.4546129  -0.1231504 ]
 [ 0.6587076  -0.55000466 -0.09771443]
 [ 0.07964858 -0.50461507  0.6827544 ]]","[[ 0.46721667  0.67652535  0.5692295 ]
 [ 0.8015078  -0.05231527 -0.59569156]
 [ 0.373221   -0.73455894  0.5666829 ]]"
20200222-003539.465762,17,[1.6173772 1.5322504 0.6992276],"[[ 0.13802731  0.48532736  0.7146069 ]
 [ 0.7396473   0.44834962 -0.11634168]
 [ 0.65510476 -0.55560076 -0.09082768]
 [ 0.06861609 -0.5047255   0.6837779 ]]","[[ 0.46943334  0.6728611   0.5717433 ]
 [ 0.8046156  -0.05931782 -0.5908258 ]
 [ 0.36362913 -0.73738694  0.5692401 ]]"
20200222-003539.465762,18,[1.6040416 1.5396948 0.6952614],"[[ 0.14017205  0.48290747  0.7159061 ]
 [ 0.751165    0.43094796 -0.10732494]
 [ 0.6432741  -0.5707699  -0.08176491]
 [ 0.04797701 -0.50527847  0.685036  ]]","[[ 0.47970995  0.6623247   0.57550365]
 [ 0.80834234 -0.07849398 -0.5834566 ]
 [ 0.3412642  -0.7450938   0.5730394 ]]"
20200222-003539.465762,19,[1.5949743  1.5478733  0.69249576],"[[ 0.10351124  0.48971897  0.71727484]
 [ 0.7248153   0.47595328 -0.09974598]
 [ 0.6772557  -0.5304775  -0.07622526]
 [ 0.0724777  -0.50223255  0.6853886 ]]","[[ 0.43574312  0.68860984  0.5796072 ]
 [ 0.8154255  -0.02938682 -0.5781156 ]
 [ 0.3810632  -0.7245364   0.57431525]]"
20200222-003539.465762,20,[1.5926795 1.554372  0.6875594],"[[ 0.16043098 -0.47407117  0.717581  ]
 [ 0.7835366  -0.37288707 -0.09182527]
 [ 0.60025465  0.61780953 -0.06598733]
 [-0.00518669  0.50450283  0.68723464]]","[[ 0.51992977 -0.62614053  0.5810518 ]
 [ 0.8082655   0.14053556 -0.5718014 ]
 [ 0.27636957  0.7669406   0.57915634]]"
20200222-003539.465762,21,[1.5775474  1.5606966  0.68224746],"[[ 0.2665145  -0.4217926   0.71874636]
 [ 0.85412014 -0.15877108 -0.08069849]
 [ 0.4225813   0.7515973  -0.05483448]
 [-0.14447843  0.48164758  0.6883927 ]]","[[ 0.6571802  -0.47455198  0.58558923]
 [ 0.750986    0.34597638 -0.5624238 ]
 [ 0.06429932  0.80938303  0.5837506 ]]"
20200222-003539.465762,22,[1.5744861 1.5559846 0.6768387],"[[ 0.4787706  -0.1359691   0.7197106 ]
 [ 0.73218644  0.4691452  -0.06966963]
 [-0.20520033  0.83822954 -0.0436691 ]
 [-0.43883282  0.24245887  0.689388  ]]","[[ 0.80157423  0.09687328  0.5899951 ]
 [ 0.31375343  0.77184707 -0.5530015 ]
 [-0.5089571   0.62838477  0.58829856]]"
20200222-003539.465762,23,[1.5827427 1.5562924 0.6724868],"[[ 0.4794314  -0.13437343  0.7195273 ]
 [ 0.7235439   0.48334494 -0.06298504]
 [-0.2206188   0.834641   -0.03583261]
 [-0.44492373  0.22736688  0.69067293]]","[[ 0.7994104   0.10749302  0.59109056]
 [ 0.3004591   0.7804565  -0.5482811 ]
 [-0.5202568   0.61590004  0.5916078 ]]"
20200222-003539.465762,24,[1.590563   1.5480086  0.66729164],"[[ 0.48805407 -0.09777693  0.7198855 ]
 [ 0.6747886   0.5499327  -0.0540609 ]
 [-0.29820907  0.8108165  -0.02568733]
 [-0.4664065   0.17490146  0.6915074 ]]","[[ 0.7850407   0.17657822  0.59374344]
 [ 0.22678582  0.81003183 -0.54075557]
 [-0.57643676  0.5591678   0.59586245]]"
20200222-003539.465762,25,[1.5986199  1.5443585  0.66344017],"[[ 0.48855558 -0.09689017  0.719758  ]
 [ 0.6659802   0.5609932  -0.0477298 ]
 [-0.31105006  0.80630493 -0.01814523]
 [-0.4701398   0.16053328  0.6923446 ]]","[[ 0.78213245  0.1847198   0.5951028 ]
 [ 0.21464545  0.8167266  -0.53561646]
 [-0.5849753   0.5466591   0.5991393 ]]"
20200222-003539.465762,26,[1.6071377 1.5410845 0.6577233],"[[ 0.4882996  -0.09972752  0.719648  ]
 [ 0.6587383   0.5699848  -0.03911466]
 [-0.32135415  0.8025099  -0.00840494]
 [-0.47366574  0.14542788  0.69318575]]","[[ 0.77948064  0.18950874  0.5970734 ]
 [ 0.20506157  0.8234331  -0.5290631 ]
 [-0.59191203  0.53483117  0.6029892 ]]"
20200222-003539.465762,27,[1.6153212 1.5295064 0.6530484],"[[ 0.4901978  -0.09160979  0.71966165]
 [ 0.63866633  0.59256184 -0.03070173]
 [-0.34880415  0.79125696  0.00115256]
 [-0.47973627  0.11995897  0.6936444 ]]","[[ 0.7721102   0.21028565  0.59968793]
 [ 0.17751756  0.8347293  -0.5212623 ]
 [-0.6101911   0.50892705  0.6071737 ]]"
20200222-003539.465762,28,[1.6217532 1.5283107 0.6492783],"[[-0.49207583 -0.07478767  0.7203827 ]
 [-0.6102952   0.6219582  -0.02372376]
 [ 0.38544828  0.7741142   0.00697342]
 [ 0.4866526   0.09122703  0.6931363 ]]","[[-0.7598168   0.2437165   0.60272795]
 [-0.13871689  0.84495616 -0.5165337 ]
 [ 0.6351662   0.47607931  0.60820436]]"
20200222-003539.465762,29,[1.6299332 1.5211997 0.6459709],"[[ 0.49196643 -0.07879108  0.7202319 ]
 [ 0.6073765   0.62472606 -0.01784956]
 [-0.38904306  0.7724811   0.01397623]
 [-0.48755342  0.08235602  0.6933627 ]]","[[ 0.7588514   0.24281594  0.6043053 ]
 [ 0.1353466   0.8488389  -0.51103216]
 [-0.63704467  0.4695881   0.61127824]]"
20200222-003539.465762,30,[1.6368779 1.5156696 0.6426533],"[[-0.49312955 -0.06681111  0.7205592 ]
 [-0.58372015  0.6471274  -0.01093072]
 [ 0.4176172   0.7572227   0.01973905]
 [ 0.4916196   0.05810488  0.6930264 ]]","[[-0.7479099   0.2677984   0.6073838 ]
 [-0.10395176  0.8564691  -0.5056236 ]
 [ 0.65561044  0.44129947  0.6127235 ]]"
20200222-003539.465762,31,[1.6438806 1.5164828 0.6395235],"[[-0.49370718 -0.05028044  0.7214247 ]
 [-0.55487704  0.67217803 -0.00472196]
 [ 0.45037803  0.73799396  0.02359503]
 [ 0.4955039   0.03183843  0.69207495]]","[[-0.73323256  0.29903018  0.61069727]
 [-0.06650173  0.8622723  -0.50206006]
 [ 0.67671824  0.40873915  0.6123601 ]]"
20200222-003539.465762,32,[1.6526128 1.5061666 0.6349262],"[[-0.49344692 -0.06043913 -0.72103584]
 [-0.5574057   0.669821   -0.00305048]
 [ 0.44754812  0.7396273  -0.03251297]
 [ 0.49548945  0.02526709 -0.692128  ]]","[[-0.7348169   0.29046208 -0.612924  ]
 [-0.07018508  0.86625063  0.4946552 ]
 [ 0.6746245   0.40649912 -0.6161496 ]]"
20200222-003539.465762,33,[1.6607507 1.5137199 0.6303447],"[[-0.4927607  -0.07309464  0.7204376 ]
 [-0.5671621   0.6614145   0.00783138]
 [ 0.43660513  0.74595743  0.03847387]
 [ 0.4948633   0.02712338  0.69240767]]","[[-0.7398571   0.2773324   0.61294216]
 [-0.08306405  0.86645335 -0.49229956]
 [ 0.66761637  0.41514486  0.61801547]]"
20200222-003539.465762,34,[1.6690413  1.5167462  0.62624633],"[[-0.49220595 -0.08431989 -0.71954143]
 [-0.57463175  0.65491235 -0.01272673]
 [ 0.42811278  0.75048643 -0.04444615]
 [ 0.49421772  0.02739237 -0.69290894]]","[[-0.74387366  0.26595986 -0.61312103]
 [-0.09310493  0.86721987  0.48914322]
 [ 0.6618031   0.4209453  -0.62033993]]"
20200222-003539.465762,35,[1.6783357  1.5115986  0.62367046],"[[ 0.49135786 -0.09718735 -0.71885884]
 [ 0.5855618   0.64461076 -0.01631954]
 [-0.41532204  0.75769675 -0.05046464]
 [-0.4931457   0.03045225 -0.6931298 ]]","[[ 0.7495708   0.24929322 -0.61318564]
 [ 0.10809488  0.8678315   0.48495778]
 [-0.65303856  0.42979237 -0.62355363]]"
20200222-003539.465762,36,[1.6864917 1.5121243 0.6206939],"[[ 0.49153444 -0.09862833 -0.71847564]
 [ 0.58144474  0.6482685  -0.02080135]
 [-0.42016354  0.7546453  -0.05486661]
 [-0.49373937  0.02304554 -0.69307256]]","[[ 0.7478048   0.2518436  -0.6142986 ]
 [ 0.10278172  0.87019277  0.48187187]
 [-0.6559145   0.42348474 -0.6248494 ]]"
20200222-003539.465762,37,[1.6944506 1.506843  0.6175269],"[[ 0.49236006 -0.09348485 -0.7185148 ]
 [ 0.5669687   0.6608216  -0.02705563]
 [-0.43679062  0.7446673  -0.0598601 ]
 [-0.49532056  0.00681037 -0.69240314]]","[[ 0.74077404  0.26539296 -0.6171067 ]
 [ 0.08378771  0.87497175  0.47686908]
 [-0.66650856  0.4049582  -0.6259196 ]]"
20200222-003539.465762,38,[1.7027295  1.4999983  0.61374855],"[[ 0.49251395 -0.09548818 -0.71818745]
 [ 0.5608499   0.6656527  -0.03364887]
 [-0.44366407  0.7401157  -0.06627959]
 [-0.49602416 -0.00415475 -0.69186854]]","[[ 0.73784375  0.26818427 -0.6194062 ]
 [ 0.07605125  0.87880176  0.47108787]
 [-0.67067355  0.3946959  -0.62802255]]"
20200222-003539.465762,39,[1.711132  1.4963619 0.6113082],"[[ 0.49264407 -0.09686887 -0.7179715 ]
 [ 0.55675286  0.66875476 -0.03808918]
 [-0.44821084  0.73705465 -0.07066043]
 [-0.49642172 -0.01157588 -0.69142824]]","[[ 0.73588586  0.26999798 -0.6209451 ]
 [ 0.07088327  0.8813006   0.4672095 ]
 [-0.673385    0.38782763 -0.62939847]]"
20200222-003539.465762,40,[1.7202538 1.4878632 0.6068858],"[[ 0.4924114  -0.10527329 -0.71715236]
 [ 0.5582465   0.6668235  -0.0448727 ]
 [-0.44651574  0.73752433 -0.07859309]
 [-0.49650297 -0.01792954 -0.691015  ]]","[[ 0.7369426   0.2631294  -0.62263834]
 [ 0.07323167  0.88462293  0.4605208 ]
 [-0.6719767   0.38497424 -0.632647  ]]"
20200222-003539.465762,41,[1.7295734 1.4853415 0.6027845],"[[ 0.49176088 -0.11774401 -0.7158734 ]
 [ 0.5672297   0.65859073 -0.04957682]
 [-0.4364091   0.74303037 -0.08561873]
 [-0.49595273 -0.01733012 -0.6911852 ]]","[[ 0.74199283  0.24883783 -0.62251633]
 [ 0.08552712  0.88584083  0.45603833]
 [-0.66493     0.39161915 -0.63600516]]"
20200222-003539.465762,42,[1.7377856  1.4867028  0.59760404],"[[ 0.49181685 -0.11764722 -0.71592224]
 [ 0.5583877   0.6654491  -0.05665065]
 [-0.44628465  0.7364985  -0.09138024]
 [-0.49714142 -0.0301125  -0.6898522 ]]","[[ 0.7371839   0.25634646 -0.62517715]
 [ 0.07398626  0.8890526   0.45178708]
 [-0.6716293   0.37930465 -0.6364292 ]]"
20200222-003539.465762,43,[1.746946  1.4802625 0.5940232],"[[ 0.49201202 -0.12063482 -0.71535414]
 [ 0.55430907  0.6682241  -0.06261662]
 [-0.4507477   0.7330794  -0.09726994]
 [-0.49748608 -0.03896566 -0.6891195 ]]","[[ 0.7352522   0.2569506  -0.6272005 ]
 [ 0.06886723  0.89224666  0.4462657 ]
 [-0.6742858   0.3713114  -0.6383309 ]]"
20200222-003539.465762,44,[1.7555251 1.4867282 0.5909494],"[[ 0.49197552 -0.12334399 -0.7148586 ]
 [ 0.5536118   0.66856664 -0.06575856]
 [-0.4515166   0.7321224  -0.10032605]
 [-0.49760088 -0.04244616 -0.6889033 ]]","[[ 0.7350029   0.2569597  -0.6274891 ]
 [ 0.06801797  0.8928043   0.44527978]
 [-0.67464393  0.3699625  -0.6387359 ]]"
20200222-003539.465762,45,[1.7640647  1.4856049  0.58701247],"[[ 0.49209553 -0.1269972  -0.7140648 ]
 [ 0.5511325   0.67013407 -0.07115237]
 [-0.45423555  0.7296251  -0.10553703]
 [-0.4977601  -0.04938892 -0.68841153]]","[[ 0.73391396  0.2568338  -0.6288138 ]
 [ 0.06491662  0.894998    0.44132125]
 [-0.67613333  0.36471227 -0.6401787 ]]"
20200222-003539.465762,46,[1.7735088  1.4838891  0.58313435],"[[ 0.49146968 -0.13793232 -0.71266943]
 [ 0.55905104  0.66283906 -0.07520986]
 [-0.44547385  0.7343186  -0.11186302]
 [-0.49746618 -0.04894468 -0.6884277 ]]","[[ 0.73849535  0.24431561 -0.62843835]
 [ 0.07579144  0.89605707  0.4374215 ]
 [-0.66998535  0.37066403 -0.64321685]]"
20200222-003539.465762,47,[1.7820137 1.4900024 0.5802091],"[[ 0.49130177 -0.1399731  -0.71247655]
 [ 0.55794156  0.6633243  -0.07813099]
 [-0.44666335  0.73324066 -0.11467073]
 [-0.49781132 -0.05259923 -0.6878399 ]]","[[ 0.73787636  0.24494813 -0.6289192 ]
 [ 0.07443992  0.8966004   0.43653953]
 [-0.6708186   0.36892873 -0.64334625]]"
20200222-003539.465762,48,[1.7906759  1.4902416  0.57697165],"[[ 0.49173942 -0.13893051 -0.7123133 ]
 [ 0.55061567  0.6688976  -0.08298717]
 [-0.4547218   0.72762185 -0.11821812]
 [-0.49823964 -0.06197361 -0.6868386 ]]","[[ 0.73401064  0.25137046 -0.63090515]
 [ 0.06479336  0.898822    0.4334982 ]
 [-0.67604005  0.35907078 -0.64345783]]"
20200222-003539.465762,49,[1.7993357  1.4892846  0.57325417],"[[ 0.49159324 -0.14198664 -0.71200746]
 [ 0.54827     0.66995597 -0.0878615 ]
 [-0.45724246  0.72546273 -0.12302999]
 [-0.49866357 -0.06857405 -0.68570346]]","[[ 0.73267496  0.25147718 -0.6324135 ]
 [ 0.06190237  0.900753    0.42989796]
 [-0.67775774  0.35412335 -0.64439213]]"
20200222-003539.465762,50,[1.8088667  1.4878284  0.56955534],"[[ 0.49098232 -0.15206443 -0.71054363]
 [ 0.55563223  0.66312504 -0.09148959]
 [-0.44914675  0.72972584 -0.128944  ]
 [-0.49847415 -0.06813043 -0.68566084]]","[[ 0.73699796  0.23990582 -0.6318857 ]
 [ 0.07202577  0.90168744  0.42634746]
 [-0.6720466   0.35972914 -0.6472625 ]]"
20200222-003539.465762,51,[1.818681  1.4862188 0.56582  ],"[[ 0.49017945 -0.1615793  -0.7093305 ]
 [ 0.5623333   0.65652806 -0.09506799]
 [-0.44165364  0.7336237  -0.13491137]
 [-0.4984447  -0.06825791 -0.68528175]]","[[ 0.74076986  0.22899586 -0.6315227 ]
 [ 0.08140635  0.9025732   0.42277005]
 [-0.66680807  0.36458528 -0.6499575 ]]"
20200222-003539.465762,52,[1.8284397 1.486067  0.5627795],"[[ 0.48983896 -0.16676082 -0.7085658 ]
 [ 0.5642882   0.65411055 -0.09834391]
 [-0.43941176  0.7343864  -0.13927917]
 [-0.49855176 -0.07075934 -0.68473667]]","[[ 0.74197507  0.22439681 -0.631759  ]
 [ 0.08434228  0.90359324  0.42000705]
 [-0.66510135  0.36491862 -0.65151733]]"
20200222-003539.465762,53,[1.8372322 1.4954069 0.5591436],"[[ 0.48912606 -0.17247887 -0.7077771 ]
 [ 0.56830704  0.65018183 -0.10057057]
 [-0.43482798  0.7365787  -0.14245905]
 [-0.4987061  -0.07047416 -0.68457526]]","[[ 0.74413264  0.21942492 -0.6309672 ]
 [ 0.08998716  0.90298307  0.42014775]
 [-0.66194355  0.3694246  -0.6521936 ]]"
20200222-003539.465762,54,[1.8449904  1.4968352  0.55630934],"[[ 0.48945865 -0.17102048 -0.70794666]
 [ 0.5616899   0.6551857  -0.10473818]
 [-0.4423033   0.7316338  -0.14519031]
 [-0.4993021  -0.07871129 -0.68319947]]","[[ 0.74051756  0.22593798 -0.6329186 ]
 [ 0.08111469  0.9048562   0.417918  ]
 [-0.6671239   0.36081454 -0.6517352 ]]"
20200222-003539.465762,55,[1.8530068 1.4941145 0.5538422],"[[ 0.4900817  -0.16976762 -0.70771426]
 [ 0.55465156  0.6605185  -0.10928619]
 [-0.45017853  0.7261085  -0.14826913]
 [-0.49952072 -0.0875255  -0.68206555]]","[[ 0.7368609   0.23192163 -0.63501847]
 [ 0.07170353  0.90720516  0.41453296]
 [-0.6722311   0.35098627 -0.65185446]]"
20200222-003539.465762,56,[1.8619014 1.4906354 0.5514309],"[[ 0.4907035  -0.1687751  -0.7074267 ]
 [ 0.54788333  0.66547567 -0.11380817]
 [-0.45758915  0.72071224 -0.15135624]
 [-0.49964592 -0.09607942 -0.68094516]]","[[ 0.73330414  0.23730883 -0.6371416 ]
 [ 0.06271894  0.90950364  0.4109373 ]
 [-0.6770017   0.34130293 -0.6520591 ]]"
20200222-003539.465762,57,[1.8693271 1.4926862 0.548702 ],"[[ 0.49158442 -0.1622792  -0.70812416]
 [ 0.5340493   0.6759811  -0.11892146]
 [-0.47243598  0.7105311  -0.1526728 ]
 [-0.4999404  -0.10890741 -0.67905027]]","[[ 0.72530055  0.2522083  -0.6405702 ]
 [ 0.04423304  0.91148126  0.40895662]
 [-0.6870099   0.3249509  -0.64994186]]"
20200222-003539.465762,58,[1.8789433 1.4918338 0.545407 ],"[[ 0.49109462 -0.17118123 -0.7065636 ]
 [ 0.5410162   0.6696696  -0.12172218]
 [-0.4650037   0.7145347  -0.1578881 ]
 [-0.49989888 -0.10807243 -0.6789867 ]]","[[ 0.7295703   0.24177878 -0.6397424 ]
 [ 0.0537138   0.91227794  0.40603438]
 [-0.68179315  0.33059356 -0.6525842 ]]"
20200222-003539.465762,59,[1.8879563  1.4914464  0.54222053],"[[ 0.49097282 -0.17390436 -0.7061716 ]
 [ 0.53951657  0.6699299  -0.12559433]
 [-0.46657866  0.7128595  -0.16173822]
 [-0.5001721  -0.11305952 -0.6777822 ]]","[[ 0.7286433   0.24150532 -0.6409013 ]
 [ 0.05185869  0.913627    0.4032326 ]
 [-0.6829275   0.32704887 -0.65318394]]"
20200222-003539.465762,60,[1.8969675  1.4924603  0.53964144],"[[ 0.49046865 -0.17868933 -0.7056482 ]
 [ 0.5422449   0.66687864 -0.12797484]
 [-0.46363503  0.7143324  -0.16540278]
 [-0.5004534  -0.114335   -0.6769973 ]]","[[ 0.7301167   0.2368934  -0.6409456 ]
 [ 0.05567799  0.9142409   0.40132743]
 [-0.6810505   0.32870236 -0.6543127 ]]"
20200222-003539.465762,61,[1.9062296  1.4866805  0.53629863],"[[ 0.49098456 -0.17954762  0.7049785 ]
 [ 0.53632355  0.67063934  0.13360906]
 [-0.46995443  0.7090831   0.16963026]
 [-0.50043416 -0.12331746  0.67555857]]","[[ 0.72688276  0.24030794  0.64334553]
 [ 0.04787894  0.9167699  -0.39653552]
 [-0.6850906   0.31903747  0.6548786 ]]"
20200222-003539.465762,62,[1.9160284  1.4861137  0.53321373],"[[ 0.4905208  -0.18751764  0.7034039 ]
 [ 0.5424734   0.6649497   0.1360755 ]
 [-0.46335742  0.712479    0.17445089]
 [-0.500412   -0.12269109  0.6754801 ]]","[[ 0.73072547  0.23094507  0.642421  ]
 [ 0.05635563  0.917421   -0.3939074 ]
 [-0.6803414   0.3240422   0.6573677 ]]"
20200222-003539.465762,63,[1.9252849  1.4819174  0.53054124],"[[ 0.49066344 -0.19013642  0.70262474]
 [ 0.5404833   0.665661    0.14019912]
 [-0.465498    0.7101685   0.17833917]
 [-0.5004383  -0.12808037  0.6744312 ]]","[[ 0.7297443   0.23042043  0.6437232 ]
 [ 0.05385682  0.9192037  -0.39008203]
 [-0.6815957   0.31932908  0.6583741 ]]"
20200222-003539.465762,64,[1.9345355  1.4793352  0.52841663],"[[ 0.4904407  -0.1946428   0.7017007 ]
 [ 0.54241115  0.6633162   0.1428615 ]
 [-0.46344078  0.71078634  0.1821045 ]
 [-0.5004801  -0.13003135  0.6738283 ]]","[[ 0.73100567  0.22589388  0.6438964 ]
 [ 0.05663924  0.9202733  -0.3871549 ]
 [-0.6800166   0.3194822   0.6599305 ]]"
20200222-003539.465762,65,[1.9436936 1.4798023 0.5254502],"[[ 0.49063295 -0.19709376  0.70079595]
 [ 0.5409527   0.66382605  0.14638992]
 [-0.46500394  0.7088364   0.18531428]
 [-0.50042075 -0.13431501  0.67313695]]","[[ 0.7304157   0.2257828   0.6446047 ]
 [ 0.05481907  0.9213559  -0.38483584]
 [-0.6807994   0.31642678  0.6605955 ]]"
20200222-003539.465762,66,[1.9519256 1.4861963 0.5228061],"[[ 0.490843   -0.19638127  0.7007977 ]
 [ 0.5369565   0.6665174   0.14910622]
 [-0.46926248  0.7055856   0.18667284]
 [-0.50054324 -0.13906147  0.67216307]]","[[ 0.72804606  0.23046175  0.6456286 ]
 [ 0.04946438  0.9216821  -0.38477963]
 [-0.6837414   0.31207293  0.6596274 ]]"
20200222-003539.465762,67,[1.9621966 1.4814739 0.5203216],"[[ 0.49102488 -0.19890946  0.69999206]
 [ 0.53510845  0.66705257  0.1530175 ]
 [-0.4711838   0.7033551   0.1903404 ]
 [-0.5005395  -0.14411175  0.6710942 ]]","[[ 0.7271455   0.22968322  0.64691985]
 [ 0.04718182  0.9234184  -0.38088423]
 [-0.6848603   0.30748114  0.6606224 ]]"
20200222-003539.465762,68,[1.9719845 1.4868883 0.5176993],"[[ 0.49032953 -0.20750053  0.6981588 ]
 [ 0.5444765   0.65916157  0.15324783]
 [-0.46113715  0.7091923   0.19411568]
 [-0.500475   -0.13962851  0.67186916]]","[[ 0.7330085   0.21819651  0.6442741 ]
 [ 0.06004228  0.9227043  -0.38080433]
 [-0.6775645   0.3178164   0.6632489 ]]"
20200222-003539.465762,69,[1.9810933 1.4927953 0.5151351],"[[ 0.49022287 -0.21134204  0.69700885]
 [ 0.5470339   0.65678257  0.15469733]
 [-0.45836428  0.7102574   0.1964982 ]
 [-0.500338   -0.1396638   0.6720391 ]]","[[ 0.7348205   0.21488388  0.6433226 ]
 [ 0.06364375  0.9224578  -0.38081658]
 [-0.67526925  0.32077524  0.66416484]]"
20200222-003539.465762,70,[1.990353   1.4929886  0.51246226],"[[ 0.4901195  -0.21325754  0.69666255]
 [ 0.54551435  0.6570879   0.1578435 ]
 [-0.4599802   0.70857024  0.19945201]
 [-0.5006146  -0.14382097  0.6707948 ]]","[[ 0.73387873  0.21513851  0.6443117 ]
 [ 0.06174713  0.92346567 -0.37868002]
 [-0.6764683   0.3176897   0.6644276 ]]"
20200222-003539.465762,71,[2.0004861  1.4969165  0.50949377],"[[ 0.48968473 -0.21954815  0.6950449 ]
 [ 0.550705    0.65233463  0.15934688]
 [-0.45429373  0.71127653  0.20296325]
 [-0.5005498  -0.14263117  0.67106414]]","[[ 0.7372522   0.2079559   0.6428169 ]
 [ 0.06908298  0.9232601  -0.37791324]
 [-0.6720764   0.32302502  0.6663093 ]]"
20200222-003539.465762,72,[2.0087612 1.5022789 0.5064563],"[[ 0.49012005 -0.216836    0.69554085]
 [ 0.54331523  0.65761113  0.16319892]
 [-0.46231666  0.70566976  0.20409429]
 [-0.5008534  -0.15020062  0.6692794 ]]","[[ 0.7327985   0.216509    0.6450815 ]
 [ 0.05906641  0.92420936 -0.37729082]
 [-0.6778773   0.31458083  0.664471  ]]"
20200222-003539.465762,73,[2.019207  1.5007256 0.5032669],"[[ 0.48985663 -0.22138934  0.6944376 ]
 [ 0.5445873   0.6555526   0.16644382]
 [-0.46091637  0.70557106  0.20817727]
 [-0.5010202  -0.15299286  0.6683676 ]]","[[ 0.73367834  0.21272206  0.64534134]
 [ 0.06106365  0.92525035 -0.3744102 ]
 [-0.67674756  0.31410357  0.66584665]]"
20200222-003539.465762,74,[2.028588   1.5011259  0.50077844],"[[ 0.49010122 -0.22324908  0.69357204]
 [ 0.5431523   0.65608144  0.16941182]
 [-0.46246117  0.7036804   0.2107678 ]
 [-0.50091517 -0.15668795  0.66770786]]","[[ 0.73310447  0.21291317  0.6459302 ]
 [ 0.05924738  0.9261322  -0.37251738]
 [-0.6775305   0.3113639   0.6663371 ]]"
20200222-003539.465762,75,[2.038018  1.5039248 0.4993808],"[[ 0.49032494 -0.2239809   0.69311035]
 [ 0.5420746   0.6566265   0.17099218]
 [-0.46361154  0.702455    0.2120752 ]
 [-0.5007999  -0.15884402  0.66737086]]","[[ 0.7327039   0.21365     0.64614135]
 [ 0.05788484  0.92643785 -0.37197116]
 [-0.6780813   0.30994654  0.6664375 ]]"
20200222-003539.465762,76,[2.047595   1.5014515  0.49770442],"[[ 0.49012995 -0.2275964   0.6922169 ]
 [ 0.54361564  0.6546054   0.17307025]
 [-0.46196446  0.7028092   0.21520662]
 [-0.50084335 -0.16047144  0.6667597 ]]","[[ 0.73374563  0.20989683  0.64618933]
 [ 0.06015756  0.9272776  -0.3695092 ]
 [-0.67675596  0.30999893  0.667759  ]]"
20200222-003539.465762,77,[2.056089   1.5037518  0.49582055],"[[ 0.49029925 -0.2267815   0.69242567]
 [ 0.53966886  0.65707     0.17573254]
 [-0.46620193  0.6996663   0.21652967]
 [-0.5010193  -0.1652161   0.665417  ]]","[[ 0.73128194  0.2139834   0.64764017]
 [ 0.05483167  0.9279982  -0.36852798]
 [-0.6798678   0.30500913  0.6668953 ]]"
20200222-003539.465762,78,[2.0657623 1.5001704 0.4937079],"[[ 0.49045604 -0.22881307  0.6916654 ]
 [ 0.53807026  0.65744424  0.17901635]
 [-0.46791095  0.69763345  0.21953389]
 [-0.5009918  -0.16946757  0.6643474 ]]","[[ 0.73047686  0.2135445   0.6486928 ]
 [ 0.05280871  0.929351   -0.3654014 ]
 [-0.6808927   0.30117396  0.6675923 ]]"
20200222-003539.465762,79,[2.0743752  1.5025321  0.49188724],"[[ 0.49059364 -0.22810037  0.6918687 ]
 [ 0.53435904  0.6596776   0.18156336]
 [-0.4718498   0.6946504   0.22079161]
 [-0.50113523 -0.17394608  0.66302615]]","[[ 0.72810405  0.21737012  0.6500884 ]
 [ 0.04780839  0.9299749  -0.3645016 ]
 [-0.68379754  0.29647478  0.66672623]]"
20200222-003539.465762,80,[2.082826  1.5091373 0.4897979],"[[ 0.49081224 -0.22712724  0.6919881 ]
 [ 0.5309515   0.6619135   0.18358798]
 [-0.47542778  0.6919193   0.22144611]
 [-0.50116086 -0.17756902  0.6621248 ]]","[[ 0.72601247  0.22175285  0.65094686]
 [ 0.04322499  0.92999434 -0.36502323]
 [-0.68632185  0.29314858  0.6656023 ]]"
20200222-003539.465762,81,[2.0926344 1.5054009 0.4878223],"[[ 0.4909325  -0.22929002  0.6912116 ]
 [ 0.52970386  0.66198593  0.18670942]
 [-0.47673756  0.69013155  0.22435361]
 [-0.50111854 -0.18143633  0.6610836 ]]","[[ 0.725373    0.22094159  0.6519347 ]
 [ 0.04166887  0.9312589  -0.3619677 ]
 [-0.6870935   0.28972694  0.66630375]]"
20200222-003539.465762,82,[2.1025097 1.5088499 0.4847283],"[[ 0.49103138 -0.22948563  0.69115424]
 [ 0.5261742   0.6637826   0.18994795]
 [-0.48038164  0.687006    0.22631325]
 [-0.50126076 -0.18641864  0.65955156]]","[[ 0.7230628   0.224369    0.653329  ]
 [ 0.03697695  0.93185383 -0.36094487]
 [-0.68979204  0.2851439   0.66549236]]"
20200222-003539.465762,83,[2.1119292  1.5107948  0.48301888],"[[ 0.49058184 -0.23273484  0.6906752 ]
 [ 0.5284774   0.6612716   0.19108635]
 [-0.47796816  0.6882453   0.2287371 ]
 [-0.50158507 -0.18674344  0.658888  ]]","[[ 0.72434384  0.22107577  0.65303266]
 [ 0.04018043  0.9320478  -0.36010072]
 [-0.6882672   0.28707588  0.66624004]]"
20200222-003539.465762,84,[2.121885   1.5120813  0.48143676],"[[ 0.49075663 -0.23209138  0.6908387 ]
 [ 0.5249905   0.6632608   0.19345208]
 [-0.4815589   0.68540525  0.22988153]
 [-0.50164145 -0.19088858  0.6576268 ]]","[[ 0.72208035  0.22438253  0.6544101 ]
 [ 0.03552856  0.9326642  -0.358992  ]
 [-0.69089645  0.2824713   0.66548645]]"
20200222-003539.465762,85,[2.1329389 1.509567  0.478271 ],"[[ 0.49085546 -0.23513593  0.68977946]
 [ 0.52409524  0.66282606  0.19710863]
 [-0.48245177  0.68361306  0.23343255]
 [-0.501623   -0.19505496  0.656401  ]]","[[ 0.7216243   0.22313565  0.6553389 ]
 [ 0.03443104  0.93389225 -0.35589352]
 [-0.69142836  0.27938548  0.6662365 ]]"
20200222-003539.465762,86,[2.1421745  1.5157145  0.47643778],"[[ 0.49055362 -0.2378777   0.68922603]
 [ 0.5265569   0.660522    0.1975948 ]
 [-0.47986796  0.68504244  0.23515487]
 [-0.50181854 -0.19453098  0.656221  ]]","[[ 0.7231532   0.22067395  0.6544864 ]
 [ 0.03782214  0.9335127  -0.3565438 ]
 [-0.68965137  0.28258988  0.66672635]]"
20200222-003539.465762,87,[2.1532974 1.5110289 0.4747764],"[[ 0.4907231  -0.23997603  0.6884069 ]
 [ 0.52552927  0.66041964  0.20043872]
 [-0.4809004   0.68341285  0.23787305]
 [-0.50174177 -0.19800127  0.65523803]]","[[ 0.72264713  0.21949533  0.65544134]
 [ 0.0365443   0.93478364 -0.35333323]
 [-0.69025064  0.27928784  0.6674973 ]]"
20200222-003539.465762,88,[2.1636236  1.5130349  0.47336984],"[[ 0.49102238 -0.23925734  0.68838155]
 [ 0.5222395   0.6624291   0.20258467]
 [-0.48429394  0.68064016  0.23868671]
 [-0.50161994 -0.2016747   0.65430814]]","[[ 0.72063315  0.22276226  0.65655535]
 [ 0.03216     0.9352183  -0.35260817]
 [-0.69257045  0.27521592  0.6667851 ]]"
20200222-003539.465762,89,[2.1732645  1.5167058  0.47245866],"[[ 0.49153155 -0.23632778  0.6888759 ]
 [ 0.516558    0.66639876  0.20465979]
 [-0.49012655  0.6763802   0.2383335 ]
 [-0.50133866 -0.20632914  0.6532697 ]]","[[ 0.71703964  0.22937694  0.65821004]
 [ 0.02448881  0.93543047 -0.3526618 ]
 [-0.6966021   0.2689913   0.6651234 ]]"
20200222-003539.465762,90,[2.1838982  1.5245479  0.47185388],"[[ 0.49150324 -0.23777077  0.6884524 ]
 [ 0.51904863  0.6646528   0.20382735]
 [-0.48754162  0.6781537   0.23875046]
 [-0.50131494 -0.20447408  0.6538244 ]]","[[ 0.7188091   0.22766535  0.65687305]
 [ 0.02786033  0.9346664  -0.35443294]
 [-0.6946492   0.27307034  0.66550386]]"
20200222-003539.465762,91,[2.1933644  1.526709   0.47032854],"[[ 0.49146622 -0.24081406  0.6874534 ]
 [ 0.52126086  0.6625628   0.20479757]
 [-0.485268    0.67910236  0.24088632]
 [-0.5012611  -0.20454533  0.6537883 ]]","[[ 0.7204146   0.22453633  0.6561908 ]
 [ 0.03089496  0.93481284 -0.35379428]
 [-0.69285524  0.27515152  0.6665156 ]]"
20200222-003539.465762,92,[2.2032614  1.5292789  0.46940598],"[[ 0.49131134 -0.2414521   0.6875286 ]
 [ 0.5208442   0.66236156  0.20575409]
 [-0.48567212  0.67866325  0.24191615]
 [-0.50145507 -0.20589876  0.65302885]]","[[ 0.7200019   0.22485174  0.6565357 ]
 [ 0.03038304  0.9349341  -0.35351834]
 [-0.69330686  0.27448136  0.66632265]]"
20200222-003539.465762,93,[2.212299   1.5315816  0.46792716],"[[ 0.49136192 -0.24091488  0.6877565 ]
 [ 0.5178322   0.6639619   0.20785819]
 [-0.4887617   0.6761937   0.24284106]
 [-0.5015231  -0.20946825  0.65177786]]","[[ 0.71791714  0.22795096  0.6577487 ]
 [ 0.02635428  0.93528956 -0.35290098]
 [-0.69562966  0.2706882   0.6654527 ]]"
20200222-003539.465762,94,[2.2222378  1.5320662  0.46604156],"[[ 0.4912111  -0.2426676   0.687421  ]
 [ 0.5174222   0.66342604  0.20988883]
 [-0.4891594   0.6753516   0.24493358]
 [-0.501706   -0.21184552  0.6506967 ]]","[[ 0.7175166   0.22747383  0.6583506 ]
 [ 0.02586144  0.9358191  -0.35153058]
 [-0.69606113  0.26925492  0.6655829 ]]"
20200222-003539.465762,95,[2.232897  1.5335203 0.4645776],"[[ 0.49148336 -0.24225202  0.68732613]
 [ 0.5144085   0.6651088   0.21207494]
 [-0.49221554  0.6727098   0.24589594]
 [-0.50154907 -0.21541953  0.6497245 ]]","[[ 0.7156198   0.23023006  0.6594559 ]
 [ 0.02186299  0.936271   -0.35059705]
 [-0.69814765  0.26531193  0.66498065]]"
20200222-003539.465762,96,[2.2428923 1.5339385 0.4627825],"[[ 0.49133152 -0.2440099   0.6869878 ]
 [ 0.5141068   0.66450214  0.21401477]
 [-0.4925014   0.67195415  0.24793963]
 [-0.50172675 -0.21765426  0.648669  ]]","[[ 0.7152778   0.22966367  0.6600245 ]
 [ 0.02149935  0.9367782  -0.34926268]
 [-0.6985094   0.26401004  0.66511893]]"
20200222-003539.465762,97,[2.2520773  1.5362772  0.46140975],"[[ 0.49137026 -0.24355268  0.68719524]
 [ 0.51132303  0.66591215  0.21598497]
 [-0.49532124  0.6696427   0.2487946 ]
 [-0.50175816 -0.22095652  0.64746755]]","[[ 0.71330214  0.2325263   0.6611594 ]
 [ 0.01777891  0.93705195 -0.34873718]
 [-0.70063126  0.26050964  0.66426706]]"
20200222-003539.465762,98,[2.2607768  1.5468003  0.45960653],"[[ 0.4913875  -0.24216118  0.68777937]
 [ 0.50878805  0.66748035  0.21679519]
 [-0.49783126  0.66791403  0.2485889 ]
 [-0.501834   -0.22297701  0.6466551 ]]","[[ 0.71145934  0.23701717  0.6615502 ]
 [ 0.01439778  0.9362898  -0.35093358]
 [-0.70257986  0.25919977  0.6627194 ]]"
20200222-003539.465762,99,[2.27081    1.5471781  0.45787936],"[[ 0.4916341  -0.24402955  0.68687385]
 [ 0.50863695  0.6670384   0.21868183]
 [-0.49796253  0.66701233  0.2505487 ]
 [-0.50161505 -0.22495349  0.64622563]]","[[ 0.7115625   0.23620209  0.6617305 ]
 [ 0.01420356  0.9367727  -0.3496504 ]
 [-0.70247924  0.25819713  0.6632175 ]]"
20200222-003539.465762,100,[2.2804408  1.5452281  0.45681724],"[[ 0.49186772 -0.24417189  0.68660027]
 [ 0.50595915  0.6683005   0.22112888]
 [-0.50066423  0.66444486  0.2518875 ]
 [-0.50140464 -0.22862035  0.64516276]]","[[ 0.7098095   0.23790857  0.6630007 ]
 [ 0.01061592  0.937516   -0.34777993]
 [-0.70431364  0.25389585  0.6629322 ]]"
20200222-003539.465762,101,[2.2899082  1.5473175  0.45557222],"[[ 0.49150008 -0.24706985  0.68611115]
 [ 0.50848866  0.66584283  0.22170429]
 [-0.498134    0.6659246   0.25396672]
 [-0.5017267  -0.22837321  0.6446705 ]]","[[ 0.7112903   0.2347899   0.6625255 ]
 [ 0.01396622  0.9376552  -0.34728616]
 [-0.70275974  0.2562743   0.66366583]]"
20200222-003539.465762,102,[2.3010585 1.5419406 0.4537264],"[[ 0.49135968 -0.251436    0.6847546 ]
 [ 0.5106757   0.6632139   0.22399257]
 [-0.49591628  0.66640985  0.2575179 ]
 [-0.50184    -0.22983786  0.64391255]]","[[ 0.71276414  0.22992581  0.6626476 ]
 [ 0.01692501  0.9388314  -0.3439612 ]
 [-0.7011999   0.25637844  0.66527367]]"
20200222-003539.465762,103,[2.3103483 1.5444936 0.4525004],"[[ 0.49177828 -0.2509749   0.6844609 ]
 [ 0.50801873  0.6647959   0.22583342]
 [-0.4985851   0.66397524  0.25816184]
 [-0.5014817  -0.23279701  0.64332336]]","[[ 0.71120423  0.23260471  0.6633881 ]
 [ 0.0133789   0.9390229  -0.34359422]
 [-0.70285827  0.25324106  0.664725  ]]"
20200222-003539.465762,104,[2.3194206  1.5509645  0.45110443],"[[ 0.49200526 -0.25004604  0.6846115 ]
 [ 0.50554717  0.6662949   0.22703953]
 [-0.5010334   0.6620043   0.2583229 ]
 [-0.50131696 -0.23511414  0.6426739 ]]","[[ 0.70957315  0.23607731  0.6639077 ]
 [ 0.01007554  0.93870956 -0.34456196]
 [-0.7045598   0.25118113  0.6637042 ]]"
20200222-003539.465762,105,[2.3303022  1.5495924  0.44916686],"[[ 0.4920639  -0.25383982  0.68319446]
 [ 0.5078083   0.66395646  0.22869173]
 [-0.49873295  0.6626459   0.26122397]
 [-0.50126743 -0.23585446  0.6424234 ]]","[[ 0.7112772   0.23208356  0.6634923 ]
 [ 0.01312404  0.9393706  -0.3426526 ]
 [-0.7027891   0.25242865  0.665107  ]]"
20200222-003539.465762,106,[2.3397322  1.5519408  0.44803244],"[[ 0.49208286 -0.25343812  0.68341684]
 [ 0.5054214   0.6650829   0.23036528]
 [-0.50111866  0.6606626   0.26192653]
 [-0.5012821  -0.23866001  0.6413015 ]]","[[ 0.7095102   0.23458585  0.66450346]
 [ 0.00992388  0.93954605 -0.34227863]
 [-0.70462537  0.24944463  0.6642896 ]]"
20200222-003539.465762,107,[2.3509438 1.5534573 0.4470882],"[[ 0.49194682 -0.25601166  0.6826891 ]
 [ 0.5077279   0.66300225  0.23079471]
 [-0.49879736  0.66189855  0.2636988 ]
 [-0.50139976 -0.23827799  0.64119583]]","[[ 0.7110608   0.23159671  0.66389424]
 [ 0.01300123  0.9397057  -0.34173718]
 [-0.7030104   0.25162736  0.66517687]]"
20200222-003539.465762,108,[2.3612928  1.553773   0.44560504],"[[ 0.49181166 -0.2606919   0.6811257 ]
 [ 0.512289    0.65917325  0.23124547]
 [-0.4941814   0.6643572   0.2666492 ]
 [-0.50146365 -0.23698024  0.6414761 ]]","[[ 0.71427435  0.22553724  0.66252935]
 [ 0.0191166   0.9400115  -0.34060702]
 [-0.69960463  0.2559522   0.66711473]]"
20200222-003539.465762,109,[2.3724115  1.550812   0.44485554],"[[ 0.49206048 -0.26065773  0.6808966 ]
 [ 0.5095845   0.66048145  0.23358782]
 [-0.49689606  0.6618156   0.26774222]
 [-0.50129265 -0.24046203  0.6404144 ]]","[[ 0.71253073  0.22707649  0.66387975]
 [ 0.01554777  0.94083935 -0.33849603]
 [-0.70146877  0.25151074  0.66684633]]"
20200222-003539.465762,110,[2.383826   1.5543694  0.44491145],"[[ 0.49192017 -0.26205587  0.6805971 ]
 [ 0.5117377   0.6588538   0.23298708]
 [-0.49470642  0.66335547  0.26843992]
 [-0.501403   -0.23916149  0.6406597 ]]","[[ 0.71397126  0.22499211  0.6630415 ]
 [ 0.01843515  0.9405962  -0.33902693]
 [-0.69993263  0.25427872  0.66741073]]"
20200222-003539.465762,111,[2.3940713 1.5570942 0.4443746],"[[ 0.49175018 -0.26257324  0.68069124]
 [ 0.51162064  0.6585281   0.23355913]
 [-0.49480397  0.6631917   0.2691559 ]
 [-0.5015922  -0.23994327  0.6400505 ]]","[[ 0.71372336  0.22516608  0.66324884]
 [ 0.01829633  0.94060344 -0.33901381]
 [-0.7001885   0.2540971   0.66721106]]"
20200222-003539.465762,112,[2.4040246  1.5552953  0.44353417],"[[ 0.49160942 -0.2655489   0.6797619 ]
 [ 0.5136651   0.6563894   0.23458715]
 [-0.4927496   0.66398853  0.27148122]
 [-0.5016636  -0.24032444  0.6396803 ]]","[[ 0.7150929   0.22164339  0.6629605 ]
 [ 0.02103479  0.94114906 -0.33733726]
 [-0.69871306  0.2551727   0.66834664]]"
20200222-003539.465762,113,[2.413327   1.5617383  0.44228524],"[[ 0.49144286 -0.26750416  0.6792606 ]
 [ 0.5158631   0.6545365   0.23446025]
 [-0.49048504  0.6653472   0.2726857 ]
 [-0.50179046 -0.23945148  0.6397468 ]]","[[ 0.7165417   0.21988343  0.6619814 ]
 [ 0.02398814  0.9406883  -0.33842376]
 [-0.6971318   0.2583745   0.6687676 ]]"
20200222-003539.465762,114,[2.4239316  1.5582466  0.44109353],"[[ 0.49149784 -0.2693589   0.67850083]
 [ 0.5154025   0.6540593   0.2366483 ]
 [-0.49095628  0.664183    0.27479103]
 [-0.5017491  -0.24189451  0.63884616]]","[[ 0.7162851   0.218676    0.66265875]
 [ 0.02342504  0.941559   -0.33603325]
 [-0.6974146   0.25621837  0.66930205]]"
20200222-003539.465762,115,[2.4349918 1.561326  0.4406906],"[[ 0.4911738  -0.27257594  0.67765397]
 [ 0.5196524   0.6507083   0.23588601]
 [-0.48659876  0.6669702   0.27650994]
 [-0.5019279  -0.23964992  0.6392853 ]]","[[ 0.7190985   0.21393459  0.6611579 ]
 [ 0.02914842  0.94130844 -0.33628735]
 [-0.6942967   0.26109537  0.6706574 ]]"
20200222-003539.465762,116,[2.4455779  1.5648451  0.44026598],"[[ 0.4911846  -0.2728363   0.67756945]
 [ 0.519384    0.6506995   0.23636347]
 [-0.4868763   0.666634    0.27695072]
 [-0.5019255  -0.2403113   0.63900775]]","[[ 0.7189345   0.21444933  0.66116935]
 [ 0.02882263  0.94120026 -0.3366179 ]
 [-0.69448006  0.26106286  0.67048025]]"
20200222-003539.465762,117,[2.4567845  1.5618132  0.43962887],"[[ 0.49143842 -0.27269527  0.6773684 ]
 [ 0.5166438   0.6520831   0.23868072]
 [-0.4896728   0.6640902   0.27792296]
