Timestamp,Epoch,s,u,v
20200221-015323.027903,0,[1.832407  1.4209594 0.7621193],"[[ 0.26041713 -0.499968    0.6574378 ]
 [ 0.6575961  -0.49979997 -0.2603032 ]
 [ 0.6573341   0.5002001  -0.2602338 ]
 [ 0.26011977  0.500032    0.65749264]]","[[ 4.9548435e-01 -7.0700157e-01  5.0462258e-01]
 [ 7.1369261e-01  2.2077198e-04 -7.0045900e-01]
 [ 4.9511424e-01  7.0721197e-01  5.0469130e-01]]"
20200221-015323.027903,1,[1.8040842  1.4276736  0.75902146],"[[ 0.25291103 -0.49884817  0.6613497 ]
 [ 0.6643291  -0.49590024 -0.25007626]
 [ 0.658731    0.5040989  -0.2493684 ]
 [ 0.2465289   0.50111663  0.66173565]]","[[ 0.4936032  -0.7049208   0.50935507]
 [ 0.7210244   0.00421249 -0.69289696]
 [ 0.48629186  0.70927346  0.5103445 ]]"
20200221-015323.027903,2,[1.7813565 1.4344873 0.7554365],"[[ 0.2386129   0.49999815  0.6656108 ]
 [ 0.66559434  0.5000596  -0.23865221]
 [ 0.66563416 -0.49997202 -0.23866384]
 [ 0.23870307 -0.4999703   0.665618  ]]","[[ 4.8441216e-01  7.0714921e-01  5.1505822e-01]
 [ 7.2839695e-01  7.1653172e-05 -6.8515563e-01]
 [ 4.8454413e-01 -7.0706433e-01  5.1505065e-01]]"
20200221-015323.027903,3,[1.7673169 1.4410592 0.7525938],"[[ 0.22594483  0.5011918   0.6691091 ]
 [ 0.66490066  0.50530964 -0.2293932 ]
 [ 0.67251533 -0.49472812 -0.23017938]
 [ 0.23362221 -0.49871162  0.6683488 ]]","[[ 0.47537938  0.70983833  0.519754  ]
 [ 0.73407215  0.00560035 -0.6790486 ]
 [ 0.48492554 -0.7043425   0.5184102 ]]"
20200221-015323.027903,4,[1.7431998 1.4481449 0.7482157],"[[ 0.21309583  0.50124204  0.67326933]
 [ 0.6685671   0.505963   -0.21697137]
 [ 0.6770934  -0.4940666  -0.21783493]
 [ 0.22170435 -0.4986539   0.67244303]]","[[ 0.4684317   0.7101881   0.5255516 ]
 [ 0.7421986   0.00637711 -0.67014956]
 [ 0.47928375 -0.7039831   0.52411336]]"
20200221-015323.027903,5,[1.7335815 1.4549702 0.7456059],"[[ 0.20484911  0.5012778   0.6759434 ]
 [ 0.6701185   0.5069753  -0.20919079]
 [ 0.680429   -0.49305746 -0.21012764]
 [ 0.21446359 -0.49858934  0.67467505]]","[[ 0.46371529  0.7106201   0.5291382 ]
 [ 0.7470045   0.00754434 -0.6647763 ]
 [ 0.4763955  -0.7035355   0.5273379 ]]"
20200221-015323.027903,6,[1.7163578  1.4618399  0.74287415],"[[ 0.20046052  0.5000111   0.6783303 ]
 [ 0.6764169   0.5016563  -0.20110035]
 [ 0.6793463  -0.49848092 -0.20126209]
 [ 0.20190208 -0.49984697  0.6774366 ]]","[[ 0.46414277  0.7077587   0.53258723]
 [ 0.75268245  0.00182736 -0.65838116]
 [ 0.46694824 -0.706452    0.53186935]]"
20200221-015323.027903,7,[1.7101839 1.4685421 0.7392296],"[[ 0.19650666 -0.49860692  0.6803596 ]
 [ 0.6847297  -0.49399245 -0.19233318]
 [ 0.6763243   0.5061355  -0.1915738 ]
 [ 0.18739264  0.5011884   0.6807484 ]]","[[ 0.46683767 -0.70383036  0.53543   ]
 [ 0.757962    0.00653917 -0.65226597]
 [ 0.45558327  0.71033806  0.5365293 ]]"
20200221-015323.027903,8,[1.6894312 1.4759204 0.7343069],"[[ 0.18461953 -0.49852866  0.68374336]
 [ 0.6886797  -0.4931801  -0.1798956 ]
 [ 0.67914265  0.5069368  -0.17909351]
 [ 0.17435975  0.5012564   0.6841481 ]]","[[ 0.46110365 -0.7033758   0.5409674 ]
 [ 0.76582015  0.00749888 -0.64301115]
 [ 0.44822183  0.71077853  0.5421171 ]]"
20200221-015323.027903,9,[1.6764103  1.4830135  0.73032945],"[[ 0.17448027 -0.49853098  0.68653584]
 [ 0.6907221  -0.49367353 -0.16985872]
 [ 0.68219894  0.50647306 -0.16914478]
 [ 0.16451222  0.501237    0.68644524]]","[[ 0.45557544 -0.70351934  0.54544634]
 [ 0.7718908   0.00697218 -0.6357169 ]
 [ 0.44343612  0.7106421   0.54621655]]"
20200221-015323.027903,10,[1.6612192  1.4903114  0.72565347],"[[ 0.15653643  0.50012547  0.68967795]
 [ 0.68676764  0.503021   -0.15813819]
 [ 0.6915594  -0.49715072 -0.15837318]
 [ 0.15997522 -0.49968532  0.6886615 ]]","[[ 0.44085965  0.7084943   0.5510703 ]
 [ 0.77872866  0.00339404 -0.6273515 ]
 [ 0.4463454  -0.7057082   0.5502286 ]]"
20200221-015323.027903,11,[1.6489682  1.4975988  0.72151077],"[[ 0.14624175  0.50015396  0.69189745]
 [ 0.6885399   0.5036324  -0.14824992]
 [ 0.6941655  -0.4965762  -0.14852469]
 [ 0.15053348 -0.49961224  0.6908262 ]]","[[ 0.43506065  0.70881504  0.5552508 ]
 [ 0.7846005   0.00409147 -0.6199882 ]
 [ 0.4417288  -0.70538235  0.5543567 ]]"
20200221-015323.027903,12,[1.634603  1.5051081 0.7166966],"[[ 0.14352357 -0.49830464  0.69395286]
 [ 0.6987277  -0.4922384  -0.13768342]
 [ 0.68846357  0.5079537  -0.13700062]
 [ 0.13114241  0.5013748   0.6933276 ]]","[[ 0.44006377 -0.7025684   0.55923283]
 [ 0.79112226  0.00871057 -0.6115959 ]
 [ 0.4248169   0.71156275  0.5596507 ]]"
20200221-015323.027903,13,[1.6269788 1.512278  0.7130271],"[[ 0.12635912  0.5002213   0.6955726 ]
 [ 0.6923955   0.5039731  -0.12879747]
 [ 0.69808406 -0.49630025 -0.12909417]
 [ 0.1315322  -0.49947533  0.6949278 ]]","[[ 0.4243429   0.70912856  0.56308943]
 [ 0.7958872   0.00448598 -0.6054284 ]
 [ 0.43185264 -0.7050648   0.5624828 ]]"
20200221-015323.027903,14,[1.6164988 1.519741  0.7086962],"[[ 0.11623576  0.5002644   0.697286  ]
 [ 0.6935694   0.50474524 -0.11921008]
 [ 0.70031893 -0.495565   -0.1195197 ]
 [ 0.12249301 -0.4993832   0.69663244]]","[[ 0.4184406   0.70954764  0.56696564]
 [ 0.80135465  0.00538381 -0.59816575]
 [ 0.42747948 -0.70463717  0.5663463 ]]"
20200221-015323.027903,15,[1.6098838  1.5268906  0.70493937],"[[ 0.09326162  0.50248265  0.69910854]
 [ 0.67976624  0.52513343 -0.11052277]
 [ 0.7159461  -0.47459078 -0.11181185]
 [ 0.12900174 -0.4964973   0.69751716]]","[[ 0.39373624  0.72038174  0.57098347]
 [ 0.8053318   0.02914466 -0.5921076 ]
 [ 0.44318452 -0.6929654   0.56867105]]"
20200221-015323.027903,16,[1.6103185  1.5342746  0.69956976],"[[ 0.08197705  0.50238395  0.70059174]
 [ 0.6795252   0.5273875  -0.1008542 ]
 [ 0.7189524  -0.4722161  -0.10216415]
 [ 0.12096571 -0.49647224  0.6989722 ]]","[[ 0.38701168  0.7214733   0.5741936 ]
 [ 0.8097485   0.03193735 -0.5859073 ]
 [ 0.44105467 -0.6917053   0.5718518 ]]"
20200221-015323.027903,17,[1.6062815 1.5418543 0.6963125],"[[ 0.10757759 -0.4974515   0.70081556]
 [ 0.71279323 -0.4823829  -0.09507943]
 [ 0.688232    0.5177203  -0.09433666]
 [ 0.0817882   0.5018114   0.70065546]]","[[ 0.4280318  -0.6971477   0.57512945]
 [ 0.81368095  0.02030538 -0.5809572 ]
 [ 0.39333466  0.7166399   0.5759472 ]]"
20200221-015323.027903,18,[1.5958233 1.5490577 0.6929508],"[[ 0.12774451 -0.49175957  0.70158035]
 [ 0.73942596 -0.44172832 -0.08789069]
 [ 0.6594171   0.5555405  -0.08612897]
 [ 0.04582039  0.50440377  0.7018848 ]]","[[ 0.46138495 -0.6734397   0.57758385]
 [ 0.8157352   0.06602231 -0.5746454 ]
 [ 0.3488555   0.73628813  0.57981014]]"
20200221-015323.027903,19,[1.5861653  1.5560148  0.68944347],"[[ 0.18012513 -0.47433105  0.7022456 ]
 [ 0.78900456 -0.3468804  -0.08063592]
 [ 0.5868785   0.6329833  -0.07775854]
 [-0.02451413  0.50400037  0.703067  ]]","[[ 0.536157   -0.6132755   0.5800252 ]
 [ 0.8057823   0.16711587 -0.5681439 ]
 [ 0.25149724  0.7719881   0.5837669 ]]"
20200221-015323.027903,20,[1.572215   1.5634378  0.68468356],"[[ 0.28575313 -0.41664562  0.7035981 ]
 [ 0.8526256  -0.13343939 -0.06995717]
 [ 0.40658218  0.76215035 -0.0683094 ]
 [-0.16144978  0.47720823  0.70383924]]","[[ 0.6696695  -0.4576224   0.5849142 ]
 [ 0.74159384  0.36987925 -0.5596678 ]
 [ 0.03976893  0.8085612   0.5870667 ]]"
20200221-015323.027903,21,[1.5741459  1.5580734  0.67869765],"[[-0.5012302  -0.05024971  0.704649  ]
 [-0.6394463   0.580824   -0.05862435]
 [ 0.33766386  0.79596466 -0.05704509]
 [ 0.47524714  0.1629689   0.70482564]]","[[-0.77525115  0.2276397   0.589208  ]
 [-0.17908998  0.81531066 -0.5506319 ]
 [ 0.60573316  0.5323991   0.5913026 ]]"
20200221-015323.027903,22,[1.581094  1.5501121 0.6752508],"[[-0.5012798   0.03252508  0.7054678 ]
 [-0.5256129   0.6863877  -0.05075006]
 [ 0.47428954  0.72327965 -0.05025805]
 [ 0.49749258  0.06841184  0.7051338 ]]","[[-0.72111464  0.35857862  0.5928027 ]
 [-0.03079578  0.83820695 -0.54448193]
 [ 0.69213104  0.41088971  0.5934006 ]]"
20200221-015323.027903,23,[1.588681  1.546459  0.6713525],"[[ 0.49761355  0.0572959   0.706461  ]
 [ 0.48072097  0.7190703  -0.04304799]
 [-0.51954114  0.69195163 -0.04361089]
 [-0.50136304  0.02929248  0.70509404]]","[[ 0.6957023   0.40071577  0.59617543]
 [-0.02296068  0.8419272  -0.53910255]
 [-0.7179632   0.3613664   0.5949313 ]]"
20200221-015323.027903,24,[1.597078  1.5400937 0.6666462],"[[ 0.49810436  0.04579328  0.7069465 ]
 [ 0.48507532  0.716609   -0.03456247]
 [-0.51532954  0.6955594  -0.03518227]
 [-0.50102824  0.02390449  0.7055454 ]]","[[ 0.6982082   0.39175427  0.5991947 ]
 [-0.01791423  0.8462856  -0.53242826]
 [-0.7156708   0.36101177  0.5979014 ]]"
20200221-015323.027903,25,[1.6052152  1.5365965  0.66268766],"[[-0.50011814  0.02012309  0.70673436]
 [-0.51153284  0.6982451  -0.02812626]
 [ 0.4889576   0.71468776 -0.02764154]
 [ 0.4991354   0.03563594  0.7063788 ]]","[[-0.7134377   0.360954    0.60059875]
 [-0.01384804  0.849688   -0.5271041 ]
 [ 0.7005818   0.384373    0.6012009 ]]"
20200221-015323.027903,26,[1.6129161  1.5339271  0.65876466],"[[ 0.4989025   0.0279764   0.7069959 ]
 [ 0.49036798  0.71388274 -0.02071078]
 [-0.5102037   0.699562   -0.02147946]
 [-0.5003272   0.01419807  0.7065878 ]]","[[ 0.7015436   0.37906253  0.6034473 ]
 [-0.01175662  0.85283405 -0.52204996]
 [-0.71252984  0.3591463   0.6027567 ]]"
20200221-015323.027903,27,[1.6212423  1.522524   0.65399003],"[[-0.499979    0.00608147  0.7069282 ]
 [-0.50881284  0.7008693  -0.01226264]
 [ 0.49180964  0.71303755 -0.01179924]
 [ 0.49925372  0.01797321  0.7070806 ]]","[[-0.7120816   0.35450795  0.6060232 ]
 [-0.01055998  0.8576565  -0.514115  ]
 [ 0.7020175   0.3724913   0.60697764]]"
20200221-015323.027903,28,[1.6297207 1.5152006 0.6504866],"[[-0.50039035 -0.00904443  0.70674974]
 [-0.52069235  0.69200754 -0.00607032]
 [ 0.4795856   0.721569   -0.00448207]
 [ 0.49848425  0.01954548  0.70742345]]","[[-0.7188134   0.33761632  0.60771924]
 [-0.02534323  0.860854   -0.5082205 ]
 [ 0.69474113  0.38071722  0.61023724]]"
20200221-015323.027903,29,[1.6377902  1.5086164  0.64707154],"[[-5.0054115e-01 -2.2343988e-02  7.0647812e-01]
 [-5.3024453e-01  6.8459153e-01 -1.4332225e-04]
 [ 4.6958345e-01  7.2831762e-01  2.6569532e-03]
 [ 4.9778560e-01  1.9708918e-02  7.0773000e-01]]","[[-0.7241827   0.32313123  0.6092173 ]
 [-0.03742548  0.8637075  -0.502602  ]
 [ 0.6885919   0.3867758   0.6133887 ]]"
20200221-015323.027903,30,[1.6455547 1.5025355 0.6436955],"[[-0.5000706  -0.01869317  0.7067268 ]
 [-0.516195    0.6954261   0.00688133]
 [ 0.4843973   0.7183467   0.00844694]
 [ 0.49882996  0.0033328   0.7074026 ]]","[[-0.71637756  0.33449218  0.6123057 ]
 [-0.01981171  0.8674838  -0.49707088]
 [ 0.6974315   0.36822128  0.6148191 ]]"
20200221-015323.027903,31,[1.6543261  1.4974836  0.64090335],"[[-0.4999541  -0.02256048 -0.706683  ]
 [-0.51407975  0.6969315  -0.01231511]
 [ 0.4865739   0.71677387 -0.01375716]
 [ 0.49901253 -0.00353535 -0.7072892 ]]","[[-0.7152347   0.33330888 -0.6142837 ]
 [-0.01725918  0.87025714  0.49229524]
 [ 0.69867116  0.3627086  -0.6166855 ]]"
20200221-015323.027903,32,[1.6625252  1.494476   0.63636214],"[[-0.49999022 -0.02921272 -0.70625806]
 [-0.5131664   0.69761574 -0.01951784]
 [ 0.48754033  0.7157886  -0.02087062]
 [ 0.4989735  -0.01120076 -0.7073778 ]]","[[-0.7148791   0.33028075 -0.61632997]
 [-0.01614119  0.8733887   0.4867563 ]
 [ 0.6990619   0.35792032 -0.61903614]]"
20200221-015323.027903,33,[1.6708691 1.4871472 0.6323267],"[[-0.49990898 -0.03560408 -0.70600915]
 [-0.5120549   0.69820654 -0.02671525]
 [ 0.48872295  0.71475166 -0.02809218]
 [ 0.4990391  -0.01922536 -0.70714045]]","[[-0.71427345  0.32693535 -0.6188108 ]
 [-0.01477795  0.876941    0.48037088]
 [ 0.69971067  0.35226083 -0.62154424]]"
20200221-015323.027903,34,[1.6798058 1.4827079 0.6296276],"[[-0.4998428  -0.03973866 -0.70583147]
 [-0.51078916  0.69892544 -0.03179643]
 [ 0.49001244  0.7136463  -0.0330788 ]
 [ 0.4991384  -0.02515393 -0.70689213]]","[[-0.71358585  0.32503223 -0.62060386]
 [-0.01325611  0.8794353   0.47583362]
 [ 0.7004423   0.34777498 -0.6232439 ]]"
20200221-015323.027903,35,[1.6884782 1.4771514 0.6263083],"[[-0.49959815 -0.0400142  -0.70582867]
 [-0.5025706   0.704709   -0.03837315]
 [ 0.4983548   0.707412   -0.03841358]
 [ 0.49946642 -0.03677342 -0.70629865]]","[[-0.708749    0.33007392 -0.6234789 ]
 [-0.00293583  0.882402    0.4704871 ]
 [ 0.70545447  0.33528772 -0.6244326 ]]"
20200221-015323.027903,36,[1.697294  1.4687124 0.6216804],"[[-0.49972266 -0.05240488 -0.7050682 ]
 [-0.50909036  0.69941515 -0.04571356]
 [ 0.49178067  0.711654   -0.046939  ]
 [ 0.49925545 -0.04026018 -0.70610625]]","[[-0.7126536   0.3179156  -0.6253437 ]
 [-0.01119922  0.88614786  0.46326745]
 [ 0.70142686  0.33715257 -0.6279559 ]]"
20200221-015323.027903,37,[1.7060502  1.4637504  0.61840457],"[[-0.49951172 -0.05307398 -0.7050015 ]
 [-0.5017213   0.7044596  -0.05211608]
 [ 0.49924356  0.70591474 -0.05199048]
 [ 0.49951914 -0.0510328  -0.70537513]]","[[-0.7082565   0.3221873  -0.6281465 ]
 [-0.00191435  0.88890266  0.45809212]
 [ 0.7059525   0.32564923 -0.6289543 ]]"
20200221-015323.027903,38,[1.7140788 1.4684013 0.6142955],"[[ 0.49933028 -0.05348742 -0.7049444 ]
 [ 0.49514434  0.7088398  -0.05763674]
 [-0.50581074  0.7007417  -0.05623084]
 [-0.4996566  -0.06038639 -0.704677  ]]","[[ 0.7042585   0.32735708 -0.629966  ]
 [-0.00636421  0.8902219   0.45548266]
 [-0.70991516  0.31676835 -0.6290297 ]]"
20200221-015323.027903,39,[1.7232771 1.4710044 0.6094704],"[[ 0.49939907 -0.05965025 -0.7044153 ]
 [ 0.49555972  0.7080341  -0.06347302]
 [-0.50539505  0.7005527  -0.06216922]
 [-0.4995967  -0.06599683 -0.7042057 ]]","[[ 0.7045119   0.3243177  -0.63125366]
 [-0.00587787  0.8921111   0.45177805]
 [-0.7096679   0.3145726  -0.63040924]]"
20200221-015323.027903,40,[1.7319243  1.4771206  0.60615176],"[[-0.49899167 -0.05463734 -0.7049488 ]
 [-0.4829338   0.7164401  -0.0682487 ]
 [ 0.51774436  0.691095   -0.06453485]
 [ 0.4997227  -0.07820547 -0.7030111 ]]","[[-0.6965859   0.3366297  -0.63359964]
 [ 0.02168576  0.89257354  0.4503802 ]
 [ 0.7171456   0.29998842 -0.62905425]]"
20200221-015323.027903,41,[1.7408808 1.4709878 0.6023681],"[[-0.49869365 -0.05370986 -0.7049245 ]
 [-0.4720437   0.7232505  -0.07570001]
 [ 0.5281575   0.68236804 -0.06949907]
 [ 0.49952906 -0.09163966 -0.70179826]]","[[-0.68964314  0.34391055 -0.63727385]
 [ 0.03530823  0.8949536   0.44476   ]
 [ 0.7232881   0.28422457 -0.62934166]]"
20200221-015323.027903,42,[1.7501198  1.4710811  0.59890646],"[[-0.49865076 -0.05550026 -0.7046817 ]
 [-0.4675835   0.7257211  -0.08092813]
 [ 0.5323522   0.6785268  -0.07362232]
 [ 0.49931362 -0.09924704 -0.7010379 ]]","[[-0.6867339   0.34611937 -0.63921654]
 [ 0.04092382  0.89637715  0.4413993 ]
 [ 0.72575593  0.27696475 -0.62973726]]"
20200221-015323.027903,43,[1.7594788  1.4767302  0.59563595],"[[-0.4988592  -0.05946239 -0.70422417]
 [-0.46846455  0.7247606  -0.08422413]
 [ 0.53152394  0.6788022  -0.07710788]
 [ 0.49916193 -0.10204779 -0.7007345 ]]","[[-0.68730474  0.34428802 -0.63959205]
 [ 0.03993456  0.89711165  0.43999532]
 [ 0.7252705   0.276869   -0.63033795]]"
20200221-015323.027903,44,[1.7680491  1.4771124  0.59223664],"[[-0.4987083  -0.06116603 -0.7041837 ]
 [-0.46433806  0.72681665 -0.08918814]
 [ 0.53541654  0.67530125 -0.08112596]
 [ 0.4990081  -0.10938254 -0.6997071 ]]","[[-0.6844105   0.3463931  -0.64155596]
 [ 0.045181    0.898391    0.43686646]
 [ 0.7276956   0.27000982 -0.6305187 ]]"
20200221-015323.027903,45,[1.7766515  1.4761219  0.58821136],"[[-0.49875072 -0.06762242 -0.7037198 ]
 [-0.46622667  0.7247781  -0.09437574]
 [ 0.5336962   0.6761803  -0.08662109]
 [ 0.4990481  -0.11359733 -0.6988339 ]]","[[-0.6853686   0.34183902 -0.6429746 ]
 [ 0.0430262   0.90043586  0.4328559 ]
 [ 0.7269243   0.2690012  -0.6318384 ]]"
20200221-015323.027903,46,[1.7854962  1.4737008  0.58348805],"[[-0.49905857 -0.07872752 -0.70252097]
 [-0.4737117   0.7189772  -0.09984555]
 [ 0.5266962   0.6809354  -0.0936382 ]
 [ 0.49912784 -0.11489601 -0.69837487]]","[[-0.6900685   0.33089152 -0.64367414]
 [ 0.03394676  0.90318626  0.42790458]
 [ 0.7229475   0.27343282 -0.6344931 ]]"
20200221-015323.027903,47,[1.7943414  1.472817   0.57949847],"[[-0.49920177 -0.08488691 -0.70170534]
 [-0.47524804  0.71723944 -0.10487517]
 [ 0.5252806   0.6813196  -0.09890912]
 [ 0.49901664 -0.11902002 -0.69773066]]","[[-0.6909817   0.32669535 -0.6448367 ]
 [ 0.03219167  0.9050698   0.42404276]
 [ 0.7221551   0.27224737 -0.6359036 ]]"
20200221-015323.027903,48,[1.8024075  1.4783067  0.57591856],"[[-0.49937257 -0.09218132 -0.7008125 ]
 [-0.48096642  0.7128272  -0.10772333]
 [ 0.51984775  0.6850275  -0.10320417]
 [ 0.49905604 -0.11881785 -0.69757193]]","[[-0.69462943  0.31982902 -0.64435977]
 [ 0.02509321  0.9059581   0.42262304]
 [ 0.71893007  0.27739725 -0.6373307 ]]"
20200221-015323.027903,49,[1.811751  1.4728544 0.5725511],"[[-0.49938646 -0.09204955 -0.70053464]
 [-0.4726856   0.7176641  -0.11412713]
 [ 0.52775747  0.6780244  -0.10727226]
 [ 0.49865165 -0.12949145 -0.6962176 ]]","[[-0.6892117   0.32506952 -0.6475469 ]
 [ 0.03568836  0.907856    0.41776055]
 [ 0.72368056  0.2648157  -0.63730615]]"
20200221-015323.027903,50,[1.8206848  1.4680489  0.56921107],"[[-0.49945995 -0.09842196 -0.6996389 ]
 [-0.47460148  0.71556133 -0.11910153]
 [ 0.52598584  0.67860556 -0.11253718]
 [ 0.49863064 -0.13334182 -0.6954537 ]]","[[-0.6903072   0.31990078 -0.6489526 ]
 [ 0.03347537  0.9101036   0.41302648]
 [ 0.72274154  0.26339123 -0.63896   ]]"
20200221-015323.027903,51,[1.82894   1.4695648 0.5661451],"[[-0.49937478 -0.10562982 -0.69892776]
 [-0.48019016  0.71102    -0.12201768]
 [ 0.5207145   0.68226033 -0.11699544]
 [ 0.4988973  -0.13346827 -0.69492745]]","[[-0.6936841   0.31256497 -0.6489265 ]
 [ 0.02652037  0.9114099   0.4106445 ]
 [ 0.7197909   0.26764765 -0.64052004]]"
20200221-015323.027903,52,[1.838512  1.4632127 0.562271 ],"[[-0.4994085  -0.10943464 -0.6981906 ]
 [-0.47706705  0.7121371  -0.12839258]
 [ 0.52371067  0.6789107  -0.1222242 ]
 [ 0.4987238  -0.14129688 -0.6936185 ]]","[[-0.6915441   0.31199843 -0.6514781 ]
 [ 0.03061935  0.9137578   0.4051039 ]
 [ 0.72168493  0.26019943 -0.6414571 ]]"
20200221-015323.027903,53,[1.8475683 1.4588165 0.5590936],"[[-0.49944514 -0.11518501 -0.6972549 ]
 [-0.47851488  0.71028477 -0.1330737 ]
 [ 0.52236664  0.67909026 -0.12714478]
 [ 0.49870938 -0.14513682 -0.69279253]]","[[-0.692362    0.3074474  -0.6527719 ]
 [ 0.02894792  0.91578674  0.40062058]
 [ 0.7209695   0.25847805 -0.64295584]]"
20200221-015323.027903,54,[1.8574095  1.451511   0.55472213],"[[-0.49951842 -0.12278693  0.69596213]
 [-0.48034295  0.7077917   0.1392839 ]
 [ 0.52061206  0.67923266  0.13373816]
 [ 0.49871314 -0.15032384  0.6916292 ]]","[[-0.69341433  0.30123645  0.6545479 ]
 [ 0.02680137  0.91856873 -0.39435142]
 [ 0.72004026  0.25590605  0.6450224 ]]"
20200221-015323.027903,55,[1.8665488  1.4498997  0.55288994],"[[-0.4995255  -0.12638035  0.69531655]
 [-0.4813048   0.706562    0.14215417]
 [ 0.51972437  0.679336    0.1367918 ]
 [ 0.49870542 -0.15264714  0.6910969 ]]","[[-0.69395375  0.29839963  0.6552756 ]
 [ 0.02568822  0.91976124 -0.3916368 ]
 [ 0.7195613   0.25494495  0.64593714]]"
20200221-015323.027903,56,[1.8757159  1.4460553  0.54983985],"[[-0.4995481  -0.13162304  0.6943407 ]
 [-0.4824148   0.704886    0.14656053]
 [ 0.5186913   0.6792205   0.1414216 ]
 [ 0.49868548 -0.15643238  0.69022554]]","[[-0.6945811   0.29433477  0.65644836]
 [ 0.02440662  0.9215914  -0.3873938 ]
 [ 0.71900064  0.25305462  0.6473036 ]]"
20200221-015323.027903,57,[1.8847753 1.4487625 0.5477308],"[[-0.49976867 -0.13436344  0.6935297 ]
 [-0.48292512  0.7041955   0.14884673]
 [ 0.5182051   0.6789622   0.1437764 ]
 [ 0.4984758  -0.15831989  0.69006467]]","[[-0.6950709   0.29291698  0.6565638 ]
 [ 0.02382161  0.9221191  -0.38617203]
 [ 0.71854645  0.25277647  0.6479158 ]]"
20200221-015323.027903,58,[1.894089   1.4504235  0.54493964],"[[-0.49970484 -0.13053718  0.69404566]
 [-0.4723001   0.71060926  0.15372376]
 [ 0.52835935  0.6705385   0.14508235]
 [ 0.49806052 -0.16844203  0.68820137]]","[[-0.6877737   0.30282784  0.65974456]
 [ 0.0375063   0.9224426  -0.38430855]
 [ 0.724956    0.23957272  0.6457895 ]]"
20200221-015323.027903,59,[1.9033091 1.4469386 0.5419636],"[[-0.49974063 -0.13578159  0.69303447]
 [-0.47375086  0.7087029   0.15788583]
 [ 0.52702373  0.6706644   0.14953002]
 [ 0.4980615  -0.17179243  0.68732524]]","[[-0.68861467  0.29858544  0.6608    ]
 [ 0.03582083  0.92418253 -0.3802675 ]
 [ 0.7242421   0.23818733  0.64710134]]"
20200221-015323.027903,60,[1.9132581 1.4439385 0.5397007],"[[-0.49977854 -0.13794596  0.6924863 ]
 [-0.47164702  0.7093169   0.16182947]
 [ 0.52901596  0.66831356  0.15255608]
 [ 0.49790794 -0.17662671  0.68629456]]","[[-0.6870405   0.29849136  0.6624788 ]
 [ 0.03868882  0.9254619  -0.37685978]
 [ 0.7255884   0.23328744  0.6473782 ]]"
20200221-015323.027903,61,[1.9230682  1.4464749  0.53771186],"[[-0.49967515 -0.13607042  0.692817  ]
 [-0.4654649   0.71277964  0.16502759]
 [ 0.53480864  0.6633333   0.1535622 ]
 [ 0.4976417  -0.1828089   0.684974  ]]","[[-0.6825771   0.30423376  0.6644776 ]
 [ 0.04666653  0.92551905 -0.37581494]
 [ 0.7293223   0.22551383  0.6459356 ]]"
20200221-015323.027903,62,[1.9331257 1.4447874 0.5360709],"[[-0.4996531  -0.13524345  0.69274974]
 [-0.4598951   0.71577525  0.16877803]
 [ 0.53997123  0.6585268   0.15506235]
 [ 0.4972667  -0.18899108  0.6837892 ]]","[[-0.6785761   0.30824688  0.66672224]
 [ 0.05387991  0.9261285  -0.3733406 ]
 [ 0.73255134  0.21741703  0.6450569 ]]"
20200221-015323.027903,63,[1.9415057  1.452862   0.53388584],"[[-0.50004125 -0.14118765  0.6914247 ]
 [-0.46724233  0.7108611   0.16870199]
 [ 0.5331873   0.6635722   0.15776017]
 [ 0.49734735 -0.18551138  0.68453145]]","[[-0.6838967   0.30131754  0.6644494 ]
 [ 0.0446148   0.9262979  -0.37414128]
 [ 0.72821325  0.22622976  0.6469354 ]]"
20200221-015323.027903,64,[1.9506981 1.4535078 0.5308151],"[[-0.50033534 -0.14544888  0.6902364 ]
 [-0.46843353  0.7093834   0.17199652]
 [ 0.5320754   0.6635042   0.1613508 ]
 [ 0.49712172 -0.18810013  0.6840736 ]]","[[-0.68482065  0.2984475   0.664793  ]
 [ 0.04325378  0.9273248  -0.37174985]
 [ 0.72742677  0.22582708  0.64796007]]"
20200221-015323.027903,65,[1.9600465 1.4503396 0.52807  ],"[[-0.5003861  -0.15039487  0.68917817]
 [-0.47006938  0.70734894  0.17569211]
 [ 0.5305774   0.6637591   0.16547482]
 [ 0.4971277  -0.19095318  0.6832158 ]]","[[-0.68578374  0.2942907   0.6656528 ]
 [ 0.04138058  0.92888963 -0.36803785]
 [ 0.7266281   0.22484933  0.6491952 ]]"
20200221-015323.027903,66,[1.9686817  1.4488678  0.52596676],"[[-0.50038594 -0.15631461  0.68799984]
 [-0.47458166  0.7036019   0.17796752]
 [ 0.52638525  0.66632116  0.16933991]
 [ 0.49729687 -0.19111855  0.6828671 ]]","[[-0.6887613   0.28778136  0.66542447]
 [ 0.0357562   0.9302089  -0.3652846 ]
 [ 0.7241059   0.22780082  0.65098184]]"
20200221-015323.027903,67,[1.9779949  1.4519898  0.52419525],"[[-0.5006277  -0.15853253  0.6872044 ]
 [-0.47518572  0.70288473  0.17965885]
 [ 0.5258136   0.66617846  0.17119254]
 [ 0.4970823  -0.19242398  0.68276334]]","[[-0.68932736  0.28663856  0.6653317 ]
 [ 0.03506194  0.93051946 -0.3645605 ]
 [ 0.7236011   0.22797385  0.6514825 ]]"
20200221-015323.027903,68,[1.9882625 1.449336  0.5221858],"[[-0.5006472  -0.16026297  0.68669015]
 [-0.47305834  0.70350367  0.18323427]
 [ 0.5278305   0.66381717  0.17373411]
 [ 0.49695417 -0.19683893  0.68168795]]","[[-0.6877393   0.2867881   0.6669089 ]
 [ 0.03792207  0.9315986  -0.36150503]
 [ 0.7249669   0.2233306   0.6515725 ]]"
20200221-015323.027903,69,[1.9977726  1.4489863  0.51874363],"[[-0.50088966 -0.1668457   0.6850035 ]
 [-0.4773247   0.6997516   0.18625425]
 [ 0.52377886  0.6658528   0.17838201]
 [ 0.49691686 -0.19786417  0.6813659 ]]","[[-0.69078606  0.28028697  0.66652364]
 [ 0.03255779  0.93293315 -0.35857478]
 [ 0.7223258   0.22599784  0.6535828 ]]"
20200221-015323.027903,70,[2.0068228  1.4485326  0.51737344],"[[-0.5007979  -0.17350817  0.6836657 ]
 [-0.4843604   0.6944138   0.1870286 ]
 [ 0.5170769   0.67042154  0.1819576 ]
 [ 0.49722028 -0.19549778  0.6815522 ]]","[[-0.6955248   0.27150685  0.665229  ]
 [ 0.02352778  0.93396497 -0.3565895 ]
 [ 0.71811694  0.23236543  0.65598357]]"
20200221-015323.027903,71,[2.0169723 1.454393  0.5147436],"[[-0.50075674 -0.17360345  0.68368936]
 [-0.48176977  0.69556886  0.1893413 ]
 [ 0.5195649   0.66814524  0.18328829]
 [ 0.49718538 -0.19906813  0.6805323 ]]","[[-0.69356424  0.2743834   0.66609484]
 [ 0.0269582   0.9338626  -0.35661453]
 [ 0.71989036  0.22937848  0.6550905 ]]"
20200221-015323.027903,72,[2.0267434 1.4581931 0.5137794],"[[-0.50089294 -0.17669538  0.6828025 ]
 [-0.48511094  0.6931727   0.18957117]
 [ 0.51633185  0.67022336  0.18482637]
 [ 0.49716714 -0.19771497  0.6809424 ]]","[[-0.6960185   0.2707589   0.6650171 ]
 [ 0.02261577  0.9339842  -0.35659763]
 [ 0.71766764  0.23315868  0.6561937 ]]"
20200221-015323.027903,73,[2.0368896  1.4618791  0.51002145],"[[-0.50084406 -0.17818837  0.6824796 ]
 [-0.48263076  0.6938647   0.19321679]
 [ 0.5187181   0.6676652   0.18748285]
 [ 0.49714613 -0.20254493  0.6795138 ]]","[[-0.6941231   0.2725492   0.666266  ]
 [ 0.02589665  0.93440926 -0.35525897]
 [ 0.7193906   0.22933938  0.655653  ]]"
20200221-015323.027903,74,[2.046841   1.4598328  0.50815725],"[[-0.50100106 -0.1757792   0.6826337 ]
 [-0.47451133  0.69856364  0.19773729]
 [ 0.5264986   0.6609006   0.18845865]
 [ 0.49662474 -0.21052614  0.6777865 ]]","[[-0.68841565  0.27941385  0.6693367 ]
 [ 0.03659053  0.9350241  -0.3526912 ]
 [ 0.7243929   0.2183067   0.65390915]]"
20200221-015323.027903,75,[2.0561752 1.4670061 0.5063826],"[[-0.5011155  -0.17685486  0.682288  ]
 [-0.47486773  0.698092    0.19847853]
 [ 0.5261501   0.6609038   0.18945593]
 [ 0.4965381  -0.21117795  0.6776398 ]]","[[-0.68868905  0.27976975  0.6689069 ]
 [ 0.03617429  0.934667   -0.35367948]
 [ 0.72415406  0.21937793  0.6538152 ]]"
20200221-015323.027903,76,[2.0657296  1.4746425  0.50465137],"[[-0.5014024  -0.17779198  0.68172336]
 [-0.47510576  0.69785476  0.19915426]
 [ 0.525924    0.6607222   0.19030467]
 [ 0.4962603  -0.21174414  0.67777205]]","[[-0.68906814  0.28033784  0.6682783 ]
 [ 0.03591267  0.93422544 -0.35487074]
 [ 0.72380626  0.22053045  0.6538125 ]]"
20200221-015323.027903,77,[2.075259   1.4728043  0.50287014],"[[-0.50144756 -0.17920461  0.68121636]
 [-0.47318006  0.69838     0.2022623 ]
 [ 0.5277886   0.6585272   0.19246648]
 [ 0.49607527 -0.21562332  0.6767504 ]]","[[-0.6876086   0.2807378   0.6696125 ]
 [ 0.03856587  0.9350471  -0.35241994]
 [ 0.72505665  0.21650277  0.6537733 ]]"
20200221-015323.027903,78,[2.0852406 1.47265   0.5023119],"[[-0.50136995 -0.18294221  0.6804161 ]
 [-0.47700524  0.6954643   0.20280625]
 [ 0.5241837   0.6609568   0.19454502]
 [ 0.4963114  -0.21447101  0.6767979 ]]","[[-0.6901673   0.27586636  0.6690043 ]
 [ 0.03372737  0.9357441  -0.35106325]
 [ 0.72286344  0.21972859  0.65512425]]"
20200221-015323.027903,79,[2.0941978  1.4715009  0.50054294],"[[-0.5013057  -0.1878243   0.6792614 ]
 [-0.48071536  0.6922393   0.20458405]
 [ 0.5206981   0.6629129   0.19785587]
 [ 0.49646625 -0.21464673  0.6764632 ]]","[[-0.69265795  0.27041987  0.66865385]
 [ 0.02902868  0.93675643 -0.34877613]
 [ 0.7206818   0.2221724   0.65670174]]"
20200221-015323.027903,80,[2.1043892  1.4743798  0.49911553],"[[-0.5012565  -0.18590772  0.6797279 ]
 [-0.47564474  0.69511145  0.20703909]
 [ 0.52553684  0.6589099   0.19808991]
 [ 0.49630126 -0.21930802  0.67517793]]","[[-0.68888855  0.27558854  0.6704353 ]
 [ 0.03569298  0.93668246 -0.34835643]
 [ 0.723988    0.21604891  0.65510637]]"
20200221-015323.027903,81,[2.114317   1.4781896  0.49834827],"[[-0.50141466 -0.1886917   0.6788509 ]
 [-0.47888446  0.69287604  0.20703422]
 [ 0.5224407   0.66095537  0.19945832]
 [ 0.496295   -0.21784428  0.67565906]]","[[-0.6913196   0.27223372  0.6693028 ]
 [ 0.03151786  0.9367876  -0.3484764 ]
 [ 0.7218615   0.21981362  0.6561998 ]]"
20200221-015323.027903,82,[2.1242175  1.4817787  0.49701515],"[[-0.5014503  -0.1902027   0.67841357]
 [-0.4794185   0.6921743   0.20809774]
 [ 0.5219611   0.6609704   0.20078275]
 [ 0.49624866 -0.2187147   0.675379  ]]","[[-0.6916591   0.27162328  0.66920006]
 [ 0.03090257  0.936864   -0.34832627]
 [ 0.721563    0.22024302  0.65638417]]"
20200221-015323.027903,83,[2.1336098  1.4842889  0.49503785],"[[-0.5013467  -0.19065219  0.67838115]
 [-0.4772302   0.6929463   0.2104769 ]
 [ 0.52407825  0.65890455  0.20219499]
 [ 0.4962303  -0.22208564  0.67425156]]","[[-0.68989885  0.27346593  0.67026556]
 [ 0.03382474  0.937068   -0.34750473]
 [ 0.723115    0.21707155  0.6557319 ]]"
20200221-015323.027903,84,[2.142933   1.4836152  0.49397895],"[[-0.50121105 -0.19647402  0.6770756 ]
 [-0.483556    0.6881369   0.21089344]
 [ 0.5180641   0.66296434  0.20543894]
 [ 0.49655932 -0.21987365  0.67445326]]","[[-0.69422716  0.26561302  0.6689536 ]
 [ 0.02570311  0.93797296 -0.34575495]
 [ 0.71929723  0.22283825  0.6579932 ]]"
20200221-015323.027903,85,[2.15185   1.4863231 0.4920778],"[[-0.5013619  -0.20031227  0.67583716]
 [-0.48666453  0.6855923   0.2120218 ]
 [ 0.51508415  0.664518    0.20796758]
 [ 0.4964694  -0.21966724  0.67456686]]","[[-0.6965551   0.26173237  0.66806215]
 [ 0.02169683  0.9383507  -0.34500343]
 [ 0.7171751   0.22581908  0.65929174]]"
20200221-015323.027903,86,[2.1614094  1.493409   0.49054775],"[[-0.501421   -0.20106706  0.6755814 ]
 [-0.4868651   0.6852634   0.21258083]
 [ 0.5148758   0.66446054  0.20867746]
 [ 0.49642956 -0.22017866  0.6744278 ]]","[[-0.6967126   0.2623217   0.66766685]
 [ 0.02144733  0.9379414  -0.3461303 ]
 [ 0.7170297   0.22683364  0.65910155]]"
20200221-015323.027903,87,[2.1712227  1.4942523  0.48823494],"[[-0.5016178  -0.20373857  0.67452294]
 [-0.4872062   0.6843991   0.21495874]
 [ 0.51454735  0.6638236   0.21112128]
 [ 0.49623677 -0.22232136  0.6739727 ]]","[[-0.69710857  0.26081073  0.66784537]
 [ 0.02103865  0.93852895 -0.34455907]
 [ 0.71665686  0.22614458  0.6597436 ]]"
20200221-015323.027903,88,[2.1804307  1.4928342  0.48666975],"[[-0.5014903  -0.20800355  0.67342997]
 [-0.4902462   0.68157214  0.2166144 ]
 [ 0.51164126  0.66527325  0.21413863]
 [ 0.49637625 -0.2227238   0.6735837 ]]","[[-0.69916177  0.25604087  0.6675449 ]
 [ 0.01709032  0.939395   -0.34241077]
 [ 0.7147594   0.22799191  0.6611647 ]]"
20200221-015323.027903,89,[2.1895769  1.4993331  0.48465046],"[[-0.5016196  -0.20752987  0.6733688 ]
 [-0.48775303  0.6829348   0.2183248 ]
 [ 0.51407313  0.66309434  0.21469894]
 [ 0.49618927 -0.22547174  0.672914  ]]","[[-0.6974456   0.2592887   0.6680863 ]
 [ 0.02040065  0.93905663 -0.34315696]
 [ 0.71634746  0.22570391  0.6602305 ]]"
20200221-015323.027903,90,[2.1996384  1.4963365  0.48264834],"[[-0.5015939  -0.21072549  0.6724038 ]
 [-0.4882728   0.68165326  0.22111478]
 [ 0.51359695  0.66253394  0.21765064]
 [ 0.4961964  -0.22801721  0.6720188 ]]","[[-0.6977483   0.2567329   0.6687567 ]
 [ 0.01978601  0.9401216  -0.3402648 ]
 [ 0.71606964  0.2241871   0.6610479 ]]"
20200221-015323.027903,91,[2.2097585 1.4932628 0.4807259],"[[-0.5015711  -0.2138611   0.6714465 ]
 [-0.48878327  0.68037724  0.2238451 ]
 [ 0.5131282   0.66197354  0.22056356]
 [ 0.49620256 -0.23052444  0.6711219 ]]","[[-0.6980404   0.25420666  0.6694166 ]
 [ 0.01919921  0.9411715  -0.33738366]
 [ 0.71580094  0.2226551   0.6618562 ]]"
20200221-015323.027903,92,[2.219666   1.4984847  0.47820646],"[[-0.5018063  -0.21568318  0.67057014]
 [-0.4889261   0.6798467   0.22552402]
 [ 0.51298916  0.66137594  0.2222917 ]
 [ 0.49596745 -0.23210214  0.67086595]]","[[-0.69833416  0.2540484   0.66917014]
 [ 0.01904268  0.94115645 -0.33743456]
 [ 0.7155185   0.2228993   0.66207963]]"
20200221-015323.027903,93,[2.2295444  1.4996395  0.47607553],"[[-0.50162154 -0.21805593  0.6700839 ]
 [-0.48935148  0.6787055   0.227558  ]
 [ 0.51258636  0.6610866   0.22456475]
 [ 0.49615175 -0.23404123  0.669907  ]]","[[-0.69841385  0.25274414  0.66958106]
 [ 0.01852973  0.9416407  -0.33610973]
 [ 0.71545446  0.22233656  0.662338  ]]"
20200221-015323.027903,94,[2.240565  1.4993043 0.4733973],"[[-0.50169635 -0.21946414  0.6694693 ]
 [-0.48718756  0.6792333   0.23092227]
 [ 0.51469696  0.6585818   0.22677778]
 [ 0.49602005 -0.2382167   0.66862375]]","[[-0.6968662   0.25362638  0.6708584 ]
 [ 0.02142211  0.9423273  -0.33400607]
 [ 0.7168811   0.21838632  0.6621092 ]]"
20200221-015323.027903,95,[2.2499146 1.4983059 0.4720636],"[[-0.5015889  -0.2233508   0.6683731 ]
 [-0.49012244  0.6765449   0.23224367]
 [ 0.51188594  0.65997976  0.22952007]
 [ 0.49614686 -0.23838672  0.66832685]]","[[-0.6988674   0.24918865  0.6704398 ]
 [ 0.01763082  0.94306546 -0.3321395 ]
 [ 0.71503407  0.22030099  0.66347104]]"
20200221-015323.027903,96,[2.259366   1.501016   0.47053066],"[[-0.50185716 -0.2233066   0.66795486]
 [-0.48775876  0.677791    0.23431282]
 [ 0.5142043   0.657654    0.23031956]
 [ 0.4958078  -0.24129911  0.66774786]]","[[-0.69739014  0.2513935   0.67115474]
 [ 0.02076885  0.9431577  -0.33169645]
 [ 0.71639097  0.21738273  0.66296977]]"
20200221-015323.027903,97,[2.2698693  1.507134   0.46897867],"[[-0.50200325 -0.225732    0.66704005]
 [-0.4903541   0.6758723   0.2343927 ]
 [ 0.51165944  0.65914     0.23174241]
 [ 0.4957313  -0.24036519  0.6681413 ]]","[[-0.69939744  0.24914125  0.66990423]
 [ 0.01736377  0.9429252  -0.33255106]
 [ 0.7145218   0.22095332  0.6638056 ]]"
20200221-015323.027903,98,[2.2804425 1.5108166 0.4662368],"[[-0.5021276  -0.22950484  0.66567236]
 [-0.493006    0.67343986  0.23577821]
 [ 0.50904673  0.6602051   0.23446605]
 [ 0.49566573 -0.24069875  0.66806805]]","[[-0.70141894  0.24580935  0.66902125]
 [ 0.01388376  0.9431828  -0.33198458]
 [ 0.7126141   0.22357172  0.664979  ]]"
20200221-015323.027903,99,[2.291569  1.5081174 0.4651458],"[[-0.5021794  -0.23010242  0.6653275 ]
 [-0.49080774  0.674236    0.23838829]
 [ 0.5112067   0.6579305   0.23585927]
 [ 0.49557212 -0.24410336  0.6669941 ]]","[[-0.6998544   0.24659152  0.6703705 ]
 [ 0.0168066   0.943944   -0.329678  ]
 [ 0.714088    0.2194599   0.6647676 ]]"
20200221-015323.027903,100,[2.301318   1.5175173  0.46268746],"[[-0.5022113  -0.23093928  0.66503054]
 [-0.49084604  0.67390764  0.2391802 ]
 [ 0.5111519   0.65767425  0.23671071]
 [ 0.49555847 -0.24490927  0.66670495]]","[[-0.69989425  0.24778195  0.66988987]
 [ 0.01675469  0.94333476 -0.3314199 ]
 [ 0.7140501   0.22073507  0.66438603]]"
20200221-015323.027903,101,[2.311122   1.5244999  0.46164706],"[[-0.5022259  -0.23121722  0.66493887]
 [-0.49091187  0.6737677   0.23938826]
 [ 0.5110702   0.6576461   0.23697881]
 [ 0.4955627  -0.2451071   0.66662645]]","[[-0.6999484   0.24867496  0.6695023 ]
 [ 0.01666003  0.9428541  -0.33278912]
 [ 0.71399915  0.22178124  0.664092  ]]"
20200221-015323.027903,102,[2.3209238  1.5336689  0.45927247],"[[-0.5022671  -0.23209082  0.66462034]
 [-0.4909917   0.67340875  0.24017595]
 [ 0.51097417  0.6574098   0.23785815]
 [ 0.49553996 -0.24589947  0.6663477 ]]","[[-0.70002306  0.24974352  0.66902614]
 [ 0.01654769  0.9422747  -0.33443123]
 [ 0.71392846  0.22303878  0.6637467 ]]"
20200221-015323.027903,103,[2.3305018  1.5321414  0.45815277],"[[-0.50211746 -0.23569319  0.66357833]
 [-0.49370265  0.67086565  0.24138092]
 [ 0.5083629   0.6586611   0.24042848]
 [ 0.49568444 -0.2460769   0.6660279 ]]","[[-0.70185745  0.24554716  0.6686575 ]
 [ 0.01302641  0.9429746  -0.3326098 ]
 [ 0.71219844  0.22473449  0.66503227]]"
20200221-015323.027903,104,[2.341301   1.5377266  0.45660606],"[[-0.5021997  -0.23810422  0.6626504 ]
 [-0.49609536  0.66901404  0.24162124]
 [ 0.50598776  0.659947    0.24186766]
 [ 0.49564227 -0.24535073  0.6663435 ]]","[[-0.70370215  0.24327633  0.66754776]
 [ 0.00983576  0.94279844 -0.33321822]
 [ 0.71042717  0.22792059  0.6658422 ]]"
20200221-015323.027903,105,[2.3532174  1.5397679  0.45602018],"[[-0.50217205 -0.23887204  0.6624128 ]
 [-0.49617556  0.66868037  0.24232501]
 [ 0.5058979   0.6597611   0.24259216]
 [ 0.49568173 -0.24601212  0.6660607 ]]","[[-0.7037487   0.24298766  0.6676038 ]
 [ 0.00970662  0.94289356 -0.33295277]
 [ 0.7103827   0.22783484  0.6659187 ]]"
20200221-015323.027903,106,[2.3633864  1.5426008  0.45527184],"[[-0.50195205 -0.23970295  0.66241616]
 [-0.49631816  0.6681629   0.24304813]
 [ 0.5057634   0.6597133   0.24342209]
 [ 0.49589917 -0.24673727  0.6654908 ]]","[[-0.70364875  0.24285227  0.6677585 ]
 [ 0.00952291  0.94291836 -0.33288842]
 [ 0.7104845   0.22787733  0.66579574]]"
20200221-015323.027903,107,[2.374581   1.5396439  0.45432636],"[[-0.5018157  -0.24320866  0.6613658 ]
 [-0.4988644   0.6656857   0.24425119]
 [ 0.50324714  0.6608353   0.24597505]
 [ 0.49604225 -0.24699998  0.6651563 ]]","[[-0.7053808   0.23848002  0.66750675]
 [ 0.00616986  0.94373417 -0.33064777]
 [ 0.7088018   0.22911417  0.66716325]]"
20200221-015323.027903,108,[2.38371    1.5462371  0.45283976],"[[-0.5015054  -0.24240363  0.6620484 ]
 [-0.49666813  0.66671073  0.24547839]
 [ 0.50542957  0.6592922   0.24608928]
 [ 0.49634048 -0.24914035  0.6639823 ]]","[[-0.70348245  0.24178062  0.6683223 ]
 [ 0.00908201  0.94333655 -0.33171344]
 [ 0.7106546   0.22728488  0.6658166 ]]"
20200221-015323.027903,109,[2.3942566  1.5429639  0.45139518],"[[-0.50146466 -0.24480242  0.66118807]
 [-0.49679053  0.66576564  0.2478044 ]
 [ 0.50533426  0.6585058   0.24841122]
 [ 0.49635592 -0.25139016  0.66311   ]]","[[-0.7035449   0.2398867   0.6689385 ]
 [ 0.00893622  0.94421613 -0.32920495]
 [ 0.71059436  0.22563268  0.6664422 ]]"
20200221-015323.027903,110,[2.4041686  1.5477982  0.44957143],"[[-0.50146264 -0.24597485  0.66076416]
 [-0.4968155   0.6653068   0.24895698]
 [ 0.50529045  0.6581012   0.24955909]
 [ 0.49637768 -0.2525189   0.66266954]]","[[-0.70356756  0.24007635  0.6688468 ]
 [ 0.00888608  0.94410336 -0.32952973]
 [ 0.71057266  0.22590297  0.6663738 ]]"
20200221-015323.027903,111,[2.4140034  1.5463026  0.44858226],"[[-0.5015163  -0.24632342  0.6604699 ]
 [-0.4946384   0.66616803  0.25133926]
 [ 0.5074858   0.6558827   0.2506724 ]
 [ 0.49625817 -0.25566152  0.66164315]]","[[-0.70202756  0.24129403  0.6700259 ]
 [ 0.01179626  0.9446606  -0.3278376 ]
 [ 0.71205217  0.2222471   0.666024  ]]"
20200221-015323.027903,112,[2.4242566 1.547055  0.4470189],"[[-0.501714   -0.24811636  0.65953773]
 [-0.49478707  0.6655482   0.25299937]
 [ 0.5073389   0.6552242   0.25237268]
 [ 0.49606052 -0.25722587  0.6612936 ]]","[[-0.70230675  0.240335    0.6700779 ]
 [ 0.01161661  0.94503045 -0.3267762 ]
 [ 0.7117797   0.22171311  0.666493  ]]"
20200221-015323.027903,113,[2.4345214  1.5499533  0.44642717],"[[-0.5015068  -0.24887651  0.6595432 ]
 [-0.4950104   0.6650209   0.25356603]
 [ 0.50712425  0.6552604   0.25310007]
 [ 0.4962672  -0.25776324  0.6607933 ]]","[[-0.7022625   0.24019606  0.6701742 ]
 [ 0.01134756  0.9450211  -0.3268126 ]
 [ 0.7118279   0.2219034   0.66637844]]"
20200221-015323.027903,114,[2.4444237  1.561449   0.44547853],"[[-0.5015513  -0.24828275  0.65974575]
 [-0.49501503  0.66524273  0.2529378 ]
 [ 0.5070996   0.65549177  0.2525466 ]
 [ 0.49624252 -0.25717482  0.66104364]]","[[-0.7022996   0.24232931  0.6693668 ]
 [ 0.01131957  0.94396085 -0.32986352]
 [ 0.7117915   0.22408599  0.6656864 ]]"
20200221-015323.027903,115,[2.453445   1.5680251  0.44414458],"[[-0.5014593  -0.2503658   0.6591456 ]
 [-0.49737787  0.66338056  0.2528495 ]
 [ 0.5047622   0.6569418   0.25379968]
 [ 0.49635512 -0.2562619   0.66119593]]","[[-0.7039462   0.240514    0.668291  ]
 [ 0.00820419  0.9436099  -0.33095774]
 [ 0.7102059   0.22749366  0.6662238 ]]"
20200221-015323.027903,116,[2.464137  1.5688862 0.4425106],"[[-0.5014326  -0.25214872  0.65847605]
 [-0.49746874  0.6626617   0.25457808]
 [ 0.50469875  0.6563288   0.25553194]
 [ 0.49635625 -0.25794074  0.66053253]]","[[-0.70399845  0.239686    0.6685335 ]
 [ 0.00809467  0.9439761  -0.32991502]
 [ 0.7101556   0.22684807  0.6664979 ]]"
20200221-015323.027903,117,[2.4756079 1.5635736 0.4408559],"[[-0.5012978  -0.25636488  0.65707296]
