Timestamp,Epoch,s,u,v
20200224-135515.685497,0,[1.7626395 1.4752667 0.7016525],"[[ 0.4127009   0.5287266  -0.6589252 ]
 [ 0.67924416  0.33395225  0.44705036]
 [ 0.57118005 -0.60003865  0.1544772 ]
 [ 0.2050829  -0.4988768  -0.5848935 ]]","[[ 0.6196209   0.64197445 -0.45159584]
 [ 0.6712103  -0.13513386  0.72884536]
 [ 0.4068743  -0.75472355 -0.51463175]]"
20200224-135515.685497,1,[1.7330045  1.4824728  0.69973886],"[[ 0.40651003  0.52723944 -0.6644056 ]
 [ 0.68686783  0.32955745  0.43768615]
 [ 0.5709136  -0.6037827   0.1447479 ]
 [ 0.19240595 -0.49885574 -0.5882549 ]]","[[ 0.6198597   0.6378641  -0.45705938]
 [ 0.6770576  -0.14028873  0.7224347 ]
 [ 0.39669505 -0.7572637  -0.5188301 ]]"
20200224-135515.685497,2,[1.713606  1.4882044 0.6983024],"[[ 0.41146016  0.51884705 -0.6684898 ]
 [ 0.6983665   0.31303754  0.4304591 ]
 [ 0.55966353 -0.61747545  0.13648142]
 [ 0.17251624 -0.5015273  -0.59093106]]","[[ 0.6306911   0.62434715 -0.46088964]
 [ 0.6790815  -0.15656987  0.7171711 ]
 [ 0.37560236 -0.7652949  -0.52273   ]]"
20200224-135515.685497,3,[1.7001119 1.4937626 0.6964499],"[[ 0.41608292  0.5102803  -0.6726429 ]
 [ 0.71037316  0.295025    0.42259458]
 [ 0.5470476  -0.6316763   0.12743717]
 [ 0.15160431 -0.5035466  -0.5939064 ]]","[[ 0.64184767  0.6099993  -0.46468547]
 [ 0.6806182  -0.17401548  0.71167225]
 [ 0.35325718 -0.77305853 -0.5268679 ]]"
20200224-135515.685497,4,[1.6874835 1.4991608 0.6945088],"[[ 0.42240816  0.5001782  -0.67670953]
 [ 0.7228407   0.27392066  0.41469583]
 [ 0.53149754 -0.64760774  0.11840283]
 [ 0.12877493 -0.5053648  -0.5967179 ]]","[[ 0.65489554  0.59299576 -0.46847397]
 [ 0.68094623 -0.19418323  0.7061197 ]
 [ 0.32775623 -0.7814402  -0.53096795]]"
20200224-135515.685497,5,[1.6665845  1.5051626  0.69243217],"[[ 0.42975685  0.48827642 -0.6812453 ]
 [ 0.73586196  0.24962947  0.4059963 ]
 [ 0.512979   -0.66508913  0.10900532]
 [ 0.10329111 -0.5068805  -0.5993243 ]]","[[ 0.6696633   0.57233363 -0.47327107]
 [ 0.68045926 -0.2175428   0.6997504 ]
 [ 0.29753384 -0.79063874 -0.53513014]]"
20200224-135515.685497,6,[1.6461865 1.512379  0.6895972],"[[ 0.43202466  0.4793104   0.68657964]
 [ 0.74764115  0.22928947 -0.3954688 ]
 [ 0.49802437 -0.67885214 -0.09832226]
 [ 0.07974579 -0.5068017   0.60211754]]","[[ 0.68015385  0.55483663  0.47911087]
 [ 0.6813201  -0.23724309 -0.69247305]
 [ 0.27054355 -0.797416    0.539383  ]]"
20200224-135515.685497,7,[1.6280003  1.5176954  0.68727785],"[[ 0.45040247  0.45625156  0.6909461 ]
 [ 0.7639513   0.18451616 -0.38652095]
 [ 0.46023527 -0.70732987 -0.08873686]
 [ 0.04122847 -0.5074176   0.60441774]]","[[ 0.706941    0.51572746  0.48400384]
 [ 0.67251354 -0.27825987 -0.6857823 ]
 [ 0.2189978  -0.81030667  0.54354703]]"
20200224-135515.685497,8,[1.6201226 1.5215379 0.6850019],"[[ 0.47285736  0.4277308   0.69478506]
 [ 0.7780944   0.13115218 -0.3786093 ]
 [ 0.41348803 -0.7379187  -0.07971582]
 [-0.00161485 -0.50529385  0.6062794 ]]","[[ 0.7364673   0.46859986  0.4878835 ]
 [ 0.6572586  -0.32499412 -0.6799929 ]
 [ 0.16008526 -0.8214579   0.5473387 ]]"
20200224-135515.685497,9,[1.6057004 1.524634  0.6825226],"[[ 0.5082655   0.37827975  0.69891816]
 [ 0.79153293  0.04447856 -0.3696226 ]
 [ 0.3331174  -0.77935773 -0.07015063]
 [-0.06461    -0.4975212   0.6082527 ]]","[[ 0.7788179   0.38812947  0.49274552]
 [ 0.6238118  -0.39713517 -0.67315876]
 [ 0.06558616 -0.83164847  0.5514158 ]]"
20200224-135515.685497,10,[1.5987316 1.5269643 0.6807046],"[[ 0.54161817 -0.32276094  0.70210654]
 [ 0.79416555  0.04600063 -0.3626733 ]
 [ 0.24503963  0.812799   -0.06273071]
 [-0.12612046  0.48276964  0.60957307]]","[[ 0.8144547  -0.3002408   0.49650666]
 [ 0.579374    0.4672062  -0.66786534]
 [-0.03145064  0.8316091   0.5544701 ]]"
20200224-135515.685497,11,[1.5872104 1.525684  0.6775705],"[[ 0.5881726  -0.21358944  0.70675474]
 [ 0.77188796  0.20940223 -0.3520329 ]
 [ 0.07631611  0.84693474 -0.05207792]
 [-0.22895047  0.43958232  0.61144024]]","[[ 0.8545189  -0.13144122  0.50251484]
 [ 0.47729513  0.5803548  -0.6598318 ]
 [-0.20490794  0.8036865   0.5586603 ]]"
20200224-135515.685497,12,[1.5853249 1.51878   0.674798 ],"[[ 0.6120627  -0.110566    0.7105367 ]
 [ 0.7231055   0.34969628 -0.34287843]
 [-0.07844346  0.84813726 -0.04231364]
 [-0.31039438  0.38229758  0.61301017]]","[[ 0.86144155  0.02266573  0.5073508 ]
 [ 0.3669385   0.66287905 -0.6526465 ]
 [-0.3511049   0.7483833   0.56271464]]"
20200224-135515.685497,13,[1.5871193  1.508954   0.67195076],"[[ 0.6173721  -0.03240038  0.71423954]
 [ 0.6689976   0.45056307 -0.3336563 ]
 [-0.1955352   0.83029604 -0.03260883]
 [-0.36477387  0.32642254  0.6143875 ]]","[[ 0.8476103   0.13855596  0.5122102 ]
 [ 0.2734136   0.713248   -0.6453855 ]
 [-0.45475495  0.6870805   0.5666733 ]]"
20200224-135515.685497,14,[1.5940728 1.5065641 0.668746 ],"[[ 0.6148369  -0.02218165  0.717301  ]
 [ 0.6567178   0.47316113 -0.3253919 ]
 [-0.2195932   0.82551855 -0.02306212]
 [-0.3774605   0.3068321   0.6156848 ]]","[[ 0.8419017   0.15935214  0.51556635]
 [ 0.25427788  0.72554135 -0.63947845]
 [-0.47596684  0.66947496  0.57031476]]"
20200224-135515.685497,15,[1.5975279 1.4977028 0.6648383],"[[ 0.6101246   0.02808569  0.72149533]
 [ 0.608554    0.5396624  -0.3143027 ]
 [-0.29957053  0.8008968  -0.01219315]
 [-0.40947193  0.2579527   0.61685455]]","[[ 0.819641    0.23732874  0.5214054 ]
 [ 0.1834343   0.7535074  -0.6313308 ]
 [-0.54271567  0.6131082   0.5740714 ]]"
20200224-135515.685497,16,[1.6051118 1.4903809 0.6604218],"[[ 6.0648763e-01  3.2795478e-02  7.2481281e-01]
 [ 5.9565157e-01  5.5905735e-01 -3.0373469e-01]
 [-3.1981510e-01  7.9400945e-01 -2.6056948e-04]
 [-4.1843829e-01  2.3649184e-01  6.1837846e-01]]","[[ 0.81232077  0.25253794  0.5256993 ]
 [ 0.16587934  0.76411414 -0.6233889 ]
 [-0.5591236   0.59359425  0.57881486]]"
20200224-135515.685497,17,[1.6121202  1.4869283  0.65638256],"[[ 0.6023957   0.04302853  0.72812647]
 [ 0.57811004  0.5815567  -0.2940124 ]
 [-0.3454807   0.78392124  0.00985896]
 [-0.42842883  0.21309127  0.61910546]]","[[ 0.80219734  0.27475742  0.5300828 ]
 [ 0.14216779  0.7743854  -0.61653525]
 [-0.579886    0.5699436   0.5821482 ]]"
20200224-135515.685497,18,[1.6182532 1.4823743 0.6532678],"[[ 0.59749454  0.06142768  0.7312652 ]
 [ 0.5531187   0.6087119  -0.28565854]
 [-0.37924784  0.7687936   0.0178318 ]
 [-0.43958062  0.18615352  0.61913824]]","[[ 0.78758746  0.30649832  0.5345695 ]
 [ 0.1091675   0.7843973  -0.61057615]
 [-0.6064556   0.53923976  0.5843218 ]]"
20200224-135515.685497,19,[1.6253656 1.4707216 0.6500315],"[[ 0.5938337   0.06869462  0.7340162 ]
 [ 0.53721505  0.62607324 -0.27687815]
 [-0.39981472  0.7589565   0.0270933 ]
 [-0.4459923   0.16522095  0.61953586]]","[[ 0.7779828   0.3229687   0.5389192 ]
 [ 0.08896577  0.79248947 -0.6033617 ]
 [-0.62195486  0.5173504   0.5878101 ]]"
20200224-135515.685497,20,[1.6322553  1.4658862  0.64543945],"[[ 0.5890109   0.07709571  0.73752344]
 [ 0.5178894   0.64604294 -0.26618978]
 [-0.42373407  0.7462366   0.03738987]
 [-0.45310754  0.14076811  0.61951953]]","[[ 0.76544076  0.343453    0.54418796]
 [ 0.06448494  0.80046546 -0.5959001 ]
 [-0.6402673   0.49121812  0.5905613 ]]"
20200224-135515.685497,21,[1.6396185 1.4570075 0.641088 ],"[[ 0.584741    0.0831057   0.74063236]
 [ 0.5003074   0.66339326 -0.25566828]
 [-0.44449538  0.73420346  0.04751874]
 [-0.45846927  0.11810129  0.6195477 ]]","[[ 0.753903    0.36019     0.5494484 ]
 [ 0.04264425  0.8077249  -0.5880153 ]
 [-0.65560025  0.46673727  0.5935861 ]]"
20200224-135515.685497,22,[1.6476043  1.4528557  0.63783324],"[[ 0.5844894   0.07307754  0.74225026]
 [ 0.5033072   0.663288   -0.2485858 ]
 [-0.4415791   0.73628896  0.05582722]
 [-0.45832515  0.11219288  0.6198007 ]]","[[ 0.7555694   0.35275415  0.55197763]
 [ 0.04658308  0.8115591  -0.58241045]
 [-0.6534102   0.46576437  0.5967568 ]]"
20200224-135515.685497,23,[1.6560651  1.4443486  0.63346153],"[[ 0.58377653  0.06269239 -0.74417776]
 [ 0.50404876  0.6655531   0.23928851]
 [-0.44119456  0.73659664 -0.06647053]
 [-0.45878854  0.10263373 -0.62009877]]","[[ 0.7558416   0.34659398 -0.5554963 ]
 [ 0.04780549  0.81692666  0.57475686]
 [-0.6530069   0.46098086 -0.60089827]]"
20200224-135515.685497,24,[1.6645888  1.436444   0.62904155],"[[ 0.5829697   0.05276628 -0.7459908 ]
 [ 0.5044184   0.6679413   0.23007591]
 [-0.44123572  0.7364945  -0.0769101 ]
 [-0.4593687   0.09298661 -0.6201995 ]]","[[ 0.7558845   0.34092048 -0.5589382 ]
 [ 0.04859722  0.82215357  0.56718767]
 [-0.65289885  0.4558912  -0.6048854 ]]"
20200224-135515.685497,25,[1.6726384 1.437622  0.6253933],"[[ 0.5825477   0.04276021 -0.7474072 ]
 [ 0.5080276   0.6668265   0.22351713]
 [-0.4376406   0.7387801  -0.08477692]
 [-0.45936546  0.08785179 -0.6198671 ]]","[[ 0.75768274  0.33354053 -0.5609521 ]
 [ 0.05327216  0.8250572   0.562532  ]
 [-0.650445    0.456104   -0.6073632 ]]"
20200224-135515.685497,26,[1.6797622 1.433002  0.6229337],"[[ 0.5792676   0.05169434 -0.7495968 ]
 [ 0.4911723   0.68120694  0.21668454]
 [-0.45680842  0.72688746 -0.09003701]
 [-0.46316803  0.07014025 -0.6189068 ]]","[[ 0.74660546  0.35101458 -0.5651273 ]
 [ 0.03213462  0.8294547   0.557649  ]
 [-0.66449046  0.43450394 -0.60799557]]"
20200224-135515.685497,27,[1.6885146  1.4385903  0.61868984],"[[ 0.5792259   0.04051341 -0.7506848 ]
 [ 0.4959635   0.6793736   0.21014056]
 [-0.45198843  0.72968394 -0.09791554]
 [-0.46284354  0.06611798 -0.6186484 ]]","[[ 0.74930763  0.3426898  -0.5666585 ]
 [ 0.03818729  0.8319085   0.5535972 ]
 [-0.66112024  0.43645376 -0.610269  ]]"
20200224-135515.685497,28,[1.6964585  1.4383955  0.61444694],"[[ 0.57788867  0.0355657  -0.7523619 ]
 [ 0.4927481   0.6835444   0.20238934]
 [-0.45594427  0.7268953  -0.10598615]
 [-0.46406737  0.0559069  -0.61786467]]","[[ 0.7468183   0.34316975 -0.56964636]
 [ 0.0342544   0.8355878   0.548288  ]
 [-0.6641454   0.42898428 -0.61227727]]"
20200224-135515.685497,29,[1.7039611 1.4321885 0.6115077],"[[ 0.57588685  0.03697904 -0.7541064 ]
 [ 0.4834119   0.69175816  0.19535333]
 [-0.46643633  0.7199156  -0.11237206]
 [-0.46594495  0.0427197  -0.616874  ]]","[[ 0.74048954  0.350676   -0.57332504]
 [ 0.02268045  0.8395509   0.54280734]
 [-0.6716851   0.4149464  -0.61372536]]"
20200224-135515.685497,30,[1.7121166 1.428145  0.607606 ],"[[ 0.5748991   0.03173382 -0.75538856]
 [ 0.4805008   0.6954785   0.18776162]
 [-0.46990144  0.7170803  -0.12020201]
 [-0.46669284  0.03313663 -0.61618596]]","[[ 0.7384      0.35018408 -0.5763129 ]
 [ 0.01917096  0.8433574   0.53701085]
 [-0.67409027  0.4075773  -0.616022  ]]"
20200224-135515.685497,31,[1.7204812 1.4235641 0.605277 ],"[[ 0.57407165  0.0282392  -0.75648457]
 [ 0.47857237  0.6976517   0.18259043]
 [-0.47230533  0.71540415 -0.12574553]
 [-0.46726605  0.0261067  -0.6152885 ]]","[[ 0.73685485  0.34953672 -0.57867867]
 [ 0.01682207  0.8462243   0.5325611 ]
 [-0.6758417   0.40215474 -0.6176647 ]]"
20200224-135515.685497,32,[1.7294891  1.4152294  0.60176545],"[[ 0.5731656   0.0228611  -0.75773865]
 [ 0.4760693   0.7006512   0.17524345]
 [-0.47526264  0.7129416  -0.13351353]
 [-0.46793696  0.01672705 -0.61424434]]","[[ 0.7349555   0.34807038 -0.58196867]
 [ 0.01381403  0.8503518   0.52603346]
 [-0.6779748   0.39465043 -0.62016237]]"
20200224-135515.685497,33,[1.7378138 1.4120694 0.597853 ],"[[ 0.5724197   0.01710969 -0.7587373 ]
 [ 0.47410372  0.70335317  0.16804816]
 [-0.4776542   0.71058714 -0.1409896 ]
 [-0.4684099   0.00820097 -0.61335087]]","[[ 0.7334806   0.34662303 -0.58468693]
 [ 0.01145006  0.85377693  0.5205132 ]
 [-0.679614    0.38848075 -0.62226   ]]"
20200224-135515.685497,34,[1.7460566  1.4151795  0.59414524],"[[ 0.57253975  0.00799521 -0.7590438 ]
 [ 0.47787488  0.70177716  0.16267355]
 [-0.47404397  0.7123353  -0.1475872 ]
 [-0.4680979   0.00483014 -0.61286855]]","[[ 0.73590326  0.33978468 -0.5856557 ]
 [ 0.01622756  0.8558648   0.5169449 ]
 [-0.676892    0.38992533 -0.62431985]]"
20200224-135515.685497,35,[1.7544523 1.4122667 0.5904189],"[[ 0.57161456  0.00275921 -0.7602342 ]
 [ 0.4761787   0.70376694  0.15610689]
 [-0.4762021   0.71041745 -0.15464164]
 [-0.46876708 -0.00342662 -0.6113599 ]]","[[ 0.73432714  0.33849066 -0.5883772 ]
 [ 0.01412275  0.8589893   0.51179856]
 [-0.6786488   0.384137   -0.6259988 ]]"
20200224-135515.685497,36,[1.7629184  1.4072359  0.58762664],"[[ 0.5714468  -0.00536909 -0.7607382 ]
 [ 0.47927088  0.70215416  0.15100007]
 [-0.4733612   0.7119642  -0.16117205]
 [-0.46869716 -0.00760079 -0.61032784]]","[[ 0.7361117   0.3316384  -0.59004736]
 [ 0.01805473  0.861811    0.5069083 ]
 [-0.6766193   0.3837942  -0.6284014 ]]"
20200224-135515.685497,37,[1.7720026 1.4043574 0.5839149],"[[ 0.57178175 -0.01780593 -0.7606893 ]
 [ 0.48644102  0.69779724  0.14556214]
 [-0.4661404   0.7160092  -0.1689693 ]
 [-0.4681386  -0.00962253 -0.60960025]]","[[ 0.7407102   0.31968305 -0.5908904 ]
 [ 0.02727442  0.86449623  0.50189906]
 [-0.6712709   0.38787788 -0.631622  ]]"
20200224-135515.685497,38,[1.7805797  1.3997021  0.58115995],"[[ 0.5714635  -0.02514094 -0.76110137]
 [ 0.48879373  0.6965442   0.14064799]
 [-0.46402252  0.716936   -0.17525612]
 [-0.46818078 -0.01404392 -0.6084637 ]]","[[ 0.7420178   0.31369585 -0.5924564 ]
 [ 0.03037129  0.8671238   0.49716592]
 [-0.66969186  0.38689962 -0.6338939 ]]"
20200224-135515.685497,39,[1.789866   1.3970861  0.57750654],"[[ 0.57153237 -0.03644124 -0.76096576]
 [ 0.49485427  0.6927498   0.1354289 ]
 [-0.45786747  0.72006804 -0.18271527]
 [-0.46778992 -0.01648795 -0.6076227 ]]","[[ 0.7458685   0.30297393 -0.5932006 ]
 [ 0.03836732  0.86954683  0.49235785]
 [-0.6649874   0.38999382 -0.6369432 ]]"
20200224-135515.685497,40,[1.7983545  1.389548   0.57361627],"[[ 0.5702472  -0.03802209 -0.7621276 ]
 [ 0.48765165  0.69888777  0.12746722]
 [-0.4659408   0.7136492  -0.18966587]
 [-0.46894887 -0.02854605 -0.60575587]]","[[ 0.74100447  0.30718744 -0.59711677]
 [ 0.02929249  0.87359434  0.48577264]
 [-0.6708611   0.3774507  -0.63833904]]"
20200224-135515.685497,41,[1.8069468  1.3903373  0.56899107],"[[ 0.56892085 -0.04039612 -0.7633957 ]
 [ 0.4821178   0.70347726  0.12025418]
 [-0.4721581   0.7084949  -0.19617507]
 [-0.47006202 -0.03902647 -0.60355735]]","[[ 0.73685855  0.31091645 -0.6003085 ]
 [ 0.02222291  0.8763491   0.48116344]
 [-0.67568153  0.36789006 -0.6388359 ]]"
20200224-135515.685497,42,[1.8156829  1.3848013  0.56577396],"[[ 0.56820273 -0.04494692 -0.7639935 ]
 [ 0.48021555  0.7052522   0.11424238]
 [-0.47449845  0.70600295 -0.20237489]
 [-0.4705208  -0.04646541 -0.6019195 ]]","[[ 0.7353768   0.30956006 -0.6028213 ]
 [ 0.01989129  0.87932134  0.47581348]
 [-0.6773664   0.36189318 -0.640475  ]]"
20200224-135515.685497,43,[1.8243681 1.386386  0.5634104],"[[ 0.5674654  -0.04776863 -0.7647583 ]
 [ 0.47934616  0.70582944  0.1107214 ]
 [-0.47574994  0.70491046 -0.20631558]
 [-0.4710334  -0.05123101 -0.6002663 ]]","[[ 0.7343597   0.30913907 -0.60427547]
 [ 0.01878096  0.8806678   0.47336164]
 [-0.6785007   0.3589666  -0.6409211 ]]"
20200224-135515.685497,44,[1.8326066  1.3928434  0.56059813],"[[ 0.56602544 -0.0446985  -0.76629984]
 [ 0.4712909   0.71154135  0.10644517]
 [-0.48439917  0.6986397  -0.20890684]
 [-0.47207755 -0.06011317 -0.5981736 ]]","[[ 0.7284285   0.3180193  -0.6068407 ]
 [ 0.00844112  0.8815082   0.47209308]
 [-0.6850698   0.3490084  -0.6394313 ]]"
20200224-135515.685497,45,[1.8411978  1.3931663  0.55777806],"[[ 0.5656848  -0.05141674  0.7665759 ]
 [ 0.47440103  0.70934707 -0.10280179]
 [-0.4815891   0.70015174  0.21413799]
 [-0.47224587 -0.06301001  0.5966054 ]]","[[ 0.7300834   0.31253532  0.6077003 ]
 [ 0.01236152  0.8831     -0.46902198]
 [-0.68324625  0.34993732  0.6408733 ]]"
20200224-135515.685497,46,[1.8506346 1.3901774 0.5537607],"[[ 0.5655078  -0.05971326  0.7664094 ]
 [ 0.4766346   0.70822346 -0.09705681]
 [-0.47956952  0.70018846  0.22112133]
 [-0.4722639  -0.06774479  0.5952321 ]]","[[ 0.73151     0.30645066  0.609082  ]
 [ 0.01533785  0.88568187 -0.4640388 ]
 [-0.681658    0.3487911   0.643185  ]]"
20200224-135515.685497,47,[1.8594959 1.3892097 0.5502877],"[[ 0.5650852  -0.06435998  0.76658   ]
 [ 0.47562     0.70926106 -0.09186542]
 [-0.48089862  0.69813484  0.22658105]
 [-0.47244185 -0.07358009  0.5937817 ]]","[[ 0.73072505  0.3049689   0.61076593]
 [ 0.01409236  0.88774055 -0.46012852]
 [-0.6825265   0.34483445  0.64439636]]"
20200224-135515.685497,48,[1.8685098  1.3871344  0.54835737],"[[ 0.5645914  -0.06728528  0.7669689 ]
 [ 0.47485343  0.70973325 -0.08842035]
 [-0.4819978   0.69689775  0.23040158]
 [-0.4726824  -0.07800691  0.5923306 ]]","[[ 0.72997004  0.30382127  0.61223865]
 [ 0.01311727  0.8893755  -0.45698917]
 [-0.6833531   0.34161934  0.6452323 ]]"
20200224-135515.685497,49,[1.8774118  1.3862778  0.54509807],"[[ 0.56391484 -0.07156517  0.7674702 ]
 [ 0.4740414   0.7102666  -0.0837037 ]
 [-0.48316917  0.6952672   0.23556246]
 [-0.47310948 -0.08368611  0.5903333 ]]","[[ 0.7290001   0.30247492  0.61405843]
 [ 0.01205332  0.8912613  -0.45332974]
 [-0.68440753  0.33787885  0.64608365]]"
20200224-135515.685497,50,[1.8866878 1.3799793 0.5415611],"[[ 0.56309515 -0.07428203  0.76806617]
 [ 0.4693743   0.7136675  -0.07707278]
 [-0.48821124  0.69034326  0.24127214]
 [-0.47356272 -0.09266791  0.5881515 ]]","[[ 0.7256091   0.30407584  0.61727583]
 [ 0.00612666  0.8941729  -0.4476799 ]
 [-0.6880799   0.32862234  0.646957  ]]"
20200224-135515.685497,51,[1.8960651  1.379409   0.53830254],"[[ 0.56325716 -0.08375899  0.76729333]
 [ 0.47530448  0.7096338  -0.07353843]
 [-0.48245582  0.69326967  0.24733374]
 [-0.47335318 -0.09370897  0.5870937 ]]","[[ 0.72956866  0.2947556   0.61712945]
 [ 0.01379023  0.8958342  -0.44417447]
 [-0.68376863  0.33256602  0.6495078 ]]"
20200224-135515.685497,52,[1.905433  1.3788496 0.5370305],"[[ 0.5625837  -0.08317573  0.76805717]
 [ 0.47151113  0.7120643  -0.07070366]
 [-0.4865887   0.6901191   0.24943653]
 [-0.47371727 -0.09890075  0.5855516 ]]","[[ 0.7267616   0.2977919   0.618981  ]
 [ 0.00892916  0.89696383 -0.44201368]
 [-0.6868318   0.3267655   0.6492199 ]]"
20200224-135515.685497,53,[1.915254   1.37682    0.53323555],"[[ 0.5622894  -0.09062126  0.7677881 ]
 [ 0.4737954   0.7104789  -0.06584892]
 [-0.48457295  0.69021994  0.25568238]
 [-0.4738539  -0.10297611  0.583774  ]]","[[ 0.7280938   0.29220614  0.6200769 ]
 [ 0.01192221  0.8990559  -0.43767184]
 [-0.685374    0.3260588   0.6511133 ]]"
20200224-135515.685497,54,[1.9247402 1.3780729 0.5306318],"[[ 0.5616068  -0.09142984  0.7684232 ]
 [ 0.47012734  0.71293086 -0.06188437]
 [-0.4885734   0.6866593   0.25890112]
 [-0.4742088  -0.10894527  0.58195037]]","[[ 0.7253191   0.29497203  0.622016  ]
 [ 0.00717587  0.900262   -0.43528938]
 [-0.6883756   0.32018715  0.6508604 ]]"
20200224-135515.685497,55,[1.9344906 1.3801352 0.5265813],"[[ 0.56144994 -0.09837513  0.76795965]
 [ 0.4724162   0.7114371  -0.05755685]
 [-0.48651007  0.68671674  0.26452553]
 [-0.47424167 -0.11224876  0.580476  ]]","[[ 0.7268031   0.29022518  0.6225166 ]
 [ 0.01019321  0.90168333 -0.4322772 ]
 [-0.6867704   0.32052583  0.6523879 ]]"
20200224-135515.685497,56,[1.9444402 1.382289  0.5225376],"[[ 0.5611443  -0.10531574  0.7676217 ]
 [ 0.4749269   0.70961535 -0.05343973]
 [-0.48426893  0.68703365  0.2701547 ]
 [-0.47438934 -0.11549776  0.578721  ]]","[[ 0.7282487   0.28539526  0.6230599 ]
 [ 0.01344273  0.90303713 -0.4293523 ]
 [-0.68518126  0.3210509   0.6537992 ]]"
20200224-135515.685497,57,[1.9535872 1.3821665 0.5196233],"[[ 0.5605157  -0.10885762  0.7679478 ]
 [ 0.47424027  0.70980126 -0.04958389]
 [-0.48528385  0.6854859   0.2743855 ]
 [-0.4747825  -0.12017186  0.576637  ]]","[[ 0.72738177  0.2843756   0.624537  ]
 [ 0.01254164  0.90443355 -0.4264301 ]
 [-0.68611854  0.31801015  0.6543019 ]]"
20200224-135515.685497,58,[1.9631929 1.3806189 0.5160633],"[[ 0.5598908  -0.11121911  0.7683146 ]
 [ 0.47060814  0.7121764  -0.04424675]
 [-0.4892309   0.6813539   0.27893576]
 [-0.47508296 -0.12724891  0.57439536]]","[[ 0.7246462   0.2860845   0.6269321 ]
 [ 0.00782519  0.90628135 -0.42260316]
 [-0.689077    0.31114364  0.6544944 ]]"
20200224-135515.685497,59,[1.972155   1.3807992  0.51317304],"[[ 0.5589877  -0.11048406  0.76935226]
 [ 0.46437207  0.71610755 -0.0394899 ]
 [-0.49574745  0.6758152   0.28195685]
 [-0.4755271  -0.13511857  0.57187265]]","[[ 7.1990764e-01  2.9159746e-01  6.2984455e-01]
 [-2.9733175e-04  9.0759492e-01 -4.1984701e-01]
 [-6.9406986e-01  3.0206379e-01  6.5347123e-01]]"
20200224-135515.685497,60,[1.9814335 1.3809956 0.5103775],"[[ 0.55845344 -0.11412956  0.769564  ]
 [ 0.4641733   0.7158721  -0.03601527]
 [-0.49624398  0.6746319   0.28596938]
 [-0.47583023 -0.13918687  0.56982064]]","[[ 7.1935666e-01  2.9019883e-01  6.3111866e-01]
 [-6.1640504e-04  9.0882003e-01 -4.1718802e-01]
 [-6.9464076e-01  2.9971799e-01  6.5394461e-01]]"
20200224-135515.685497,61,[1.9911388 1.3771185 0.5079885],"[[ 0.55838895 -0.12228454  0.768682  ]
 [ 0.46953833  0.7119157  -0.03323868]
 [-0.49119604  0.677205    0.29131487]
 [-0.4758805  -0.1400582   0.56847024]]","[[ 0.72287387  0.28147     0.63105315]
 [ 0.00631797  0.910542   -0.41336805]
 [-0.6909512   0.30279997  0.6564286 ]]"
20200224-135515.685497,62,[2.0005977  1.3735598  0.50553656],"[[ 0.55798477 -0.12602596  0.7686138 ]
 [ 0.46897754  0.7119922  -0.02931427]
 [-0.49203944  0.6755034   0.29550084]
 [-0.47603568 -0.14449833  0.5666151 ]]","[[ 0.72227925  0.27958632  0.6325694 ]
 [ 0.00560252  0.9122492  -0.40959772]
 [-0.69157875  0.29938805  0.6573323 ]]"
20200224-135515.685497,63,[2.0097349 1.3717827 0.5036182],"[[ 0.5577547  -0.13107353  0.7682077 ]
 [ 0.47143984  0.70995635 -0.02688618]
 [-0.4898739   0.6762783   0.29946068]
 [-0.47610682 -0.1463878   0.56520534]]","[[ 0.72376585  0.27490875  0.63292027]
 [ 0.00876504  0.9134787  -0.40679237]
 [-0.6899899   0.29996997  0.658735  ]]"
20200224-135515.685497,64,[2.0181665 1.3741263 0.5013508],"[[ 0.55674934 -0.1275632   0.7697564 ]
 [ 0.4630163   0.7152518  -0.02271593]
 [-0.4985546   0.66952354  0.3007773 ]
 [-0.47653902 -0.15453419  0.56257653]]","[[ 0.7174308   0.28379908  0.63620037]
 [-0.00224045  0.91419    -0.40527937]
 [-0.6966261   0.2893345   0.656504  ]]"
20200224-135515.685497,65,[2.0283272  1.3691581  0.49857086],"[[ 0.556546   -0.13409306  0.76906884]
 [ 0.46541584  0.71327937 -0.01886317]
 [-0.49643978  0.669648    0.3060417 ]
 [-0.476647   -0.15755348  0.560817  ]]","[[ 7.1891671e-01  2.7803564e-01  6.3706750e-01]
 [ 8.6239789e-04  9.1615957e-01 -4.0081292e-01]
 [-6.9509572e-01  2.8870055e-01  6.5840262e-01]]"
20200224-135515.685497,66,[2.0373425 1.3677707 0.4966863],"[[ 0.55604386 -0.13513373  0.7694503 ]
 [ 0.46264896  0.7147499  -0.01549241]
 [-0.49945042  0.6666986   0.30874187]
 [-0.47678104 -0.16243276  0.5589135 ]]","[[ 0.7167066   0.27951157  0.63890916]
 [-0.00279096  0.9173054  -0.39817432]
 [-0.69736916  0.28359094  0.6582189 ]]"
20200224-135515.685497,67,[2.0468092  1.3724726  0.49379915],"[[ 0.5555574  -0.13803235  0.7696236 ]
 [ 0.4626778   0.71433085 -0.01299728]
 [-0.49970376  0.6658278   0.31184873]
 [-0.47705457 -0.16538306  0.5570109 ]]","[[ 0.716307    0.2790666   0.6395516 ]
 [-0.00285197  0.9177081  -0.39724502]
 [-0.69777936  0.28272545  0.6581566 ]]"
20200224-135515.685497,68,[2.0575688 1.3685473 0.4916512],"[[ 0.55526996 -0.14184248  0.7693659 ]
 [ 0.4627452   0.7138822  -0.00961615]
 [-0.49985647  0.6646083   0.31569588]
 [-0.47716472 -0.16896507  0.5552659 ]]","[[ 0.716134    0.27653116  0.6408452 ]
 [-0.00281426  0.9193018  -0.39354318]
 [-0.69795704  0.28002623  0.65912175]]"
20200224-135515.685497,69,[2.0678794  1.3703326  0.48963743],"[[ 0.55509466 -0.14621775  0.76893055]
 [ 0.46533754  0.71180296 -0.0079979 ]
 [-0.49754497  0.66563356  0.31893376]
 [-0.4772627  -0.16996656  0.5540423 ]]","[[ 7.1774757e-01  2.7265927e-01  6.4069909e-01]
 [ 4.9042574e-04  9.1994536e-01 -3.9204606e-01]
 [-6.9630331e-01  2.8170437e-01  6.6015488e-01]]"
20200224-135515.685497,70,[2.0774298  1.3735158  0.48825625],"[[ 0.55461264 -0.14774765  0.7692792 ]
 [ 0.4653998   0.7113086  -0.00674501]
 [-0.497756    0.6653359   0.32076597]
 [-0.47754255 -0.17186868  0.55251527]]","[[ 7.1739161e-01  2.7239716e-01  6.4120907e-01]
 [ 4.9504254e-04  9.2019176e-01 -3.9146772e-01]
 [-6.9667000e-01  2.8115314e-01  6.6000295e-01]]"
20200224-135515.685497,71,[2.0877016 1.3754449 0.4863799],"[[ 0.5541698  -0.14815125  0.76970977]
 [ 0.46282387  0.7127031  -0.00418299]
 [-0.50052357  0.6627304   0.32265472]
 [-0.47766706 -0.1757653   0.55083895]]","[[ 0.71532995  0.2745691   0.6425846 ]
 [-0.00290589  0.92073256 -0.3901837 ]
 [-0.6987808   0.27724278  0.65942544]]"
20200224-135515.685497,72,[2.0974865  1.3726861  0.48422956],"[[ 0.5538474  -0.15164597  0.7694818 ]
 [ 0.46275333  0.7123094  -0.00097438]
 [-0.5008448   0.66143     0.32625878]
 [-0.47777292 -0.1792461   0.5490466 ]]","[[ 0.7150542   0.2725206   0.6437624 ]
 [-0.00304519  0.92209077 -0.38696146]
 [-0.6990624   0.274738    0.6601749 ]]"
20200224-135515.685497,73,[2.1073034 1.3699845 0.4821316],"[[ 0.5535482  -0.15513629  0.76921725]
 [ 0.4627805   0.7118404   0.0021343 ]
 [-0.50106543  0.66020745  0.32981706]
 [-0.47786194 -0.1825985   0.5472851 ]]","[[ 0.71484387  0.2704126   0.6448841 ]
 [-0.0030814   0.9234151  -0.38379037]
 [-0.69927764  0.272363    0.66093075]]"
20200224-135515.685497,74,[2.1175132  1.3734893  0.47898847],"[[ 0.5529598  -0.15663397  0.76964   ]
 [ 0.46038145  0.7129637   0.0054514 ]
 [-0.5036544   0.65737194  0.3325937 ]
 [-0.4781389  -0.18711177  0.5449826 ]]","[[ 0.71272224  0.27238414  0.6464008 ]
 [-0.0062658   0.923961   -0.38243544]
 [-0.70141846  0.26851997  0.66023415]]"
20200224-135515.685497,75,[2.1267612  1.3724706  0.47744232],"[[ 0.55279714 -0.16103533  0.7690724 ]
 [ 0.46293986  0.7108355   0.0071423 ]
 [-0.50141877  0.6582872   0.3359149 ]
 [-0.4782067  -0.1882524   0.5437257 ]]","[[ 0.7143299   0.268093    0.6464202 ]
 [-0.00303662  0.9248881  -0.3802276 ]
 [-0.69980276  0.26964495  0.6614892 ]]"
20200224-135515.685497,76,[2.1373086  1.368216   0.47508475],"[[ 0.5526179  -0.16674112  0.76820624]
 [ 0.4652814   0.7087929   0.01021476]
 [-0.49934542  0.6584137   0.34041908]
 [-0.47831014 -0.19052882  0.54209733]]","[[ 7.1581060e-01  2.6282051e-01  6.4694715e-01]
 [-1.9667514e-05  9.2647511e-01 -3.7635618e-01]
 [-6.9829458e-01  2.6938704e-01  6.6318583e-01]]"
20200224-135515.685497,77,[2.147775   1.36438    0.47264314],"[[ 0.5521937  -0.16895373  0.7682169 ]
 [ 0.46280012  0.7099146   0.01438895]
 [-0.50200105  0.65512264  0.34378088]
 [-0.47842836 -0.19568014  0.53986216]]","[[ 0.7138199   0.26308355  0.64903647]
 [-0.00327255  0.92800176 -0.37256154]
 [-0.7003218   0.26381788  0.66328704]]"
20200224-135515.685497,78,[2.157045  1.3672293 0.4709685],"[[ 0.5524044  -0.17585859  0.7667014 ]
 [ 0.46971557  0.70506024  0.0143695 ]
 [-0.49539074  0.65920025  0.34751853]
 [-0.47833586 -0.19343951  0.53962356]]","[[ 0.71876884  0.25468016  0.6469231 ]
 [ 0.00574528  0.92828345 -0.37182912]
 [-0.6952256   0.27097592  0.66575795]]"
20200224-135515.685497,79,[2.1660037  1.3704067  0.46919265],"[[ 0.5521205  -0.17590488  0.76702183]
 [ 0.46711597  0.70650876  0.01664739]
 [-0.49816027  0.6566023   0.34897128]
 [-0.47833282 -0.19691803  0.5381631 ]]","[[ 0.7168671   0.25720283  0.6480343 ]
 [ 0.00236288  0.9285663  -0.371159  ]
 [-0.69720596  0.2676029   0.66505086]]"
20200224-135515.685497,80,[2.1757865  1.3717117  0.46717447],"[[ 0.55166113 -0.17839098  0.7670486 ]
 [ 0.46714553  0.70597494  0.01876823]
 [-0.49838355  0.6557544   0.35156274]
 [-0.4786012  -0.1994051   0.5363657 ]]","[[ 0.7165021   0.25633594  0.6487811 ]
 [ 0.00231382  0.9291603  -0.3696701 ]
 [-0.69758135  0.2663706   0.6651521 ]]"
20200224-135515.685497,81,[2.184807   1.3748006  0.46548358],"[[ 0.5508722  -0.17528257  0.76856357]
 [ 0.46033648  0.70993316  0.02188349]
 [-0.5053036   0.6504141   0.3519111 ]
 [-0.47885117 -0.2055056   0.5338446 ]]","[[ 0.7111716   0.26384237  0.6516306 ]
 [-0.00665177  0.9293876  -0.36904562]
 [-0.7029871   0.25812027  0.662709  ]]"
20200224-135515.685497,82,[2.19397   1.3776602 0.4639776],"[[ 0.5505464  -0.17870083  0.7682877 ]
 [ 0.4628124   0.70783657  0.02265997]
 [-0.5031576   0.65163326  0.3543829 ]
 [-0.47909927 -0.20593165  0.5325724 ]]","[[ 0.71257776  0.26084104  0.65130275]
 [-0.00353857  0.9296438  -0.3684427 ]
 [-0.7015844   0.26023933  0.66336644]]"
20200224-135515.685497,83,[2.2053301  1.3742249  0.46235326],"[[ 0.5502701  -0.18168819  0.76794744]
 [ 0.46282265  0.70733404  0.02533685]
 [-0.503342    0.6504681   0.35731885]
 [-0.47921246 -0.20870757  0.53097826]]","[[ 0.7123931   0.258735    0.6523437 ]
 [-0.00355456  0.93087333 -0.3653248 ]
 [-0.7017717   0.25793603  0.66406757]]"
20200224-135515.685497,84,[2.2154124  1.3782418  0.46137616],"[[ 0.55001247 -0.18263574  0.76807815]
 [ 0.46294212  0.7069526   0.02598191]
 [-0.5034483   0.6502683   0.3584646 ]
 [-0.47928157 -0.20979375  0.5299853 ]]","[[ 0.7122767   0.2588137   0.6524396 ]
 [-0.00346041  0.9308188  -0.36546507]
 [-0.7018903   0.25805458  0.6638961 ]]"
20200224-135515.685497,85,[2.2246315  1.3812456  0.45983568],"[[ 0.5500169  -0.18588305  0.76742667]
 [ 0.46512863  0.7052531   0.02686422]
 [-0.50149137  0.6510734   0.3608482 ]
 [-0.47921112 -0.21016441  0.52926713]]","[[ 7.1384561e-01  2.5597394e-01  6.5184522e-01]
 [-6.2132312e-04  9.3103534e-01 -3.6492899e-01]
 [-7.0030308e-01  2.6009792e-01  6.6477430e-01]]"
20200224-135515.685497,86,[2.234038  1.3805515 0.4585341],"[[ 0.5496234  -0.1864725   0.7677249 ]
 [ 0.4629133   0.7062157   0.0293247 ]
 [-0.50389284  0.64869213  0.36258006]
 [-0.47928852 -0.21374258  0.52751696]]","[[ 0.71202016  0.25730008  0.65331763]
 [-0.00356948  0.93175566 -0.36306888]
 [-0.7021499   0.25618032  0.664347  ]]"
20200224-135515.685497,87,[2.2439098  1.384184   0.45753455],"[[ 0.549531   -0.18741876  0.7676659 ]
 [ 0.46288925  0.70600414  0.03010256]
 [-0.5040767   0.6482768   0.36374545]
 [-0.4792245  -0.2148719   0.52675706]]","[[ 0.71198934  0.25731805  0.65334433]
 [-0.00360226  0.93176395 -0.36304745]
 [-0.70218104  0.25613236  0.664333  ]]"
20200224-135515.685497,88,[2.2533822  1.3834984  0.45626718],"[[ 0.5491451  -0.18803275  0.7679489 ]
 [ 0.46076098  0.70689386  0.03250163]
 [-0.5063783   0.64596486  0.36543933]
 [-0.47929126 -0.21834485  0.5250258 ]]","[[ 0.71021545  0.2585616   0.65478253]
 [-0.00643956  0.93245655 -0.36122528]
 [-0.703955    0.25233126  0.66390985]]"
20200224-135515.685497,89,[2.263549   1.381281   0.45470506],"[[ 0.5490815  -0.19389057  0.7667175 ]
 [ 0.46518466  0.70350766  0.03380526]
 [-0.5022873   0.647941    0.36928988]
 [-0.47939566 -0.21830253  0.52404815]]","[[ 7.1323794e-01  2.5188524e-01  6.5409905e-01]
 [-7.4980222e-04  9.3347168e-01 -3.5865042e-01]
 [-7.0092171e-01  2.5531265e-01  6.6597629e-01]]"
20200224-135515.685497,90,[2.2735312  1.3847452  0.45389816],"[[ 0.548652   -0.19477138  0.76702696]
 [ 0.4653544   0.7029748   0.03433825]
 [-0.50235337  0.64790523  0.37032142]
 [-0.4796539  -0.2193388   0.52283114]]","[[ 7.1298808e-01  2.5190961e-01  6.5436214e-01]
 [-6.1257865e-04  9.3345827e-01 -3.5868576e-01]
 [-7.0117605e-01  2.5533774e-01  6.6569871e-01]]"
20200224-135515.685497,91,[2.2851927  1.3814133  0.45246974],"[[ 0.54842013 -0.19758187  0.7666126 ]
 [ 0.4654948   0.70237607  0.03671957]
 [-0.5023956   0.64687467  0.37302345]
 [-0.479738   -0.22177204  0.5213539 ]]","[[ 7.1290487e-01  2.4979049e-01  6.5526432e-01]
 [-4.8053404e-04  9.3458301e-01 -3.5574552e-01]
 [-7.0126063e-01  2.5329787e-01  6.6638869e-01]]"
20200224-135515.685497,92,[2.2953827  1.381514   0.45184293],"[[ 0.548152   -0.19892994  0.7665987 ]
 [ 0.4655583   0.70190847  0.03783465]
 [-0.5025454   0.6464503   0.37450644]
 [-0.47982606 -0.22327922  0.5202311 ]]","[[ 7.1274883e-01  2.4897175e-01  6.5574551e-01]
 [-4.6118771e-04  9.3504977e-01 -3.5451594e-01]
 [-7.0141923e-01  2.5237840e-01  6.6657048e-01]]"
20200224-135515.685497,93,[2.3046455  1.3847252  0.45050183],"[[ 0.54762095 -0.1989257   0.7672079 ]
 [ 0.46361485  0.7026925   0.03944391]
 [-0.50468534  0.6446475   0.37552634]
 [-0.4800682  -0.22601227  0.51847476]]","[[ 0.710937    0.2511732   0.65687203]
 [-0.00310632  0.93515664 -0.3542211 ]
 [-0.703249    0.24978836  0.6656176 ]]"
20200224-135515.685497,94,[2.3164213  1.3876208  0.44990224],"[[ 0.54738516 -0.19967453  0.7673066 ]
 [ 0.46376762  0.7023294   0.03991908]
 [-0.5047123   0.64454263  0.3763541 ]
 [-0.4801608  -0.22677799  0.5176914 ]]","[[ 0.71087325  0.25104323  0.6569905 ]
 [-0.00293569  0.9351781  -0.35416514]
 [-0.70331407  0.24983788  0.6655302 ]]"
20200224-135515.685497,95,[2.3259826 1.3871759 0.4487554],"[[ 0.54702044 -0.20023087  0.76756805]
 [ 0.46179172  0.7031107   0.04213086]
 [-0.5068547   0.64238507  0.37786752]
 [-0.48022443 -0.22996663  0.5160237 ]]","[[ 0.70920336  0.25223684  0.6583369 ]
 [-0.00559193  0.93578905 -0.35251656]
 [-0.704982    0.24632448  0.665075  ]]"
20200224-135515.685497,96,[2.3371215  1.3875501  0.44650698],"[[ 0.54666907 -0.20162782  0.76761323]
 [ 0.4598214   0.7038884   0.04505346]
 [-0.5089467   0.6397931   0.38002825]
 [-0.48030227 -0.23356417  0.5141195 ]]","[[ 0.70755297  0.25324047  0.6597257 ]
 [-0.00819726  0.93646103 -0.35067585]
 [-0.7066127   0.24271384  0.6646717 ]]"
20200224-135515.685497,97,[2.3472097 1.3911871 0.4457376],"[[ 0.546636   -0.2023943   0.7675092 ]
 [ 0.45990825  0.703639    0.04557654]
 [-0.5090008   0.6395285   0.38095525]
 [-0.48019993 -0.2343756   0.51354176]]","[[ 0.7076272   0.2532566   0.6596401 ]
 [-0.00809353  0.93640345 -0.35083237]
 [-0.7065398   0.2429197   0.66467416]]"
20200224-135515.685497,98,[2.3581707 1.39715   0.4444638],"[[-0.54616666 -0.20185253  0.768202  ]
 [-0.45819342  0.7044141   0.04643506]
 [ 0.51085013  0.6381594   0.38132256]
 [ 0.4804092  -0.23623827  0.51215476]]","[[-0.70598906  0.2559943   0.660338  ]
 [ 0.0104289   0.93604404 -0.35172784]
 [ 0.7081459   0.24142937  0.6635066 ]]"
20200224-135515.685497,99,[2.3692236  1.3953798  0.44362986],"[[ 0.5460729  -0.20536987  0.76745546]
 [ 0.46061334  0.70241797  0.0474233 ]
 [-0.5087004   0.6390844   0.3838339 ]
 [-0.48048267 -0.23665012  0.5113072 ]]","[[ 0.70757204  0.25204608  0.66016275]
 [-0.00740666  0.9368202  -0.34973353]
 [-0.7066027   0.24257201  0.66473424]]"
20200224-135515.685497,100,[2.3805082 1.3918298 0.4417936],"[[-0.5457362  -0.20726304  0.76732594]
 [-0.45881975  0.7029499   0.05068725]
 [ 0.51060927  0.63645446  0.38633305]
 [ 0.48055696 -0.24047756  0.5093019 ]]","[[-0.7060377   0.25192714  0.66184884]
 [ 0.00979191  0.9379681  -0.34658387]
 [ 0.7081069   0.23822047  0.6647074 ]]"
20200224-135515.685497,101,[2.3902414  1.3915956  0.44077414],"[[-0.54539895 -0.20781061  0.7675571 ]
 [-0.4570571   0.7035617   0.05268268]
 [ 0.51250815  0.6345006   0.3877025 ]
 [ 0.48059738 -0.2433613   0.5077081 ]]","[[-0.70451117  0.25295916  0.6630806 ]
 [ 0.01216335  0.93848675 -0.34510076]
 [ 0.70958877  0.235062    0.66425127]]"
20200224-135515.685497,102,[2.4001393 1.3969295 0.4390356],"[[-0.54525155 -0.20921586  0.76744044]
 [-0.45728466  0.70314217  0.05355565]
 [ 0.51242876  0.6341013   0.38912678]
 [ 0.4806336  -0.24440823  0.50670266]]","[[-0.7045291   0.25311753  0.6630012 ]
 [ 0.01192317  0.9383217  -0.34555814]
 [ 0.7095751   0.2355507   0.6640928 ]]"
20200224-135515.685497,103,[2.4122431  1.3997178  0.43862736],"[[-0.5450603  -0.20987903  0.76749396]
 [-0.45757627  0.70272547  0.0538408 ]
 [ 0.51231116  0.63415     0.38979644]
 [ 0.480698   -0.24491136  0.506076  ]]","[[-0.70457566  0.25291052  0.66303045]
 [ 0.01160172  0.9383146  -0.345588  ]
 [ 0.7095342   0.23580064  0.6640478 ]]"
20200224-135515.685497,104,[2.4227235 1.4016985 0.4369999],"[[-0.54487497 -0.21191308  0.76720977]
 [-0.45783937  0.7021438   0.05532396]
 [ 0.5122396   0.63350123  0.3917566 ]
 [ 0.48073348 -0.24650152  0.5048321 ]]","[[-0.7045869   0.25212765  0.6633168 ]
 [ 0.01134184  0.93863386 -0.34472862]
 [ 0.7095271   0.235368    0.66420877]]"
20200224-135515.685497,105,[2.4339626  1.4097188  0.43680522],"[[-0.5444162  -0.20997794  0.76824474]
 [-0.45615792  0.70305246  0.05492497]
 [ 0.5140415   0.6328393   0.3908232 ]
 [ 0.48092893 -0.24726763  0.50402486]]","[[-0.7029956   0.25569117  0.66364115]
 [ 0.01359922  0.93779844 -0.3469143 ]
 [ 0.71106434  0.23485415  0.66274536]]"
20200224-135515.685497,106,[2.4448745 1.4136796 0.4346344],"[[-0.5445663  -0.21340272  0.7672794 ]
 [-0.45833144  0.70146245  0.05592389]
 [ 0.51205564  0.6333508   0.39334908]
 [ 0.48081088 -0.24754085  0.50341964]]","[[-0.7046514   0.25308934  0.6628816 ]
 [ 0.01081497  0.9379459  -0.34661287]
 [ 0.7094712   0.23707223  0.66366214]]"
20200224-135515.685497,107,[2.45639    1.4137576  0.43269086],"[[-0.54428947 -0.2147691   0.7672325 ]
 [-0.45674506  0.7019663   0.05846685]
 [ 0.51373446  0.6311193   0.39527452]
 [ 0.4808431  -0.25061083  0.5016913 ]]","[[-0.7032635   0.2537855   0.6640886 ]
 [ 0.01296872  0.9385374  -0.34493408]
 [ 0.7108112   0.23396714  0.6633305 ]]"
20200224-135515.685497,108,[2.466658   1.4152809  0.43132237],"[[-0.5439321  -0.21670677  0.7671423 ]
 [-0.45714876  0.70120114  0.05971543]
 [ 0.51354647  0.6307465   0.39706817]
 [ 0.48106453 -0.25202075  0.50026387]]","[[-0.70319074  0.2529531   0.664483  ]
 [ 0.01258244  0.9388544  -0.34408453]
 [ 0.71089005  0.23359624  0.6633764 ]]"
20200224-135515.685497,109,[2.4776092  1.4171913  0.42975196],"[[-0.5435305  -0.21596897  0.7677806 ]
 [-0.45348018  0.70303243  0.06218596]
 [ 0.51720965  0.6274119   0.39783153]
 [ 0.48106548 -0.25584474  0.4983731 ]]","[[-0.70026433  0.25648528  0.66621727]
 [ 0.01736216  0.9390719  -0.34328154]
 [ 0.71367264  0.2288208   0.6620516 ]]"
20200224-135515.685497,110,[2.4867165  1.4205474  0.42874002],"[[-0.5436746  -0.21847907  0.7670351 ]
 [-0.4556437   0.70145655  0.06240918]
 [ 0.5152799   0.6283785   0.39965573]
 [ 0.48092943 -0.25566784  0.49803397]]","[[-0.7019116   0.2541405   0.6653816 ]
 [ 0.01461775  0.9391213  -0.34327433]
 [ 0.7121139   0.23122184  0.66289526]]"
20200224-135515.685497,111,[2.4962153 1.4202343 0.4279712],"[[-0.5436001  -0.22159281  0.76630753]
 [-0.45795217  0.6995442   0.06308867]
 [ 0.5132696   0.62930596  0.40193596]
 [ 0.48097166 -0.2559479   0.49723294]]","[[-0.7034325   0.25082958  0.6650319 ]
 [ 0.01177549  0.93964463 -0.34194955]
 [ 0.7106645   0.23270737  0.6639302 ]]"
20200224-135515.685497,112,[2.5075676  1.418451   0.42740768],"[[-0.54352486 -0.2247689   0.7655141 ]
 [-0.46033013  0.6976034   0.06381412]
 [ 0.511155    0.6302639   0.40415567]
 [ 0.48103827 -0.25611705  0.4965621 ]]","[[-0.70499635  0.24709655  0.6647731 ]
 [ 0.00883942  0.9403307  -0.34014717]
 [ 0.7091559   0.23392628  0.66511387]]"
20200224-135515.685497,113,[2.5173683  1.4183103  0.42659593],"[[-0.54319614 -0.22510342  0.76577395]
 [-0.45858032  0.6981971   0.06561996]
 [ 0.51302344  0.6284081   0.40523976]
 [ 0.4810919  -0.2587531   0.4950406 ]]","[[-0.7035069   0.24821083  0.6659354 ]
 [ 0.01114874  0.94076735 -0.33886984]
 [ 0.71060133  0.2309729   0.6646034 ]]"
20200224-135515.685497,114,[2.5269122 1.4217303 0.425654 ],"[[-0.54272354 -0.22492786  0.7663595 ]
 [-0.4569641   0.6987532   0.06675462]
 [ 0.51477236  0.626998    0.40581587]
 [ 0.48129493 -0.26081637  0.4935085 ]]","[[-0.70194167  0.25022024  0.6668342 ]
 [ 0.01333514  0.94070965 -0.33895093]
 [ 0.71210974  0.2290315   0.66365993]]"
20200224-135515.685497,115,[2.5360641  1.4252899  0.42470217],"[[-0.5428736  -0.22725134  0.76562095]
 [-0.45901874  0.69726014  0.06689296]
 [ 0.512925    0.6279119   0.4075146 ]
 [ 0.48114184 -0.2605991   0.49323544]]","[[-0.70352125  0.24805886  0.6659764 ]
 [ 0.01071965  0.9407025  -0.33906314]
 [ 0.7105934   0.23139909  0.6644633 ]]"
20200224-135515.685497,116,[2.54528    1.4322486  0.42356774],"[[-0.5426192  -0.22640444  0.7661999 ]
 [-0.45720154  0.6981912   0.06756107]
 [ 0.5147975   0.6265119   0.4075837 ]
