Timestamp,Epoch,s,u,v
20200224-023954.292195,0,[1.7162377  1.3800416  0.76758635],"[[ 0.27150178 -0.566305   -0.72943115]
 [ 0.5003882  -0.5073774   0.35530066]
 [ 0.797955    0.3802587   0.16449803]
 [ 0.19790392  0.5265645  -0.5609207 ]]","[[ 0.3376117  -0.77241117 -0.5379584 ]
 [ 0.7278488  -0.14817601  0.66953725]
 [ 0.59687066  0.6175959  -0.5121727 ]]"
20200224-023954.292195,1,[1.6953673  1.385883   0.76462823],"[[ 0.25268966 -0.56763685  0.7356662 ]
 [ 0.49674022 -0.51606214 -0.3468438 ]
 [ 0.80678487  0.36770687 -0.15334696]
 [ 0.1962017   0.5256043   0.5612298 ]]","[[ 0.32053003 -0.7758636   0.5434117 ]
 [ 0.732462   -0.16075219 -0.66155714]
 [ 0.60063285  0.6100773   0.51676476]]"
20200224-023954.292195,2,[1.684206  1.3913428 0.761505 ],"[[ 0.23230079 -0.56902623  0.7417692 ]
 [ 0.49085546 -0.5266379  -0.33849508]
 [ 0.816216    0.35196313 -0.14309022]
 [ 0.19720232  0.524389    0.56100386]]","[[ 0.301867   -0.77948004  0.54889643]
 [ 0.73547775 -0.17592758 -0.65431017]
 [ 0.60658777  0.6012157   0.5201835 ]]"
20200224-023954.292195,3,[1.670243  1.398277  0.7569486],"[[ 0.2163278  -0.5674721   0.74825376]
 [ 0.49292657 -0.530602   -0.32858655]
 [ 0.8213093   0.3471112  -0.12905274]
 [ 0.18888298  0.52531034  0.5616873 ]]","[[ 0.29051518 -0.7802619   0.5538885 ]
 [ 0.74191535 -0.18188241 -0.645353  ]
 [ 0.60428685  0.5984232   0.5260487 ]]"
20200224-023954.292195,4,[1.6593639 1.4052969 0.7535766],"[[ 0.2031901  -0.566467    0.75319123]
 [ 0.49325213 -0.53437996 -0.3210461 ]
 [ 0.8258276   0.3421418  -0.11795636]
 [ 0.18282534  0.5258253   0.5618885 ]]","[[ 0.28045842 -0.7811899   0.5577503 ]
 [ 0.7466551  -0.18760532 -0.6382088 ]
 [ 0.6031992   0.5954381   0.530664  ]]"
20200224-023954.292195,5,[1.641833   1.4112439  0.75001746],"[[ 0.17953278 -0.5677065   0.75876194]
 [ 0.48449513 -0.5467603  -0.31234595]
 [ 0.83590335  0.32273626 -0.10635412]
 [ 0.18519689  0.52402663  0.56161296]]","[[ 0.25678748 -0.7855125   0.56305444]
 [ 0.7489636  -0.20647228 -0.6296212 ]
 [ 0.61083037  0.5833862   0.53530073]]"
20200224-023954.292195,6,[1.6279491 1.4161075 0.7454001],"[[ 0.14826362 -0.56872445  0.76517713]
 [ 0.4703091  -0.56433094 -0.30186507]
 [ 0.84845495  0.29413    -0.09346996]
 [ 0.19222853  0.5211244   0.5609323 ]]","[[ 0.22482747 -0.79068965  0.5694406 ]
 [ 0.74898446 -0.23358048 -0.6200506 ]
 [ 0.6232777   0.56590647  0.53969896]]"
20200224-023954.292195,7,[1.6199065 1.4194822 0.741173 ],"[[ 0.11299302  0.5692034  -0.77123773]
 [ 0.44914407  0.5859451   0.29202873]
 [ 0.86208934 -0.25664225  0.08244272]
 [ 0.2056798  -0.51653665 -0.5595667 ]]","[[ 0.18666652  0.7958823  -0.57595754]
 [ 0.74452275  0.2678961   0.6114882 ]
 [ 0.6409694  -0.5429578  -0.54254526]]"
20200224-023954.292195,8,[1.6183289 1.4245607 0.7385238],"[[ 0.09198733  0.56841475 -0.77491546]
 [ 0.43645686  0.59814227  0.28595316]
 [ 0.86938226 -0.23474805  0.07507966]
 [ 0.21264605 -0.5138326  -0.5586593 ]]","[[ 0.16424406  0.7981156  -0.5796857 ]
 [ 0.7414224   0.28773168  0.60622066]
 [ 0.6506281  -0.52936    -0.5444826 ]]"
20200224-023954.292195,9,[1.613295  1.4286184 0.7347267],"[[ 0.06372622  0.56641454 -0.77961254]
 [ 0.41869727  0.61407715  0.27782205]
 [ 0.8782236  -0.20484704  0.06513911]
 [ 0.22216006 -0.51002115 -0.55747324]]","[[ 0.1334916   0.80027294 -0.58458817]
 [ 0.73638153  0.31467777  0.59893274]
 [ 0.6632665  -0.5104323  -0.5472993 ]]"
20200224-023954.292195,10,[1.6102446 1.4360574 0.7320203],"[[ 0.05178588  0.5645424  -0.78220195]
 [ 0.4147538   0.61868095  0.27282822]
 [ 0.88125086 -0.19671275  0.05708464]
 [ 0.22066854 -0.50973505 -0.557195  ]]","[[ 0.12217721  0.80065995 -0.586529  ]
 [ 0.73686624  0.3227223   0.5940357 ]
 [ 0.6649066  -0.504771   -0.5505501 ]]"
20200224-023954.292195,11,[1.5981662  1.4404063  0.72794867],"[[ 0.01476943  0.5612926  -0.78656036]
 [ 0.38722393  0.63932043  0.2643474 ]
 [ 0.8910839  -0.15389441  0.04562126]
 [ 0.23623918 -0.5025301  -0.55620295]]","[[ 0.07820641  0.8026661  -0.5912789 ]
 [ 0.7263759   0.36035195  0.585256  ]
 [ 0.68283373 -0.47526154 -0.55485547]]"
20200224-023954.292195,12,[1.5873398  1.4441557  0.72208375],"[[-0.02917512  0.55412775 -0.7917325 ]
 [ 0.35388333  0.662114    0.25356618]
 [ 0.89969915 -0.10309685  0.03116942]
 [ 0.25388336 -0.49388078 -0.5548804 ]]","[[ 0.02638519  0.80192024 -0.59684813]
 [ 0.71161944  0.40425336  0.57461023]
 [ 0.7020695  -0.43989    -0.55999565]]"
20200224-023954.292195,13,[1.5859267 1.4467427 0.7180581],"[[-0.06324784  0.5462079  -0.7956142 ]
 [ 0.32406306  0.6797298   0.24582729]
 [ 0.9043641  -0.06012295  0.02168308]
 [ 0.27038586 -0.48580825 -0.5532601 ]]","[[-0.01469355  0.7988963  -0.60128933]
 [ 0.6959051   0.4399797   0.5675684 ]
 [ 0.71798337 -0.4101008  -0.56242096]]"
20200224-023954.292195,14,[1.581738  1.4475362 0.7143284],"[[-0.10778344  0.5342563  -0.79925853]
 [ 0.27897626  0.7018261   0.23799443]
 [ 0.9070078   0.00163052  0.01215525]
 [ 0.29646575 -0.47117677 -0.55172163]]","[[-0.07232789  0.7922027  -0.6059568 ]
 [ 0.6688594   0.4892081   0.55973434]
 [ 0.73986197 -0.3648154  -0.56525564]]"
20200224-023954.292195,15,[1.5784293 1.4501358 0.7095328],"[[-0.1454634   0.52051985 -0.80272573]
 [ 0.2419909   0.71780926  0.22972882]
 [ 0.9062224   0.05145451  0.00091794]
 [ 0.31470865 -0.4595231  -0.55032253]]","[[-0.120096    0.7833428  -0.6098778 ]
 [ 0.64536995  0.528409    0.5516171 ]
 [ 0.7543702  -0.32734984 -0.5690057 ]]"
20200224-023954.292195,16,[1.5762775  1.4522449  0.70465624],"[[-0.18303241  0.50398886 -0.80595505]
 [ 0.20235445  0.7321926   0.22159693]
 [ 0.90234226  0.10309407 -0.01022834]
 [ 0.33366212 -0.44638637 -0.54884124]]","[[-0.16881983  0.7713334  -0.61363256]
 [ 0.6182045   0.567751    0.5435828 ]
 [ 0.7676741  -0.2875827  -0.5726893 ]]"
20200224-023954.292195,17,[1.5742021  1.4570825  0.69861436],"[[-0.21604851  0.48660216 -0.8089007 ]
 [ 0.1688159   0.74284333  0.21312372]
 [ 0.89685076  0.14611837 -0.02309188]
 [ 0.34710598 -0.43594888 -0.54747117]]","[[-0.21092059  0.7585332  -0.6165549 ]
 [ 0.5942058   0.60032225  0.53528744]
 [ 0.77616477 -0.2534573  -0.57734513]]"
20200224-023954.292195,18,[1.5692126  1.4568018  0.69360477],"[[-0.26662624  0.45683452 -0.8116424 ]
 [ 0.10289276  0.7565338   0.20497192]
 [ 0.8806673   0.22575936 -0.03549308]
 [ 0.377821   -0.40986836 -0.5458605 ]]","[[-0.2831658   0.7317297  -0.61999124]
 [ 0.5420556   0.6554017   0.5259512 ]
 [ 0.79119724 -0.18713821 -0.58222544]]"
20200224-023954.292195,19,[1.5685035 1.4634476 0.6902044],"[[-0.2925753   0.4393666   0.81272566]
 [ 0.06859901  0.7612001  -0.20084332]
 [ 0.86982054  0.26590082  0.04396842]
 [ 0.3912877  -0.39601526  0.54516554]]","[[-0.3206268   0.7157099   0.62044966]
 [ 0.51333493  0.6817924  -0.5211972 ]
 [ 0.79604375 -0.15138873  0.58599985]]"
20200224-023954.292195,20,[1.5683415 1.4635674 0.68464  ],"[[-0.33220646  0.4065185   0.81494755]
 [ 0.01135618  0.76600736 -0.1928171 ]
 [ 0.8470942   0.33118978  0.05607167]
 [ 0.41465834 -0.37187186  0.5436341 ]]","[[-0.37881398  0.68420005  0.62319356]
 [ 0.46272758  0.7231922  -0.5127146 ]
 [ 0.80148816 -0.09414538  0.5905534 ]]"
20200224-023954.292195,21,[1.5703257 1.4656365 0.6804658],"[[-0.35889143  0.38078195  0.8163364 ]
 [-0.02996705  0.7667614  -0.18711   ]
 [ 0.8278146   0.37668943  0.06524211]
 [ 0.43014175 -0.35381833  0.5425202 ]]","[[-0.41902703  0.6588836   0.62473136]
 [ 0.42437416  0.7503922  -0.5067726 ]
 [ 0.8026973  -0.05276845  0.59404767]]"
20200224-023954.292195,22,[1.5742588  1.471088   0.67384315],"[[-0.37892276  0.35774288  0.81802523]
 [-0.05770031  0.7669585  -0.17959523]
 [ 0.81305176  0.40664297  0.07691556]
 [ 0.43821827 -0.3441463   0.54098487]]","[[-0.44697466  0.6386695   0.62635064]
 [ 0.39798814  0.7690514  -0.5001656 ]
 [ 0.801136   -0.02571891  0.5979294 ]]"
20200224-023954.292195,23,[1.5776606 1.4728658 0.6698253],"[[-0.4002228   0.33143875  0.8193711 ]
 [-0.0962362   0.7638403  -0.17463057]
 [ 0.79160744  0.44696164  0.08538526]
 [ 0.45157328 -0.32698914  0.53930026]]","[[-0.48117352  0.6118212   0.62781155]
 [ 0.36001548  0.7909041  -0.49483323]
 [ 0.799288    0.01207882  0.6008271 ]]"
20200224-023954.292195,24,[1.5817918 1.4734917 0.665675 ],"[[-0.4210308   0.30266917  0.82033473]
 [-0.1363042   0.75875634 -0.16937013]
 [ 0.7667747   0.48775822  0.09403617]
 [ 0.46498486 -0.30785087  0.53807276]]","[[-0.515678    0.5816875   0.62905955]
 [ 0.3189192   0.8117708  -0.4892021 ]
 [ 0.79521495  0.0516516   0.6041236 ]]"
20200224-023954.292195,25,[1.585201   1.4768201  0.66232824],"[[-0.44068688  0.27330124  0.8205833 ]
 [-0.17831504  0.7506054  -0.16588506]
 [ 0.7384397   0.5293958   0.10161754]
 [ 0.478232   -0.28572366  0.5374005 ]]","[[-0.5506013   0.5489523   0.6288797 ]
 [ 0.2739959   0.8304664  -0.48502767]
 [ 0.7885206   0.09474641  0.60766655]]"
20200224-023954.292195,26,[1.5917512 1.4739445 0.6574232],"[[-0.45219174  0.24991354  0.82202077]
 [-0.20261052  0.7457425  -0.15919264]
 [ 0.720595    0.5523901   0.11071514]
 [ 0.4849892  -0.2761821   0.5354264 ]]","[[-0.5696806   0.5261768   0.6313494 ]
 [ 0.24783355  0.84241295 -0.4784549 ]
 [ 0.7836086   0.11609687  0.6103106 ]]"
20200224-023954.292195,27,[1.6004407 1.4717641 0.6531458],"[[-0.45606372  0.23783387  0.8237152 ]
 [-0.20967671  0.74490184 -0.1531422 ]
 [ 0.71521246  0.5584049   0.11789626]
 [ 0.4863259  -0.27702036  0.5330489 ]]","[[-0.5745146   0.5172575   0.6343325 ]
 [ 0.24075592  0.8475095  -0.4730372 ]
 [ 0.78228474  0.1190474   0.6114395 ]]"
20200224-023954.292195,28,[1.607659  1.4735599 0.6478938],"[[-0.4618652   0.22290856  0.8249611 ]
 [-0.22067757  0.7427801  -0.14723371]
 [ 0.70669675  0.56804925  0.12627955]
 [ 0.488428   -0.27551693  0.5308627 ]]","[[-0.58309305  0.5051947   0.6362241 ]
 [ 0.22894946  0.85358    -0.46795663]
 [ 0.7794773   0.12719905  0.6133805 ]]"
20200224-023954.292195,29,[1.6156595 1.4674242 0.6441774],"[[-0.46608052  0.20883451  0.8265143 ]
 [-0.23105681  0.74048465 -0.1412309 ]
 [ 0.6987138   0.5769371   0.13325623]
 [ 0.49110183 -0.27425277  0.5283665 ]]","[[-0.5898875   0.4930732   0.6394621 ]
 [ 0.2180122   0.85975915 -0.4618281 ]
 [ 0.7774983   0.133016    0.61465716]]"
20200224-023954.292195,30,[1.6228312  1.4637994  0.64130473],"[[-0.47185764  0.19284177  0.82736224]
 [-0.24712774  0.7357742  -0.13697316]
 [ 0.6861251   0.59124345  0.13938172]
 [ 0.49549076 -0.26810372  0.52657676]]","[[-0.60111177  0.47688377  0.6412851 ]
 [ 0.20012218  0.86670065 -0.45692566]
 [ 0.77370274  0.1463279   0.61641896]]"
20200224-023954.292195,31,[1.6293945  1.465037   0.63541186],"[[-0.47932163  0.1723403   0.8278824 ]
 [-0.26522556  0.7304467  -0.13097948]
 [ 0.6711063   0.60673887  0.14902882]
 [ 0.49952227 -0.2619435   0.52463853]]","[[-0.61484635  0.45760798  0.64230734]
 [ 0.17932723  0.8742302  -0.45117968]
 [ 0.7679879   0.1622231   0.61957884]]"
20200224-023954.292195,32,[1.6338255  1.4671396  0.63176084],"[[-0.4899405   0.1445781   0.82728004]
 [-0.2987003   0.71765023 -0.12826183]
 [ 0.6424393   0.6362994   0.15702651]
 [ 0.50794494 -0.24330749  0.52392685]]","[[-0.6390186   0.42516777  0.64100546]
 [ 0.13927798  0.8835314  -0.44718468]
 [ 0.75647676  0.19648138  0.62380934]]"
20200224-023954.292195,33,[1.6405876  1.4718405  0.62753654],"[[-0.4938273   0.13086899  0.8275431 ]
 [-0.31048575  0.7131128  -0.12477668]
 [ 0.6319898   0.64580834  0.16364607]
 [ 0.51021755 -0.2393218   0.52232486]]","[[-0.64717484  0.4123844   0.6411738 ]
 [ 0.12520422  0.8871343  -0.4442031 ]
 [ 0.7519897   0.20719951  0.62576336]]"
20200224-023954.292195,34,[1.6495355 1.4631054 0.622524 ],"[[-0.49482653  0.11973979  0.82890487]
 [-0.31298247  0.7128978  -0.11743773]
 [ 0.62979925  0.64634544  0.1721718 ]
 [ 0.5104332  -0.24428858  0.5191167 ]]","[[-0.64804333  0.4051997   0.64486676]
 [ 0.12295806  0.8912784  -0.4364678 ]
 [ 0.7516124   0.2035584   0.6274096 ]]"
20200224-023954.292195,35,[1.657038  1.4603117 0.6173291],"[[-0.49896502  0.10126211  0.82922065]
 [-0.32777646  0.70676494 -0.11200449]
 [ 0.61626595  0.65780085  0.18111539]
 [ 0.51362723 -0.2398491   0.51676494]]","[[-0.6577629   0.38720962  0.646078  ]
 [ 0.10503514  0.8965204  -0.43037087]
 [ 0.7458657   0.21522118  0.6303685 ]]"
20200224-023954.292195,36,[1.6647611 1.4559486 0.6141053],"[[-0.5020757   0.08580578  0.8293538 ]
 [-0.34122732  0.7005927  -0.1081447 ]
 [ 0.60378766  0.6682985   0.1878962 ]
 [ 0.51664734 -0.23491421  0.51494884]]","[[-0.66618925  0.3708941   0.64701605]
 [ 0.08852487  0.9007594  -0.42520133]
 [ 0.74051034  0.22598751  0.6329094 ]]"
20200224-023954.292195,37,[1.67297    1.4502212  0.61006707],"[[-0.50337577  0.07458012  0.8299167 ]
 [-0.3467357   0.6982966  -0.10286021]
 [ 0.5987294   0.6715024   0.1952088 ]
 [ 0.5176008  -0.23644055  0.5123977 ]]","[[-0.669227    0.361627    0.6491234 ]
 [ 0.0821069   0.90422285 -0.41909352]
 [ 0.7385077   0.22717129  0.6348225 ]]"
20200224-023954.292195,38,[1.68148   1.4498559 0.6061464],"[[-0.50307     0.07089452  0.8305725 ]
 [-0.3434109   0.70055985 -0.09811249]
 [ 0.6021166   0.66716504  0.2006317 ]
 [ 0.5161835  -0.24306546  0.5101667 ]]","[[-0.66672987  0.36253855  0.6511814 ]
 [ 0.08695663  0.9055901  -0.41514507]
 [ 0.74020946  0.220165    0.6353091 ]]"
20200224-023954.292195,39,[1.6896938  1.4486747  0.60166776],"[[-0.5041852   0.06176062  0.83082265]
 [-0.34668544  0.6994873  -0.09324554]
 [ 0.5991176   0.6683172   0.20738931]
 [ 0.51639575 -0.24546956  0.50796515]]","[[-0.66869676  0.35628596  0.6526139 ]
 [ 0.08325531  0.90807647 -0.41044566]
 [ 0.7388593   0.2201302   0.63689065]]"
20200224-023954.292195,40,[1.6992472 1.4511241 0.5969255],"[[-0.50232184  0.06235617 -0.83224064]
 [-0.33712286  0.70450056  0.08823483]
 [ 0.6084466   0.65864897 -0.21232164]
 [ 0.5136286  -0.25685194 -0.5044901 ]]","[[-0.6614808   0.3640509  -0.65567553]
 [ 0.09620344  0.9082449   0.4072299 ]
 [ 0.7437663   0.2062966  -0.6358095 ]]"
20200224-023954.292195,41,[1.707211  1.4450016 0.592541 ],"[[-0.5046161   0.0470414  -0.832153  ]
 [-0.34813276  0.69929075  0.08325958]
 [ 0.5981873   0.66630393 -0.22044156]
 [ 0.51607925 -0.25459433 -0.5019907 ]]","[[-0.6682898   0.3490379  -0.65693325]
 [ 0.08262739  0.91245615  0.4007449 ]
 [ 0.7392979   0.21353303 -0.6386252 ]]"
20200224-023954.292195,42,[1.7156923 1.4472023 0.5897432],"[[-0.50514156  0.04165525 -0.83233124]
 [-0.35036933  0.69830346  0.08077345]
 [ 0.59633434  0.66716    -0.22453997]
 [ 0.51619625 -0.25599688 -0.5002819 ]]","[[-0.66935617  0.34567118 -0.65762746]
 [ 0.08024791  0.9136273   0.3985543 ]
 [ 0.7385951   0.21400152 -0.63928145]]"
20200224-023954.292195,43,[1.723175  1.4487338 0.5865282],"[[-0.50654644  0.03164129 -0.8322307 ]
 [-0.35835534  0.6941511   0.07843164]
 [ 0.58893853  0.67282444 -0.22985424]
 [ 0.517826   -0.2538919  -0.4984053 ]]","[[-0.6741026   0.3361059  -0.65773755]
 [ 0.07035074  0.915641    0.395794  ]
 [ 0.73528     0.22053339 -0.64088106]]"
20200224-023954.292195,44,[1.7328581 1.4515606 0.5817825],"[[-0.5051722   0.03202853 -0.8333166 ]
 [-0.34963053  0.69892216  0.0736387 ]
 [ 0.5975903   0.66381717 -0.23444472]
 [ 0.51521385 -0.2642521  -0.49517345]]","[[-0.6677115   0.34337342 -0.66049683]
 [ 0.08233574  0.91588473  0.3929071 ]
 [ 0.7398528   0.20796606 -0.6398186 ]]"
20200224-023954.292195,45,[1.741     1.4457885 0.577658 ],"[[-0.50690156  0.0182577  -0.83295393]
 [-0.35927007  0.6940326   0.06923271]
 [ 0.5885215   0.6701379  -0.24202196]
 [ 0.5173182  -0.2624895  -0.4927674 ]]","[[-0.6735434   0.32988426 -0.66145   ]
 [ 0.0703612   0.9194333   0.38690037]
 [ 0.73579127  0.21405369 -0.64248925]]"
20200224-023954.292195,46,[1.7505425 1.4484906 0.5756181],"[[-0.5064053   0.01781434 -0.83340937]
 [-0.35615778  0.6957481   0.06713326]
 [ 0.59183145  0.6666508  -0.24436368]
 [ 0.51617885 -0.26682165 -0.49112973]]","[[-0.670986    0.33259392 -0.66269094]
 [ 0.07496694  0.91960335  0.38562882]
 [ 0.73767054  0.20907162 -0.64197457]]"
20200224-023954.292195,47,[1.7571167  1.4467673  0.57311934],"[[-0.50912845  0.00119603 -0.83221555]
 [-0.37368652  0.6862033   0.06587197]
 [ 0.57498324  0.680206   -0.25072148]
 [ 0.5201353  -0.2577659  -0.49011943]]","[[-0.6821428   0.312408   -0.661122  ]
 [ 0.05229281  0.9226641   0.38204232]
 [ 0.7293467   0.22603557 -0.6457255 ]]"
20200224-023954.292195,48,[1.7656015 1.4518087 0.5694556],"[[-0.51027745 -0.0068047  -0.8316509 ]
 [-0.37937006  0.68332535  0.06382871]
 [ 0.5694781   0.68360376 -0.25541374]
 [ 0.52095115 -0.2563321  -0.48892388]]","[[-0.6858054   0.3056039  -0.6605129 ]
 [ 0.04504054  0.92364824  0.3805852 ]
 [ 0.72638994  0.23125754 -0.64720744]]"
20200224-023954.292195,49,[1.7736404 1.4490355 0.5667827],"[[-0.5110283  -0.01594538 -0.8312918 ]
 [-0.3857869   0.6795788   0.06123724]
 [ 0.56332535  0.6875706  -0.26064932]
 [ 0.5221908  -0.2552746  -0.48709947]]","[[-0.6894696   0.29648063 -0.66085607]
 [ 0.03687439  0.9255727   0.37676975]
 [ 0.7233753   0.23540248 -0.6490868 ]]"
20200224-023954.292195,50,[1.7824442  1.4434261  0.56287175],"[[-0.51178557 -0.02700442 -0.8307835 ]
 [-0.3921043   0.6758925   0.057167  ]
 [ 0.5571314   0.6908069  -0.26759994]
 [ 0.5233876  -0.25539428 -0.48468694]]","[[-0.69305235  0.28609747 -0.6616849 ]
 [ 0.02879762  0.9281305   0.37113985]
 [ 0.7203119   0.23816447 -0.651482  ]]"
20200224-023954.292195,51,[1.7913837  1.4380562  0.55897456],"[[-0.5123527  -0.03736698  0.8302673 ]
 [-0.3975624   0.67262065 -0.05311061]
 [ 0.55177104  0.69327426  0.274378  ]
 [ 0.52439266 -0.25603923  0.4822364 ]]","[[-0.69610757  0.27658534  0.6625215 ]
 [ 0.0217717   0.9305205  -0.3655924 ]
 [ 0.71760726  0.2400674   0.653764  ]]"
20200224-023954.292195,52,[1.7996439  1.4384553  0.55549604],"[[-0.51344216 -0.04838297  0.82920206]
 [-0.40627795  0.66745406 -0.05094422]
 [ 0.5429048   0.6987137   0.2801768 ]
 [ 0.52589923 -0.2529093   0.48096734]]","[[-0.70151216  0.26501814  0.66154826]
 [ 0.01010023  0.9318876  -0.3626065 ]
 [ 0.712586    0.24769111  0.6564071 ]]"
20200224-023954.292195,53,[1.8086219  1.434522   0.55223733],"[[-0.5133702  -0.054072    0.82909524]
 [-0.40683448  0.66700906 -0.04718117]
 [ 0.54265845  0.6974185   0.28536907]
 [ 0.52579385 -0.25648177  0.47847632]]","[[-0.7014643   0.26156536  0.6629718 ]
 [ 0.00973787  0.9336501  -0.3580541 ]
 [ 0.71263826  0.24470633  0.6574693 ]]"
20200224-023954.292195,54,[1.8178091  1.433636   0.54809004],"[[-0.51372576 -0.06270126  0.82849556]
 [-0.4111137   0.66434914 -0.04389026]
 [ 0.5384307   0.6989544   0.291312  ]
 [ 0.5264639  -0.2572384   0.47624195]]","[[-0.70383626  0.25438258  0.6632525 ]
 [ 0.004163    0.93514323 -0.35424533]
 [ 0.7103501   0.24656963  0.65924686]]"
20200224-023954.292195,55,[1.8265495 1.4355553 0.5451941],"[[-0.5131278  -0.06369361  0.82902926]
 [-0.407764    0.6662629  -0.04115976]
 [ 0.54234886  0.69507545  0.29431918]
 [ 0.5256291  -0.26250136  0.47370055]]","[[-0.7011665   0.25727978  0.6649606 ]
 [ 0.00925937  0.9358339  -0.3523198 ]
 [ 0.7129374   0.24087775  0.6585577 ]]"
20200224-023954.292195,56,[1.8356181  1.4361463  0.54164046],"[[-0.5130799  -0.06843281  0.82888985]
 [-0.40819523  0.6659318  -0.03817153]
 [ 0.5422244   0.6938201   0.2987535 ]
 [ 0.52546966 -0.26545304  0.47141397]]","[[-0.701089    0.2551816   0.6658504 ]
 [ 0.00906165  0.93688756 -0.34951317]
 [ 0.7130162   0.23900616  0.659154  ]]"
20200224-023954.292195,57,[1.8453443 1.4397265 0.5401015],"[[-0.51269877 -0.06771696  0.8293128 ]
 [-0.40498605  0.6678701  -0.03674791]
 [ 0.5459136   0.6905556   0.30009338]
 [ 0.5245042  -0.26925254  0.4699298 ]]","[[-0.69869256  0.25884014  0.66695625]
 [ 0.01392279  0.9369985  -0.34905598]
 [ 0.7152867   0.23459685  0.65827775]]"
20200224-023954.292195,58,[1.8544317  1.4403348  0.53665614],"[[-0.51273066 -0.07252482  0.82908523]
 [-0.40574464  0.6673229  -0.0339403 ]
 [ 0.54543996  0.6895816   0.30443275]
 [ 0.5243797  -0.2718416   0.46774614]]","[[-0.6988186   0.2564905   0.66773117]
 [ 0.01331334  0.93800193 -0.3463744 ]
 [ 0.7151749   0.23316324  0.6589079 ]]"
20200224-023954.292195,59,[1.86331    1.4491619  0.53266305],"[[-0.5128221  -0.07559657  0.8289577 ]
 [-0.4059418   0.6673823  -0.03226348]
 [ 0.54549     0.68848264  0.30753157]
 [ 0.5240853  -0.27363798  0.4660604 ]]","[[-0.6987325   0.25687793  0.6676726 ]
 [ 0.0133908   0.9378409  -0.34680763]
 [ 0.7152578   0.23338503  0.65873945]]"
20200224-023954.292195,60,[1.871822  1.4471798 0.5304807],"[[-0.5130574  -0.08229195  0.82835954]
 [-0.41031256  0.66443896 -0.03046464]
 [ 0.5412786   0.69068307  0.3117852 ]
 [ 0.524817   -0.27332324  0.4644158 ]]","[[-0.7011176   0.25024098  0.6676926 ]
 [ 0.00774892  0.93901414 -0.34379125]
 [ 0.71300364  0.23586434  0.6602983 ]]"
20200224-023954.292195,61,[1.8810266  1.4456152  0.52887255],"[[-0.51296437 -0.08550984  0.82823795]
 [-0.41088653  0.6638415  -0.02860937]
 [ 0.5410141   0.6900897   0.31474325]
 [ 0.5247319  -0.27528015  0.4627523 ]]","[[-0.7011052   0.24816756  0.66847914]
 [ 0.00732538  0.9399398  -0.34126228]
 [ 0.7130203   0.23436402  0.6608144 ]]"
20200224-023954.292195,62,[1.8900574  1.4503791  0.52521837],"[[-0.5131768  -0.08918527  0.82785565]
 [-0.4112069   0.6637887  -0.02640901]
 [ 0.540936    0.68884254  0.3183026 ]
 [ 0.5243537  -0.27735698  0.46113047]]","[[-0.70122457  0.2473828   0.6686451 ]
 [ 0.00724632  0.9402938  -0.3402869 ]
 [ 0.71290386  0.23377237  0.66114956]]"
20200224-023954.292195,63,[1.899825  1.446726  0.5221369],"[[-0.5125697  -0.08937968  0.82837605]
 [-0.4049689   0.66734266 -0.02207431]
 [ 0.54773325  0.68208724  0.32175398]
 [ 0.5227436  -0.2853453   0.45801765]]","[[-0.6967975   0.25187212  0.6715903 ]
 [ 0.01633091  0.9416455  -0.33620942]
 [ 0.7170819   0.22330213  0.6602496 ]]"
20200224-023954.292195,64,[1.9097623  1.4432352  0.51910836],"[[-0.51199186 -0.08988447  0.8288454 ]
 [-0.39923772  0.6704863  -0.01788004]
 [ 0.55389905  0.67573786  0.32514098]
 [ 0.52121943 -0.29282698  0.4549492 ]]","[[-0.69260424  0.25577587  0.6744466 ]
 [ 0.02468559  0.94287723 -0.33222488]
 [ 0.7208954   0.21345122  0.65935457]]"
20200224-023954.292195,65,[1.9189914 1.4414    0.5168629],"[[-0.51170146 -0.0918364   0.82897544]
 [-0.39710972  0.6714305  -0.01513642]
 [ 0.5563809   0.672675    0.3281793 ]
 [ 0.5204854  -0.29707795  0.45262456]]","[[-0.69073117  0.2564517   0.6761089 ]
 [ 0.02808863  0.94380903 -0.32929567]
 [ 0.7225658   0.20846385  0.65912175]]"
20200224-023954.292195,66,[1.9282792 1.438502  0.5142011],"[[-0.5117392  -0.0968684   0.8285473 ]
 [-0.39838982  0.6703589  -0.01241214]
 [ 0.55537516  0.6720824   0.33235243]
 [ 0.5205452  -0.2992344   0.45044136]]","[[-0.6911374   0.25288662  0.677036  ]
 [ 0.026775    0.9451005  -0.3256815 ]
 [ 0.7222274   0.20696305  0.65996516]]"
20200224-023954.292195,67,[1.9384598 1.4401064 0.5117243],"[[-0.51158285 -0.0982871   0.8286186 ]
 [-0.3964007   0.6713878  -0.01022118]
 [ 0.55764216  0.6692756   0.33482552]
 [ 0.5197932  -0.30273524  0.44852945]]","[[-0.6894316   0.25431994  0.67823714]
 [ 0.02995669  0.9455476  -0.32410264]
 [ 0.72373116  0.20312887  0.65950894]]"
20200224-023954.292195,68,[1.9486935  1.434647   0.50807524],"[[-0.5117265  -0.10518324  0.82784945]
 [-0.3981974   0.66997206 -0.00640163]
 [ 0.55604726  0.66848165  0.34031194]
 [ 0.5199873  -0.30529848  0.44588357]]","[[-0.6901491   0.24913062  0.67943233]
 [ 0.02798467  0.94735974 -0.31894663]
 [ 0.7231262   0.20110703  0.66079116]]"
20200224-023954.292195,69,[1.9577553  1.4409206  0.50549203],"[[-0.51159585 -0.10527384  0.82807744]
 [-0.3957271   0.6714174  -0.00503439]
 [ 0.5587757   0.66559243  0.34189233]
 [ 0.51907575 -0.30838734  0.44426557]]","[[-0.6882143   0.25246227  0.68016464]
 [ 0.03176107  0.9470873  -0.31940117]
 [ 0.72481203  0.19821371  0.65981734]]"
20200224-023954.292195,70,[1.9662358 1.4397593 0.5037381],"[[-0.5118688  -0.11108802  0.82730037]
 [-0.40001106  0.6685687  -0.00387041]
 [ 0.55479264  0.667833    0.34554482]
 [ 0.5197949  -0.30769157  0.44289652]]","[[-0.69066834  0.24647696  0.6798723 ]
 [ 0.02631663  0.94806916 -0.31697306]
 [ 0.72269255  0.20103128  0.66128784]]"
20200224-023954.292195,71,[1.9757477 1.4401131 0.5005262],"[[-0.51222914 -0.11778268  0.82631296]
 [-0.40413034  0.66592056 -0.0020205 ]
 [ 0.5508688   0.6694521   0.35001674]
 [ 0.52042633 -0.30742744  0.441238  ]]","[[-0.6930801   0.2405904   0.67952657]
 [ 0.02105226  0.9490136  -0.31453174]
 [ 0.7205532   0.20369017  0.6628074 ]]"
20200224-023954.292195,72,[1.9850552 1.4431888 0.4989957],"[[-0.5124133  -0.11971188  0.8259947 ]
 [-0.40466756  0.66558087 -0.00116119]
 [ 0.5505683   0.6690473   0.3518687 ]
 [ 0.52014565 -0.30829683  0.44036332]]","[[-0.69331354  0.23994115  0.67951787]
 [ 0.02065111  0.94916993 -0.31408617]
 [ 0.72034     0.20372733  0.6630275 ]]"
20200224-023954.292195,73,[1.9944715 1.44168   0.4971018],"[[-0.5121765  -0.12135991  0.82605004]
 [-0.40283203  0.66629475  0.001166  ]
 [ 0.5527356   0.66633886  0.35443082]
 [ 0.51950467 -0.31195518  0.43819958]]","[[-0.6916334   0.24056393  0.6810084 ]
 [ 0.0236518   0.9499383  -0.31154174]
 [ 0.72186154  0.19936554  0.66269875]]"
20200224-023954.292195,74,[2.0029504 1.4445122 0.4951256],"[[-0.51258576 -0.12579955  0.8252251 ]
 [-0.40623048  0.66421044  0.0018357 ]
 [ 0.5495474   0.66797364  0.35732952]
 [ 0.5198367  -0.31114316  0.4373966 ]]","[[-0.6938048   0.23654303  0.6802073 ]
 [ 0.01928795  0.9502831  -0.31078872]
 [ 0.7199046   0.20250688  0.6638735 ]]"
20200224-023954.292195,75,[2.0116541  1.4434516  0.49352676],"[[-0.51275206 -0.13101615  0.82444715]
 [-0.40996906  0.66160464  0.00286611]
 [ 0.54605454  0.6697768   0.36070976]
 [ 0.52041835 -0.31066546  0.43608132]]","[[-0.6959149   0.23117128  0.6798988 ]
 [ 0.01450524  0.9511022  -0.30853572]
 [ 0.7179779   0.20485254  0.6652393 ]]"
20200224-023954.292195,76,[2.0202882  1.4463879  0.49180526],"[[-0.5127594  -0.13527128  0.8239389 ]
 [-0.41349947  0.65919155  0.00316493]
 [ 0.5427524   0.67175055  0.36331135]
 [ 0.52107173 -0.3097086   0.43487868]]","[[-0.6977509   0.22724639  0.6793401 ]
 [ 0.00997989  0.95133954 -0.30798268]
 [ 0.71627116  0.20811549  0.6660658 ]]"
20200224-023954.292195,77,[2.0299404  1.448101   0.48921618],"[[-0.5127655  -0.13850771  0.82354957]
 [-0.41413862  0.658586    0.00482399]
 [ 0.54237175  0.67094517  0.3662447 ]
 [ 0.52095515 -0.31130844  0.433137  ]]","[[-0.6978455   0.22583808  0.6797125 ]
 [ 0.00947542  0.95181763 -0.30651823]
 [ 0.7161857   0.20746182  0.66636145]]"
20200224-023954.292195,78,[2.039615  1.4517319 0.4880133],"[[-0.5127447  -0.13995314  0.82343376]
 [-0.4146382   0.65817434  0.00526779]
 [ 0.5421503   0.67072827  0.36766633]
 [ 0.520808   -0.31199914  0.432146  ]]","[[-0.69786215  0.22561774  0.6797684 ]
 [ 0.0091458   0.9518193  -0.30652326]
 [ 0.71617377  0.20769392  0.66630214]]"
20200224-023954.292195,79,[2.049331  1.4491366 0.4859051],"[[-0.5126983  -0.14381579  0.8229268 ]
 [-0.4153983   0.6573071   0.00743985]
 [ 0.54164946  0.66983956  0.37103102]
 [ 0.5207694  -0.31397426  0.43020004]]","[[-0.6979821   0.222959    0.68052214]
 [ 0.00847946  0.9528036  -0.30346936]
 [ 0.71606493  0.20604567  0.66693044]]"
20200224-023954.292195,80,[2.0593064  1.4515264  0.48432645],"[[-0.51283383 -0.14772266  0.8222552 ]
 [-0.41850564  0.65527827  0.00787639]
 [ 0.53871197  0.67137444  0.37347993]
 [ 0.52119476 -0.3131207   0.4293564 ]]","[[-0.6997604   0.21929123  0.6798873 ]
 [ 0.00446542  0.9530438  -0.3027993 ]
 [ 0.7143636   0.20885094  0.6678815 ]]"
20200224-023954.292195,81,[2.0690825  1.4491761  0.48223752],"[[-0.51276606 -0.15136777  0.8217625 ]
 [-0.41907933  0.65452087  0.01000621]
 [ 0.53839624  0.67035025  0.3767276 ]
 [ 0.5211264  -0.31515205  0.42741388]]","[[-0.6997853   0.21687499  0.68063635]
 [ 0.00401243  0.9539792  -0.2998464 ]
 [ 0.714342    0.20709717  0.6684508 ]]"
20200224-023954.292195,82,[2.078743  1.4506761 0.4800735],"[[-0.51254725 -0.15417998  0.8215504 ]
 [-0.419642    0.65386164  0.01139904]
 [ 0.5380944   0.6696884   0.3791949 ]
 [ 0.52120113 -0.31656152  0.42560175]]","[[-0.69964534  0.2157207   0.6811469 ]
 [ 0.00358417  0.9543803  -0.29857266]
 [ 0.7144815   0.20645356  0.6685008 ]]"
20200224-023954.292195,83,[2.0884135 1.4522823 0.4779625],"[[-0.5123606  -0.15698798  0.8213017 ]
 [-0.42031538  0.6531466   0.01270391]
 [ 0.5376745   0.66912943  0.38162664]
 [ 0.5212757  -0.31783727  0.42386678]]","[[-0.6995835   0.21450119  0.6815954 ]
 [ 0.00301667  0.9547575  -0.29737025]
 [ 0.7145446   0.20597914  0.6685796 ]]"
20200224-023954.292195,84,[2.0981188  1.4554548  0.47701806],"[[-0.5121358  -0.15830165  0.8213309 ]
 [-0.4208781   0.65257233  0.01299779]
 [ 0.53737974  0.66911906  0.38279256]
 [ 0.52134615 -0.31838676  0.42274913]]","[[-0.69945824  0.21422143  0.6818121 ]
 [ 0.00257613  0.95476836 -0.29733983]
 [ 0.71466917  0.20622027  0.66837233]]"
20200224-023954.292195,85,[2.1078393 1.45692   0.4749549],"[[-0.5119218  -0.16099599  0.82110536]
 [-0.4214264   0.6519202   0.01431586]
 [ 0.53708524  0.66847426  0.38515207]
 [ 0.52141684 -0.3197223   0.42099768]]","[[-0.69932246  0.21311699  0.68229717]
 [ 0.00215904  0.9551458  -0.29612887]
 [ 0.7148032   0.20561647  0.66841495]]"
20200224-023954.292195,86,[2.11886    1.4576504  0.47283858],"[[-0.5119445  -0.16389976  0.82060736]
 [-0.42206314  0.65133613  0.01584408]
 [ 0.5366551   0.66772735  0.3876796 ]
 [ 0.521322   -0.32099512  0.4195913 ]]","[[-0.6994487   0.2116042   0.68263835]
 [ 0.00162584  0.9556314  -0.2945607 ]
 [ 0.71468097  0.20492023  0.66875905]]"
20200224-023954.292195,87,[2.1286268  1.4592928  0.47084537],"[[-0.5117481  -0.16653271  0.8203582 ]
 [-0.42269668  0.65064144  0.01705007]
 [ 0.5362704   0.6671795   0.38995627]
 [ 0.5213979  -0.3221868   0.41791874]]","[[-0.6993682   0.21049851  0.68306255]
 [ 0.00110681  0.9559688  -0.2934664 ]
 [ 0.71476084  0.20448504  0.668807  ]]"
20200224-023954.292195,88,[2.1381524  1.466381   0.46968493],"[[-0.5117585  -0.16696084  0.8203546 ]
 [-0.42301166  0.6505462   0.01684885]
 [ 0.53617316  0.6671421   0.3904957 ]
 [ 0.5212319  -0.32223445  0.41742927]]","[[-0.6993458   0.21154729  0.6827613 ]
 [ 0.00096114  0.95547783 -0.29506144]
 [ 0.71478283  0.2056937   0.6684127 ]]"
20200224-023954.292195,89,[2.1493065 1.4695234 0.4662251],"[[-0.5117977  -0.17035821  0.8197612 ]
 [-0.42347124  0.650156    0.01875472]
 [ 0.53590745  0.66590494  0.39352685]
 [ 0.5210936  -0.32379958  0.41566423]]","[[-6.9940144e-01  2.1056882e-01  6.8300694e-01]
 [ 6.3617656e-04  9.5579952e-01 -2.9401848e-01]
 [ 7.1472877e-01  2.0520240e-01  6.6862154e-01]]"
20200224-023954.292195,90,[2.1592746  1.4688824  0.46554348],"[[-0.5117281  -0.17223912  0.8194955 ]
 [-0.42399576  0.6494912   0.01961722]
 [ 0.53563917  0.66555387  0.39525518]
 [ 0.5210114  -0.3248581   0.41450626]]","[[-6.9942868e-01  2.0918137e-01  6.8340528e-01]
 [ 2.2617661e-04  9.5627421e-01 -2.9247153e-01]
 [ 7.1470243e-01  2.0440833e-01  6.6889298e-01]]"
20200224-023954.292195,91,[2.1691437  1.470343   0.46369874],"[[-0.5115087  -0.17470114  0.81926394]
 [-0.42455563  0.6488218   0.02075907]
 [ 0.5353233   0.66499645  0.39738712]
 [ 0.52109563 -0.32602137  0.41286746]]","[[-6.9930792e-01  2.0816389e-01  6.8383944e-01]
 [-2.1621915e-04  9.5659715e-01 -2.9141369e-01]
 [ 7.1482068e-01  2.0393565e-01  6.6891092e-01]]"
20200224-023954.292195,92,[2.17887   1.4717722 0.461709 ],"[[-0.5117     -0.17715834  0.81867486]
 [-0.42497194  0.6484494   0.02210259]
 [ 0.5351034   0.6640963   0.39971033]
 [ 0.52079415 -0.32726812  0.4117219 ]]","[[-6.9950330e-01  2.0712028e-01  6.8395638e-01]
 [-4.8964360e-04  9.5693934e-01 -2.9028761e-01]
 [ 7.1462917e-01  2.0339207e-01  6.6928101e-01]]"
20200224-023954.292195,93,[2.1879056  1.4746349  0.46053287],"[[-0.51156676 -0.18037759  0.8181925 ]
 [-0.4278468   0.6463836   0.02206915]
 [ 0.53241533  0.66568565  0.40166548]
 [ 0.5213258  -0.32636672  0.41077855]]","[[-0.7009536   0.20408398  0.68338424]
 [-0.00419893  0.9569877  -0.29009897]
 [ 0.7131947   0.20621534  0.66994673]]"
20200224-023954.292195,94,[2.198703   1.4747545  0.45822358],"[[-0.51128703 -0.18190071  0.81818074]
 [-0.42614856  0.6470831   0.02421765]
 [ 0.53439945  0.6630912   0.40378818]
 [ 0.52096057 -0.32940203  0.40859392]]","[[-0.69932175  0.20510525  0.68474895]
 [-0.00146776  0.95753515 -0.28831294]
 [ 0.71480554  0.20262854  0.6693242 ]]"
20200224-023954.292195,95,[2.2088046  1.4725418  0.45661783],"[[-0.51121557 -0.1848935   0.81765157]
 [-0.42663997  0.64633125  0.02592433]
 [ 0.5341436   0.66215956  0.4064574 ]
 [ 0.5208913  -0.3310823   0.40689862]]","[[-0.69932985  0.20303121  0.6853585 ]
 [-0.00184765  0.9582963  -0.28577164]
 [ 0.71479696  0.20111495  0.66978985]]"
20200224-023954.292195,96,[2.2187753 1.4741076 0.4549466],"[[-0.5109966  -0.18715014  0.81741256]
 [-0.4271921   0.6456706   0.0269337 ]
 [ 0.533826    0.66165864  0.40838945]
 [ 0.5209791  -0.3321018   0.4053752 ]]","[[-0.699216    0.20211639  0.6857448 ]
 [-0.00229003  0.95856565 -0.2848625 ]
 [ 0.71490705  0.20075089  0.6697815 ]]"
20200224-023954.292195,97,[2.230222  1.470745  0.4535605],"[[-0.5109806  -0.19030063  0.81674504]
 [-0.42790842  0.64481497  0.02871096]
 [ 0.53330445  0.66086537  0.41103876]
 [ 0.5209413  -0.33355108  0.40391853]]","[[-0.6993732   0.19953124  0.68634146]
 [-0.00294868  0.95943123 -0.28192776]
 [ 0.71475077  0.19919649  0.67041194]]"
20200224-023954.292195,98,[2.2401004 1.4724296 0.4517805],"[[-0.51116776 -0.19240774  0.81617934]
 [-0.42821473  0.6445159   0.02989384]
 [ 0.5331873   0.6599698   0.41307676]
 [ 0.52062565 -0.3346914   0.40289643]]","[[-0.6995253   0.19873497  0.6864175 ]
 [-0.00311187  0.95969486 -0.28102684]
 [ 0.71460116  0.19872147  0.6707124 ]]"
20200224-023954.292195,99,[2.2503111 1.4718945 0.4513614],"[[-0.51110435 -0.19399913  0.8159035 ]
 [-0.42870146  0.64387244  0.03059799]
 [ 0.53294235  0.65967137  0.4145393 ]
 [ 0.5205381  -0.33559805  0.40189862]]","[[-0.6995402   0.19750477  0.6867572 ]
 [-0.00346718  0.9600968  -0.27964643]
 [ 0.71458495  0.19800499  0.67094153]]"
20200224-023954.292195,100,[2.2595997  1.4788702  0.44983745],"[[-0.51101166 -0.193171    0.816279  ]
 [-0.4267561   0.6451237   0.03108923]
 [ 0.5351514   0.6577873   0.4148012 ]
 [ 0.5199611  -0.3373673   0.4008267 ]]","[[-6.9799370e-01  2.0099147e-01  6.8731886e-01]
 [-4.8733765e-04  9.5966989e-01 -2.8112954e-01]
 [ 7.1610385e-01  1.9656159e-01  6.6974550e-01]]"
20200224-023954.292195,101,[2.2698402  1.4783574  0.44943905],"[[-0.51096004 -0.19478312  0.81598544]
 [-0.42731464  0.6444444   0.03176194]
 [ 0.5348312   0.6575499   0.41625172]
 [ 0.5198825  -0.3381998   0.399867  ]]","[[-6.9805896e-01  1.9969931e-01  6.8762928e-01]
 [-9.4083388e-04  9.6006531e-01 -2.7977458e-01]
 [ 7.1603978e-01  1.9594607e-01  6.6999424e-01]]"
20200224-023954.292195,102,[2.2814913  1.4750239  0.44813725],"[[-0.5109139  -0.19773439  0.81534684]
 [-0.427877    0.6436713   0.0335325 ]
 [ 0.5344639   0.65666574  0.41874054]
 [ 0.51984316 -0.33967394  0.39842415]]","[[-0.698128    0.19729647  0.6882522 ]
 [-0.00141954  0.96089953 -0.27689424]
 [ 0.71597135  0.19428465  0.6705508 ]]"
20200224-023954.292195,103,[2.290551   1.4783081  0.44717818],"[[-0.5108179  -0.20054062  0.8148279 ]
 [-0.43062475  0.6417453   0.03328695]
 [ 0.53190225  0.6582251   0.42042798]
 [ 0.5202955  -0.3386532   0.3977282 ]]","[[-0.69954515  0.19463204  0.68757194]
 [-0.00492724  0.96085626 -0.277004  ]
 [ 0.7145714   0.19716465  0.67120326]]"
20200224-023954.292195,104,[2.3008628 1.4778296 0.4468331],"[[-0.5107582  -0.20203412  0.8145491 ]
 [-0.4310809   0.6411231   0.03395123]
 [ 0.5316792   0.657927    0.4218046 ]
 [ 0.5202041  -0.33952215  0.39678392]]","[[-0.69955313  0.19346605  0.6878927 ]
 [-0.00525168  0.96123433 -0.2756826 ]
 [ 0.71456134  0.19646728  0.67141837]]"
20200224-023954.292195,105,[2.3091788 1.4847854 0.4456427],"[[-0.51144457 -0.20672764  0.81287646]
 [-0.43750754  0.6374437   0.03245193]
 [ 0.5251946   0.6621848   0.42404792]
 [ 0.5207515  -0.33532172  0.3979472 ]]","[[-0.7041466   0.18743187  0.68487006]
 [-0.01404975  0.96066487 -0.27735522]
 [ 0.70991576  0.20492099  0.6738156 ]]"
20200224-023954.292195,106,[2.320983   1.4841144  0.44308063],"[[-0.51143354 -0.2099495   0.81213105]
 [-0.43786517  0.63691604  0.03444578]
 [ 0.52502567  0.6608324   0.42688847]
 [ 0.5206324  -0.33698565  0.3962611 ]]","[[-0.70413584  0.18574901  0.68533957]
 [-0.01426104  0.9612839  -0.27519098]
 [ 0.7099223   0.2035454   0.6742254 ]]"
20200224-023954.292195,107,[2.331361   1.483779   0.44278553],"[[-0.5113574  -0.21123044  0.8118989 ]
 [-0.4381185   0.63642067  0.03510118]
 [ 0.5250027   0.66041255  0.42814782]
 [ 0.5205167  -0.33794338  0.3953193 ]]","[[-0.7040326   0.18483485  0.68569255]
 [-0.01434302  0.96163833 -0.27394527]
 [ 0.71002287  0.20270136  0.6743735 ]]"
20200224-023954.292195,108,[2.3421333 1.4819125 0.4412907],"[[-0.5111077  -0.21097098  0.8122438 ]
 [-0.43424472  0.63834816  0.03767999]
 [ 0.5292423   0.65630394  0.42947146]
 [ 0.51971465 -0.3424443   0.3929308 ]]","[[-0.7011087   0.1878198   0.68787396]
 [-0.00865168  0.9623746  -0.27158865]
 [ 0.71300215  0.19636443  0.6731042 ]]"
20200224-023954.292195,109,[2.3533278  1.48394    0.44041616],"[[-0.510797   -0.21094641  0.81254846]
 [-0.43269402  0.63906837  0.03868384]
 [ 0.53105384  0.65462065  0.43004262]
 [ 0.5194649  -0.3443324   0.39157563]]","[[-0.6995786   0.18961683  0.6889377 ]
 [-0.00618522  0.9625054  -0.27119187]
 [ 0.71452886  0.19398122  0.6721754 ]]"
20200224-023954.292195,110,[2.362529   1.487151   0.43960342],"[[-0.5106637  -0.2134906   0.812061  ]
 [-0.43522197  0.6372669   0.03841964]
 [ 0.5286969   0.6560493   0.4315623 ]
 [ 0.5198881  -0.34338266  0.39094087]]","[[-0.70086294  0.18720053  0.6882929 ]
 [-0.00942379  0.96243274 -0.27135643]
 [ 0.71323377  0.19667003  0.67276937]]"
20200224-023954.292195,111,[2.3735547  1.4896587  0.43890145],"[[-0.5107336  -0.2159303   0.811391  ]
 [-0.43758717  0.63571644  0.03834744]
 [ 0.5264693   0.6572333   0.43306008]
 [ 0.52009475 -0.34246618  0.3906831 ]]","[[-0.7022443   0.18470852  0.6875579 ]
 [-0.01245821  0.9624218  -0.27127352]
 [ 0.7118271   0.19906597  0.673554  ]]"
20200224-023954.292195,112,[2.3834078  1.4893401  0.43798324],"[[-0.51055497 -0.21635173  0.811496  ]
 [-0.4358155   0.6363853   0.03980634]
 [ 0.5285384   0.65506256  0.43426937]
 [ 0.51965976 -0.3451073   0.38897267]]","[[-0.7007478   0.18592112  0.68875694]
 [-0.00972209  0.962866   -0.26980466]
 [ 0.713343    0.19576114  0.67291856]]"
20200224-023954.292195,113,[2.3932889  1.4948937  0.43643677],"[[-0.510585   -0.21739054  0.81126297]
 [-0.43615     0.636241    0.04012433]
 [ 0.52837175  0.65471405  0.43524012]
 [ 0.5195188  -0.34538165  0.38834065]]","[[-0.7007759   0.1864449   0.6885866 ]
 [-0.00993716  0.9625983  -0.27075058]
 [ 0.7133123   0.19657812  0.672713  ]]"
20200224-023954.292195,114,[2.4024007 1.4980472 0.435503 ],"[[-0.5108564  -0.21974574  0.810465  ]
 [-0.4383461   0.6348322   0.04005105]
 [ 0.5263028   0.65566593  0.43689677]
 [ 0.51950383 -0.34467733  0.38815394]]","[[-0.7022612   0.18419935  0.68767726]
 [-0.01276774  0.9625342  -0.2708601 ]
 [ 0.71180505  0.19899465  0.6735984 ]]"
20200224-023954.292195,115,[2.4125543 1.4959855 0.4345133],"[[-0.5109832  -0.22479098  0.80900294]
 [-0.4427285   0.63166565  0.04037712]
 [ 0.5219795   0.6577285   0.4400378 ]
 [ 0.520024   -0.34330863  0.38762122]]","[[-0.70498794  0.1779554   0.6865304 ]
 [-0.01861489  0.9630321  -0.26874274]
 [ 0.708975    0.20224006  0.6756134 ]]"
20200224-023954.292195,116,[2.4225686  1.4991844  0.43428385],"[[-0.51129675 -0.22781871  0.80790305]
 [-0.44675294  0.62916446  0.03949952]
 [ 0.51795775  0.6602943   0.44159347]
 [ 0.52029574 -0.34097236  0.38823676]]","[[-0.70770437  0.17376272  0.6848074 ]
 [-0.02404555  0.96279824 -0.2691495 ]
 [ 0.7060996   0.20694491  0.6771983 ]]"
