Timestamp,Epoch,s,u,v
20200221-182435.474996,0,[1.8255879 1.420665  0.7632799],"[[ 0.26529533  0.4988804   0.65644115]
 [ 0.65910006  0.49635226 -0.26273334]
 [ 0.65410453 -0.5036808  -0.26208925]
 [ 0.25952354 -0.5010576   0.65678394]]","[[ 0.4991648   0.70514226  0.50359595]
 [ 0.7128254  -0.00372925 -0.7013315 ]
 [ 0.4926604  -0.7090561   0.50450486]]"
20200221-182435.474996,1,[1.8025161  1.4275001  0.75917834],"[[ 0.25316653 -0.4988547   0.6612391 ]
 [ 0.664199   -0.49594188 -0.250362  ]
 [ 0.6586534   0.5040878  -0.24963227]
 [ 0.24682325  0.5010799   0.6616385 ]]","[[ 0.49366197 -0.7049302   0.50928515]
 [ 0.72093385  0.00420984 -0.6929912 ]
 [ 0.48636636  0.7092643   0.5102864 ]]"
20200221-182435.474996,2,[1.7788107 1.43421   0.7563912],"[[ 0.24371746 -0.49882355  0.6647811 ]
 [ 0.66782296 -0.49583453 -0.24081248]
 [ 0.66207176  0.5042266  -0.24013376]
 [ 0.23722373  0.5010778   0.66514   ]]","[[ 0.4889021  -0.7048552   0.513959  ]
 [ 0.7275179   0.00435661 -0.68607485]
 [ 0.48134422  0.70933783  0.51492476]]"
20200221-182435.474996,3,[1.7657436  1.4408993  0.75276357],"[[ 0.23363437 -0.49879053  0.66825575]
 [ 0.67222667 -0.49505246 -0.2304279 ]
 [ 0.66501045  0.5050173  -0.22967884]
 [ 0.22646768  0.50108814  0.6690184 ]]","[[ 0.48467425 -0.7045432   0.5183726 ]
 [ 0.73399603  0.0052585  -0.6791336 ]
 [ 0.47575292  0.7096418   0.51968056]]"
20200221-182435.474996,4,[1.7405902 1.4478122 0.7492199],"[[ 0.22701897 -0.49742016  0.6716999 ]
 [ 0.6796994  -0.48937276 -0.21992327]
 [ 0.6647052   0.5106271  -0.21839693]
 [ 0.21127753  0.5023423   0.67287153]]","[[ 0.48413798 -0.7014328   0.52307045]
 [ 0.74135756  0.01130709 -0.6710152 ]
 [ 0.46475756  0.71264595  0.5254867 ]]"
20200221-182435.474996,5,[1.7209626 1.4547946 0.745186 ],"[[ 0.22043963 -0.49596536  0.6751027 ]
 [ 0.68749285 -0.48301655 -0.20899943]
 [ 0.6638048   0.51683074 -0.20675343]
 [ 0.1952516   0.50358605  0.67661536]]","[[ 0.48418102 -0.69792634  0.5277001 ]
 [ 0.7485309   0.0181064  -0.6628527 ]
 [ 0.45306766  0.7159406   0.5311862 ]]"
20200221-182435.474996,6,[1.7144051  1.46157    0.74160916],"[[ 0.20692812 -0.4974352   0.67812115]
 [ 0.686557   -0.48867413 -0.19929688]
 [ 0.67054206  0.5113472  -0.19790398]
 [ 0.19024706  0.5022746   0.67916626]]","[[ 0.47473335 -0.7010724   0.5320959 ]
 [ 0.75404423  0.01217665 -0.6567109 ]
 [ 0.45392263  0.71298623  0.53442025]]"
20200221-182435.474996,7,[1.6962298 1.4687988 0.7373117],"[[ 0.19147126 -0.4987687   0.6815102 ]
 [ 0.686026   -0.49425143 -0.18763763]
 [ 0.67760676  0.50588167 -0.18702337]
 [ 0.18318391  0.5010282   0.68217194]]","[[ 0.46382162 -0.70410854  0.5376809 ]
 [ 0.7612403   0.00628647 -0.64843947]
 [ 0.45319146  0.71006465  0.5389116 ]]"
20200221-182435.474996,8,[1.6878829 1.4757731 0.732997 ],"[[ 0.18128325 -0.49878135  0.68427867]
 [ 0.6889426  -0.4940215  -0.17727889]
 [ 0.6802021   0.50611067 -0.1766928 ]
 [ 0.17268237  0.5010107   0.6849194 ]]","[[ 0.45905563 -0.7039974   0.5418999 ]
 [ 0.7671945   0.00656349 -0.6413809 ]
 [ 0.44797373  0.7101722   0.543116  ]]"
20200221-182435.474996,9,[1.6752098  1.482672   0.72900146],"[[ 0.18411018 -0.49547496  0.6860931 ]
 [ 0.7034597  -0.47614613 -0.16823985]
 [ 0.66992337  0.5234824  -0.16579354]
 [ 0.14983577  0.5037415   0.6881018 ]]","[[ 0.47039557 -0.6942639   0.54472536]
 [ 0.77281266  0.0260977  -0.6340975 ]
 [ 0.42601496  0.7192473   0.54881215]]"
20200221-182435.474996,10,[1.6636512  1.490152   0.72395587],"[[ 0.16741036 -0.49709213  0.6890187 ]
 [ 0.70143616 -0.48340434 -0.15635309]
 [ 0.67770636  0.5165277  -0.15488476]
 [ 0.14378916  0.5024132   0.6905201 ]]","[[ 0.45808348 -0.6983037   0.55002874]
 [ 0.7796148   0.01835293 -0.62599033]
 [ 0.4270367   0.7155663   0.552815  ]]"
20200221-182435.474996,11,[1.6474882  1.497079   0.72021544],"[[ 0.1747092  -0.49276054  0.69063413]
 [ 0.71875465 -0.45959327 -0.14773045]
 [ 0.6626867   0.53908783 -0.14433086]
 [ 0.11711105  0.5053171   0.6930866 ]]","[[ 0.47463414 -0.6848061   0.5529584 ]
 [ 0.78461075  0.04447783 -0.618391  ]
 [ 0.3988836   0.72736675  0.5584171 ]]"
20200221-182435.474996,12,[1.6288064 1.5047503 0.7158029],"[[ 0.16012016 -0.4940692   0.69305176]
 [ 0.717848   -0.4647652  -0.13644747]
 [ 0.66852486  0.534294   -0.13398741]
 [ 0.1101358   0.50439984  0.69506025]]","[[ 0.46408576 -0.68763554  0.5583743 ]
 [ 0.791663    0.03920602 -0.60969883]
 [ 0.39735895  0.7249968   0.5625706 ]]"
20200221-182435.474996,13,[1.6182009 1.5121189 0.7114847],"[[ 0.15422978 -0.49337083  0.69486654]
 [ 0.72325516 -0.45912427 -0.12673461]
 [ 0.6661826   0.5395639  -0.1242495 ]
 [ 0.09652131  0.50463957  0.69689417]]","[[ 0.46421957 -0.6843305   0.56230974]
 [ 0.7969288   0.04565812 -0.60234547]
 [ 0.3865293   0.7277412   0.56655794]]"
20200221-182435.474996,14,[1.608814  1.5194641 0.7070883],"[[ 0.14876895 -0.4925608   0.6967653 ]
 [ 0.728416   -0.4532524  -0.11712398]
 [ 0.6636576   0.5449899  -0.11463989]
 [ 0.08268297  0.5049082   0.698325  ]]","[[ 0.4646901  -0.68072176  0.5662872 ]
 [ 0.80193746  0.05237124 -0.5951082 ]
 [ 0.37544587  0.7306677   0.5702327 ]]"
20200221-182435.474996,15,[1.6030811  1.5267261  0.70317054],"[[ 0.16020676 -0.48761442  0.69786084]
 [ 0.7470224  -0.42370722 -0.10928015]
 [ 0.64293724  0.5712223  -0.10577767]
 [ 0.05406666  0.5063685   0.6998994 ]]","[[ 0.486651   -0.66306156  0.56878847]
 [ 0.8037403   0.08471459 -0.5889185 ]
 [ 0.3423045   0.743756    0.5741557 ]]"
20200221-182435.474996,16,[1.6036965  1.5340805  0.69780207],"[[ 0.15420789 -0.48744684  0.6993213 ]
 [ 0.7515111  -0.41812417 -0.09964312]
 [ 0.6401425   0.57601935 -0.09623376]
 [ 0.04084857  0.50573677  0.7012564 ]]","[[ 0.48716527 -0.659929    0.5719825 ]
 [ 0.80753106  0.09103048 -0.5827583 ]
 [ 0.33251116  0.74579304  0.57726   ]]"
20200221-182435.474996,17,[1.5936745 1.5408615 0.6943217],"[[ 0.18487027 -0.47568446  0.70013833]
 [ 0.78316975 -0.35698014 -0.09221862]
 [ 0.5936456   0.62528366 -0.08775232]
 [-0.00728498  0.5052818   0.7025678 ]]","[[ 0.5330797  -0.62106574  0.5745463 ]
 [ 0.8023593   0.15566294 -0.57618445]
 [ 0.26841283  0.7681448   0.5812987 ]]"
20200221-182435.474996,18,[1.5817548 1.5477979 0.688452 ],"[[ 0.22586833 -0.45549238  0.70152783]
 [ 0.8195749  -0.26666874 -0.08061669]
 [ 0.5212267   0.688185   -0.07613907]
 [-0.07485595  0.49781123  0.7039623 ]]","[[ 0.5930865  -0.5594248   0.57904434]
 [ 0.7859994   0.24641182 -0.5669975 ]
 [ 0.1745091   0.79140705  0.58585113]]"
20200221-182435.474996,19,[1.5838392  1.5506932  0.68338037],"[[ 0.3068829  -0.40528485  0.7017277 ]
 [ 0.8573454  -0.09355254 -0.0726563 ]
 [ 0.37093687  0.78062904 -0.06606472]
 [-0.18217495  0.46648735  0.7056448 ]]","[[ 0.69075614 -0.4312154   0.58043885]
 [ 0.7230486   0.4035389  -0.5606755 ]
 [ 0.00754228  0.80697554  0.59053665]]"
20200221-182435.474996,20,[1.5778984 1.5549527 0.6781475],"[[ 0.3989472  -0.31186447  0.70296085]
 [ 0.8508647   0.14683715 -0.06207491]
 [ 0.14221519  0.85299563 -0.05676887]
 [-0.31087807  0.39188987  0.70623666]]","[[ 0.7785927  -0.22718063  0.58496356]
 [ 0.5877288   0.5906854  -0.55287033]
 [-0.21992803  0.7742606   0.5934241 ]]"
20200221-182435.474996,21,[1.5787395  1.5575306  0.67424285],"[[ 0.4667692  -0.19199587  0.7041122 ]
 [ 0.7747025   0.382564   -0.05416498]
 [-0.10517944  0.8587541  -0.05007569]
 [-0.4134007   0.2816449   0.70624703]]","[[ 8.0850470e-01  6.5360096e-04  5.8848947e-01]
 [ 3.9787024e-01  7.3621416e-01 -5.4743761e-01]
 [-4.3361199e-01  6.7674822e-01  5.9497249e-01]]"
20200221-182435.474996,22,[1.5840777  1.5492755  0.67013234],"[[ 0.4966157  -0.08472051  0.7047288 ]
 [ 0.662936    0.5549313  -0.04568324]
 [-0.30444777  0.81029296 -0.04176139]
 [-0.47031936  0.16822277  0.706772  ]]","[[ 0.7842383   0.18633899  0.5918177 ]
 [ 0.21440053  0.8136947  -0.54030865]
 [-0.58223945  0.55061674  0.5981793 ]]"
20200221-182435.474996,23,[1.591141  1.5397501 0.6660469],"[[-0.50087154 -0.04696176  0.7052106 ]
 [-0.6093577   0.61388767 -0.03738883]
 [ 0.37742805  0.77937275 -0.03354583]
 [ 0.4851383   0.11625203  0.7072165 ]]","[[-0.7629819   0.25261652  0.5950155 ]
 [-0.13960956  0.83435804 -0.53325033]
 [ 0.63116384  0.48993024  0.6013324 ]]"
20200221-182435.474996,24,[1.5979131 1.5400167 0.6627677],"[[-0.5014213  -0.00318471  0.7060287 ]
 [-0.54572046  0.6718439  -0.03046302]
 [ 0.45270252  0.7380554  -0.02896163]
 [ 0.4958089   0.06236799  0.70693463]]","[[-0.73220897  0.32520938  0.5984221 ]
 [-0.0564283   0.8466493  -0.5291511 ]
 [ 0.6787385   0.42121702  0.60157317]]"
20200221-182435.474996,25,[1.6058962 1.5417813 0.6582908],"[[-0.5002538   0.01151252  0.7065936 ]
 [-0.5161667   0.6952923  -0.02298807]
 [ 0.48422068  0.71782076 -0.02274774]
 [ 0.49884748  0.03420316  0.70688045]]","[[-0.7163903   0.3540322   0.6012042 ]
 [-0.01976364  0.85105157 -0.52471036]
 [ 0.69741994  0.38777933  0.6026881 ]]"
20200221-182435.474996,26,[1.6144145  1.5317212  0.65417385],"[[-0.50001884  0.00654882  0.7068197 ]
 [-0.51200503  0.69858336 -0.01501314]
 [ 0.48849592  0.71512    -0.01482137]
 [ 0.49920344  0.02327598  0.707079  ]]","[[-0.71416444  0.35338104  0.6042279 ]
 [-0.01477112  0.85540915 -0.51774246]
 [ 0.6998223   0.37867814  0.60568285]]"
20200221-182435.474996,27,[1.6226324 1.5251449 0.648988 ],"[[ 0.49902183  0.01052756  0.7074743 ]
 [ 0.49405423  0.7115271  -0.00573668]
 [-0.5065416   0.70257735 -0.00660433]
 [-0.5003027   0.00180245  0.7066849 ]]","[[ 0.70385706  0.36712864  0.6081134 ]
 [-0.00710522  0.8596815  -0.51078093]
 [-0.710306    0.3551959   0.6077015 ]]"
20200221-182435.474996,28,[1.6311142 1.5220771 0.6450581],"[[ 4.9827525e-01  1.3603579e-02  7.0777822e-01]
 [ 4.8002657e-01  7.2127068e-01  1.3651614e-03]
 [-5.2021289e-01  6.9237161e-01 -7.1031484e-04]
 [-5.0067472e-01 -1.4327098e-02  7.0643318e-01]]","[[ 0.69566315  0.37779117  0.61100453]
 [-0.02405719  0.86232007 -0.505792  ]
 [-0.71796525  0.33716187  0.60897285]]"
20200221-182435.474996,29,[1.6392025 1.5225784 0.6400435],"[[ 0.49837878  0.00539408  0.70796   ]
 [ 0.48169658  0.71994776  0.00851112]
 [-0.51863956  0.6937023   0.00660052]
 [-0.5005997  -0.02056893  0.70617044]]","[[ 0.69649184  0.37281984  0.61311054]
 [-0.02215428  0.86519754 -0.5009415 ]
 [-0.71722263  0.33531862  0.6108625 ]]"
20200221-182435.474996,30,[1.6469586  1.5209429  0.63626254],"[[ 0.4992308  -0.01108522  0.70729625]
 [ 0.49676645  0.7095439   0.01391444]
 [-0.50394994  0.7043908   0.01323404]
 [-0.5000265  -0.01606778  0.70665663]]","[[ 0.7053814   0.3543661   0.61389065]
 [-0.00395828  0.8680201  -0.4965133 ]
 [-0.7088169   0.3478013   0.613688  ]]"
20200221-182435.474996,31,[1.6555533  1.5141863  0.63291115],"[[ 0.4988145  -0.00967252  0.7074362 ]
 [ 0.48565036  0.71722317  0.02071137]
 [-0.5148772   0.6961369   0.01876971]
 [-0.50022894 -0.02984647  0.7062244 ]]","[[ 0.6988735   0.36193216  0.6169125 ]
 [-0.01757328  0.8709473  -0.4910622 ]
 [-0.7150294   0.33234918  0.61504227]]"
20200221-182435.474996,32,[1.6643882  1.515459   0.62605965],"[[ 0.4990478  -0.01960753  0.7070735 ]
 [ 0.48718223  0.7158661   0.02952185]
 [-0.5133848   0.69694555  0.02771257]
 [-0.50004065 -0.03765518  0.70598   ]]","[[ 0.69979584  0.35633257  0.6191227 ]
 [-0.01579905  0.8742107  -0.48528945]
 [-0.71416813  0.3298219   0.6173988 ]]"
20200221-182435.474996,33,[1.6727448  1.5079287  0.62213045],"[[ 0.49912286 -0.02762061  0.7067469 ]
 [ 0.48886856  0.71440506  0.03635358]
 [-0.51178527  0.69784117  0.03460887]
 [-0.49995965 -0.04336512  0.70568365]]","[[ 0.7007158   0.3504131   0.6214563 ]
 [-0.01384697  0.8775853  -0.47922045]
 [-0.7133062   0.32719204  0.61978996]]"
20200221-182435.474996,34,[1.6809314  1.517943   0.61827356],"[[ 0.4992286  -0.03154638  0.70650995]
 [ 0.48897597  0.71412444  0.04017518]
 [-0.5116808   0.69771683  0.03849933]
 [-0.49985662 -0.04714857  0.7055125 ]]","[[ 0.70082134  0.34963092  0.62177825]
 [-0.01373522  0.87809956 -0.47828105]
 [-0.71320486  0.32664922  0.620193  ]]"
20200221-182435.474996,35,[1.689758  1.5117117 0.6150921],"[[ 0.49910808 -0.03210716  0.70641136]
 [ 0.48145697  0.71901494  0.04634814]
 [-0.51898277  0.69183964  0.04354496]
 [-0.49974737 -0.05783528  0.7049388 ]]","[[ 0.69630384  0.35382506  0.6244749 ]
 [-0.02307156  0.8806325  -0.4732378 ]
 [-0.7173763   0.31510958  0.62135106]]"
20200221-182435.474996,36,[1.6979713 1.5108507 0.6115174],"[[ 0.49912944 -0.03249099  0.70605916]
 [ 0.47402796  0.72387964  0.05218736]
 [-0.52610296  0.6858117   0.04807917]
 [-0.49938172 -0.0678554   0.7045885 ]]","[[ 0.6919504   0.35868463  0.626538  ]
 [-0.03226233  0.8823432  -0.4694991 ]
 [-0.7212238   0.30465636  0.62210983]]"
20200221-182435.474996,37,[1.7070469  1.5119082  0.60670424],"[[ 0.49931073 -0.03952067  0.70558137]
 [ 0.47541982  0.72249204  0.05825328]
 [-0.5247795   0.6863784   0.05419122]
 [-0.4992707  -0.07299339  0.70414853]]","[[ 0.69277436  0.35449854  0.6280084 ]
 [-0.03065312  0.8845257  -0.46548313]
 [-0.7205028   0.30322427  0.6236433 ]]"
20200221-182435.474996,38,[1.7160829 1.5059675 0.6036544],"[[ 0.4992463  -0.04128825 -0.70537776]
 [ 0.4700802   0.7256448  -0.06407113]
 [-0.52983165  0.68194234 -0.05889908]
 [-0.49905485 -0.08178737 -0.7034684 ]]","[[ 0.68938327  0.35660297 -0.6305436 ]
 [-0.03734643  0.886778    0.4606845 ]
 [-0.72343355  0.29403958 -0.62464756]]"
20200221-182435.474996,39,[1.7251724  1.4988304  0.59998095],"[[-0.4989881  -0.03981099 -0.70533174]
 [-0.4583746   0.73275346 -0.07137373]
 [ 0.540716    0.6725686  -0.06382483]
 [ 0.49852785 -0.09559742 -0.70238143]]","[[-0.6819317   0.36443803 -0.63415635]
 [ 0.05179061  0.8889088   0.45514733]
 [ 0.72958004  0.27753612 -0.6250494 ]]"
20200221-182435.474996,40,[1.7343764 1.4982971 0.5965663],"[[-0.49902043 -0.04182146 -0.7050708 ]
 [-0.45420533  0.73495144 -0.0765376 ]
 [ 0.54453063  0.66894543 -0.06803752]
 [ 0.4981593  -0.10300326 -0.7017035 ]]","[[-0.67917705  0.36625424 -0.63606334]
 [ 0.05703259  0.89031583  0.45175803]
 [ 0.7317555   0.27054727 -0.6255703 ]]"
20200221-182435.474996,41,[1.742943  1.4907327 0.592292 ],"[[-0.49942133 -0.05561782 -0.70401925]
 [-0.46487236  0.7273794  -0.08265651]
 [ 0.5347595   0.676208   -0.07560856]
 [ 0.4985018  -0.10280155 -0.70129025]]","[[-0.6856934   0.35151502 -0.6373868 ]
 [ 0.04431773  0.8941996   0.44546935]
 [ 0.72654027  0.27720785 -0.6287252 ]]"
20200221-182435.474996,42,[1.751461  1.490659  0.5889811],"[[-0.49962035 -0.05736465 -0.7034474 ]
 [-0.46048912  0.7298844  -0.08768129]
 [ 0.53882784  0.6722222  -0.07948602]
 [ 0.4979897  -0.10997969 -0.70082486]]","[[-0.6830068   0.35371226 -0.6390535 ]
 [ 0.04986323  0.89546055  0.44233933]
 [ 0.7287081   0.27025542 -0.6292428 ]]"
20200221-182435.474996,43,[1.7607166  1.4887167  0.58504385],"[[-0.49941194 -0.05646082 -0.7035462 ]
 [-0.45098174  0.7351399  -0.09402622]
 [ 0.5475082   0.6645237  -0.08375587]
 [ 0.49743178 -0.12161396 -0.6994051 ]]","[[-0.6766086   0.36040762 -0.64211154]
 [ 0.06167603  0.89670235  0.4383163 ]
 [ 0.7337554   0.25696573 -0.62894505]]"
20200221-182435.474996,44,[1.7686082 1.4894235 0.5818182],"[[-0.49990097 -0.06593471 -0.7023931 ]
 [-0.45900425  0.72966796 -0.0975656 ]
 [ 0.5402446   0.66987056 -0.0886445 ]
 [ 0.4975441  -0.1204597  -0.6994765 ]]","[[-0.6818456   0.35056248 -0.6420224 ]
 [ 0.05207762  0.8987204   0.43541908]
 [ 0.7296401   0.26345357 -0.631045  ]]"
20200221-182435.474996,45,[1.7765306 1.4956646 0.5788958],"[[-0.5005246  -0.07722504 -0.7008308 ]
 [-0.47163466  0.72130775 -0.09919399]
 [ 0.5285036   0.6786568  -0.09276599]
 [ 0.49771443 -0.11478841 -0.7002794 ]]","[[-0.6902018   0.33718833 -0.64025444]
 [ 0.03658028  0.8999244   0.43450904]
 [ 0.72269183  0.27647823 -0.63346386]]"
20200221-182435.474996,46,[1.7857714 1.4982405 0.5746118],"[[-0.500515   -0.07518499 -0.70091367]
 [-0.46144086  0.72720975 -0.10498738]
 [ 0.53800654  0.67048943 -0.09639512]
 [ 0.49709818 -0.12632227 -0.69886017]]","[[-0.6835649   0.34568733 -0.64283717]
 [ 0.04932733  0.9005975   0.43184593]
 [ 0.7282211   0.26348522 -0.6326686 ]]"
20200221-182435.474996,47,[1.7940704 1.4956762 0.5725339],"[[-0.5005327  -0.087229   -0.6998196 ]
 [-0.47458032  0.71803933 -0.10715908]
 [ 0.52579904  0.67979556 -0.10122363]
 [ 0.4977719  -0.12119896 -0.6989445 ]]","[[-0.69172263  0.3303259  -0.6421875 ]
 [ 0.03316255  0.9028466   0.42868236]
 [ 0.7214015   0.27523264 -0.63547385]]"
20200221-182435.474996,48,[1.8030775 1.4886081 0.568632 ],"[[-0.5005174  -0.09804234 -0.6985789 ]
 [-0.4818874   0.7121428  -0.11243665]
 [ 0.51885945  0.68429697 -0.10797302]
 [ 0.49804792 -0.12238394 -0.69834596]]","[[-0.69615215  0.31893003 -0.6431609 ]
 [ 0.02416015  0.90579987  0.42301637]
 [ 0.7174876   0.2789449  -0.6382799 ]]"
20200221-182435.474996,49,[1.8118793 1.4904487 0.5662078],"[[-0.5003957  -0.10138602 -0.6983388 ]
 [-0.48266172  0.7109984  -0.11526997]
 [ 0.5181423   0.6845352  -0.11105062]
 [ 0.49816704 -0.12495392 -0.6976416 ]]","[[-0.69641787  0.31697014 -0.64384186]
 [ 0.02326059  0.9066684   0.42120248]
 [ 0.71725947  0.2783568  -0.63879293]]"
20200221-182435.474996,50,[1.8212641 1.4979063 0.5641068],"[[-0.5003616  -0.09959175 -0.6986252 ]
 [-0.4777153   0.7139792  -0.11739077]
 [ 0.5228783   0.68075967 -0.1120836 ]
 [ 0.49802068 -0.12992911 -0.6968355 ]]","[[-0.69314474  0.32239187 -0.64468145]
 [ 0.02951939  0.9063451   0.42150602]
 [ 0.72019386  0.27313408 -0.637745  ]]"
20200221-182435.474996,51,[1.8304443  1.4909977  0.56033236],"[[-0.5002898  -0.1096788  -0.69734746]
 [-0.48434117  0.7084547  -0.1223846 ]
 [ 0.5165454   0.68470895 -0.11856093]
 [ 0.49830186 -0.13128644 -0.6961835 ]]","[[-0.69718254  0.31176355 -0.64555395]
 [ 0.02128806  0.9090939   0.4160469 ]
 [ 0.7165776   0.2763181  -0.6404412 ]]"
20200221-182435.474996,52,[1.8392726 1.4904784 0.5566718],"[[-0.50006557 -0.12094714 -0.6959359 ]
 [-0.49458072  0.7004592  -0.12555058]
 [ 0.5065934   0.6914399  -0.12439132]
 [ 0.4986854  -0.12899253 -0.69601506]]","[[-0.703517    0.29864967 -0.6448816 ]
 [ 0.00828576  0.91080195  0.41276047]
 [ 0.7106301   0.2850407  -0.64323914]]"
20200221-182435.474996,53,[1.8487065 1.4913114 0.5538406],"[[-0.4998993  -0.1275901  -0.69502157]
 [-0.49947214  0.69631344 -0.12826882]
 [ 0.50175846  0.6944026  -0.12844661]
 [ 0.49886477 -0.12912409 -0.6956962 ]]","[[-0.70650935  0.29178977 -0.6447504 ]
 [ 0.0020085   0.9118688   0.4104767 ]
 [ 0.7077007   0.28871068 -0.64483005]]"
20200221-182435.474996,54,[1.8573017 1.4923517 0.5510045],"[[ 0.49985892 -0.13413805 -0.6938097 ]
 [ 0.504064    0.69248456 -0.13104552]
 [-0.4972003   0.69695383 -0.13241993]
 [-0.4988514  -0.12933534 -0.69564384]]","[[ 0.70948774  0.28519148 -0.6444324 ]
 [ 0.00393049  0.91283876  0.4083012 ]
 [-0.7047068   0.29221758 -0.6465272 ]]"
20200221-182435.474996,55,[1.8668169  1.4902134  0.54691565],"[[-0.5000283  -0.1360216  -0.69315916]
 [-0.49940142  0.69493324 -0.13675305]
 [ 0.5018885   0.69257766 -0.13675568]
 [ 0.4986762  -0.13748534 -0.6943538 ]]","[[-0.7066284   0.28747976 -0.64655393]
 [ 0.00211507  0.9146014   0.40435112]
 [ 0.7075819   0.28435847 -0.6468914 ]]"
20200221-182435.474996,56,[1.8758746 1.4897552 0.5436363],"[[ 0.50017625 -0.14007214 -0.692099  ]
 [ 0.4994027   0.6942903  -0.14077434]
 [-0.5019036   0.69163644 -0.14065033]
 [-0.49851137 -0.14135088 -0.6938294 ]]","[[ 0.70679516  0.2853805  -0.6473011 ]
 [-0.0021183   0.9158686   0.4014727 ]
 [-0.7074152   0.2823877  -0.6479359 ]]"
20200221-182435.474996,57,[1.8851156 1.487557  0.5419129],"[[ 0.5001429  -0.142861   -0.69154155]
 [ 0.49936998  0.6937407  -0.14362274]
 [-0.5019746   0.6910247  -0.14345971]
 [-0.49850604 -0.14421967 -0.69322604]]","[[ 0.70675653  0.28356776 -0.6481396 ]
 [-0.00217647  0.9170212   0.39883295]
 [-0.7074537   0.280467   -0.6487277 ]]"
20200221-182435.474996,58,[1.8941721 1.4915266 0.5383626],"[[-0.500184   -0.14066504 -0.6919643 ]
 [-0.49133492  0.6985196  -0.14808488]
 [ 0.5099103   0.68472415 -0.14566708]
 [ 0.49839482 -0.15308979 -0.69140273]]","[[-0.70136315  0.2913926  -0.65052307]
 [ 0.01262886  0.91756165  0.39739293]
 [ 0.71269244  0.27050132 -0.64722383]]"
20200221-182435.474996,59,[1.9026922 1.5013895 0.5351018],"[[-0.5002654  -0.13993141 -0.6920593 ]
 [-0.48730898  0.7007841  -0.1506361 ]
 [ 0.5138363   0.68146354 -0.14716779]
 [ 0.49823353 -0.15788817 -0.6904381 ]]","[[-0.6986687   0.29630762 -0.65120184]
 [ 0.01784564  0.91713935  0.3981671 ]
 [ 0.71522254  0.26656574 -0.6460644 ]]"
20200221-182435.474996,60,[1.912137  1.5037116 0.5309944],"[[-0.50030226 -0.14715928 -0.69055617]
 [-0.49197915  0.6967442  -0.1540317 ]
 [ 0.5092661   0.6838742  -0.15189674]
 [ 0.4982996  -0.15876862 -0.69016963]]","[[-0.701782    0.28968328 -0.65083474]
 [ 0.01186037  0.9182153   0.39590433]
 [ 0.7122932   0.27011943 -0.6478226 ]]"
20200221-182435.474996,61,[1.9208317  1.509247   0.52816373],"[[-0.500525   -0.14695854 -0.69029474]
 [-0.48810428  0.6989597  -0.15699425]
 [ 0.5130667   0.6804836  -0.153667  ]
 [ 0.49798733 -0.16370837 -0.6893707 ]]","[[-0.69932604  0.29355234 -0.6517438 ]
 [ 0.01691952  0.9183239   0.39546803]
 [ 0.71460235  0.26553378 -0.6471747 ]]"
20200221-182435.474996,62,[1.9305489 1.5095639 0.5256589],"[[-0.5003075  -0.15280311 -0.6893301 ]
 [-0.49252036  0.69517416 -0.15926874]
 [ 0.5087653   0.68306446 -0.1572639 ]
 [ 0.49827045 -0.16372809 -0.68900293]]","[[-0.70208496  0.2873848  -0.65152645]
 [ 0.01122232  0.9192974   0.3934037 ]
 [ 0.7120048   0.2688913  -0.6486499 ]]"
20200221-182435.474996,63,[1.9399648  1.5048586  0.52303004],"[[-0.5002748  -0.15709476  0.68839777]
 [-0.4931092   0.69385177  0.16311489]
 [ 0.50822467  0.68257606  0.16125534]
 [ 0.4982727  -0.16727342  0.6881123 ]]","[[-0.70239913  0.28413638  0.6526116 ]
 [ 0.01053632  0.9209186  -0.38961264]
 [ 0.71170527  0.26678747  0.6498462 ]]"
20200221-182435.474996,64,[1.9496135 1.5102252 0.5204237],"[[-0.50024873 -0.16188343 -0.68731475]
 [-0.49704546  0.690673   -0.16461267]
 [ 0.5043284   0.6848238  -0.16395113]
 [ 0.498347   -0.16667546 -0.6882014 ]]","[[-0.7050572   0.2795763  -0.65171427]
 [ 0.00540901  0.9211005   0.3892874 ]
 [ 0.7091298   0.2709447  -0.6509407 ]]"
20200221-182435.474996,65,[1.9587449 1.5142251 0.5172635],"[[-0.500266   -0.1647906   0.6866245 ]
 [-0.49720055  0.6898782   0.16738826]
 [ 0.5041671   0.68426454  0.16680044]
 [ 0.49833807 -0.16939306  0.68753576]]","[[-0.705153    0.2786804   0.65199435]
 [ 0.00521817  0.9215402  -0.38824806]
 [ 0.709036    0.2703721   0.65128094]]"
20200221-182435.474996,66,[1.96857   1.5164883 0.513506 ],"[[-0.50033575 -0.16580154  0.6863332 ]
 [-0.49347827  0.6915268   0.1715375 ]
 [ 0.50783986  0.68080723  0.16977277]
 [ 0.49823937 -0.17550588  0.68607515]]","[[-0.70262134  0.281464    0.65352994]
 [ 0.01009741  0.9222932  -0.38635966]
 [ 0.71149254  0.26486558  0.6508648 ]]"
20200221-182435.474996,67,[1.9778845  1.5205189  0.51033825],"[[ 0.4999997  -0.1735954   0.6847882 ]
 [ 0.50090975  0.6856076   0.17312807]
 [-0.5004799   0.68540466  0.17375202]
 [-0.49860775 -0.1732852   0.6862232 ]]","[[ 7.0746690e-01  2.7256924e-01  6.5207106e-01]
 [-3.4380204e-04  9.2277044e-01 -3.8535011e-01]
 [-7.0674652e-01  2.7239829e-01  6.5292323e-01]]"
20200221-182435.474996,68,[1.9873618 1.5244366 0.5072287],"[[-0.50034785 -0.17145067  0.6849323 ]
 [-0.49371797  0.68997294  0.17702061]
 [ 0.5076313   0.6795798   0.17530149]
 [ 0.49820194 -0.18086816  0.6846902 ]]","[[-0.70275545  0.2798356   0.65408474]
 [ 0.0098264   0.9231227  -0.38437986]
 [ 0.71136373  0.2636977   0.65147907]]"
20200221-182435.474996,69,[1.9975333  1.5252095  0.50520605],"[[-0.500581   -0.17160374  0.6845948 ]
 [-0.49050325  0.6916716   0.17985594]
 [ 0.5107994   0.6766198   0.17702685]
 [ 0.49790505 -0.18527901  0.68384475]]","[[-0.70067734  0.2823197   0.65524596]
 [ 0.01408472  0.92367655 -0.38291454]
 [ 0.7133395   0.25907052  0.6511755 ]]"
20200221-182435.474996,70,[2.0074558  1.5202972  0.50291383],"[[-0.5009722  -0.1708758   0.68421614]
 [-0.48408535  0.6952597   0.18450192]
 [ 0.51706505  0.6709547   0.1793202 ]
 [ 0.49732488 -0.19296458  0.68238664]]","[[-0.69645494  0.2868286   0.6577842 ]
 [ 0.02256657  0.9249446  -0.37943146]
 [ 0.7172457   0.249413    0.650655  ]]"
20200221-182435.474996,71,[2.0169165  1.5201893  0.50035065],"[[-0.50080216 -0.17415836  0.6836791 ]
 [-0.48481575  0.693838    0.18722954]
 [ 0.51638114  0.67085356  0.18238965]
 [ 0.49749532 -0.19548221  0.68136775]]","[[-0.6966969   0.28474313  0.6584336 ]
 [ 0.02171045  0.9257982  -0.37739426]
 [ 0.7170371   0.24863462  0.65118265]]"
20200221-182435.474996,72,[2.0264142  1.5200256  0.49785113],"[[-0.5006202  -0.17730515  0.68316114]
 [-0.48541453  0.6925104   0.18993314]
 [ 0.5158212   0.6706582   0.18536231]
 [ 0.4976755  -0.19801588  0.6803362 ]]","[[-0.69686013  0.28280085  0.6590977 ]
 [ 0.02099971  0.9266297  -0.37538865]
 [ 0.71689963  0.24775255  0.6516699 ]]"
20200221-182435.474996,73,[2.0359325  1.5200226  0.49535877],"[[-0.5004392  -0.18040219  0.68263745]
 [-0.48600498  0.69119257  0.19258662]
 [ 0.5152681   0.670453    0.18828724]
 [ 0.49785426 -0.2005013   0.6793117 ]]","[[-0.6970211   0.28090805  0.6597365 ]
 [ 0.02029822  0.9274309  -0.37344366]
 [ 0.7167633   0.24690673  0.65214074]]"
20200221-182435.474996,74,[2.045485   1.524299   0.49252793],"[[-0.50030535 -0.18293741  0.6822071 ]
 [-0.4864423   0.6901088   0.19477792]
 [ 0.5148624   0.6702409   0.19076157]
 [ 0.49798098 -0.20263454  0.67842823]]","[[-0.69711256  0.28011036  0.65997875]
 [ 0.01979997  0.9276922  -0.37282014]
 [ 0.7166883   0.24683015  0.6522521 ]]"
20200221-182435.474996,75,[2.055923   1.5182027  0.48995283],"[[-0.50046116 -0.18528466  0.68136233]
 [-0.48417982  0.69058186  0.19906536]
 [ 0.5170635   0.6674837   0.19409715]
 [ 0.4977486  -0.207923    0.6770854 ]]","[[-0.69552237  0.27978718  0.66179144]
 [ 0.0228846   0.92922676 -0.36880052]
 [ 0.71814007  0.24136423  0.65270084]]"
20200221-182435.474996,76,[2.0658484 1.5211022 0.4867594],"[[-0.5004731  -0.19049911  0.67991924]
 [-0.4877846   0.6874038   0.20123273]
 [ 0.5135552   0.66918063  0.1975337 ]
 [ 0.4978496  -0.2082872   0.6769013 ]]","[[-0.69806397  0.27500445  0.6611198 ]
 [ 0.01820443  0.9298236  -0.36755496]
 [ 0.715804    0.24454153  0.65408254]]"
20200221-182435.474996,77,[2.07486    1.5269507  0.48466864],"[[-0.5003572  -0.18989067  0.68032306]
 [-0.48485062  0.6887569   0.20313323]
 [ 0.51642156  0.66685575  0.1985099 ]
 [ 0.49786657 -0.21179877  0.67564106]]","[[-0.69577163  0.27853766  0.66205627]
 [ 0.02208636  0.9296071  -0.36788958]
 [ 0.7179235   0.24134469  0.6529461 ]]"
20200221-182435.474996,78,[2.0845094  1.5269744  0.48242673],"[[-0.50016797 -0.1927062   0.6798186 ]
 [-0.485418    0.68748873  0.20551154]
 [ 0.5158894   0.66665304  0.20114693]
 [ 0.49805582 -0.21400283  0.67464906]]","[[-0.6959186   0.2768146   0.6626243 ]
 [ 0.02141692  0.93030995 -0.36614856]
 [ 0.71780133  0.24061821  0.6533483 ]]"
20200221-182435.474996,79,[2.0934827 1.5288177 0.4806923],"[[-0.5001281  -0.19689734  0.67862964]
 [-0.48892057  0.68464833  0.20674032]
 [ 0.51250947  0.66851217  0.20362547]
 [ 0.4981591  -0.21349399  0.67472714]]","[[-0.69838184  0.27236876  0.6618746 ]
 [ 0.01687055  0.9307682  -0.36522037]
 [ 0.71552646  0.24389704  0.6546267 ]]"
20200221-182435.474996,80,[2.1038144  1.5296566  0.47893116],"[[-0.49988708 -0.20109193  0.6777017 ]
 [-0.49232665  0.68166596  0.20805243]
 [ 0.5091861   0.6703974   0.20624153]
 [ 0.49845448 -0.21321541  0.674462  ]]","[[-0.7005898   0.26779085  0.6614094 ]
 [ 0.01241932  0.9313447  -0.3639271 ]
 [ 0.7134564   0.24674934  0.6558164 ]]"
20200221-182435.474996,81,[2.1137347  1.5326027  0.47781572],"[[-0.4998754  -0.20235932  0.6773198 ]
 [-0.49255252  0.6811821   0.20914218]
 [ 0.50899726  0.670195    0.20740245]
 [ 0.49843588 -0.21419778  0.67415243]]","[[-0.70071435  0.2674198   0.6614274 ]
 [ 0.01217572  0.93144083 -0.3636892 ]
 [ 0.71333814  0.24678898  0.65593   ]]"
20200221-182435.474996,82,[2.123248  1.5390583 0.4764544],"[[-0.49989936 -0.20314696  0.6770672 ]
 [-0.4926757   0.68088615  0.20981479]
 [ 0.5088635   0.6700613   0.20813031]
 [ 0.49842665 -0.21480949  0.67397296]]","[[-0.7008065   0.26788864  0.6611399 ]
 [ 0.01201226  0.9311084  -0.3645448 ]
 [ 0.7132503   0.2475335   0.65574485]]"
20200221-182435.474996,83,[2.132988   1.5411718  0.47535118],"[[-0.5000734  -0.20461336  0.6763507 ]
 [-0.4929385   0.6804734   0.2110521 ]
 [ 0.5086116   0.6697194   0.209345  ]
 [ 0.49824956 -0.21579005  0.67393   ]]","[[-0.7011372   0.26720956  0.661064  ]
 [ 0.0117053   0.93131286 -0.3640323 ]
 [ 0.7129303   0.24749854  0.6561059 ]]"
20200221-182435.474996,84,[2.143448   1.5508356  0.47321138],"[[-0.5001533  -0.20337908  0.6766765 ]
 [-0.4899903   0.68218565  0.21234424]
 [ 0.5114958   0.66745824  0.20955272]
 [ 0.49812415 -0.2185368   0.6731317 ]]","[[-0.6990312   0.27163416  0.66149104]
 [ 0.01560382  0.9306181  -0.36565894]
 [ 0.71492094  0.24528526  0.65476954]]"
20200221-182435.474996,85,[2.1529963  1.553025   0.47212708],"[[-0.4998666  -0.20877485  0.6753653 ]
 [-0.49631405  0.67747957  0.21229455]
 [ 0.50528127  0.67155206  0.21200848]
 [ 0.49849442 -0.21552862  0.6736954 ]]","[[-0.70334715  0.26434582  0.65986675]
 [ 0.0072781   0.9309124  -0.36517033]
 [ 0.71080923  0.25203893  0.65667856]]"
20200221-182435.474996,86,[2.1628363 1.5528886 0.4700811],"[[-0.5000343  -0.21122308  0.6743329 ]
 [-0.49645117  0.67680323  0.2146271 ]
 [ 0.50515383  0.6707792   0.2142622 ]
 [ 0.49831823 -0.21766402  0.67327714]]","[[-0.7036047   0.26300156  0.66012925]
 [ 0.0071053   0.931543   -0.36356208]
 [ 0.710556    0.25111353  0.65730685]]"
20200221-182435.474996,87,[2.1735716  1.5512289  0.46749485],"[[-0.5002373  -0.21234433  0.6737    ]
 [-0.49368787  0.6778343   0.21816826]
 [ 0.50789624  0.6678248   0.2165722 ]
 [ 0.4980726  -0.22239695  0.67203206]]","[[-0.7017696   0.26438236  0.66152954]
 [ 0.01077407  0.9324201  -0.36121535]
 [ 0.7123225   0.2463625   0.65719265]]"
20200221-182435.474996,88,[2.182775  1.5529803 0.4659547],"[[-0.500183   -0.21606132  0.67253846]
 [-0.4967827   0.67525417  0.21920061]
 [ 0.50486594  0.66938883  0.21882913]
 [ 0.49813113 -0.22196424  0.6721285 ]]","[[-0.7039679   0.26040015  0.66077286]
 [ 0.00671606  0.9327615  -0.36043158]
 [ 0.71019983  0.24929444  0.65838325]]"
20200221-182435.474996,89,[2.192942  1.5532013 0.4638643],"[[-0.5001599  -0.21842311  0.67177963]
 [-0.496923    0.6744242   0.2214645 ]
 [ 0.50475824  0.6687288   0.22111662]
 [ 0.49812266 -0.2241537   0.67139596]]","[[-0.70404416  0.2591876   0.6611683 ]
 [ 0.00655389  0.93335    -0.35890782]
 [ 0.7101259   0.2483538   0.6588183 ]]"
20200221-182435.474996,90,[2.203791  1.5492736 0.4627499],"[[-0.50034964 -0.21884012  0.6713684 ]
 [-0.4942839   0.67560214  0.22421424]
 [ 0.5073796   0.66609734  0.22263175]
 [ 0.4978952  -0.22800295  0.67039347]]","[[-0.7022776   0.26033974  0.66259307]
 [ 0.01006912  0.9342742  -0.35641372]
 [ 0.71183205  0.24362956  0.65874106]]"
20200221-182435.474996,91,[2.214521  1.5456864 0.4616482],"[[-0.50011504 -0.22294015  0.6703283 ]
 [-0.4973689   0.6727144   0.22562188]
 [ 0.50434     0.6676297   0.2254098 ]
 [ 0.49814704 -0.22808714  0.67003393]]","[[-0.7042939   0.2552674   0.66242653]
 [ 0.00602051  0.9352295  -0.35399145]
 [ 0.70988315  0.2453258   0.66021305]]"
20200221-182435.474996,92,[2.2240684 1.5434824 0.4604342],"[[-0.49988222 -0.22686137  0.6692928 ]
 [-0.50025797  0.6699777   0.22701381]
 [ 0.5015146   0.668998    0.22811574]
 [ 0.49833998 -0.22826713  0.66968286]]","[[-0.70619005  0.25068197  0.66215867]
 [ 0.00222148  0.9360029  -0.35198542]
 [ 0.70801884  0.24709755  0.6615527 ]]"
20200221-182435.474996,93,[2.233702   1.5413874  0.45924073],"[[-0.5000424  -0.22715001  0.66893286]
 [-0.49762958  0.67118627  0.22966611]
 [ 0.50418115  0.66639704  0.22949517]
 [ 0.49812025 -0.23200722  0.6686664 ]]","[[-0.70442224  0.25222522  0.6634546 ]
 [ 0.00574182  0.9367255  -0.35001796]
 [ 0.7097581   0.24275099  0.6612984 ]]"
20200221-182435.474996,94,[2.2452283  1.5384973  0.45647702],"[[-0.5000409  -0.23049742  0.6678131 ]
 [-0.4979049   0.6698856   0.23276427]
 [ 0.5038985   0.665504    0.23274523]
 [ 0.4981328  -0.23500822  0.66758984]]","[[-0.7045861   0.24993348  0.66414744]
 [ 0.00540672  0.93778527 -0.34717366]
 [ 0.70959806  0.2410229   0.66210175]]"
20200221-182435.474996,95,[2.2556283  1.5368582  0.45588803],"[[-0.50035584 -0.22863914  0.66797364]
 [-0.4928248   0.6729664   0.2354421 ]
 [ 0.50894684  0.6613338   0.23294096]
 [ 0.4977359  -0.23974542  0.66642094]]","[[-0.70113087  0.25443536  0.666092  ]
 [ 0.01217768  0.93830407 -0.34559724]
 [ 0.71292895  0.23419736  0.6609723 ]]"
20200221-182435.474996,96,[2.265182   1.5349723  0.45479363],"[[-0.50015616 -0.23237933  0.6669397 ]
 [-0.49566168  0.67031825  0.23669328]
 [ 0.5061967   0.66268367  0.23553143]
 [ 0.497924   -0.23984228  0.6661028 ]]","[[-0.7030187   0.25003555  0.6657681 ]
 [ 0.00847732  0.9390367  -0.3437125 ]
 [ 0.71112084  0.23599248  0.6622801 ]]"
20200221-182435.474996,97,[2.2750933 1.5424132 0.4538505],"[[-0.50001276 -0.23591289  0.6659015 ]
 [-0.50078523  0.6667661   0.2356338 ]
 [ 0.5011084   0.6661585   0.23692568]
 [ 0.498088   -0.23664579  0.66702205]]","[[-0.70666635  0.24535067  0.66364586]
 [ 0.00165995  0.9385253  -0.3452063 ]
 [ 0.707545    0.24284406  0.66363144]]"
20200221-182435.474996,98,[2.285838   1.5455536  0.45136914],"[[ 0.5000211  -0.23953319  0.6645859 ]
 [ 0.5032508   0.6644276   0.23702765]
 [-0.49862427  0.6670915   0.23945531]
 [-0.49808803 -0.23695774  0.6669369 ]]","[[ 0.7085058   0.24208656  0.6628831 ]
 [ 0.00164797  0.93874997 -0.34459528]
 [-0.7057033   0.24524015  0.66471076]]"
20200221-182435.474996,99,[2.2956355 1.5501188 0.4494933],"[[ 0.5000111  -0.24078889  0.6641426 ]
 [ 0.50317645  0.66400665  0.23835272]
 [-0.49868196  0.66658264  0.24072112]
 [-0.4981153  -0.23829271  0.66645014]]","[[ 0.7084636   0.24225242  0.6628675 ]
 [ 0.00158098  0.9386946  -0.34474632]
 [-0.7057458   0.24528821  0.6646478 ]]"
20200221-182435.474996,100,[2.3057554  1.5505095  0.44788778],"[[-0.50018847 -0.23932455  0.66444504]
 [-0.4982319   0.6667541   0.24134558]
 [ 0.5036278   0.6625253   0.24134205]
 [ 0.4979314  -0.24335796  0.6648452 ]]","[[-0.7049617   0.24698614  0.664851  ]
 [ 0.00502651  0.9391225  -0.34354576]
 [ 0.70922756  0.2388447   0.663287  ]]"
20200221-182435.474996,101,[2.315879   1.5530779  0.44721508],"[[-0.4999836  -0.24013186  0.6644392 ]
 [-0.49834096  0.66626745  0.24206738]
 [ 0.50352496  0.66245     0.24216798]
 [ 0.49813175 -0.24409981  0.6642885 ]]","[[-0.7048469   0.24684598  0.6650248 ]
 [ 0.00488865  0.93916863 -0.34342203]
 [ 0.70934266  0.23880889  0.66317695]]"
20200221-182435.474996,102,[2.3250582 1.5593517 0.4458092],"[[-0.5001664  -0.2392613   0.6645007 ]
 [-0.49588588  0.6677391   0.24339905]
 [ 0.505961    0.66042334  0.24227889]
 [ 0.4979297  -0.24641338  0.6636991 ]]","[[-0.70318806  0.25021282  0.6655225 ]
 [ 0.00815707  0.9388095  -0.34434032]
 [ 0.71095717  0.23670723  0.66220057]]"
20200221-182435.474996,103,[2.3345327  1.5653247  0.44441295],"[[-0.50029874 -0.23521645  0.6657759 ]
 [-0.4885668   0.672292    0.245874  ]
 [ 0.5131515   0.6551366   0.24129155]
 [ 0.49767375 -0.2519792   0.6618665 ]]","[[-0.6978279   0.2589514   0.6678178 ]
 [ 0.01786142  0.9383619  -0.34519282]
 [ 0.7160428   0.22895698  0.6594403 ]]"
20200221-182435.474996,104,[2.3446991  1.5654781  0.44289902],"[[-0.5004909  -0.23721263  0.6648031 ]
 [-0.4888959   0.67155236  0.24758738]
 [ 0.5128307   0.6545974   0.243079  ]
 [ 0.49748826 -0.25347582  0.661551  ]]","[[-0.69821227  0.25771204  0.66789526]
 [ 0.01746437  0.9388111  -0.34398955]
 [ 0.71567774  0.2285134   0.6599902 ]]"
20200221-182435.474996,105,[2.3560991 1.5663505 0.4417454],"[[-0.5006407  -0.23721597  0.6645812 ]
 [-0.4867873   0.67250246  0.24947731]
 [ 0.51488835  0.6525656   0.24388339]
 [ 0.4972797  -0.25617903  0.66076726]]","[[-0.69673485  0.25940773  0.6687811 ]
 [ 0.02027791  0.93907166 -0.3431229 ]
 [ 0.7170422   0.22550417  0.6595441 ]]"
20200221-182435.474996,106,[2.3662746 1.5736463 0.4409953],"[[-0.50049245 -0.23740102  0.66477334]
 [-0.48706445  0.6721742   0.24939153]
 [ 0.5146303   0.65285575  0.24410142]
 [ 0.4974243  -0.25612867  0.66052604]]","[[-0.69674635  0.26026744  0.6684351 ]
 [ 0.01996601  0.93852925 -0.3446218 ]
 [ 0.7170397   0.22676796  0.6591132 ]]"
20200221-182435.474996,107,[2.3773177  1.5701586  0.44023278],"[[-0.5003014  -0.24110419  0.66372025]
 [-0.49009535  0.66943485  0.25041503]
 [ 0.5116895   0.65438265  0.24661788]
 [ 0.49767366 -0.2559482   0.6602634 ]]","[[-0.6987684   0.25550744  0.668161  ]
 [ 0.01606897  0.9394069  -0.3424278 ]
 [ 0.71516764  0.22854103  0.66053337]]"
20200221-182435.474996,108,[2.3881123  1.5728815  0.44018555],"[[-0.50035346 -0.24308492  0.66293883]
 [-0.49272805  0.6676621   0.2500337 ]
 [ 0.50909203  0.65604144  0.24750149]
 [ 0.49768546 -0.25445378  0.6608619 ]]","[[-0.7007564   0.25270122  0.6671452 ]
 [ 0.01261094  0.93940365 -0.34258103]
 [ 0.7132893   0.23165256  0.6614799 ]]"
20200221-182435.474996,109,[2.3983355  1.5775635  0.43837982],"[[-0.50016904 -0.24440861  0.66273135]
 [-0.49291286  0.6669386   0.2511913 ]
 [ 0.5089189   0.65583     0.24883617]
 [ 0.4978654  -0.25562593  0.66012955]]","[[-0.70069885  0.25272322  0.6671971 ]
 [ 0.01239043  0.9393303  -0.34279028]
 [ 0.7133495   0.23192582  0.661319  ]]"
20200221-182435.474996,110,[2.409249   1.5828928  0.43734086],"[[-0.50022304 -0.24656007  0.6618821 ]
 [-0.49539077  0.6651446   0.25110063]
 [ 0.5064596   0.65727705  0.24997765]
 [ 0.4978592  -0.2545155   0.6605847 ]]","[[-0.7025869   0.25046492  0.6660625 ]
 [ 0.00910778  0.9390979  -0.34352952]
 [ 0.7115397   0.23529296  0.6620791 ]]"
20200221-182435.474996,111,[2.4190192  1.5809069  0.43647355],"[[-0.5000314  -0.24990301  0.6608693 ]
 [-0.497965    0.6627154   0.25214037]
 [ 0.50395507  0.6584484   0.25232962]
 [ 0.49802494 -0.25456312  0.66030806]]","[[-0.7043187   0.24646606  0.665725  ]
 [ 0.00574604  0.93974274 -0.3418344 ]
 [ 0.7098607   0.23693503  0.6632946 ]]"
20200221-182435.474996,112,[2.4303987 1.5772327 0.4357899],"[[-0.49985516 -0.25321665  0.6598529 ]
 [-0.5004419   0.660314    0.25320643]
 [ 0.50149614  0.6595481   0.25469464]
 [ 0.4982016  -0.2546834   0.66000897]]","[[-0.7059903   0.24219672  0.6655213 ]
 [ 0.00248685  0.94054985 -0.33964702]
 [ 0.70821726  0.23813245  0.66462123]]"
20200221-182435.474996,113,[2.4407244  1.5819205  0.43408242],"[[-0.5000475  -0.25438422  0.65911275]
 [-0.5004022   0.66003484  0.25442168]
 [ 0.5015388   0.6589351   0.2557907 ]
 [ 0.49800503 -0.25582626  0.6598569 ]]","[[-0.7061528   0.24235418  0.6652914 ]
 [ 0.00252064  0.9404527  -0.3399153 ]
 [ 0.7080551   0.23835528  0.66471434]]"
20200221-182435.474996,114,[2.4513881  1.5801231  0.43379682],"[[-0.5000252  -0.25563502  0.6586345 ]
 [-0.5004853   0.6595222   0.25561488]
 [ 0.50148314  0.658515    0.25700346]
 [ 0.49800026 -0.25698164  0.65940225]]","[[-0.7061917   0.24128255  0.6656399 ]
 [ 0.00244672  0.9409675  -0.3384882 ]
 [ 0.7080167   0.23740894  0.6650937 ]]"
20200221-182435.474996,115,[2.4629087 1.5810307 0.4328238],"[[ 0.49985495 -0.2583008   0.6578264 ]
 [ 0.50273234  0.65745735  0.25622568]
 [-0.4992401   0.65962976  0.2588169 ]
 [-0.49816123 -0.25674704  0.6592624 ]]","[[ 7.0772481e-01  2.3822312e-01  6.6511309e-01]
 [ 5.4711656e-04  9.4125038e-01 -3.3770931e-01]
 [-7.0648801e-01  2.3936905e-01  6.6601586e-01]]"
20200221-182435.474996,116,[2.4737103 1.5842043 0.4324075],"[[ 0.49952966 -0.26172477  0.6569187 ]
 [ 0.5072506   0.65404344  0.25548393]
 [-0.49470693  0.66260093  0.26054677]
 [-0.49842936 -0.2543362   0.65977335]]","[[ 0.71078587  0.2333349   0.6635799 ]
 [ 0.00654386  0.9411434  -0.33794406]
 [-0.70337784  0.24454825  0.6674246 ]]"
20200221-182435.474996,117,[2.4844482  1.580448   0.43127277],"[[ 0.49952435 -0.2637116   0.6561068 ]
