Timestamp,Epoch,s,u,v
20200221-172540.437012,0,[1.8229258 1.4208568 0.7621368],"[[ 0.25692728  0.50106084  0.65782   ]
 [ 0.6551758   0.50362027 -0.25946912]
 [ 0.660125   -0.4963815  -0.26007986]
 [ 0.2626174  -0.498909    0.65750057]]","[[ 0.49157205  0.7090192   0.50561726]
 [ 0.71441686  0.00366498 -0.69971085]
 [ 0.4979614  -0.7051798   0.5047337 ]]"
20200221-172540.437012,1,[1.8016402  1.4275906  0.75985116],"[[ 0.25157318 -0.49993026  0.6608927 ]
 [ 0.6611088  -0.49973235 -0.25139844]
 [ 0.66073674  0.50029784 -0.25131783]
 [ 0.25114313  0.50003916  0.660953  ]]","[[ 4.9079600e-01 -7.0693254e-01  5.0927973e-01]
 [ 7.2028780e-01  3.3893384e-04 -6.9367522e-01]
 [ 4.9020898e-01  7.0728099e-01  5.0936109e-01]]"
20200221-172540.437012,2,[1.7779274  1.4342864  0.75708586],"[[ 0.241933   -0.49993405  0.66446286]
 [ 0.6645522  -0.49990427 -0.24184175]
 [ 0.66438437  0.5001599  -0.24181959]
 [ 0.24172826  0.50000185  0.66447365]]","[[ 4.8575667e-01 -7.0701563e-01  5.1397413e-01]
 [ 7.2688639e-01  1.6138103e-04 -6.8675798e-01]
 [ 4.8546562e-01  7.0719773e-01  5.1399839e-01]]"
20200221-172540.437012,3,[1.76166   1.4410526 0.7550568],"[[ 0.23439918  0.49994695  0.6671311 ]
 [ 0.6671016   0.5000745  -0.2344034 ]
 [ 0.6671412  -0.5000227  -0.23442008]
 [ 0.23442441 -0.49995583  0.6671118 ]]","[[ 4.8176324e-01  7.0710415e-01  5.1759815e-01]
 [ 7.3197979e-01  1.7188706e-05 -6.8132621e-01]
 [ 4.8177749e-01 -7.0710939e-01  5.1757771e-01]]"
20200221-172540.437012,4,[1.7448778  1.4477551  0.75169504],"[[ 0.23245403 -0.49723193  0.6699945 ]
 [ 0.67821336 -0.4890506  -0.2250986 ]
 [ 0.66277325  0.5109465  -0.22353911]
 [ 0.21615654  0.5025173   0.6711695 ]]","[[ 0.4867518  -0.70116884  0.5209943 ]
 [ 0.73842555  0.01163416 -0.67423487]
 [ 0.46669114  0.7129003   0.52342397]]"
20200221-172540.437012,5,[1.7287997  1.4546059  0.74820745],"[[ 0.2224929  -0.49723074  0.6735071 ]
 [ 0.6813002  -0.48911843 -0.21495096]
 [ 0.6662852   0.5109035  -0.21346237]
 [ 0.20589054  0.50249684  0.6742541 ]]","[[ 0.4817255  -0.7010993   0.52573776]
 [ 0.7449102   0.01161299 -0.6670636 ]
 [ 0.46157238  0.712969    0.5278503 ]]"
20200221-172540.437012,6,[1.7104627  1.4615511  0.74407196],"[[ 0.21670732 -0.49560308  0.6765918 ]
 [ 0.6902329  -0.48120108 -0.20403194]
 [ 0.6640264   0.518589   -0.20165676]
 [ 0.18890618  0.5038736   0.678181  ]]","[[ 0.4831352  -0.69681513  0.5301218 ]
 [ 0.7520015   0.02015766 -0.658853  ]
 [ 0.44841272  0.7169674   0.53374505]]"
20200221-172540.437012,7,[1.6941698 1.4682944 0.741287 ],"[[ 0.21443099 -0.49365857  0.67887235]
 [ 0.69834805 -0.4725701  -0.19592774]
 [ 0.66033435  0.52689946 -0.19269623]
 [ 0.17403425  0.5053272   0.6808912 ]]","[[ 0.48649642 -0.69187516  0.533507  ]
 [ 0.75734603  0.02950634 -0.65234655]
 [ 0.4356007   0.7214138   0.53834385]]"
20200221-172540.437012,8,[1.6833769 1.4752969 0.737986 ],"[[ 0.20076475 -0.49529457  0.6818217 ]
 [ 0.6963535  -0.47931692 -0.18653344]
 [ 0.6677702   0.52050734 -0.18423383]
 [ 0.16990711  0.5039945   0.6829218 ]]","[[ 0.47601396 -0.6955683   0.53814065]
 [ 0.76305205  0.02244643 -0.6459472 ]
 [ 0.437221    0.71810913  0.54143965]]"
20200221-172540.437012,9,[1.6730258  1.4823512  0.73455036],"[[ 0.1992835  -0.49323368  0.6837544 ]
 [ 0.7058576  -0.46851793 -0.17803542]
 [ 0.662216    0.53076047 -0.17480806]
 [ 0.15336545  0.5054747   0.68572986]]","[[ 0.48126206 -0.68955123  0.5412077 ]
 [ 0.7680843   0.03420028 -0.6394348 ]
 [ 0.42241365  0.72342885  0.54609287]]"
20200221-172540.437012,10,[1.6524922 1.4898251 0.7303678],"[[ 0.1843335  -0.49463794  0.6867508 ]
 [ 0.7053866  -0.47372538 -0.16649067]
 [ 0.66864175  0.5258523  -0.16415744]
 [ 0.14618196  0.50437766  0.68826324]]","[[ 0.4705605  -0.6924394   0.546901  ]
 [ 0.77550167  0.02888091 -0.6306846 ]
 [ 0.4209159   0.7208977   0.55057806]]"
20200221-172540.437012,11,[1.6439109  1.4966631  0.72683156],"[[ 0.18458089 -0.49211612  0.68878573]
 [ 0.71523184 -0.46118516 -0.15817098]
 [ 0.66176844  0.5376806  -0.15490317]
 [ 0.12820216  0.5059939   0.6903343 ]]","[[ 0.47763804 -0.6850606   0.550049  ]
 [ 0.7800467   0.04262729 -0.6242677 ]
 [ 0.40421402  0.7272379   0.5547397 ]]"
20200221-172540.437012,12,[1.6321145 1.5039545 0.7226697],"[[ 0.1779688  -0.49143818  0.6909832 ]
 [ 0.72055835 -0.45621526 -0.1482125 ]
 [ 0.66025376  0.54230136 -0.14494959]
 [ 0.1148378   0.5062267   0.69250643]]","[[ 0.47703198 -0.6821076   0.55422896]
 [ 0.7856522   0.04829701 -0.6167804 ]
 [ 0.393943    0.7296552   0.5589386 ]]"
20200221-172540.437012,13,[1.6241854 1.5112665 0.7189979],"[[ 0.16306049 -0.49357325  0.692799  ]
 [ 0.7172617  -0.4647703  -0.13907468]
 [ 0.66802853  0.53439945 -0.13682733]
 [ 0.11262602  0.5047685   0.69423765]]","[[ 0.46485293 -0.68722147  0.55824584]
 [ 0.7910932   0.03924353 -0.6104355 ]
 [ 0.39759678  0.7253872   0.56189877]]"
20200221-172540.437012,14,[1.6184881 1.5185965 0.7142365],"[[ 0.15622124 -0.49316207  0.6944986 ]
 [ 0.7224829  -0.4598175  -0.12907039]
 [ 0.6661226   0.5389983  -0.12686898]
 [ 0.09946895  0.50481653  0.6963596 ]]","[[ 0.46444842 -0.6845192   0.56189066]
 [ 0.79616904  0.04489412 -0.6034065 ]
 [ 0.3878178   0.72761124  0.56584406]]"
20200221-172540.437012,15,[1.6066458 1.5258304 0.7108587],"[[ 0.16814269 -0.48770347  0.695719  ]
 [ 0.74189997 -0.42979747 -0.12125009]
 [ 0.64525914  0.56594855 -0.11802395]
 [ 0.07037883  0.507072    0.6981002 ]]","[[ 0.4867356  -0.6664254   0.56477046]
 [ 0.7987483   0.07776847 -0.5966182 ]
 [ 0.3536802   0.7415048   0.5701589 ]]"
20200221-172540.437012,16,[1.6025022 1.530893  0.7070296],"[[ 0.21407066 -0.46922708  0.696122  ]
 [ 0.786146   -0.34388572 -0.11438926]
 [ 0.5797602   0.63505447 -0.10813763]
 [ 0.00514117  0.508207    0.7004538 ]]","[[ 0.5526806  -0.6119614   0.5657274 ]
 [ 0.7895881   0.16731887 -0.59038556]
 [ 0.26663625  0.7729862   0.5756714 ]]"
20200221-172540.437012,17,[1.6007888 1.5391946 0.7026093],"[[ 0.20097627 -0.47226185  0.697946  ]
 [ 0.78406924 -0.35147968 -0.10538062]
 [ 0.58723176  0.62942964 -0.10022772]
 [ 0.0017285   0.50719696  0.7012278 ]]","[[ 0.54311866 -0.6169469   0.56956005]
 [ 0.79526234  0.16032074 -0.5846838 ]
 [ 0.26940653  0.77050227  0.57770777]]"
20200221-172540.437012,18,[1.5917202 1.544886  0.6974085],"[[ 0.24590892 -0.44878933  0.69918543]
 [ 0.82154787 -0.2553194  -0.09522959]
 [ 0.509771    0.6953411  -0.0890657 ]
 [-0.06870645  0.49989983  0.7029494 ]]","[[ 0.60684353 -0.5508139   0.5730138 ]
 [ 0.77620107  0.25555786 -0.5763696 ]
 [ 0.17103422  0.79454005  0.5826261 ]]"
20200221-172540.437012,19,[1.5781647 1.5512353 0.6926987],"[[ 0.3112007  -0.40315977  0.7007589 ]
 [ 0.8550017  -0.1067167  -0.08431953]
 [ 0.38091075  0.7743362  -0.07939722]
 [-0.16441903  0.47589624  0.7039341 ]]","[[ 0.6886963  -0.43766698  0.5780529 ]
 [ 0.7246932   0.39050382 -0.5677383 ]
 [ 0.02274846  0.8099102   0.58611274]]"
20200221-172540.437012,20,[1.5759283 1.5540346 0.6881156],"[[ 0.40684992 -0.30377904  0.7020091 ]
 [ 0.8505653   0.14212422 -0.07529247]
 [ 0.1450744   0.8515949  -0.07037967]
 [-0.29994255  0.40287074  0.7046709 ]]","[[ 0.7813881  -0.22630583  0.5815655 ]
 [ 0.58661264  0.58427733 -0.5608081 ]
 [-0.21288134  0.7793623   0.5893011 ]]"
20200221-172540.437012,21,[1.5809164 1.5521557 0.6842026],"[[ 0.45886752 -0.2164629   0.70227087]
 [ 0.8008562   0.32146615 -0.06818233]
 [-0.04014386  0.8635632  -0.06227492]
 [-0.38269848  0.32258633  0.7058956 ]]","[[ 0.81009984 -0.05833144  0.5833831 ]
 [ 0.45011282  0.6994744  -0.55509835]
 [-0.3756818   0.7122732   0.59289986]]"
20200221-172540.437012,22,[1.5852054  1.5562173  0.67967284],"[[ 0.48327562 -0.14923497  0.7032215 ]
 [ 0.74140495  0.4431295  -0.05996241]
 [-0.1740076   0.8471395  -0.05520825]
 [-0.4318384   0.25242788  0.7062832 ]]","[[ 0.8071893   0.06623318  0.5865651 ]
 [ 0.33695245  0.7641892  -0.54998004]
 [-0.4846736   0.6415825   0.59452784]]"
20200221-172540.437012,23,[1.5922202 1.5441587 0.6748765],"[[ 0.49720162 -0.08992615  0.7037245 ]
 [ 0.67270774  0.54253185 -0.05068579]
 [-0.28994748  0.8155339  -0.04496695]
 [-0.4649576   0.18021423  0.7072347 ]]","[[ 0.7892125   0.17147663  0.58969444]
 [ 0.22893782  0.8088588  -0.54160416]
 [-0.56985193  0.562444    0.599104  ]]"
20200221-172540.437012,24,[1.5992414  1.5308462  0.66935354],"[[-0.501417   -0.0528705   0.7044358 ]
 [-0.61811393  0.6048933  -0.03966542]
 [ 0.3662065   0.7847394  -0.03423762]
 [ 0.48208788  0.1244717   0.70783085]]","[[-0.7679849   0.2394126   0.5940377 ]
 [-0.15196823  0.8329008  -0.53214836]
 [ 0.6221776   0.4989568   0.60327226]]"
20200221-172540.437012,25,[1.6059023  1.5289004  0.66543543],"[[-0.5020555  -0.03337371  0.70483387]
 [-0.5852714   0.6375715  -0.03203026]
 [ 0.40736356  0.7641247  -0.0279366 ]
 [ 0.48933852  0.09220664  0.708098  ]]","[[-0.75295746  0.27679306  0.5970264 ]
 [-0.10790799  0.8430273  -0.5269353 ]
 [ 0.6491617   0.46118373  0.60489565]]"
20200221-172540.437012,26,[1.6142287 1.52798   0.6620716],"[[-0.5018163  -0.03092268  0.7051034 ]
 [-0.57478166  0.6473244  -0.02614405]
 [ 0.41979724  0.7575397  -0.02218923]
 [ 0.49150464  0.07841121  0.7082745 ]]","[[-0.7479173   0.2861378   0.5989531 ]
 [-0.09440593  0.84729564 -0.52266383]
 [ 0.65704435  0.4474541   0.60669404]]"
20200221-172540.437012,27,[1.6220868 1.5189514 0.6579273],"[[-0.5015667  -0.02888461  0.70533687]
 [-0.5617724   0.65895236 -0.01807761]
 [ 0.43486506  0.7491863  -0.01417776]
 [ 0.49369544  0.06056106  0.7085001 ]]","[[-0.7415751   0.29618227  0.6019491 ]
 [-0.07782584  0.85322773 -0.5156994 ]
 [ 0.6663406   0.42927694  0.6096817 ]]"
20200221-172540.437012,28,[1.6300045  1.5149324  0.65329796],"[[-0.5012909  -0.03132922  0.70525616]
 [-0.55456084  0.6654025  -0.01018253]
 [ 0.44306138  0.74431014 -0.00648902]
 [ 0.4948394   0.04754263  0.70884985]]","[[-0.73804706  0.29999366  0.6043929 ]
 [-0.06876857  0.8576225  -0.5096615 ]
 [ 0.67123604  0.41771725  0.6123356 ]]"
20200221-172540.437012,29,[1.6370262 1.5137439 0.6494021],"[[-0.5000653  -0.00730485  0.7064362 ]
 [-0.5127973   0.6985517  -0.00196178]
 [ 0.48785415  0.71543646 -0.00184324]
 [ 0.49897113  0.01109063  0.70777184]]","[[-0.7151659   0.34298357  0.6090155 ]
 [-0.01604684  0.8630365  -0.50488645]
 [ 0.6987705   0.37085038  0.61171055]]"
20200221-172540.437012,30,[1.6457479 1.501484  0.6439239],"[[-4.9996480e-01 -1.6007572e-02  7.0637447e-01]
 [-5.1113409e-01  6.9971466e-01  7.9227481e-03]
 [ 4.8955017e-01  7.1424276e-01  8.0948323e-03]
 [ 4.9911720e-01 -2.5412543e-05  7.0774764e-01]]","[[-0.71427464  0.33841884  0.61260444]
 [-0.01405784  0.86820316 -0.49600935]
 [ 0.69972414  0.36289892  0.61537814]]"
20200221-172540.437012,31,[1.654123  1.4995881 0.64005  ],"[[-0.499324   -0.01394199  0.70685345]
 [-0.49947977  0.70798975  0.01473176]
 [ 0.5013056   0.7059369   0.01366194]
 [ 0.49988803 -0.01445325  0.70707446]]","[[-7.0739269e-01  3.4744856e-01  6.1552829e-01]
 [ 3.1990703e-04  8.7099791e-01 -4.9128655e-01]
 [ 7.0682055e-01  3.4733558e-01  6.1624873e-01]]"
20200221-172540.437012,32,[1.6627014 1.4975749 0.6361212],"[[-0.49966076 -0.02693633 -0.70639455]
 [-0.50937414  0.7005914  -0.02026565]
 [ 0.49135926  0.71291995 -0.02047114]
 [ 0.49944258 -0.01380674 -0.70723194]]","[[-0.71313477  0.33364415 -0.61653906]
 [-0.01195034  0.87356615  0.48655877]
 [ 0.70092505  0.3543497  -0.61898327]]"
20200221-172540.437012,33,[1.6715863 1.4907616 0.6301724],"[[-0.4995537  -0.03533168 -0.7060955 ]
 [-0.5081359   0.70116353 -0.02958619]
 [ 0.4926137   0.7117216  -0.02969692]
 [ 0.49957564 -0.02395503 -0.7068743 ]]","[[-0.7124475   0.32950374 -0.61955297]
 [-0.01048922  0.87780005  0.4789124 ]
 [ 0.701647    0.34769857 -0.62193024]]"
20200221-172540.437012,34,[1.6802106 1.4834318 0.6262196],"[[-0.4996925  -0.05252953 -0.7052103 ]
 [-0.52284116  0.6896707  -0.03538141]
 [ 0.47748372  0.7219169  -0.03785798]
 [ 0.49895284 -0.02077144 -0.70710236]]","[[-0.7209495   0.30898917 -0.62028843]
 [-0.02920622  0.8807498   0.47268066]
 [ 0.692372    0.35889503 -0.62595165]]"
20200221-172540.437012,35,[1.6890899  1.4833294  0.62052095],"[[-0.4994698  -0.0642601  -0.70453495]
 [-0.52874917  0.68459266 -0.04242826]
 [ 0.47126833  0.72568226 -0.04600702]
 [ 0.4988597  -0.02427357 -0.70690465]]","[[-0.724288    0.29856437 -0.6215033 ]
 [-0.03694165  0.88328755  0.4673742 ]
 [ 0.68850744  0.3614729  -0.6287251 ]]"
20200221-172540.437012,36,[1.6968354 1.4877325 0.6164253],"[[-0.4993354  -0.06346356 -0.7045356 ]
 [-0.5205417   0.6906704  -0.04810101]
 [ 0.47993058  0.7195277  -0.05034758]
 [ 0.49936655 -0.0350249  -0.7062443 ]]","[[-0.7196132   0.30577046 -0.623427  ]
 [-0.02643209  0.8851113   0.46462816]
 [ 0.69387186  0.35083103 -0.62885565]]"
20200221-172540.437012,37,[1.7053177  1.4855602  0.61204547],"[[-0.4992065  -0.06865023 -0.7041155 ]
 [-0.5189605   0.6914106  -0.05450482]
 [ 0.48161948  0.71793616 -0.05661169]
 [ 0.49951503 -0.04249689 -0.7057237 ]]","[[-0.7187429   0.30401042 -0.6252891 ]
 [-0.02449659  0.8877081   0.4597543 ]
 [ 0.69484425  0.34576258 -0.6305868 ]]"
20200221-172540.437012,38,[1.7143087 1.4816865 0.6070353],"[[-0.49903756 -0.07955728 -0.7032214 ]
 [-0.5243084   0.6866552  -0.06110516]
 [ 0.47604486  0.72115004 -0.06440941]
 [ 0.49944317 -0.04601691 -0.70540595]]","[[-0.7218399   0.29391268 -0.626548  ]
 [-0.03148472  0.89045346  0.4539837 ]
 [ 0.6913434   0.34743023 -0.6335112 ]]"
20200221-172540.437012,39,[1.7228796 1.4797957 0.6027972],"[[ 0.49893415 -0.08447108 -0.7026977 ]
 [ 0.5228511   0.6872292  -0.06713109]
 [-0.4776166   0.7195601  -0.07033643]
 [-0.4995731  -0.05304691 -0.7048131 ]]","[[ 0.72104543  0.29224825 -0.6282391 ]
 [ 0.02967485  0.89284     0.44939545]
 [-0.6922519   0.34267747 -0.63510567]]"
20200221-172540.437012,40,[1.7316425 1.4765154 0.5979454],"[[-0.4989498  -0.08586684 -0.7023442 ]
 [-0.51511043  0.6924775  -0.07464051]
 [ 0.4856853   0.713336   -0.07643056]
 [ 0.49982044 -0.06521889 -0.7037756 ]]","[[-0.7166337   0.2969336  -0.6310837 ]
 [-0.01977008  0.8958327   0.44395164]
 [ 0.6971695   0.3306272  -0.6361135 ]]"
20200221-172540.437012,41,[1.7406294 1.4734027 0.5955715],"[[ 0.49867058 -0.09726458 -0.701328  ]
 [ 0.5257097   0.68383455 -0.07750427]
 [-0.47466633  0.72046125 -0.08170075]
 [-0.4996481  -0.06201003 -0.70388705]]","[[ 0.72281814  0.2824377  -0.6306845 ]
 [ 0.03361865  0.8972092   0.4403244 ]
 [-0.6902201   0.33947718 -0.63902396]]"
20200221-172540.437012,42,[1.74994   1.4715375 0.5914273],"[[ 0.49860564 -0.101688   -0.7007251 ]
 [ 0.5239963   0.6844997  -0.08324932]
 [-0.4764647   0.71859545 -0.08723287]
 [-0.4998017  -0.06885138 -0.7031674 ]]","[[ 0.7219102   0.2811124  -0.6323144 ]
 [ 0.03152922  0.8994552   0.43587402]
 [-0.6912681   0.3345982  -0.64046276]]"
20200221-172540.437012,43,[1.7593282 1.4772567 0.5882737],"[[ 0.4985211  -0.10446663 -0.7003735 ]
 [ 0.5234323   0.68453604 -0.08647586]
 [-0.47705135  0.71781135 -0.09035941]
 [-0.49991786 -0.07241888 -0.70273364]]","[[ 0.72158045  0.2808701  -0.63279855]
 [ 0.03083546  0.9000668   0.43465987]
 [-0.6916437   0.3331546  -0.6408098 ]]"
20200221-172540.437012,44,[1.7685244 1.4817612 0.5846215],"[[ 0.49836516 -0.11183839 -0.69934696]
 [ 0.528283    0.68036735 -0.08980998]
 [-0.47193578  0.7206181  -0.09475489]
 [-0.49982592 -0.07281597 -0.7027587 ]]","[[ 0.7245183   0.2739557  -0.63247263]
 [ 0.03726468  0.9007056   0.43282875]
 [-0.68824756  0.33716133 -0.64236885]]"
20200221-172540.437012,45,[1.7778293 1.475903  0.581122 ],"[[ 0.49789995 -0.12318666 -0.69803464]
 [ 0.5366384   0.6728978  -0.09414396]
 [-0.46302223  0.72578317 -0.10147966]
 [-0.4997249  -0.07261054 -0.70255715]]","[[ 0.72939295  0.2605548  -0.63253206]
 [ 0.048507    0.9026005   0.42773736]
 [-0.682373    0.34267095 -0.6457118 ]]"
20200221-172540.437012,46,[1.785971   1.4754392  0.57731724],"[[ 0.4981552  -0.11991101 -0.69823766]
 [ 0.52513045  0.68123704 -0.10038571]
 [-0.47531822  0.71707904 -0.10511316]
 [-0.500152   -0.08564689 -0.70095533]]","[[ 0.72270703  0.2712358  -0.6357089 ]
 [ 0.0333534   0.90502     0.4240598 ]
 [-0.69034934  0.3276742  -0.64501756]]"
20200221-172540.437012,47,[1.7944362 1.4803768 0.5737926],"[[ 0.4977846  -0.12660035 -0.6974576 ]
 [ 0.52964646  0.6771282  -0.10335743]
 [-0.47055236  0.71976274 -0.10924744]
 [-0.5002656  -0.08608943 -0.70066756]]","[[ 0.7252747   0.26501384 -0.63540864]
 [ 0.03938374  0.90546024  0.42259976]
 [-0.6873322   0.33152574 -0.6462701 ]]"
20200221-172540.437012,48,[1.8031185 1.481125  0.5706688],"[[ 0.49760535 -0.13318959 -0.696334  ]
 [ 0.5333858   0.6736868  -0.10673465]
 [-0.4666074   0.72165334 -0.11363734]
 [-0.50016564 -0.08731058 -0.7005804 ]]","[[ 0.72760844  0.25871718 -0.6353356 ]
 [ 0.04443034  0.90643746  0.41999656]
 [-0.6845524   0.33382118 -0.64803654]]"
20200221-172540.437012,49,[1.8121053 1.4746804 0.5667664],"[[ 0.4979178  -0.13434617 -0.69570374]
 [ 0.52661353  0.6781243  -0.11339547]
 [-0.47384128  0.7158926  -0.11883495]
 [-0.50023067 -0.09796157 -0.6992969 ]]","[[ 0.72385776  0.2624485  -0.6380837 ]
 [ 0.03555995  0.9094064   0.4143856 ]
 [-0.68903226  0.32264647 -0.64894813]]"
20200221-172540.437012,50,[1.8215574 1.4749444 0.5637898],"[[ 0.49779588 -0.14038612 -0.6945849 ]
 [ 0.5298434   0.67506796 -0.11663211]
 [-0.47041696  0.7174288  -0.12299377]
 [-0.5001732  -0.09935344 -0.6991578 ]]","[[ 0.72595894  0.25667185 -0.6380466 ]
 [ 0.03998501  0.910425    0.41173768]
 [-0.68657494  0.32441682 -0.65066797]]"
20200221-172540.437012,51,[1.8304174  1.4770204  0.56147265],"[[ 0.4976118  -0.14239536 -0.69443166]
 [ 0.5289576   0.67513376 -0.11941414]
 [-0.47136265  0.7164785  -0.12572928]
 [-0.5004034  -0.10284041 -0.6983533 ]]","[[ 0.72532135  0.25654456 -0.63882226]
 [ 0.03888367  0.91121817  0.4100846 ]
 [-0.6873114   0.3222829  -0.65095073]]"
20200221-172540.437012,52,[1.8400891 1.4729172 0.5589512],"[[ 0.49741584 -0.14814258 -0.69347876]
 [ 0.5314991   0.6723769  -0.12292372]
 [-0.46866378  0.71757066 -0.13024691]
 [-0.50044066 -0.10514769 -0.6978632 ]]","[[ 0.72693443  0.25071365 -0.63930374]
 [ 0.0424537   0.9127818   0.40623546]
 [-0.6853934   0.32244727 -0.6528886 ]]"
20200221-172540.437012,53,[1.8491229 1.4683465 0.555833 ],"[[ 0.49744284 -0.15155384 -0.69266886]
 [ 0.52967405  0.672968   -0.12779301]
 [-0.47065023  0.7153937  -0.13481894]
 [-0.50048417 -0.11116387 -0.6969237 ]]","[[ 0.7259954   0.24958496 -0.64081055]
 [ 0.04015779  0.91484153  0.40181166]
 [-0.6865262   0.3174469  -0.6541479 ]]"
20200221-172540.437012,54,[1.858163   1.4668634  0.55176914],"[[ 0.49748752 -0.15264569 -0.692354  ]
 [ 0.52419585  0.67618847 -0.13351926]
 [-0.47643542  0.71068496 -0.13906045]
 [-0.50073385 -0.119983   -0.6953281 ]]","[[ 0.7226753   0.25313374 -0.643167  ]
 [ 0.03298082  0.91683555  0.39790058]
 [-0.6904003   0.3087651  -0.654226  ]]"
20200221-172540.437012,55,[1.8671551 1.4691664 0.5496158],"[[ 0.49763003 -0.15467252 -0.6916484 ]
 [ 0.5234553   0.676423   -0.13609649]
 [-0.47724003  0.70952904 -0.14139153]
 [-0.5006007  -0.12286884 -0.6950604 ]]","[[ 0.72243744  0.2529039  -0.64352447]
 [ 0.03202505  0.9174691   0.3965159 ]
 [-0.6906942   0.30706677 -0.65471476]]"
20200221-172540.437012,56,[1.877111   1.4684496  0.54615974],"[[ 0.49762347 -0.15809764  0.69086045]
 [ 0.5224226   0.6763747   0.14034028]
 [-0.47831604  0.7079603   0.14543907]
 [-0.500659   -0.12772834  0.694164  ]]","[[ 0.72188234  0.25175634  0.6445964 ]
 [ 0.03074199  0.91889024 -0.39331353]
 [-0.6913327   0.30374235  0.6555911 ]]"
20200221-172540.437012,57,[1.886035   1.4798769  0.54341304],"[[ 0.49747968 -0.15935698  0.6906735 ]
 [ 0.5224039   0.67611486  0.14167245]
 [-0.47832948  0.70770216  0.14661117]
 [-0.50080884 -0.128965    0.6938333 ]]","[[ 0.72180706  0.25292438  0.6442235 ]
 [ 0.03074212  0.9181962  -0.3949312 ]
 [-0.69141144  0.30486894  0.6549851 ]]"
20200221-172540.437012,58,[1.8954529  1.4741071  0.53992885],"[[ 0.4977414  -0.16081166  0.6899529 ]
 [ 0.51710397  0.679144    0.14755568]
 [-0.48387128  0.7028186   0.15089971]
 [-0.5007254  -0.13765693  0.69240296]]","[[ 0.7187241   0.25540048  0.6466886 ]
 [ 0.02378555  0.92051625 -0.38997975]
 [-0.69488835  0.2956697   0.6555223 ]]"
20200221-172540.437012,59,[1.9053181 1.4753612 0.5373686],"[[ 0.49749383 -0.1658451   0.6890551 ]
 [ 0.5202507   0.67608917  0.14990087]
 [-0.4806143   0.70443934  0.15435086]
 [-0.5008486  -0.1384341   0.6920321 ]]","[[ 0.7206654   0.25042686  0.6464733 ]
 [ 0.02806474  0.9211788  -0.3881263 ]
 [-0.6927148   0.29785228  0.6568334 ]]"
20200221-172540.437012,60,[1.9146261 1.4736813 0.5357275],"[[ 0.49751803 -0.16792388  0.68851215]
 [ 0.51946163  0.6761112   0.15261686]
 [-0.48147297  0.7032842   0.15693763]
 [-0.50081867 -0.14165524  0.69139713]]","[[ 0.7202437   0.24955106  0.6472814 ]
 [ 0.02704561  0.9222466  -0.38565472]
 [-0.6931937   0.29527152  0.6574932 ]]"
20200221-172540.437012,61,[1.9238013 1.4738501 0.5326076],"[[ 0.4976653  -0.17113209  0.6874621 ]
 [ 0.518793    0.6759513   0.15632053]
 [-0.48219112  0.7018511   0.16041377]
 [-0.5006743  -0.14563183  0.69081616]]","[[ 0.72004366  0.24841452  0.64794075]
 [ 0.0262004   0.92333    -0.38311222]
 [-0.6934339   0.29283395  0.6583294 ]]"
20200221-172540.437012,62,[1.9331777  1.4740707  0.52942365],"[[ 0.49762467 -0.17421673  0.6866885 ]
 [ 0.51804847  0.67568296  0.1600336 ]
 [-0.48300058  0.7004788   0.1639269 ]
 [-0.50070536 -0.14976826  0.68990976]]","[[ 0.71962     0.24742521  0.6487894 ]
 [ 0.02527009  0.9244086  -0.3805655 ]
 [-0.69390815  0.29025754  0.65897036]]"
20200221-172540.437012,63,[1.941789  1.4761363 0.526954 ],"[[ 0.4976316  -0.1741101   0.68669045]
 [ 0.514096    0.6779247   0.16335496]
 [-0.48711574  0.6971508   0.16594572]
 [-0.5007858  -0.15519114  0.6886461 ]]","[[ 0.7170223   0.2509462   0.65031165]
 [ 0.0199993   0.9251575  -0.37905627]
 [-0.6967634   0.28479746  0.6583396 ]]"
20200221-172540.437012,64,[1.9509938  1.4793563  0.52518684],"[[ 0.4980022  -0.17101881  0.6869109 ]
 [ 0.5068046   0.6829582   0.16648082]
 [-0.49459687  0.69145447  0.16644517]
 [-0.5005163  -0.16189808  0.68755615]]","[[ 0.71248895  0.2587005   0.6522525 ]
 [ 0.01028449  0.92560416 -0.37835327]
 [-0.7016078   0.27628058  0.65682214]]"
20200221-172540.437012,65,[1.9609722 1.4761044 0.5231598],"[[ 0.4978391  -0.17628668  0.68582153]
 [ 0.50999254  0.67981744  0.16900572]
 [-0.4913724   0.69297975  0.17023052]
 [-0.5006165  -0.1629428   0.6871007 ]]","[[ 0.7145159   0.25286648  0.6523233 ]
 [ 0.01453607  0.92683053 -0.3751983 ]
 [-0.69946826  0.27756736  0.65855944]]"
20200221-172540.437012,66,[1.9707757 1.4789872 0.5214375],"[[ 0.49740925 -0.1823027   0.6848066 ]
 [ 0.5163442   0.67458296  0.16957252]
 [-0.48488095  0.69710284  0.1731919 ]
 [-0.50086236 -0.16047119  0.6872333 ]]","[[ 0.7184811   0.24511616  0.65092456]
 [ 0.02306037  0.9269372  -0.3745069 ]
 [-0.6951639   0.28408673  0.6603345 ]]"
20200221-172540.437012,67,[1.9802724 1.4821044 0.5197273],"[[ 0.49737152 -0.18368526  0.68443847]
 [ 0.5158533   0.6745261   0.17139493]
 [-0.4854254   0.6963157   0.1748236 ]
 [-0.5008787  -0.16253948  0.6867347 ]]","[[ 0.7181831   0.24521536  0.65121627]
 [ 0.02242226  0.9272106  -0.3738689 ]
 [-0.69549286  0.28310803  0.6604086 ]]"
20200221-172540.437012,68,[1.9895366 1.4796963 0.5177259],"[[ 0.497158   -0.18838581  0.68341017]
 [ 0.51842034  0.6718137   0.17385152]
 [-0.48282096  0.69737357  0.17836644]
 [-0.5009572  -0.16385049  0.68623   ]]","[[ 0.71982527  0.2402481   0.6512545 ]
 [ 0.02593262  0.92823505 -0.37108952]
 [-0.6936708   0.2840084   0.66193676]]"
20200221-172540.437012,69,[1.9989282  1.4802474  0.51488656],"[[ 0.49731675 -0.19111389  0.6823763 ]
 [ 0.51774704  0.67166215  0.17711021]
 [-0.48353967  0.69594467  0.18133256]
 [-0.50080246 -0.1673513   0.68564767]]","[[ 0.71961546  0.23941413  0.65179324]
 [ 0.02507851  0.9291056  -0.36896333]
 [-0.69391984  0.28185773  0.6625945 ]]"
20200221-172540.437012,70,[2.0086372 1.487677  0.5107519],"[[ 0.4972753  -0.19165814  0.68225783]
 [ 0.5143693   0.6733145   0.180634  ]
 [-0.48701534  0.69292337  0.18357311]
 [-0.5009571  -0.17254743  0.6842492 ]]","[[ 0.71730345  0.24320133  0.65293866]
 [ 0.02055947  0.9293101  -0.36872798]
 [-0.69645756  0.27791387  0.6615972 ]]"
20200221-172540.437012,71,[2.0174344  1.4897535  0.50857556],"[[ 0.49727577 -0.19147937  0.6822897 ]
 [ 0.5108231   0.67523557  0.18357179]
 [-0.49068293  0.68990314  0.18519752]
 [-0.501006   -0.17727491  0.6829967 ]]","[[ 0.714902    0.24646161  0.6543486 ]
 [ 0.01581641  0.92988074 -0.3675214 ]
 [-0.6990459   0.27309123  0.66087526]]"
20200221-172540.437012,72,[2.0263643  1.4957972  0.50616354],"[[ 0.49701354 -0.19518091  0.6815539 ]
 [ 0.51380146  0.6725249   0.18469961]
 [-0.4876389   0.69158417  0.18748456]
 [-0.5011925  -0.17699139  0.6828026 ]]","[[ 0.7167632   0.24318136  0.65353894]
 [ 0.01984388  0.92972714 -0.36771417]
 [-0.69703424  0.2765327   0.6615684 ]]"
20200221-172540.437012,73,[2.035201  1.4979342 0.5040509],"[[ 0.4973769  -0.19503461  0.68103904]
 [ 0.51020795  0.6747648   0.1876551 ]
 [-0.49136147  0.68826026  0.1889174 ]
 [-0.50086737 -0.18152525  0.6821157 ]]","[[ 0.7146848   0.24640945  0.6546054 ]
 [ 0.01503302  0.9302628  -0.36658627]
 [-0.69928527  0.27183437  0.6611402 ]]"
20200221-172540.437012,74,[2.0447438  1.4982216  0.50150245],"[[ 0.4972029  -0.19758417  0.6805544 ]
 [ 0.5099319   0.67405015  0.1904558 ]
 [-0.49164987  0.68741685  0.19173874]
 [-0.50103825 -0.18459311  0.68103516]]","[[ 0.7143489   0.24540764  0.65534776]
 [ 0.01468066  0.9310309  -0.36464483]
 [-0.6996358   0.27010465  0.6614782 ]]"
20200221-172540.437012,75,[2.053893  1.5001553 0.4994702],"[[ 0.4967979  -0.20157294  0.6799306 ]
 [ 0.51286983  0.6711231   0.1919036 ]
 [-0.48867127  0.6890578   0.19451801]
 [-0.50135565 -0.1848291   0.6804635 ]]","[[ 0.7160318   0.24135546  0.65501606]
 [ 0.01862896  0.93138653 -0.36355478]
 [-0.69781905  0.27251905  0.66240627]]"
20200221-172540.437012,76,[2.0636833  1.4964143  0.49725348],"[[ 0.49682578 -0.20449768  0.679012  ]
 [ 0.5124073   0.67055166  0.19519733]
 [-0.4891782   0.6877809   0.19773021]
 [-0.50130594 -0.18841101  0.6795171 ]]","[[ 0.71578145  0.23957002  0.65594447]
 [ 0.01802844  0.9326595  -0.36030743]
 [-0.6980916   0.26972705  0.66326123]]"
20200221-172540.437012,77,[2.073495   1.4950352  0.49615067],"[[ 0.49684203 -0.20613286  0.67848223]
 [ 0.51198566  0.6703159   0.19718945]
 [-0.48964226  0.68690753  0.1996036 ]
 [-0.5012678  -0.19064151  0.67892337]]","[[ 0.7155469   0.23867524  0.6565264 ]
 [ 0.01748876  0.9334068  -0.35839388]
 [-0.69834584  0.2679295   0.66372216]]"
20200221-172540.437012,78,[2.0843866  1.4883039  0.49300325],"[[ 0.49690238 -0.21022545  0.6771652 ]
 [ 0.5114531   0.66940254  0.2016837 ]
 [-0.49017856  0.68520397  0.20401068]
 [-0.5012275  -0.1954515   0.6776066 ]]","[[ 0.71527374  0.2358549   0.657842  ]
 [ 0.01682651  0.935243   -0.35360646]
 [-0.6986418   0.26399457  0.66498613]]"
20200221-172540.437012,79,[2.0946665  1.4834114  0.49041742],"[[ 0.49711347 -0.21170385  0.6763932 ]
 [ 0.50806403  0.67080325  0.20612825]
 [-0.49364623  0.6816433   0.20700698]
 [-0.5010612  -0.20141305  0.67613   ]]","[[ 0.7131427   0.23691405  0.65977234]
 [ 0.01232258  0.93678    -0.3497026 ]
 [-0.70091075  0.25751793  0.6651381 ]]"
20200221-172540.437012,80,[2.1041222 1.4817598 0.4888479],"[[ 0.49692863 -0.21570471  0.67535377]
 [ 0.5105322   0.66826123  0.20794365]
 [-0.49117836  0.68265635  0.20996313]
 [-0.5011612  -0.20218448  0.6757014 ]]","[[ 0.71475524  0.23251721  0.6595914 ]
 [ 0.01565507  0.9375602  -0.34747034]
 [-0.69919944  0.2586822   0.66648614]]"
20200221-172540.437012,81,[2.1136     1.486637   0.48631465],"[[ 0.49690443 -0.2174332   0.67481196]
 [ 0.5103422   0.66782206  0.20983751]
 [-0.49135926  0.68195784  0.2117476 ]
 [-0.50120217 -0.20413347  0.6751003 ]]","[[ 0.71463335  0.23261291  0.65968984]
 [ 0.0154384   0.93761384 -0.34733576]
 [-0.699329    0.25840223  0.6664588 ]]"
20200221-172540.437012,82,[2.1224413  1.4932592  0.48429713],"[[ 0.4970675  -0.21672216  0.6747993 ]
 [ 0.50749177  0.6695541   0.21165569]
 [-0.49426556  0.6795609   0.2122709 ]
 [-0.5010763  -0.20718563  0.6743806 ]]","[[ 0.7127757   0.23637094  0.66036314]
 [ 0.01160089  0.93740195 -0.34805617]
 [-0.70129603  0.25574678  0.66541535]]"
20200221-172540.437012,83,[2.1326811  1.4968438  0.48119625],"[[ 0.49705654 -0.21727182  0.67463845]
 [ 0.50461113  0.6707339   0.2147615 ]
 [-0.49716553  0.6768527   0.2141382 ]
 [-0.50112736 -0.21161166  0.67296773]]","[[ 0.7107242   0.23905052  0.66160864]
 [ 0.00776254  0.9377698  -0.34717098]
 [-0.703428    0.25187862  0.66463995]]"
20200221-172540.437012,84,[2.1419601  1.4991463  0.47951645],"[[ 0.49667743 -0.22065638  0.67405146]
 [ 0.5072855   0.66811824  0.21580039]
 [-0.49448287  0.6783511   0.2164669 ]
 [-0.5014577  -0.21158607  0.67247814]]","[[ 0.71228254  0.23559324  0.66117287]
 [ 0.01134989  0.9379962  -0.3464599 ]
 [-0.7018011   0.25428158  0.6654443 ]]"
20200221-172540.437012,85,[2.1512532 1.5015229 0.477844 ],"[[ 0.49629605 -0.22400253  0.67345643]
 [ 0.50993174  0.6655173   0.21680821]
 [-0.49181175  0.6798227   0.21877003]
 [-0.5017782  -0.21154378  0.6720048 ]]","[[ 0.71382314  0.23217052  0.6607219 ]
 [ 0.01491418  0.93819547 -0.3457846 ]
 [-0.7001673   0.25668317  0.6662429 ]]"
20200221-172540.437012,86,[2.1610684 1.5065615 0.4753732],"[[ 0.49646088 -0.22565     0.67264014]
 [ 0.5096881   0.6652616   0.21865457]
 [-0.49207154  0.6789483   0.22042093]
 [-0.5016081  -0.21339725  0.6716845 ]]","[[ 0.7138493   0.23234147  0.66063356]
 [ 0.01461079  0.93821204 -0.3457522 ]
 [-0.700147    0.25646737  0.66634727]]"
20200221-172540.437012,87,[2.1704648 1.5049251 0.4740216],"[[ 0.49665558 -0.22589056  0.6722776 ]
 [ 0.50682014  0.6666813   0.22144522]
 [-0.49503383  0.6761818   0.22192782]
 [-0.50140643 -0.21745855  0.67063653]]","[[ 0.71198833  0.23417255  0.6619941 ]
 [ 0.01072674  0.9390173  -0.343703  ]
 [-0.70210963  0.2518136   0.66605735]]"
20200221-172540.437012,88,[2.1800468 1.5031594 0.4726999],"[[ 0.4964706  -0.2295859   0.6712477 ]
 [ 0.50922024  0.6642323   0.22299409]
 [-0.4926402   0.6771651   0.2246395 ]
 [-0.5015151  -0.21802089  0.6702516 ]]","[[ 0.71357125  0.22998558  0.6617574 ]
 [ 0.01397071  0.9397222  -0.34165332]
 [-0.7004435   0.25303924  0.66734564]]"
20200221-172540.437012,89,[2.189921   1.5060184  0.47172862],"[[ 0.49666896 -0.23046234  0.6706636 ]
 [ 0.50899863  0.66420114  0.22404462]
 [-0.49287477  0.67654794  0.2255444 ]
 [-0.5013132  -0.21910395  0.6701819 ]]","[[ 0.7136169   0.23002933  0.6616926 ]
 [ 0.01367655  0.93979716 -0.34145868]
 [-0.70040256  0.25272036  0.6675093 ]]"
20200221-172540.437012,90,[2.1995687  1.5109061  0.46951362],"[[ 0.49667412 -0.23191535  0.6701581 ]
 [ 0.50887626  0.6637735   0.22559106]
 [-0.49298358  0.675953    0.22704527]
 [-0.50132537 -0.22069842  0.6696619 ]]","[[ 0.71354455  0.23021421  0.6617065 ]
 [ 0.01353102  0.93976784 -0.34154546]
 [-0.70047927  0.25266144  0.6674512 ]]"
20200221-172540.437012,91,[2.208982   1.5131572  0.46802813],"[[ 0.4962851  -0.23496245  0.66961044]
 [ 0.51130486  0.66135097  0.22646736]
 [-0.49052346  0.67729264  0.22916155]
 [-0.5016524  -0.22063951  0.66919327]]","[[ 0.7149541   0.22707516  0.66126966]
 [ 0.01682891  0.93992734 -0.34095928]
 [-0.69896895  0.2548987   0.6681835 ]]"
20200221-172540.437012,92,[2.2189696  1.5221882  0.46547756],"[[ 0.49622557 -0.23935856  0.6680622 ]
 [ 0.51623577  0.65757865  0.22637257]
 [-0.48544243  0.6801795   0.23128614]
 [-0.5016038  -0.21829629  0.6700409 ]]","[[ 0.7184951   0.22229967  0.6590506 ]
 [ 0.02353287  0.9392365  -0.3424626 ]
 [-0.69513386  0.26156703  0.66960555]]"
20200221-172540.437012,93,[2.228891   1.5296078  0.46441284],"[[ 0.4963802  -0.23952779  0.66774225]
 [ 0.51603174  0.6577758   0.22673537]
 [-0.48566592  0.67982256  0.2314205 ]
 [-0.5014447  -0.21862881  0.6701909 ]]","[[ 0.71852654  0.22349948  0.65861034]
 [ 0.02325919  0.9387086  -0.34392598]
 [-0.6951106   0.2624387   0.6692887 ]]"
20200221-172540.437012,94,[2.2377448  1.5360472  0.46276912],"[[ 0.49655077 -0.2385894   0.6678239 ]
 [ 0.51325744  0.6595368   0.22832832]
 [-0.48852858  0.6775641   0.23161615]
 [-0.5013419  -0.221344    0.6695007 ]]","[[ 0.7167242   0.22728771  0.65927726]
 [ 0.01951848  0.9384861  -0.34476498]
 [-0.6970835   0.25996953  0.6681995 ]]"
20200221-172540.437012,95,[2.2471774  1.5343114  0.46157363],"[[ 0.496761   -0.23860446  0.667518  ]
 [ 0.5103166   0.6610457   0.23100032]
 [-0.49158758  0.6747827   0.23290758]
 [-0.5011454  -0.2252871   0.6684405 ]]","[[ 0.71483225  0.22931035  0.66062975]
 [ 0.0155477   0.93926173 -0.34284922]
 [-0.69912314  0.25535104  0.6678494 ]]"
20200221-172540.437012,96,[2.2574637 1.5375884 0.4607811],"[[ 0.49675554 -0.23924573  0.6672795 ]
 [ 0.51014787  0.66090983  0.23179933]
 [-0.49178675  0.67439187  0.23363723]
 [-0.5011276  -0.22617419  0.6681473 ]]","[[ 0.7147189   0.22956344  0.6606646 ]
 [ 0.01530932  0.93923897 -0.34292242]
 [-0.69924444  0.2552075   0.6677774 ]]"
20200221-172540.437012,97,[2.2672136  1.5421537  0.45878446],"[[ 0.4967554  -0.24052176  0.6668159 ]
 [ 0.5099547   0.6605582   0.23324046]
 [-0.4919665   0.67377603  0.23497719]
 [-0.50114775 -0.22767907  0.66763836]]","[[ 0.714599    0.22982752  0.66070217]
 [ 0.01507576  0.93920964 -0.343013  ]
 [-0.69937164  0.2550773   0.6676935 ]]"
20200221-172540.437012,98,[2.2775738  1.542445   0.45701948],"[[ 0.49653402 -0.24552445  0.6652289 ]
 [ 0.5145253   0.65662193  0.23408057]
 [-0.48729214  0.67619264  0.23800443]
 [-0.50126296 -0.22655985  0.66785574]]","[[ 0.7177696   0.2235472   0.65941936]
 [ 0.02131293  0.9395618  -0.34171605]
 [-0.69595474  0.25932753  0.6696242 ]]"
20200221-172540.437012,99,[2.2885196  1.5431421  0.45584747],"[[ 0.49654284 -0.24826291  0.6641744 ]
 [ 0.5164955   0.654781    0.23498917]
 [-0.48524973  0.6769618   0.23986365]
 [-0.50120914 -0.22660635  0.66792095]]","[[ 0.71926415  0.22046681  0.65882736]
 [ 0.02406519  0.93983674 -0.34077528]
 [-0.6943199   0.2609622   0.6706853 ]]"
20200221-172540.437012,100,[2.2990623  1.5531794  0.45417765],"[[ 0.496504   -0.24677347  0.6647795 ]
 [ 0.5139422   0.6564515   0.23586519]
 [-0.48786354  0.6752394   0.23944469]
 [-0.50133485 -0.22853093  0.66715974]]","[[ 0.7174038   0.22497012  0.65933335]
 [ 0.02061759  0.939153   -0.3428805 ]
 [-0.6963526   0.25957763  0.6691135 ]]"
20200221-172540.437012,101,[2.3107944  1.5546881  0.45118263],"[[ 0.49649346 -0.24897073  0.66394305]
 [ 0.5133732   0.6559451   0.2385752 ]
 [-0.4884383   0.67393005  0.24185255]
 [-0.5013686  -0.23144828  0.66615987]]","[[ 0.71706724  0.2245921   0.659828  ]
 [ 0.01993355  0.939668   -0.3415068 ]
 [-0.6967188   0.25803608  0.6693282 ]]"
20200221-172540.437012,102,[2.3217208  1.5513408  0.45030913],"[[ 0.49674308 -0.2488939   0.6636473 ]
 [ 0.51044     0.6574438   0.24115439]
 [-0.4914517   0.67117566  0.24300517]
 [-0.5011713  -0.23525128  0.6651056 ]]","[[ 0.7152066   0.22631234  0.6612582 ]
 [ 0.01602706  0.9405643  -0.33923802]
 [-0.6987295   0.2532233   0.6690705 ]]"
20200221-172540.437012,103,[2.3316488 1.5519571 0.4487114],"[[ 0.49694002 -0.24732597  0.6639843 ]
 [ 0.50541055  0.6603313   0.24415413]
 [-0.49655756  0.66710275  0.24353428]
 [-0.50104    -0.24034561  0.6634794 ]]","[[ 0.71172833  0.23127852  0.6632895 ]
 [ 0.0092713   0.94107    -0.3380845 ]
 [-0.7023936   0.24677384  0.66764206]]"
20200221-172540.437012,104,[2.3426116  1.5527279  0.44766343],"[[ 0.49697343 -0.25003025  0.6629177 ]
 [ 0.5075397   0.65844715  0.24490666]
 [-0.49439195  0.66801494  0.24532369]
 [-0.5009969  -0.24018437  0.6636093 ]]","[[ 0.7133358   0.22816259  0.66264164]
 [ 0.01216977  0.9413448  -0.33722714]
 [-0.70071685  0.24862032  0.6687181 ]]"
20200221-172540.437012,105,[2.3527417  1.557728   0.44573146],"[[ 0.49715707 -0.2512075   0.6621985 ]
 [ 0.50733864  0.6582452   0.2462629 ]
 [-0.49460328  0.6672771   0.24651344]
 [-0.5008093  -0.24155667  0.6633843 ]]","[[ 0.7133781   0.228514    0.662475  ]
 [ 0.01191007  0.9412502  -0.33749983]
 [-0.70067817  0.24865516  0.6687456 ]]"
20200221-172540.437012,106,[2.362928   1.562484   0.44386223],"[[ 0.49734646 -0.2523697   0.6614788 ]
 [ 0.5071313   0.65804815  0.2476088 ]
 [-0.49481964  0.66653514  0.24769571]
 [-0.5006171  -0.24292623  0.66316104]]","[[ 0.71342003  0.22883269  0.66231996]
 [ 0.01164516  0.9411744  -0.33772093]
 [-0.70064     0.24864972  0.66878766]]"
20200221-172540.437012,107,[2.3732905  1.5589988  0.44255507],"[[ 0.49770814 -0.2513431   0.66136605]
 [ 0.5021575   0.66078836  0.25110927]
 [-0.49985436  0.6621794   0.2486395 ]
 [-0.5002703  -0.2484034   0.6616024 ]]","[[ 0.7101237   0.23272198  0.6645035 ]
 [ 0.00498193  0.94210935 -0.3352688 ]
 [-0.70405936  0.24139282  0.6678548 ]]"
20200221-172540.437012,108,[2.3845372  1.5625808  0.44256562],"[[ 0.49786532 -0.24984935  0.6617102 ]
 [ 0.49972656  0.66247255  0.2518205 ]
 [-0.5022906   0.66043067  0.24809703]
 [-0.50010794 -0.25007463  0.66119146]]","[[ 0.7084895   0.23579255  0.66516525]
 [ 0.00174963  0.9419426  -0.33577   ]
 [-0.7057194   0.23905325  0.66694367]]"
20200221-172540.437012,109,[2.395191  1.5656935 0.4420613],"[[-0.49817407 -0.24740312  0.6621801 ]
 [-0.49506846  0.6655297   0.2535817 ]
 [ 0.506932    0.6568981   0.2474541 ]
 [ 0.49974954 -0.25366634  0.66028816]]","[[-0.705324    0.24112567  0.6666157 ]
 [ 0.00448383  0.9418708  -0.33594564]
 [ 0.708871    0.23396145  0.66540515]]"
20200221-172540.437012,110,[2.4051166 1.5637321 0.4411793],"[[-0.49830216 -0.24771775  0.6618663 ]
 [-0.4929208   0.66636777  0.25584158]
 [ 0.5090883   0.65471405  0.24861248]
 [ 0.4995534  -0.2567871   0.6592954 ]]","[[-0.70381665  0.24233022  0.6677713 ]
 [ 0.00740557  0.94246924 -0.33421117]
 [ 0.71034336  0.23027816  0.66512   ]]"
20200221-172540.437012,111,[2.4140818  1.5741113  0.43972218],"[[-0.4983165  -0.2462613   0.6624494 ]
 [-0.49066612  0.6677745   0.25636443]
 [ 0.5112735   0.6532249   0.2481438 ]
 [ 0.49952647 -0.2583212   0.6586825 ]]","[[-0.70211476  0.24654324  0.66802067]
 [ 0.01039317  0.9415952  -0.33658656]
 [ 0.7119881   0.22937956  0.6636701 ]]"
20200221-172540.437012,112,[2.4247074  1.5772754  0.43924582],"[[-0.49833035 -0.24690622  0.66221654]
 [-0.49088138  0.6674256   0.2568063 ]
 [ 0.511089    0.6531694   0.24877626]
 [ 0.49948984 -0.25874743  0.6585063 ]]","[[-0.702232    0.24650338  0.66791195]
 [ 0.0101776   0.9415267  -0.3367847 ]
 [ 0.71187544  0.22970323  0.66367906]]"
20200221-172540.437012,113,[2.4357004  1.5753151  0.43890858],"[[-0.4985708  -0.24536976  0.66239405]
 [-0.4864999   0.66993344  0.25921047]
 [ 0.5153754   0.6495511   0.24884056]
 [ 0.49913272 -0.26280418  0.65736014]]","[[-0.6991735   0.25025514  0.6697231 ]
 [ 0.01599743  0.9419798  -0.3352883 ]
 [ 0.71477324  0.22371086  0.66261065]]"
20200221-172540.437012,114,[2.4456394  1.5803076  0.43718982],"[[-0.4985675  -0.24956492  0.6609354 ]
 [-0.49132854  0.6663387   0.25905472]
 [ 0.5106779   0.6524368   0.25128552]
 [ 0.49923447 -0.26083663  0.65795934]]","[[-0.7026654   0.24523108  0.6679247 ]
 [ 0.00970337  0.94194394 -0.33563024]
 [ 0.7114544   0.22935465  0.66425085]]"
20200221-172540.437012,115,[2.457287  1.5859015 0.4360385],"[[-0.49874935 -0.24877486  0.6610027 ]
 [-0.48922756  0.66756564  0.26013243]
 [ 0.51273465  0.6507063   0.2513323 ]
 [ 0.4990077  -0.26277074  0.6574484 ]]","[[-0.70121676  0.24812168  0.66837925]
 [ 0.01251475  0.94162565 -0.33642906]
 [ 0.71283865  0.22754504  0.6633886 ]]"
20200221-172540.437012,116,[2.4669862 1.5879376 0.4350218],"[[-0.49868175 -0.24853839  0.6611873 ]
 [-0.4871732   0.66839266  0.26173618]
 [ 0.514756    0.6489377   0.25194773]
 [ 0.49900413 -0.26525456  0.65639   ]]","[[-0.69958204  0.2502184   0.66931003]
 [ 0.01527974  0.9417086  -0.33608252]
 [ 0.714389    0.22489037  0.6626257 ]]"
20200221-172540.437012,117,[2.4773338 1.5882856 0.4336622],"[[-0.4985011  -0.25032517  0.6608206 ]
