Timestamp,Epoch,s,u,v
20200223-030903.151454,0,[1.0686629  0.79218286 0.17034703],"[[-0.39728582 -0.20445985 -0.26307622]
 [ 0.3848955  -0.5153631   0.71442866]
 [-0.7771107   0.1644234   0.5911883 ]
 [ 0.30019757  0.8158197   0.26623103]]","[[-0.0962277   0.87501264 -0.47443986]
 [-0.21052822  0.44797567  0.86890495]
 [ 0.97284025  0.18349567  0.14110719]]"
20200223-030903.151454,1,[1.0682393  0.786774   0.17321786],"[[-0.39582407 -0.22000003 -0.27217835]
 [ 0.3919174  -0.5090476   0.71352786]
 [-0.77868974  0.1585282   0.59252465]
 [ 0.2887319   0.8169086   0.2563426 ]]","[[-0.10695111  0.8751559  -0.47187257]
 [-0.21711527  0.4425842   0.8700462 ]
 [ 0.97026926  0.1955031   0.14267482]]"
20200223-030903.151454,2,[1.0670633  0.78454065 0.17594306],"[[-0.39373204 -0.23617403 -0.28145   ]
 [ 0.39927307 -0.5011136   0.71317655]
 [-0.78115463  0.15063584  0.5929109 ]
 [ 0.27450487  0.8187893   0.24621418]]","[[-0.1213489   0.87386286 -0.47078463]
 [-0.22683863  0.43732473  0.87022483]
 [ 0.96634275  0.21239296  0.14515696]]"
20200223-030903.151454,3,[1.0664179 0.7798313 0.1786476],"[[-0.39118102 -0.2520996  -0.29020932]
 [ 0.40651402 -0.4939709   0.71239716]
 [-0.7833819   0.1425291   0.5934494 ]
 [ 0.2608392   0.8198317   0.23682666]]","[[-0.13467988  0.87311107 -0.46854958]
 [-0.23547822  0.43110994  0.87103075]
 [ 0.9625028   0.22764349  0.14753681]]"
20200223-030903.151454,4,[1.0655705  0.7759208  0.18152547],"[[-0.38853222 -0.2678929  -0.29858398]
 [ 0.413243   -0.4864404   0.7119791 ]
 [-0.78547037  0.13525994  0.59374315]
 [ 0.24760716  0.8205568   0.2267207 ]]","[[-0.14778171  0.87191504 -0.46682385]
 [-0.24413264  0.4252408   0.8715328 ]
 [ 0.9584152   0.24276356  0.15002012]]"
20200223-030903.151454,5,[1.0657183  0.77003896 0.18440722],"[[-0.3864699  -0.28179708 -0.30626497]
 [ 0.41845775 -0.48138878  0.7109275 ]
 [-0.78640413  0.13135499  0.594735  ]
 [ 0.23896271  0.8195127   0.21696615]]","[[-0.15544806  0.8721184  -0.46394524]
 [-0.24844247  0.42004323  0.8728345 ]
 [ 0.9560922   0.25094414  0.15137638]]"
20200223-030903.151454,6,[1.0660135  0.7644895  0.18737447],"[[-0.3843358  -0.29544297 -0.3135083 ]
 [ 0.42340216 -0.47622374  0.7100528 ]
 [-0.78726876  0.12790222  0.5955729 ]
 [ 0.23070425  0.8182695   0.20695525]]","[[-0.1627748   0.87220633 -0.46125963]
 [-0.25252247  0.41509685  0.8740293 ]
 [ 0.95380133  0.25874832  0.15268435]]"
20200223-030903.151454,7,[1.066649   0.76200396 0.19042295],"[[-0.38296828 -0.3074933  -0.31987348]
 [ 0.42698908 -0.47152025  0.7095966 ]
 [-0.78745884  0.12787177  0.5964723 ]
 [ 0.22566402  0.81655705  0.19589345]]","[[-0.16700774  0.8720776  -0.4599882 ]
 [-0.25441974  0.41262248  0.8746505 ]
 [ 0.95256454  0.26310346  0.15296263]]"
20200223-030903.151454,8,[1.0666903  0.76090914 0.19339226],"[[-0.38060302 -0.32067373 -0.32622826]
 [ 0.43147227 -0.46498835  0.70955896]
 [-0.78857255  0.1249027   0.59658945]
 [ 0.21708558  0.81569195  0.18488368]]","[[-0.17543724  0.8706418  -0.4595702 ]
 [-0.25961453  0.40937313  0.87465084]
 [ 0.94964314  0.27275744  0.154212  ]]"
20200223-030903.151454,9,[1.0668085  0.7599569  0.19635934],"[[-0.37806746 -0.33358908 -0.3321122 ]
 [ 0.43580136 -0.45843932  0.7095917 ]
 [-0.7896773   0.12200045  0.5965842 ]
 [ 0.20868917  0.8146576   0.17397758]]","[[-0.18370381  0.8691058  -0.45924726]
 [-0.26468125  0.40620852  0.8746077 ]
 [ 0.94667655  0.2822229   0.15541397]]"
20200223-030903.151454,10,[1.067061   0.7582489  0.19917275],"[[-0.37555143 -0.34595022 -0.33793208]
 [ 0.4397903  -0.45287424  0.70920575]
 [-0.79061663  0.11928684  0.5966817 ]
 [ 0.20117435  0.8130153   0.16370794]]","[[-0.19087991  0.86802    -0.45837325]
 [-0.26887268  0.4028671   0.8748748 ]
 [ 0.94407225  0.29024005  0.15648766]]"
20200223-030903.151454,11,[1.0669732  0.7552846  0.20229301],"[[-0.37166387 -0.36018753 -0.34335542]
 [ 0.44499257 -0.44508338  0.7093867 ]
 [-0.7923453   0.11351909  0.5961619 ]
 [ 0.18983248  0.81196016  0.15319483]]","[[-0.20224337  0.8659905  -0.45733824]
 [-0.27616087  0.39760724  0.8750107 ]
 [ 0.9395917   0.303264    0.15873928]]"
20200223-030903.151454,12,[1.0678797  0.7494889  0.20553805],"[[-0.37032261 -0.37112352 -0.3479305 ]
 [ 0.44775766 -0.44201928  0.7085672 ]
 [-0.79204786  0.11470962  0.5970247 ]
 [ 0.18717507  0.8085346   0.1429631 ]]","[[-0.20349313  0.8672654  -0.45435807]
 [-0.2756978   0.39453182  0.8765474 ]
 [ 0.9394579   0.30363688  0.15881862]]"
20200223-030903.151454,13,[1.0686926  0.7470358  0.20904194],"[[-0.36837932 -0.3827309  -0.3514313 ]
 [ 0.45095086 -0.43640468  0.708888  ]
 [-0.7922023   0.11538771  0.59724355]
 [ 0.18263508  0.8060731   0.13143194]]","[[-0.20733325  0.8668102  -0.45349005]
 [-0.27726474  0.39248675  0.87697124]
 [ 0.93815625  0.3075621   0.15896037]]"
20200223-030903.151454,14,[1.0689452  0.7453361  0.21190238],"[[-0.36428446 -0.39565843 -0.35620648]
 [ 0.45526972 -0.42934123  0.7089584 ]
 [-0.7938962   0.11010879  0.596421  ]
 [ 0.1724957   0.8043608   0.12155948]]","[[-0.21761619  0.86458594 -0.45291778]
 [-0.28387183  0.3879139   0.8768921 ]
 [ 0.9338415   0.3193965   0.16101521]]"
20200223-030903.151454,15,[1.0692949  0.74133325 0.21519583],"[[-0.3601231  -0.40884098 -0.3600719 ]
 [ 0.4595851  -0.4221031   0.7092852 ]
 [-0.7953526   0.10542686  0.59569323]
 [ 0.16281079  0.8022239   0.11141177]]","[[-0.22719176  0.86288995 -0.45144752]
 [-0.2898539   0.38264441  0.8772503 ]
 [ 0.92971426  0.33015785  0.1631784 ]]"
20200223-030903.151454,16,[1.0702599  0.7388409  0.21806929],"[[-0.35861167 -0.41837278 -0.363673  ]
 [ 0.46186772 -0.4190791   0.7085476 ]
 [-0.7951591   0.10660026  0.5961186 ]
 [ 0.16061687  0.7987323   0.10171139]]","[[-0.22840379  0.86339545 -0.44986677]
 [-0.28938776  0.3809866   0.87812537]
 [ 0.92956245  0.33075306  0.16283731]]"
20200223-030903.151454,17,[1.070965   0.7341655  0.22158383],"[[-0.3556547  -0.43013477 -0.36645868]
 [ 0.4652354  -0.41344342  0.70868903]
 [-0.7956865   0.1052578   0.5959276 ]
 [ 0.15475386  0.79559374  0.09131572]]","[[-0.23361056  0.8630352  -0.44788   ]
 [-0.29194227  0.37711504  0.8789506 ]
 [ 0.92746747  0.3360872   0.1638584 ]]"
20200223-030903.151454,18,[1.0717164  0.73358667 0.22455595],"[[-0.35238975 -0.44109362 -0.36950332]
 [ 0.4683081  -0.40749276  0.7088395 ]
 [-0.7965433   0.10330608  0.59533656]
 [ 0.14841837  0.7929149   0.08116839]]","[[-0.23984142  0.861338   -0.44785386]
 [-0.29542243  0.37468606  0.87882656]
 [ 0.92477125  0.34308502  0.16459334]]"
20200223-030903.151454,19,[1.0725087  0.7331609  0.22750443],"[[-0.34902996 -0.4518027  -0.37222943]
 [ 0.4712884  -0.40152928  0.709033  ]
 [-0.7973998   0.10134686  0.59468436]
 [ 0.14219283  0.79017586  0.07119156]]","[[-0.24599564  0.8595672  -0.4479177 ]
 [-0.29884642  0.37234357  0.8786644 ]
 [ 0.9220503   0.3500062   0.16528375]]"
20200223-030903.151454,20,[1.073349   0.72966933 0.23070012],"[[-0.34607786 -0.4623162  -0.37461013]
 [ 0.47407937 -0.3966705   0.70896834]
 [-0.79789543  0.10017482  0.5943314 ]
 [ 0.13726501  0.78668994  0.06165276]]","[[-0.25038397  0.8591448  -0.44629332]
 [-0.30087343  0.36909968  0.8793409 ]
 [ 0.9202081   0.35445073  0.16607717]]"
20200223-030903.151454,21,[1.0740479  0.7257107  0.23387833],"[[-0.34181353 -0.47372583 -0.37712717]
 [ 0.47736987 -0.39059627  0.70909506]
 [-0.79904795  0.0963902   0.59346926]
 [ 0.12963034  0.7834073   0.05247647]]","[[-0.2579181   0.8577726  -0.44463944]
 [-0.30533892  0.36425796  0.8798206 ]
 [ 0.9166495   0.36268738  0.16796264]]"
20200223-030903.151454,22,[1.074853   0.72625166 0.23706946],"[[-0.3379849  -0.48439196 -0.37845272]
 [ 0.4802001  -0.38342264  0.70991445]
 [-0.80001205  0.09462033  0.5924755 ]
 [ 0.12310403  0.78063965  0.04203947]]","[[-0.264661    0.8551856  -0.44565925]
 [-0.30926767  0.36245793  0.8791916 ]
 [ 0.9134047   0.3705157   0.16855277]]"
20200223-030903.151454,23,[1.0759106  0.72383624 0.24032997],"[[-0.33620432 -0.49335685 -0.37950686]
 [ 0.48230588 -0.37957472  0.70982844]
 [-0.7997701   0.09629765  0.5925116 ]
 [ 0.12130751  0.77669096  0.03237202]]","[[-0.26561576  0.8555208  -0.44444644]
 [-0.30854642  0.36132258  0.879912  ]
 [ 0.9133715   0.37085086  0.16799492]]"
20200223-030903.151454,24,[1.0767642 0.7212184 0.2431894],"[[-0.33190092 -0.5036112  -0.38180816]
 [ 0.48507974 -0.37409082  0.7097625 ]
 [-0.800906    0.0925776   0.5915138 ]
 [ 0.11440665  0.77321446  0.02388973]]","[[-0.27254215  0.8539424  -0.44328672]
 [-0.31263408  0.35712808  0.8801815 ]
 [ 0.90993446  0.37847307  0.16963907]]"
20200223-030903.151454,25,[1.0778214  0.7205033  0.24654542],"[[-0.3280833  -0.5138811  -0.38228515]
 [ 0.48765808 -0.36727238  0.7105818 ]
 [-0.8017075   0.09127868  0.59054244]
 [ 0.10870156  0.7698736   0.01379968]]","[[-0.27829862  0.8518697  -0.44369787]
 [-0.31576544  0.35512596  0.87987363]
 [ 0.90710634  0.38497213  0.17015989]]"
20200223-030903.151454,26,[1.0790049  0.72120106 0.2501809 ],"[[-0.32510224 -0.52367157 -0.38139543]
 [ 0.48996356 -0.36012912  0.71180624]
 [-0.8020372   0.09241325  0.5897983 ]
 [ 0.10478979  0.7665086   0.00275419]]","[[-0.28208607  0.8498842  -0.4451116 ]
 [-0.3172982   0.355199    0.8792926 ]
 [ 0.9054001   0.38926935  0.16947004]]"
20200223-030903.151454,27,[1.0801727  0.71865034 0.25344142],"[[-0.32183066 -0.5330804  -0.3818846 ]
 [ 0.49232677 -0.35492903  0.7120125 ]
 [-0.80244917  0.09160795  0.58920497]
 [ 0.10057265  0.76253456 -0.00634352]]","[[-0.28596607  0.8490821  -0.44416597]
 [-0.3188554   0.35279286  0.879698  ]
 [ 0.9036343   0.39318842  0.1698476 ]]"
20200223-030903.151454,28,[1.0812439  0.71616334 0.25649852],"[[-0.32036024 -0.54080635 -0.38226888]
 [ 0.49419034 -0.3520763   0.7115764 ]
 [-0.8019865   0.09344189  0.5893289 ]
 [ 0.09981652  0.75818163 -0.01486755]]","[[-0.28578657  0.84994864 -0.44262084]
 [-0.3171706   0.35195872  0.8806406 ]
 [ 0.90428364  0.3920616   0.16899368]]"
20200223-030903.151454,29,[1.0824485  0.7147287  0.25932676],"[[-0.31705874 -0.54930955 -0.38304648]
 [ 0.49645445 -0.34751314  0.71140724]
 [-0.80239284  0.09208041  0.58876413]
 [ 0.09577458  0.75433075 -0.02306865]]","[[-0.28959054  0.8490223  -0.44192585]
 [-0.31861353  0.34987053  0.8809519 ]
 [ 0.9025645   0.3959188   0.16919085]]"
20200223-030903.151454,30,[1.0835123  0.71450347 0.26288298],"[[-0.31122005 -0.56020117 -0.3820894 ]
 [ 0.4991076  -0.33814657  0.71302813]
 [-0.80401033  0.08837222  0.5869473 ]
 [ 0.08718587  0.75101405 -0.0330337 ]]","[[-0.29902336  0.8449476  -0.44345108]
 [-0.32475019  0.3468665   0.8798982 ]
 [ 0.8972862   0.4071209   0.17067568]]"
20200223-030903.151454,31,[1.0846959  0.7130787  0.26615843],"[[-0.3092234  -0.56807905 -0.38119018]
 [ 0.5010305  -0.33379647  0.7131921 ]
 [-0.8037486   0.09007179  0.5867628 ]
 [ 0.08566082  0.7468287  -0.04195876]]","[[-0.29988167  0.8449074  -0.4429472 ]
 [-0.32384625  0.34658226  0.88034326]
 [ 0.89732635  0.40744558  0.16968645]]"
20200223-030903.151454,32,[1.0857968  0.7096748  0.26956972],"[[-0.3062403  -0.5766552  -0.38053858]
 [ 0.5031425  -0.32900423  0.7133888 ]
 [-0.8039097   0.08987492  0.5862816 ]
 [ 0.08242568  0.7423932  -0.05040934]]","[[-0.30267364  0.8446473  -0.4415423 ]
 [-0.32453254  0.34425384  0.88100404]
 [ 0.8961402   0.40995148  0.16991901]]"
20200223-030903.151454,33,[1.0869528  0.7083883  0.27285516],"[[-0.2994375  -0.5871424  -0.38010257]
 [ 0.5054653  -0.320046    0.71471524]
 [-0.8059314   0.08425982  0.584134  ]
 [ 0.07291817  0.7387386  -0.05908936]]","[[-0.3133318   0.8402966  -0.44240808]
 [-0.3318341   0.33961976  0.88008213]
 [ 0.8897806   0.4225638   0.17242539]]"
20200223-030903.151454,34,[1.0883265 0.709297  0.2759768],"[[-0.29337344 -0.59666175 -0.3790434 ]
 [ 0.50753736 -0.31134045  0.7160214 ]
 [-0.8075324   0.08029746  0.58225244]
 [ 0.0650311   0.7352648  -0.06798571]]","[[-0.32219663  0.83589613 -0.4443725 ]
 [-0.33763027  0.33707103  0.8788568 ]
 [ 0.884418    0.4331982   0.17362075]]"
20200223-030903.151454,35,[1.0897936  0.70748025 0.27940992],"[[-0.2880788  -0.6059806  -0.37772194]
 [ 0.5095148  -0.30382958  0.71704394]
 [-0.808682    0.07745776  0.58077776]
 [ 0.05864511  0.73107827 -0.07662485]]","[[-0.32908624  0.8330441  -0.44467953]
 [-0.341783    0.33390453  0.8784603 ]
 [ 0.8802766   0.441073    0.17483687]]"
20200223-030903.151454,36,[1.0912485  0.708375   0.28301978],"[[-0.28319785 -0.6151084  -0.37486345]
 [ 0.51133466 -0.2950701   0.7186204 ]
 [-0.8096407   0.07647568  0.5793042 ]
 [ 0.0530849   0.72713625 -0.08642255]]","[[-0.33516976  0.8293958  -0.44694996]
 [-0.34528106  0.33325332  0.8773389 ]
 [ 0.87660855  0.44838074  0.1746782 ]]"
20200223-030903.151454,37,[1.0926746  0.70876706 0.28630456],"[[-0.27871972 -0.62338966 -0.3726378 ]
 [ 0.5131097  -0.28772333  0.719614  ]
 [-0.8103678   0.07537606  0.5781331 ]
 [ 0.0483521   0.72313094 -0.09517802]]","[[-0.34026003  0.82653844 -0.448394  ]
 [-0.34790877  0.332352    0.87664217]
 [ 0.8736034   0.45428643  0.17447382]]"
20200223-030903.151454,38,[1.0943261  0.70790184 0.28922525],"[[-0.27328622 -0.63153505 -0.37172252]
 [ 0.5148527  -0.281057    0.72015756]
 [-0.8114474   0.07190632  0.5767621 ]
 [ 0.04236479  0.719027   -0.10267092]]","[[-0.34686863  0.8235474  -0.4488338 ]
 [-0.35179204  0.3293687   0.8762183 ]
 [ 0.86943924  0.4618288   0.17546977]]"
20200223-030903.151454,39,[1.0958575  0.7070691  0.29221693],"[[-0.26798043 -0.6395076  -0.37050298]
 [ 0.516405   -0.27437735  0.7208071 ]
 [-0.81250614  0.06881111  0.5753487 ]
 [ 0.03668416  0.7148511  -0.11017239]]","[[-0.3531839   0.8205541  -0.4493907 ]
 [-0.3555678   0.326571    0.8757412 ]
 [ 0.8653511   0.4690866   0.17642298]]"
20200223-030903.151454,40,[1.0976915  0.70685583 0.29545218],"[[-0.2620586  -0.6479478  -0.3683927 ]
 [ 0.5179064  -0.26629966  0.72191155]
 [-0.8137438   0.06564898  0.5736878 ]
 [ 0.03031206  0.71059    -0.1183755 ]]","[[-0.36040193  0.8165992  -0.45086172]
 [-0.36007866  0.32408786  0.8748201 ]
 [ 0.8604962   0.47763252  0.17723803]]"
20200223-030903.151454,41,[1.0987647  0.7049034  0.29884285],"[[-0.26064533 -0.6543583  -0.36565825]
 [ 0.5195258  -0.26249862  0.7219492 ]
 [-0.81316173  0.06843478  0.5737388 ]
 [ 0.03041432  0.7058514  -0.12612356]]","[[-0.3596154   0.8173545  -0.45012066]
 [-0.35780206  0.32472712  0.8755171 ]
 [ 0.8617741   0.47590345  0.17567424]]"
20200223-030903.151454,42,[1.100361   0.7011485  0.30179822],"[[-0.25702465 -0.6611013  -0.36501682]
 [ 0.5210273  -0.25882116  0.72166526]
 [-0.8134611   0.06670609  0.5731099 ]
 [ 0.02738138  0.70107543 -0.13231215]]","[[-0.36265743  0.817046   -0.44823572]
 [-0.35880232  0.32148528  0.8763036 ]
 [ 0.86008173  0.478626    0.17656891]]"
20200223-030903.151454,43,[1.1019683  0.7035876  0.30462745],"[[-0.25349954 -0.66761005 -0.36218992]
 [ 0.52272445 -0.25249195  0.72204685]
 [-0.8135659   0.06691254  0.5725281 ]
 [ 0.02464572  0.69718486 -0.14027828]]","[[-0.3654681   0.8146201  -0.45036325]
 [-0.359278    0.32288697  0.8755931 ]
 [ 0.8586923   0.48180687  0.17467019]]"
20200223-030903.151454,44,[1.1036971  0.70307267 0.3075218 ],"[[-0.24806656 -0.6747487  -0.36040547]
 [ 0.52399886 -0.24583226  0.72266704]
 [-0.8145638   0.06380528  0.5711455 ]
 [ 0.01934676  0.6929714  -0.14714938]]","[[-0.37151325  0.8114517  -0.45113635]
 [-0.36285546  0.3203628   0.8750448 ]
 [ 0.854584    0.488788    0.17542069]]"
20200223-030903.151454,45,[1.1056172  0.70263886 0.3103989 ],"[[-0.24256164 -0.6818138  -0.35856345]
 [ 0.525285   -0.2391656   0.7231982 ]
 [-0.8155004   0.06065141  0.5698187 ]
 [ 0.01409914  0.6886588  -0.15402353]]","[[-0.37751958  0.8082003  -0.45198599]
 [-0.36632633  0.3179391   0.8744827 ]
 [ 0.8504611   0.4957086   0.17603682]]"
20200223-030903.151454,46,[1.1072049  0.701768   0.31351084],"[[-0.23903239 -0.6881996  -0.35584235]
 [ 0.5266779  -0.23371437  0.72352093]
 [-0.8156845   0.06044303  0.5691689 ]
 [ 0.01153598  0.6841825  -0.16106161]]","[[-0.38015077  0.8068044  -0.4522744 ]
 [-0.36691463  0.31731814  0.87446165]
 [ 0.8490343   0.49837324  0.17539956]]"
20200223-030903.151454,47,[1.1092191  0.70151246 0.3163541 ],"[[-0.23347464 -0.69494694 -0.353772  ]
 [ 0.52784044 -0.22698857  0.72405404]
 [-0.8165986   0.05731132  0.5678503 ]
 [ 0.00641521  0.67988276 -0.16774218]]","[[-0.3860608   0.80343926 -0.4532576 ]
 [-0.37031773  0.3150386   0.87385106]
 [ 0.84487987  0.50520897  0.17590375]]"
20200223-030903.151454,48,[1.1110421  0.7026021  0.31954232],"[[-0.22859676 -0.70169675 -0.34989992]
 [ 0.5290275  -0.21917184  0.72500515]
 [-0.8172319   0.05628103  0.5667115 ]
 [ 0.00227482  0.675587   -0.17543   ]]","[[-0.39076787  0.7999137  -0.4554541 ]
 [-0.37267405  0.31494492  0.87288254]
 [ 0.8416736   0.51083034  0.17503673]]"
20200223-030903.151454,49,[1.1128197  0.7018633  0.32253757],"[[-2.2503307e-01 -7.0767128e-01 -3.4710166e-01]
 [ 5.3042817e-01 -2.1391100e-01  7.2511989e-01]
 [-8.1731647e-01  5.5915102e-02  5.6618983e-01]
 [-1.2619315e-04  6.7105681e-01 -1.8207313e-01]]","[[-0.39327985  0.79851574 -0.45574537]
 [-0.37305406  0.31446204  0.8728944 ]
 [ 0.84033436  0.51330936  0.17421797]]"
20200223-030903.151454,50,[1.1144191  0.7033746  0.32544723],"[[-0.22192584 -0.71328574 -0.34338698]
 [ 0.53198874 -0.20798837  0.72529197]
 [-0.81714946  0.05671003  0.56589985]
 [-0.00196201  0.6668948  -0.18919463]]","[[-0.3950552   0.796724   -0.45734283]
 [-0.37263206  0.3160678   0.8724946 ]
 [ 0.83968854  0.51510406  0.17202063]]"
20200223-030903.151454,51,[1.1162995  0.70319265 0.32875746],"[[-0.21763687 -0.7196984  -0.3392377 ]
 [ 0.53320825 -0.20092717  0.72595376]
 [-0.81749403  0.05634524  0.5650615 ]
 [-0.00518722  0.66218406 -0.19650646]]","[[-0.39865258  0.7941243  -0.45874047]
 [-0.3740011   0.3159492   0.8719515 ]
 [ 0.8373766   0.5191751   0.17104937]]"
20200223-030903.151454,52,[1.118047  0.7027203 0.3317249],"[[-0.21396872 -0.72528124 -0.33604163]
 [ 0.53446746 -0.1953867   0.72613406]
 [-0.81762046  0.05591584  0.5645066 ]
 [-0.00766507  0.65777236 -0.20282495]]","[[-0.4012872   0.79247725 -0.4592911 ]
 [-0.37454292  0.3156268   0.8718359 ]
 [ 0.8358746   0.5218807   0.17015976]]"
20200223-030903.151454,53,[1.1198169 0.7022419 0.3347057],"[[-0.21031421 -0.7307936  -0.33271274]
 [ 0.5357176  -0.18981625  0.7263017 ]
 [-0.8177241   0.05554649  0.5639738 ]
 [-0.01008187  0.6533184  -0.2090975 ]]","[[-0.40386477  0.79083395 -0.4598642 ]
 [-0.3750207   0.31538182  0.87171894]
 [ 0.8344175   0.5245153   0.16920753]]"
20200223-030903.151454,54,[1.1220716 0.7036463 0.3377508],"[[-0.20504443 -0.73691636 -0.32834402]
 [ 0.5367761  -0.18172568  0.72700214]
 [-0.81830585  0.05412989  0.5629299 ]
 [-0.01427098  0.648845   -0.21625865]]","[[-0.40872902  0.78687924 -0.4623435 ]
 [-0.37738726  0.31553322  0.870642  ]
 [ 0.8309748   0.53033924  0.16799065]]"
20200223-030903.151454,55,[1.1246055 0.7041746 0.340718 ],"[[-0.19862434 -0.7431091  -0.32467726]
 [ 0.5373794  -0.17348643  0.727845  ]
 [-0.81938046  0.05088349  0.5614031 ]
 [-0.01967855  0.64428407 -0.22282939]]","[[-0.41527623  0.7821677  -0.464499  ]
 [-0.38148686  0.3138067   0.8694787 ]
 [ 0.82584095  0.53827405  0.1680702 ]]"
20200223-030903.151454,56,[1.1261544  0.705451   0.34315884],"[[-0.19599889 -0.7474351  -0.32173774]
 [ 0.53909373 -0.1691375   0.72726464]
 [-0.8188578   0.05125473  0.5616156 ]
 [-0.02083896  0.64039516 -0.22838363]]","[[-0.41623276  0.7812436  -0.46519732]
 [-0.38014796  0.3152415   0.8695461 ]
 [ 0.8259768   0.5387774   0.16577438]]"
20200223-030903.151454,57,[1.1289853  0.7078197  0.34621888],"[[-0.18795052 -0.75391316 -0.31675518]
 [ 0.53920776 -0.15827043  0.72876996]
 [-0.82045984  0.04710787  0.5595079 ]
 [-0.0278474   0.63588226 -0.2356102 ]]","[[-0.42487568  0.7741247  -0.46926698]
 [-0.38619632  0.31383842  0.86738586]
 [ 0.81873876  0.5497603   0.16562182]]"
20200223-030903.151454,58,[1.1316264  0.70838284 0.34913385],"[[-0.18142912 -0.7596141  -0.31284198]
 [ 0.5395769  -0.15001348  0.7295717 ]
 [-0.8214914   0.04382931  0.5580225 ]
 [-0.03305267  0.6313172  -0.241798  ]]","[[-0.4312279   0.7692739  -0.47144505]
 [-0.39020824  0.3121154   0.8662111 ]
 [ 0.8134987   0.55749613  0.1655841 ]]"
20200223-030903.151454,59,[1.1341641  0.7077569  0.35222244],"[[-0.17581668 -0.76517177 -0.30878988]
 [ 0.54003966 -0.14261463  0.73016435]
 [-0.8222283   0.04157967  0.55682576]
 [-0.03723236  0.62645406 -0.24789953]]","[[-0.4363018   0.7655206  -0.4728838 ]
 [-0.39312527  0.31055608  0.86545223]
 [ 0.80937827  0.56350094  0.16544934]]"
20200223-030903.151454,60,[1.1368866  0.7079047  0.35469922],"[[-0.16992918 -0.7699689  -0.30617896]
 [ 0.5405879  -0.13620238  0.7303025 ]
 [-0.82289237  0.03801383  0.5558003 ]
 [-0.04167303  0.6222152  -0.2529792 ]]","[[-0.44168463  0.7617334  -0.4740012 ]
 [-0.39611432  0.3084736   0.86483395]
 [ 0.8049895   0.5697426   0.1654855 ]]"
20200223-030903.151454,61,[1.1388276  0.7076474  0.35749707],"[[-0.16635473 -0.77444774 -0.302504  ]
 [ 0.5416577  -0.13090391  0.73016727]
 [-0.8228194   0.03766325  0.5555155 ]
 [-0.04360278  0.6177992  -0.2583592 ]]","[[-0.44385248  0.7600822  -0.47462627]
 [-0.39621118  0.30861038  0.8647406 ]
 [ 0.8037486   0.57186943  0.16417557]]"
20200223-030903.151454,62,[1.1412047  0.70661813 0.3602121 ],"[[-0.1615582  -0.77899706 -0.29953977]
 [ 0.5422587  -0.12531401  0.7301977 ]
 [-0.8231996   0.03540832  0.554775  ]
 [-0.0468774   0.6133567  -0.2632729 ]]","[[-0.44782475  0.75747114 -0.475069  ]
 [-0.39808345  0.30684894  0.8645076 ]
 [ 0.8006141   0.57626474  0.16412216]]"
20200223-030903.151454,63,[1.1440514  0.7067842  0.36265358],"[[-0.15574262 -0.78346074 -0.29682726]
 [ 0.54271066 -0.11904113  0.730253  ]
 [-0.82377344  0.03194262  0.55383545]
 [-0.05105891  0.60909617 -0.26812395]]","[[-0.45296437  0.75370055 -0.47619203]
 [-0.40088454  0.30489329  0.8639049 ]
 [ 0.7963134   0.58221596  0.16404109]]"
20200223-030903.151454,64,[1.146406  0.7064882 0.3662139],"[[-0.15148532 -0.78872424 -0.29033974]
 [ 0.5433854  -0.11092411  0.7308219 ]
 [-0.8239683   0.0326625   0.55318284]
 [-0.05348487  0.60377383 -0.27493832]]","[[-0.45583397  0.7506282  -0.4783018 ]
 [-0.4017521   0.30600283  0.86310923]
 [ 0.7942358   0.5855932   0.16207999]]"
20200223-030903.151454,65,[1.1488547  0.70697564 0.36922956],"[[-0.14697166 -0.7933922  -0.28517234]
 [ 0.5441551  -0.10366532  0.7309578 ]
 [-0.8240966   0.03219254  0.55267555]
 [-0.05620894  0.5989542  -0.28094056]]","[[-0.45905682  0.7474524  -0.48018986]
 [-0.40274996  0.30668405  0.86240226]
 [ 0.791871    0.58928806  0.16025095]]"
20200223-030903.151454,66,[1.1510706  0.70703727 0.37189204],"[[-0.14334208 -0.79735154 -0.2813905 ]
 [ 0.5451958  -0.09835111  0.7305703 ]
 [-0.8239133   0.03167537  0.55256516]
 [-0.05814891  0.594604   -0.28593397]]","[[-0.4612724   0.7455767  -0.4809815 ]
 [-0.40277418  0.3070646   0.8622553 ]
 [ 0.79056966  0.5914615   0.15865861]]"
20200223-030903.151454,67,[1.1538948  0.7069218  0.37385178],"[[-0.13835709 -0.80072105 -0.28015825]
 [ 0.54582685 -0.0941475   0.7299884 ]
 [-0.82410705  0.02799704  0.55211675]
 [-0.06147034  0.5909301  -0.28947523]]","[[-0.46532634  0.74304825 -0.48098925]
 [-0.40450445  0.3048273   0.86223936]
 [ 0.78730416  0.59578484  0.15872215]]"
20200223-030903.151454,68,[1.156265  0.709638  0.3766561],"[[-0.13401061 -0.80491614 -0.274249  ]
 [ 0.5468445  -0.08624113  0.72989386]
 [-0.82396626  0.02820803  0.5519383 ]
 [-0.06388739  0.5864103  -0.29564565]]","[[-0.46807045  0.7393904  -0.48395443]
 [-0.4048186   0.30739844  0.86117834]
 [ 0.7855137   0.59900594  0.15543489]]"
20200223-030903.151454,69,[1.158876  0.7087783 0.3792743],"[[-0.12929794 -0.80875623 -0.27103   ]
 [ 0.54727876 -0.08076849  0.7297151 ]
 [-0.8241966   0.02604675  0.55139256]
 [-0.06683972  0.581989   -0.30004194]]","[[-0.4717546   0.736673   -0.4845209 ]
 [-0.4064534   0.30595472  0.86092246]
 [ 0.7824597   0.60307926  0.15508774]]"
20200223-030903.151454,70,[1.1618273 0.7087538 0.3811894],"[[-0.12428834 -0.81183994 -0.2697778 ]
 [ 0.54783314 -0.07658897  0.72908723]
 [-0.824327    0.02230777  0.5510181 ]
 [-0.07011583  0.578405   -0.3033656 ]]","[[-0.47577205  0.73405844 -0.48456088]
 [-0.4081541   0.3037491   0.86089885]
 [ 0.779135    0.6073671   0.15509364]]"
20200223-030903.151454,71,[1.1649599  0.7110486  0.38422805],"[[-0.11806428 -0.8162697  -0.26309454]
 [ 0.54777557 -0.06672377  0.72962785]
 [-0.82492447  0.02095612  0.55000013]
 [-0.07417822  0.573422   -0.30971685]]","[[-0.4808216   0.7282083  -0.4883884 ]
 [-0.4110326   0.30481178  0.859152  ]
 [ 0.7745081   0.6138423   0.1527573 ]]"
20200223-030903.151454,72,[1.1668347  0.71288544 0.38629702],"[[-0.11515916 -0.81904566 -0.2598865 ]
 [ 0.54942524 -0.06236603  0.7285116 ]
 [-0.8241265   0.0207196   0.550707  ]
 [-0.07540884  0.56995267 -0.3137714 ]]","[[-0.4819602   0.7269656  -0.48911718]
 [-0.4095446   0.30658945  0.8592303 ]
 [ 0.7745888   0.61442995  0.14996092]]"
20200223-030903.151454,73,[1.1689508  0.7130389  0.38896006],"[[-0.11149628 -0.8224025  -0.25551346]
 [ 0.55027735 -0.0566964   0.72807765]
 [-0.8238847   0.02034193  0.55073404]
 [-0.07731295  0.56570804 -0.31828886]]","[[-0.48417613  0.72481275 -0.49012223]
 [-0.40960616  0.30722487  0.8589735 ]
 [ 0.77317286  0.61665154  0.14813682]]"
20200223-030903.151454,74,[1.1720183  0.71290725 0.39079598],"[[-0.10660367 -0.82513535 -0.25442713]
 [ 0.5507966  -0.0528597   0.72732794]
 [-0.82389265  0.01658182  0.5505001 ]
 [-0.08037157  0.5622125  -0.3212643 ]]","[[-0.48797747  0.7223543  -0.48998216]
 [-0.411104    0.3049912   0.8590542 ]
 [ 0.7699815   0.6206327   0.14813389]]"
20200223-030903.151454,75,[1.1749593  0.7147246  0.39348313],"[[-0.10110737 -0.82871884 -0.24895397]
 [ 0.55096585 -0.04473941  0.7273092 ]
 [-0.8241353   0.01508666  0.5499553 ]
 [-0.08375258  0.5576699  -0.3264844 ]]","[[-0.49216107  0.71762675 -0.49273634]
 [-0.41308433  0.30571336  0.85784644]
 [ 0.7662497   0.6257404   0.14598015]]"
20200223-030903.151454,76,[1.1773734  0.71495837 0.396006  ],"[[-0.09746873 -0.83176386 -0.24485141]
 [ 0.55182767 -0.03937593  0.72670263]
 [-0.8238127   0.01455094  0.5500887 ]
 [-0.08554937  0.5535401  -0.33068666]]","[[-0.49424633  0.7155986  -0.4935982 ]
 [-0.4129737   0.30636272  0.8576681 ]
 [ 0.7649663   0.6277424   0.14410478]]"
20200223-030903.151454,77,[1.1812538  0.7137003  0.39872426],"[[-0.09101759 -0.8353692  -0.24102683]
 [ 0.5511052  -0.03235538  0.72690946]
 [-0.82458264  0.01084224  0.5489068 ]
 [-0.08979049  0.5486288  -0.33497733]]","[[-0.49986818  0.71072125 -0.49498188]
 [-0.41682252  0.30355865  0.8568027 ]
 [ 0.7592041   0.6346081   0.14450538]]"
20200223-030903.151454,78,[1.1853731  0.71568596 0.40099123],"[[-0.08354805 -0.83852357 -0.23688918]
 [ 0.5502457  -0.0239095   0.7271046 ]
 [-0.82538825  0.00643372  0.5476867 ]
 [-0.09478295  0.54430246 -0.33947322]]","[[-0.50628775  0.7040937  -0.49792048]
 [-0.42120305  0.30193207  0.85523397]
 [ 0.75250304  0.6427201   0.1437019 ]]"
20200223-030903.151454,79,[1.1872553  0.717012   0.40354615],"[[-0.08090049 -0.8412855  -0.23176315]
 [ 0.5516895  -0.01836248  0.7260953 ]
 [-0.82458377  0.00756582  0.54844266]
 [-0.09568478  0.54022634 -0.34392163]]","[[-0.5070957   0.70260173 -0.4992042 ]
 [-0.41957897  0.3046947   0.8550524 ]
 [ 0.75286615  0.643049    0.14028752]]"
20200223-030903.151454,80,[1.1899796  0.7178066  0.40635246],"[[-0.07648756 -0.8443937  -0.22594051]
 [ 0.5520331  -0.01103279  0.72572947]
 [-0.8244999   0.00727157  0.5483237 ]
 [-0.09802744  0.5355603  -0.3487246 ]]","[[-0.5099617   0.69902056 -0.50130767]
 [-0.4203681   0.30593655  0.85422105]
 [ 0.7504864   0.6463538   0.13783   ]]"
20200223-030903.151454,81,[1.1924558  0.72021735 0.4085069 ],"[[-0.07274251 -0.84686214 -0.22152993]
 [ 0.5532599  -0.00517338  0.72460926]
 [-0.82380253  0.00688052  0.5489555 ]
 [-0.09980858  0.53174293 -0.35286546]]","[[-0.5118832   0.6964506  -0.5029239 ]
 [-0.4196324   0.30812258  0.853797  ]
 [ 0.74958956  0.6480875   0.13453045]]"
20200223-030903.151454,82,[1.1958606  0.72012174 0.41016886],"[[-0.06799303 -0.8488854  -0.2207275 ]
 [ 0.5536538  -0.00175921  0.7236813 ]
 [-0.8235962   0.00302932  0.5489775 ]
 [-0.10263491  0.5285654  -0.35523003]]","[[-0.5154188   0.6940596  -0.5026177 ]
 [-0.42087922  0.30588248  0.8539886 ]
 [ 0.746461    0.6517032   0.13445769]]"
20200223-030903.151454,83,[1.1993822  0.72050744 0.41225702],"[[-6.2416576e-02 -8.5118711e-01 -2.1787103e-01]
 [ 5.5338466e-01  4.0095584e-03  7.2328949e-01]
 [-8.2378232e-01 -3.9791886e-04  5.4854244e-01]
 [-1.0607787e-01  5.2484691e-01 -3.5844877e-01]]","[[-0.5197906   0.6899995  -0.5037049 ]
 [-0.4232348   0.30418062  0.85343224]
 [ 0.74208504  0.65679145  0.13392162]]"
20200223-030903.151454,84,[1.2021226  0.7236146  0.41377276],"[[-0.05827561 -0.85292757 -0.21542618]
 [ 0.55465573  0.00872183  0.7218544 ]
 [-0.8229387  -0.0024245   0.5493687 ]
 [-0.10831968  0.5219512  -0.36154127]]","[[-0.5221992   0.6874187  -0.5047411 ]
 [-0.4227132   0.30539405  0.8532575 ]
 [ 0.74069     0.6589311   0.13110445]]"
20200223-030903.151454,85,[1.205145   0.72499347 0.41593313],"[[-0.05356499 -0.85516316 -0.21154486]
 [ 0.5550367   0.01474386  0.72106516]
 [-0.8226499  -0.00425778  0.5495252 ]
 [-0.11096162  0.5181316  -0.36515197]]","[[-0.5253962   0.6839047  -0.5061947 ]
 [-0.42360026  0.3057099   0.85270405]
 [ 0.7379171   0.6624317   0.12908335]]"
20200223-030903.151454,86,[1.2079988  0.725314   0.41815707],"[[-0.05007967 -0.8574074  -0.20800811]
 [ 0.55596584  0.01940416  0.71994334]
 [-0.8220217  -0.00507127  0.550075  ]
 [-0.11258247  0.5142473  -0.36855373]]","[[-0.5272917   0.6820388  -0.5067413 ]
 [-0.42314062  0.30639458  0.85268664]
 [ 0.7368282   0.6640372   0.12703906]]"
20200223-030903.151454,87,[1.2112474  0.72888756 0.4199379 ],"[[-0.04511407 -0.85928935 -0.20411296]
 [ 0.55665493  0.02589804  0.7187669 ]
 [-0.8214559  -0.00699583  0.5505629 ]
 [-0.11536929  0.5107855  -0.37227982]]","[[-0.5304757   0.6779862  -0.50885177]
 [-0.42359155  0.30795106  0.8519016 ]
 [ 0.73427916  0.6674584   0.1238287 ]]"
20200223-030903.151454,88,[1.2145796  0.7297143  0.42251253],"[[-0.04082273 -0.861795   -0.19873618]
 [ 0.55698276  0.03262619  0.7179284 ]
 [-0.8211553  -0.00745677  0.5507275 ]
 [-0.11750685  0.50615174 -0.37654015]]","[[-0.53311604  0.6745259  -0.51068777]
 [-0.42410618  0.30923787  0.8511791 ]
 [ 0.7320664   0.6703631   0.12121092]]"
20200223-030903.151454,89,[1.2177297  0.73068297 0.4240913 ],"[[-0.03696615 -0.86334544 -0.1972715 ]
 [ 0.55794966  0.03606109  0.71653277]
 [-0.8203808  -0.00992781  0.5514446 ]
 [-0.11958724  0.5032252  -0.37891135]]","[[-0.53548807  0.67269087 -0.5106265 ]
 [-0.42387056  0.3088828   0.8514253 ]
 [ 0.7304699   0.6723677   0.11973083]]"
20200223-030903.151454,90,[1.2221154  0.7315122  0.42636538],"[[-0.03070108 -0.86553675 -0.19307154]
 [ 0.5570693   0.04331709  0.71614426]
 [-0.8206805  -0.01318657  0.5508476 ]
 [-0.12334836  0.4987942  -0.3826589 ]]","[[-0.5403752   0.66715634 -0.5127349 ]
 [-0.42695424  0.3076826   0.85031855]
 [ 0.7250548   0.6784053   0.1185812 ]]"
20200223-030903.151454,91,[1.2270397  0.73334295 0.4284006 ],"[[-0.02329354 -0.8674112  -0.18914466]
 [ 0.5556386   0.05131438  0.71593946]
 [-0.82119125 -0.01773469  0.5499649 ]
 [-0.12793796  0.49462146 -0.38625637]]","[[-0.5463072   0.66025496 -0.51537555]
 [-0.43115097  0.30585268  0.84885985]
 [ 0.71809286  0.6859429   0.11758006]]"
20200223-030903.151454,92,[1.2307937  0.7351454  0.43069702],"[[-0.01790167 -0.8693734  -0.18399343]
 [ 0.55539465  0.05875677  0.7151519 ]
 [-0.8210273  -0.01945166  0.549982  ]
 [-0.13088223  0.4902643  -0.3901588 ]]","[[-0.54996896  0.6553836  -0.5176934 ]
 [-0.43273124  0.3065568   0.8478011 ]
 [ 0.7143373   0.6902865   0.11500826]]"
20200223-030903.151454,93,[1.2348219  0.73755246 0.4323687 ],"[[-0.01210453 -0.8707437  -0.18102527]
 [ 0.5551895   0.06493621  0.7141859 ]
 [-0.8207203  -0.02290403  0.55011976]
 [-0.13429977  0.48689255 -0.39311174]]","[[-0.5541035   0.65058696 -0.51933235]
 [-0.43453914  0.30606595  0.84705335]
 [ 0.71003187  0.6950254   0.11311325]]"
20200223-030903.151454,94,[1.2375054  0.73940045 0.43499106],"[[-0.00873654 -0.87282425 -0.17439815]
 [ 0.5560585   0.07200542  0.7128002 ]
 [-0.81996346 -0.02160323  0.5509583 ]
 [-0.13558134  0.4822098  -0.39742458]]","[[-0.55552447  0.64763    -0.52150553]
 [-0.43363157  0.30950025  0.8462703 ]
 [ 0.70947593  0.69626516  0.10889781]]"
20200223-030903.151454,95,[1.242211  0.7401267 0.4372046],"[[-0.00265747 -0.8745945  -0.17020714]
 [ 0.55503434  0.07899604  0.7122043 ]
 [-0.8201183  -0.02470574  0.5505256 ]
 [-0.13905379  0.4777384  -0.40089408]]","[[-0.5600596   0.64209396 -0.5234967 ]
 [-0.43649966  0.3083641   0.84520996]
 [ 0.7041317   0.701874    0.10757153]]"
20200223-030903.151454,96,[1.245333  0.7403876 0.4393421],"[[ 7.1987667e-04 -8.7618566e-01 -1.6643657e-01]
 [ 5.5578601e-01  8.3733819e-02  7.1082556e-01]
 [-8.1934613e-01 -2.5314575e-02  5.5133003e-01]
 [-1.4061844e-01  4.7396874e-01 -4.0380871e-01]]","[[-0.56187934  0.64001465 -0.5240926 ]
 [-0.4359993   0.3092866   0.8451311 ]
 [ 0.7029911   0.7033656   0.10526416]]"
20200223-030903.151454,97,[1.2496895  0.7405743  0.44112992],"[[ 0.0058691  -0.87749094 -0.16427508]
 [ 0.5553777   0.08848213  0.709927  ]
 [-0.8190929  -0.02875088  0.5513744 ]
 [-0.14355591  0.47048286 -0.40620655]]","[[-0.56561595  0.6361878  -0.5247325 ]
 [-0.43780702  0.3075738   0.84482163]
 [ 0.6988591   0.70757604  0.10455885]]"
20200223-030903.151454,98,[1.2533964  0.73978215 0.44324568],"[[ 0.00979605 -0.8789635  -0.16131708]
 [ 0.5553926   0.09285779  0.70891994]
 [-0.818685   -0.03053253  0.5516853 ]
 [-0.14559543  0.4667638  -0.40872094]]","[[-0.56821716  0.6335787  -0.5250785 ]
 [-0.43853733  0.3067756   0.84473306]
 [ 0.6962861   0.7102583   0.10353275]]"
20200223-030903.151454,99,[1.2572513 0.7388787 0.4452964],"[[ 0.01368406 -0.8803576  -0.15859851]
 [ 0.55544186  0.09700195  0.70789397]
 [-0.8182399  -0.03241286  0.5520307 ]
 [-0.14758295  0.46315295 -0.41108996]]","[[-0.5707555   0.6311345  -0.52526903]
 [-0.43918458  0.3058649   0.844727  ]
 [ 0.69379765  0.71282256  0.10261046]]"
20200223-030903.151454,100,[1.2618775 0.7390463 0.4470414],"[[ 0.01872385 -0.8814972  -0.15645708]
 [ 0.5550113   0.10165218  0.7069457 ]
 [-0.8179183  -0.03574019  0.5521435 ]
 [-0.15040478  0.45973083 -0.41338432]]","[[-0.5743267   0.6273751  -0.5258796 ]
 [-0.44084734  0.30425802  0.84444106]
 [ 0.6897843   0.7168177   0.10183316]]"
20200223-030903.151454,101,[1.2659411  0.7408523  0.44818887],"[[ 0.02337033 -0.88210666 -0.15587649]
 [ 0.5553977   0.10512014  0.7055522 ]
 [-0.8170479  -0.03946142  0.5528796 ]
 [-0.15303716  0.4574722  -0.41499794]]","[[-0.5773518   0.6245483  -0.5259321 ]
 [-0.4413495   0.3032048   0.84455776]
 [ 0.68693215  0.71972656  0.10058831]]"
20200223-030903.151454,102,[1.2701844  0.7425946  0.45034668],"[[ 0.02849915 -0.88335973 -0.15075962]
 [ 0.55493873  0.11228262  0.7044229 ]
 [-0.81669277 -0.04093399  0.5531628 ]
 [-0.15570442  0.45320195 -0.4184145 ]]","[[-0.5806382   0.6196331  -0.5281233 ]
 [-0.44270405  0.3041056   0.8435241 ]
 [ 0.68328094  0.7235845   0.09773879]]"
20200223-030903.151454,103,[1.2744855  0.7423009  0.45164472],"[[ 0.03248571 -0.884077   -0.15090846]
 [ 0.5551817   0.1144684   0.70322967]
 [-0.81594753 -0.04459674  0.55371124]
 [-0.1579478   0.45090574 -0.4196412 ]]","[[-0.5833425   0.61777395 -0.5273206 ]
 [-0.44324392  0.30190852  0.84402966]
 [ 0.6806219   0.7260901   0.09770846]]"
20200223-030903.151454,104,[1.2791203 0.7424326 0.4533532],"[[ 0.03722115 -0.88502514 -0.14890169]
 [ 0.55476713  0.11880953  0.70220023]
 [-0.81551325 -0.0477057   0.55393857]
 [-0.16058046  0.44759244 -0.42177626]]","[[-0.5866542   0.6141746  -0.527851  ]
 [-0.4447126   0.30040944  0.8437921 ]
 [ 0.6768069   0.729756    0.09689471]]"
20200223-030903.151454,105,[1.2824323  0.74275905 0.4553993 ],"[[ 0.0401419  -0.8862689  -0.14529364]
 [ 0.5556039   0.12307465  0.70056105]
 [-0.8145645  -0.04790729  0.5549784 ]
 [-0.16179517  0.44394267 -0.42438576]]","[[-0.5880521   0.61240333 -0.5283532 ]
 [-0.44384807  0.3017619   0.8437647 ]
 [ 0.6761611   0.7306861   0.09436234]]"
20200223-030903.151454,106,[1.2862597  0.7440024  0.45721665],"[[ 0.04433378 -0.88711804 -0.14192988]
 [ 0.555723    0.12825623  0.69917816]
 [-0.81382704 -0.04952572  0.5557116 ]
 [-0.16398732  0.44058987 -0.42683834]]","[[-0.59060854  0.60905546 -0.5293706 ]
 [-0.4442438   0.30225033  0.8433815 ]
 [ 0.6736684   0.73327786  0.09205738]]"
20200223-030903.151454,107,[1.2920328  0.74725133 0.45942265],"[[ 0.05127998 -0.888041   -0.13529982]
 [ 0.55381596  0.13796777  0.6982143 ]
 [-0.8139437  -0.05185026  0.5553906 ]
 [-0.1677917   0.43549922 -0.4309666 ]]","[[-0.5953839   0.60092396 -0.5332997 ]
 [-0.44765118  0.3030822   0.8412786 ]
 [ 0.667178    0.73961586  0.08855405]]"
20200223-030903.151454,108,[1.2953421  0.7475036  0.46141353],"[[ 0.05415881 -0.88901466 -0.13170214]
 [ 0.5545542   0.14225219  0.69660056]
 [-0.81300443 -0.05201149  0.55645335]
 [-0.16899762  0.43210164 -0.433315  ]]","[[-0.596722    0.5992184  -0.53372324]
 [-0.4467726   0.3044053   0.841268  ]
 [ 0.6665714   0.7404559   0.08606904]]"
20200223-030903.151454,109,[1.299405   0.74826294 0.46369907],"[[ 0.05792834 -0.8901783  -0.12619229]
 [ 0.55465996  0.14855441  0.6949595 ]
 [-0.81232363 -0.05187784  0.557243  ]
 [-0.1706643   0.42757764 -0.43656266]]","[[-0.5987492   0.5957006  -0.5353878 ]
 [-0.4468043   0.30635095  0.8405446 ]
 [ 0.6647294   0.7424889   0.08273422]]"
20200223-030903.151454,110,[1.3019888  0.74967015 0.4657284 ],"[[ 0.06026038 -0.89117175 -0.12152621]
 [ 0.556168    0.15334772  0.69275576]
 [-0.8109657  -0.0506595   0.5589091 ]
 [-0.17140742  0.4239475  -0.43925068]]","[[-0.5993521   0.59439546 -0.5361637 ]
 [-0.4447075   0.30968356  0.8404352 ]
 [ 0.6655919   0.7421526   0.07872256]]"
20200223-030903.151454,111,[1.3063093  0.7487573  0.46757287],"[[ 0.06352466 -0.8920798  -0.11926793]
 [ 0.5563567   0.1566946   0.69140065]
 [-0.810257   -0.0521344   0.5595669 ]
 [-0.17296156  0.42062166 -0.44116312]]","[[-0.601306    0.5924574  -0.5361206 ]
 [-0.4448022   0.3091913   0.8405663 ]
 [ 0.66376364  0.7439052   0.07760773]]"
20200223-030903.151454,112,[1.3093643 0.7485878 0.4691265],"[[ 0.06556329 -0.8928294  -0.11793524]
 [ 0.55791503  0.15868634  0.68946064]
 [-0.80883276 -0.05279733  0.5611361 ]
 [-0.17384435  0.41819513 -0.4425626 ]]","[[-0.60208803  0.59245753 -0.5352424 ]
 [-0.4429109   0.30993488  0.8412912 ]
 [ 0.66431934  0.74359584  0.07579783]]"
20200223-030903.151454,113,[1.3143632  0.75072855 0.47050825],"[[ 0.07076029 -0.8930674  -0.11555209]
 [ 0.5573587   0.16399123  0.6880745 ]
 [-0.80814433 -0.0559178   0.5616894 ]
 [-0.17676741  0.41522327 -0.4446416 ]]","[[-0.6055093   0.58787256 -0.53643674]
 [-0.44431558  0.309505    0.84070826]
 [ 0.6602591   0.74740374  0.07379281]]"
20200223-030903.151454,114,[1.3171518 0.7521632 0.4724504],"[[ 0.07308933 -0.8938682  -0.11108102]
 [ 0.5588442   0.16868594  0.6857742 ]
 [-0.8067272  -0.05477945  0.56342834]
 [-0.17760202  0.41175726 -0.4471276 ]]","[[-0.6061621   0.5865411  -0.5371563 ]
 [-0.44223967  0.3127818   0.84059   ]
 [ 0.6610535   0.74708563  0.06979524]]"
20200223-030903.151454,115,[1.3205934  0.7519203  0.47497886],"[[ 0.07556817 -0.8950398  -0.10475548]
 [ 0.55953175  0.17454287  0.6837311 ]
 [-0.8058363  -0.05286344  0.5646287 ]
 [-0.1784426   0.406994   -0.45025855]]","[[-0.60712785  0.58425725 -0.53855306]
 [-0.44114706  0.3158795   0.84000564]
 [ 0.6608972   0.7475719   0.06596415]]"
20200223-030903.151454,116,[1.3262131  0.7524647  0.47691903],"[[ 0.08079024 -0.8954665  -0.10058603]
 [ 0.55805504  0.18094002  0.68266   ]
 [-0.8057224  -0.05512054  0.56461483]
 [-0.1812702   0.40294194 -0.45284438]]","[[-0.61070347  0.5788145  -0.54038435]
 [-0.4435264   0.3153036   0.8389685 ]
 [ 0.65599227  0.7520355   0.06416252]]"
