Timestamp,Epoch,s,u,v
20200220-220501.044217,0,[1.8273015 1.4266412 0.769077 ],"[[ 0.25265095  0.5151937   0.66096294]
 [ 0.656009    0.49889943 -0.27903727]
 [ 0.65733427 -0.49204338 -0.24495254]
 [ 0.27153468 -0.49352622  0.6521228 ]]","[[ 0.49006787  0.72024006  0.49100694]
 [ 0.7128121  -0.00690437 -0.701321  ]
 [ 0.5017294  -0.6936906   0.5167795 ]]"
20200220-220501.044217,1,[1.802739   1.4331229  0.76646465],"[[ 0.23608439 -0.517381    0.6651108 ]
 [ 0.6535901  -0.5079596  -0.26877382]
 [ 0.66691005  0.48302215 -0.23631424]
 [ 0.2689151   0.4909009   0.6553962 ]]","[[ 0.4770491  -0.7249868   0.49680817]
 [ 0.71944946 -0.00253857 -0.69454026]
 [ 0.5047936   0.68875813  0.5203804 ]]"
20200220-220501.044217,2,[1.7754637  1.4400082  0.76326144],"[[ 0.22763403 -0.5163822   0.6690125 ]
 [ 0.6596038  -0.50535494 -0.2581852 ]
 [ 0.6690256   0.48571888 -0.2253916 ]
 [ 0.25594953  0.49197885  0.65951586]]","[[ 4.7396615e-01 -7.2356284e-01  5.0180960e-01]
 [ 7.2696447e-01 -3.2553799e-05 -6.8667495e-01]
 [ 4.9686879e-01  6.9025862e-01  5.2598900e-01]]"
20200220-220501.044217,3,[1.7572366 1.4467903 0.7600413],"[[ 0.21682528 -0.5163734   0.672644  ]
 [ 0.6625111  -0.50654453 -0.24800302]
 [ 0.67323405  0.48460016 -0.21546745]
 [ 0.24662073  0.49186784  0.6630371 ]]","[[ 0.46795395 -0.7241028   0.5066502 ]
 [ 0.7336078  -0.00139559 -0.67957175]
 [ 0.49278688  0.6896906   0.53055435]]"
20200220-220501.044217,4,[1.7386867 1.4535822 0.7575392],"[[ 0.21143691 -0.5152122   0.6754222 ]
 [ 0.66813755 -0.50282943 -0.23971164]
 [ 0.6735123   0.48844093 -0.2067212 ]
 [ 0.23509158  0.49309728  0.6660403 ]]","[[ 0.4670565  -0.72205406  0.51038855]
 [ 0.73943424  0.00242545 -0.6732247 ]
 [ 0.4848666   0.69183266  0.53504425]]"
20200220-220501.044217,5,[1.7177169 1.4605149 0.7544389],"[[ 0.20085034 -0.5152651   0.6786512 ]
 [ 0.6706129  -0.5040467  -0.22981493]
 [ 0.6773765   0.48729968 -0.19702195]
 [ 0.22604947  0.4929276   0.6691785 ]]","[[ 0.46077168 -0.7226621   0.5152175 ]
 [ 0.7461115   0.00103079 -0.6658201 ]
 [ 0.4806318   0.6912008   0.5396614 ]]"
20200220-220501.044217,6,[1.7008686  1.467276   0.75177294],"[[ 0.18629982 -0.5166989   0.6815856 ]
 [ 0.66780347 -0.5119111  -0.22074415]
 [ 0.68520516  0.47943503 -0.18895158]
 [ 0.22321492  0.4910309   0.6715729 ]]","[[ 0.4486522  -0.7268632   0.51998186]
 [ 0.75183743 -0.007585   -0.6593051 ]
 [ 0.48316863  0.68674034  0.54307985]]"
20200220-220501.044217,7,[1.6867516 1.4742599 0.7480227],"[[ 0.17461815 -0.51678705  0.68450713]
 [ 0.66994435 -0.51362175 -0.21028997]
 [ 0.68905234  0.4777623  -0.17877653]
 [ 0.21421967  0.4907818   0.67473495]]","[[ 0.44167823 -0.7278131   0.52460307]
 [ 0.75833035 -0.00961513 -0.6517994 ]
 [ 0.47943228  0.68570817  0.54767597]]"
20200220-220501.044217,8,[1.6665995 1.4816581 0.7430764],"[[ 0.15953879 -0.516988    0.6880907 ]
 [ 0.6713408  -0.5167966  -0.19734217]
 [ 0.6945529   0.47454992 -0.16610342]
 [ 0.2035802   0.49035388  0.67823094]]","[[ 0.4317735  -0.72944915  0.5305427 ]
 [ 0.76645887 -0.01337092 -0.64215416]
 [ 0.4755127   0.68390423  0.55331963]]"
20200220-220501.044217,9,[1.6550403  1.4887785  0.73814476],"[[ 0.1380997  -0.5185196   0.69146055]
 [ 0.66507053 -0.52946013 -0.18493564]
 [ 0.70583117  0.46141943 -0.15496768]
 [ 0.20102757  0.48775166  0.6809307 ]]","[[ 0.41306514 -0.7360122   0.5363426 ]
 [ 0.7730686  -0.02792968 -0.6337073 ]
 [ 0.4813961   0.67639196  0.5574511 ]]"
20200220-220501.044217,10,[1.640776  1.4957176 0.7334552],"[[ 0.11383481 -0.5200759   0.6947543 ]
 [ 0.654583   -0.5462451  -0.17283368]
 [ 0.7196471   0.4434141  -0.14412819]
 [ 0.20167075  0.48427385  0.68313414]]","[[ 0.38941956 -0.74448526  0.54230475]
 [ 0.77911085 -0.04778265 -0.6250627 ]
 [ 0.49126258  0.66592705  0.56142896]]"
20200220-220501.044217,11,[1.6312426  1.5026445  0.72824126],"[[ 0.08721627 -0.52114475  0.6976902 ]
 [ 0.6415264  -0.5652769  -0.1605357 ]
 [ 0.7342729   0.42227286 -0.13317125]
 [ 0.20415762  0.480162    0.6853625 ]]","[[ 0.362787   -0.7537655   0.5479262 ]
 [ 0.7840483  -0.07088411 -0.61663896]
 [ 0.50364035  0.6533092   0.5652728 ]]"
20200220-220501.044217,12,[1.6266428  1.5098814  0.72508335],"[[ 0.07451291 -0.5210211   0.6992967 ]
 [ 0.6373134  -0.57201093 -0.15295103]
 [ 0.7400476   0.41463923 -0.12572613]
 [ 0.20151602  0.47897267  0.68686503]]","[[ 0.35136846 -0.75692624  0.5510018 ]
 [ 0.7874643  -0.07939485 -0.61122537]
 [ 0.50639915  0.6486596   0.56815547]]"
20200220-220501.044217,13,[1.6139512  1.5173908  0.72188085],"[[ 0.06679907 -0.5204172   0.7007124 ]
 [ 0.6391436  -0.5717324  -0.145058  ]
 [ 0.7415606   0.4150377  -0.11702243]
 [ 0.19266863  0.4796162   0.6886698 ]]","[[ 0.34655952 -0.7569216   0.5540453 ]
 [ 0.7925995  -0.07959995 -0.60452455]
 [ 0.5016796   0.6486398   0.5723496 ]]"
20200220-220501.044217,14,[1.6023666 1.5240425 0.7168358],"[[ 0.02581234 -0.5207497   0.70306545]
 [ 0.60758275 -0.60798025 -0.13325554]
 [ 0.7657934   0.3714908  -0.10650769]
 [ 0.20913537  0.47029173  0.6903609 ]]","[[ 0.29737443 -0.77362776  0.5595253 ]
 [ 0.79312414 -0.12609032 -0.59586537]
 [ 0.5315288   0.620968    0.57608676]]"
20200220-220501.044217,15,[1.5939006  1.5310196  0.71239597],"[[-0.00399035 -0.5194016   0.70444334]
 [ 0.5853494  -0.631465   -0.1235513 ]
 [ 0.7809508   0.34129715 -0.09689632]
 [ 0.21786815  0.4636705   0.69217485]]","[[ 0.2620083  -0.78363067  0.5632716 ]
 [ 0.7929473  -0.15787521 -0.5884813 ]
 [ 0.5500785   0.6008316   0.5800132 ]]"
20200220-220501.044217,16,[1.5810192 1.5359716 0.7077484],"[[-0.09185062  0.50845736  0.70636356]
 [ 0.48555285  0.7130069  -0.11227895]
 [ 0.8245896  -0.21960253 -0.0868266 ]
 [ 0.275416   -0.42996213  0.6934733 ]]","[[ 0.13635196  0.8111908   0.56866336]
 [ 0.7662273   0.277493   -0.5795634 ]
 [ 0.6279363  -0.5147498   0.5837197 ]]"
20200220-220501.044217,17,[1.5759857  1.5408909  0.70318884],"[[-0.17255168  0.4850193   0.7079403 ]
 [ 0.377976    0.77650934 -0.10275774]
 [ 0.848963   -0.09699663 -0.07746196]
 [ 0.32652995 -0.39036056  0.6944501 ]]","[[ 0.01297966  0.819749    0.5725759 ]
 [ 0.72230023  0.38829222 -0.57228625]
 [ 0.69145787 -0.42099985  0.5870649 ]]"
20200220-220501.044217,18,[1.5677574 1.542537  0.6984438],"[[-0.33702585  0.38763765  0.7089821 ]
 [ 0.0860714   0.8602312  -0.09275924]
 [ 0.83090895  0.20438051 -0.06654698]
 [ 0.43427613 -0.26070738  0.6959252 ]]","[[-0.27710798  0.76884836  0.57626694]
 [ 0.54677933  0.61935645 -0.56340945]
 [ 0.7900909  -0.15896551  0.59201896]]"
20200220-220501.044217,19,[1.5695643  1.5433208  0.69619745],"[[-0.43306226  0.27591607  0.70930535]
 [-0.15280461  0.8512259  -0.08787102]
 [ 0.7434804   0.42499533 -0.06051924]
 [ 0.48615268 -0.13661465  0.6967796 ]]","[[-0.4796844   0.6604406   0.5776859 ]
 [ 0.35733676  0.74834454 -0.55883   ]
 [ 0.8013822   0.06163363  0.59496886]]"
20200220-220501.044217,20,[1.5734944 1.5360485 0.6920358],"[[-0.49584645  0.13346851  0.7096507 ]
 [-0.38763058  0.77357674 -0.07990393]
 [ 0.5928433   0.6194832  -0.0503913 ]
 [ 0.50241005 -0.00241709  0.6981922 ]]","[[-0.649962    0.49129194  0.57981193]
 [ 0.1312415   0.8240431  -0.551116  ]
 [ 0.7485488   0.28210902  0.6000746 ]]"
20200220-220501.044217,21,[1.5803838 1.5376849 0.6875814],"[[-0.5057272   0.08864427  0.70960206]
 [-0.44382176  0.7435825  -0.07273044]
 [ 0.54538274  0.66217434 -0.04229868]
 [ 0.4998199   0.02742874  0.6995614 ]]","[[-0.68610126  0.4376153   0.5811695 ]
 [ 0.07001851  0.8348644  -0.54598445]
 [ 0.7241289   0.33390802  0.60344255]]"
20200220-220501.044217,22,[1.5882148  1.5312599  0.68474305],"[[-0.5074275   0.07344092  0.71015805]
 [-0.45691708  0.7361483  -0.06637888]
 [ 0.53365743  0.6721589  -0.03603896]
 [ 0.49895284  0.02990657  0.6999792 ]]","[[-0.6938704   0.42171523  0.58369523]
 [ 0.05540206  0.8394363  -0.5406267 ]
 [ 0.7179654   0.3427869   0.60582405]]"
20200220-220501.044217,23,[1.5961285  1.5256143  0.68002015],"[[-0.5081358   0.06105954  0.7108532 ]
 [-0.46228546  0.7334832  -0.05753205]
 [ 0.5288107   0.6765053  -0.02746016]
 [ 0.49844712  0.02480051  0.7004455 ]]","[[-0.6970032   0.4119235   0.58694625]
 [ 0.04941281  0.84418166 -0.53377515]
 [ 0.71536356  0.34304026  0.6087515 ]]"
20200220-220501.044217,24,[1.6036735  1.5229473  0.67601925],"[[-0.51063186  0.0367641  -0.710778  ]
 [-0.48668858  0.7179638   0.05079529]
 [ 0.5058218   0.6942628   0.0197446 ]
 [ 0.49652174  0.03428767 -0.7013021 ]]","[[-0.7115607   0.38387823 -0.58848876]
 [ 0.0209954   0.84880036  0.5282965 ]
 [ 0.7023109   0.36355948 -0.61203253]]"
20200220-220501.044217,25,[1.6117008 1.5172688 0.6731793],"[[-0.5105363   0.03070889 -0.7111602 ]
 [-0.48687434  0.71819013  0.04470761]
 [ 0.50572884  0.69459116  0.01383521]
 [ 0.4965325   0.02833953 -0.7014706 ]]","[[-0.71158105  0.38017976 -0.59086037]
 [ 0.02080374  0.85198987  0.52314514]
 [ 0.7022961   0.35996795 -0.6141689 ]]"
20200220-220501.044217,26,[1.6197269  1.5081804  0.66898406],"[[-0.51056653  0.02160537 -0.7115108 ]
 [-0.48811144  0.71775645  0.03636682]
 [ 0.50461835  0.69564694  0.00558627]
 [ 0.4964168   0.02082939 -0.70171136]]","[[-0.7122181   0.37398326 -0.59403855]
 [ 0.01939668  0.856421    0.5159137 ]
 [ 0.70169026  0.3559207  -0.6172126 ]]"
20200220-220501.044217,27,[1.628106  1.4975554 0.664041 ],"[[-0.51127905  0.00346744 -0.71150357]
 [-0.5005536   0.7093059   0.02742379]
 [ 0.4924482   0.7046129  -0.00433018]
 [ 0.49551448  0.01984457 -0.7021336 ]]","[[-0.7194353   0.35522962 -0.59684575]
 [ 0.00436261  0.86160964  0.5075526 ]
 [ 0.69454575  0.36254743 -0.62142205]]"
20200220-220501.044217,28,[1.6361908  1.493937   0.65937907],"[[-0.5112457  -0.00381216 -0.7114273 ]
 [-0.49965292  0.710297    0.01948324]
 [ 0.49340564  0.70379794 -0.01204626]
 [ 0.49550498  0.01149343 -0.702386  ]]","[[-0.7190147   0.3518684  -0.5993384 ]
 [ 0.00545513  0.86519456  0.5014067 ]
 [ 0.6949734   0.35724935 -0.62400717]]"
20200220-220501.044217,29,[1.6447258  1.4839611  0.65452105],"[[-0.51144505 -0.01840525 -0.7112202 ]
 [-0.5076006   0.7046149   0.01088312]
 [ 0.48550716  0.7093079  -0.02151158]
 [ 0.49502385  0.00782907 -0.702556  ]]","[[-0.72362024  0.337681   -0.60195124]
 [-0.00444069  0.8698464   0.4933025 ]
 [ 0.6901841   0.35963666 -0.62793905]]"
20200220-220501.044217,30,[1.6528426 1.4783337 0.6510789],"[[-0.51149815 -0.02979989 -0.7109475 ]
 [-0.51459694  0.6993899   0.00485078]
 [ 0.47849244  0.7140936  -0.02850451]
 [ 0.49457473  0.00601119 -0.70265025]]","[[-0.7276412   0.3260553  -0.60351163]
 [-0.01324337  0.872967    0.48759952]
 [ 0.68583006  0.36279002 -0.6308888 ]]"
20200220-220501.044217,31,[1.6605641 1.4776288 0.6472148],"[[-0.5107706  -0.02814695 -0.7115517 ]
 [-0.504001    0.7070412  -0.00198498]
 [ 0.48932487  0.7065711  -0.03391393]
 [ 0.49563873 -0.00760615 -0.7018119 ]]","[[-7.2127974e-01  3.3451709e-01 -6.0650963e-01]
 [-9.5659860e-05  8.7559605e-01  4.8304394e-01]
 [ 6.9264388e-01  3.4846771e-01 -6.3151771e-01]]"
20200220-220501.044217,32,[1.6687697 1.475168  0.642632 ],"[[-0.5104218  -0.03421421 -0.711701  ]
 [-0.5027375   0.70767546 -0.00922582]
 [ 0.49065393  0.70553076 -0.04101058]
 [ 0.49596703 -0.01584778 -0.7012238 ]]","[[-0.7203272   0.3320703  -0.6089812 ]
 [ 0.0014228   0.87866247  0.47744143]
 [ 0.693633    0.34304753 -0.6333969 ]]"
20200220-220501.044217,33,[1.6773671 1.4665384 0.6378856],"[[-0.5099837  -0.03626113 -0.7117893 ]
 [-0.49373198  0.7139331  -0.01834982]
 [ 0.4996426   0.6986162  -0.0486046 ]
 [ 0.49649033 -0.03033153 -0.70046896]]","[[-0.7149551   0.33642447 -0.61290926]
 [ 0.01255573  0.88266015  0.46984392]
 [ 0.6990577   0.32822174 -0.6352864 ]]"
20200220-220501.044217,34,[1.6860869 1.4693295 0.635445 ],"[[-0.50963277 -0.03465243 -0.7120196 ]
 [-0.48637792  0.7189417  -0.02249219]
 [ 0.5068665   0.69311804 -0.05149923]
 [ 0.49678722 -0.03885147 -0.69990706]]","[[-0.7104508   0.3427127  -0.6146607 ]
 [ 0.02166426  0.8836483   0.46765003]
 [ 0.7034133   0.31892613 -0.6352132 ]]"
20200220-220501.044217,35,[1.6949146 1.4653032 0.6302241],"[[-0.50932246 -0.03788249 -0.71197695]
 [-0.4795863   0.7232671  -0.03106522]
 [ 0.5134438   0.68761957 -0.05867264]
 [ 0.4969538  -0.05127128 -0.69905716]]","[[-0.70620203  0.3454315  -0.61802584]
 [ 0.03009124  0.8867598   0.46124998]
 [ 0.70737064  0.30713838 -0.6366261 ]]"
20200220-220501.044217,36,[1.7034147 1.4633774 0.6257436],"[[-0.50931853 -0.04482727 -0.71161157]
 [-0.4801926   0.72249115 -0.03768146]
 [ 0.5129455   0.6875271  -0.06519783]
 [ 0.49688697 -0.05747855 -0.69852585]]","[[-0.70647836  0.34132567 -0.619988  ]
 [ 0.02944529  0.8894347   0.4561128 ]
 [ 0.70712185  0.3039781  -0.63841695]]"
20200220-220501.044217,37,[1.711448   1.4636474  0.62208897],"[[-0.50933206 -0.05455496 -0.7112233 ]
 [-0.48709452  0.71724033 -0.04227167]
 [ 0.5064021   0.69223535 -0.0710557 ]
 [ 0.49686682 -0.05831007 -0.6980869 ]]","[[-0.71046895  0.3315929  -0.62070936]
 [ 0.02096749  0.89161235  0.4523138 ]
 [ 0.70341617  0.3083402  -0.6404155 ]]"
20200220-220501.044217,38,[1.7195733 1.4639708 0.6184636],"[[-0.5092193  -0.06372236 -0.7108367 ]
 [-0.4932965   0.7123536  -0.04678065]
 [ 0.5004429   0.6963877  -0.07676125]
 [ 0.49690205 -0.05946745 -0.6975895 ]]","[[-0.7140073   0.3225423  -0.621418  ]
 [ 0.01324087  0.89362645  0.44861636]
 [ 0.70001316  0.31208715 -0.6423263 ]]"
20200220-220501.044217,39,[1.7280545 1.4626341 0.6141926],"[[-0.5089543  -0.0693113  -0.7106602 ]
 [-0.49289036  0.71201354 -0.05286331]
 [ 0.5009054   0.6956199  -0.08272249]
 [ 0.4971103  -0.06592378 -0.69665295]]","[[-0.71353364  0.31984487 -0.62335324]
 [ 0.01374079  0.89593256  0.44397768]
 [ 0.7004864   0.30822757 -0.64367306]]"
20200220-220501.044217,40,[1.7373312 1.4607954 0.6098417],"[[ 0.5088909  -0.07531445 -0.7101383 ]
 [ 0.492843    0.7115016  -0.05896251]
 [-0.5009852   0.69491345 -0.08873323]
 [-0.49714136 -0.07203091 -0.6959551 ]]","[[ 0.71344507  0.31656933 -0.62512404]
 [-0.01381666  0.89830995  0.43914494]
 [-0.7005749   0.30466866 -0.6452688 ]]"
20200220-220501.044217,41,[1.7466586 1.4622852 0.6070334],"[[ 0.5088316  -0.07908525 -0.70981246]
 [ 0.4929391   0.7110526  -0.06270885]
 [-0.50092447  0.69455916 -0.0924671 ]
 [-0.49716842 -0.07574321 -0.6954739 ]]","[[ 0.7134472   0.31470904 -0.6260603 ]
 [-0.01371039  0.89956534  0.4365711 ]
 [-0.700575    0.30288693 -0.64610714]]"
20200220-220501.044217,42,[1.7557372  1.4580314  0.60396725],"[[ 0.50876033 -0.08765785 -0.7090084 ]
 [ 0.49806952  0.70685655 -0.06725569]
 [-0.49591932  0.6976201  -0.09809744]
 [-0.4971457  -0.07743473 -0.6950976 ]]","[[ 0.7165398   0.30587953 -0.62690395]
 [-0.00718482  0.9019161   0.43185174]
 [-0.6975092   0.30493486 -0.64845645]]"
20200220-220501.044217,43,[1.7648007 1.456642  0.6023021],"[[ 0.508644   -0.08690017 -0.70907426]
 [ 0.4925787   0.71043867 -0.07096538]
 [-0.50139016  0.69328094 -0.10046493]
 [-0.49724758 -0.08418024 -0.6943227 ]]","[[ 0.71313095  0.30992886 -0.62879896]
 [-0.01415351  0.90314597  0.42910007]
 [-0.7008879   0.29710487 -0.6484479 ]]"
20200220-220501.044217,44,[1.7742736 1.4536475 0.5999742],"[[ 0.50859576 -0.09101092 -0.7086263 ]
 [ 0.49277905  0.70983297 -0.07496358]
 [-0.5012264   0.69289166 -0.10445974]
 [-0.49726367 -0.08806682 -0.69377065]]","[[ 0.71320724  0.30710968 -0.63009477]
 [-0.01391194  0.9049358   0.42532086]
 [-0.70081526  0.29457608 -0.64967924]]"
20200220-220501.044217,45,[1.7828609 1.457406  0.5955072],"[[ 0.50855035 -0.09579574 -0.70807064]
 [ 0.4926564   0.7093214  -0.07988303]
 [-0.5013805   0.69211644 -0.10932378]
 [-0.49727622 -0.09306462 -0.69303876]]","[[ 0.71308565  0.30535072 -0.63108623]
 [-0.01408205  0.90622354  0.42256406]
 [-0.7009354   0.29243731 -0.6505151 ]]"
20200220-220501.044217,46,[1.7916448  1.4567263  0.59153765],"[[ 0.5082789  -0.09420959 -0.70836776]
 [ 0.48279905  0.71542686 -0.08634284]
 [-0.5110118   0.6843162  -0.11321211]
 [-0.49741796 -0.10488392 -0.6913341 ]]","[[ 0.70667845  0.31330362 -0.6343866 ]
 [-0.02659941  0.90774584  0.41867653]
 [-0.70703477  0.27899542 -0.64981806]]"
20200220-220501.044217,47,[1.8008335 1.4531225 0.5886516],"[[ 0.5082454  -0.10231222 -0.70742846]
 [ 0.48802364  0.7111753  -0.09033589]
 [-0.50601995  0.68739474 -0.1184447 ]
 [-0.49745718 -0.10606933 -0.6909093 ]]","[[ 0.7098983   0.30476308 -0.6349522 ]
 [-0.02001906  0.909898    0.41434902]
 [-0.70401996  0.28143442 -0.65203595]]"
20200220-220501.044217,48,[1.8095067 1.4613227 0.5838646],"[[ 0.5082438  -0.10634909 -0.70687526]
 [ 0.48791397  0.71065843 -0.09447914]
 [-0.50615805  0.6866507  -0.12256718]
 [-0.49742585 -0.11029784 -0.6902019 ]]","[[ 0.70979667  0.30408797 -0.63538927]
 [-0.02018249  0.91042936  0.41317213]
 [-0.70411754  0.28044435 -0.65235704]]"
20200220-220501.044217,49,[1.8180372  1.4626     0.58068526],"[[ 0.5083601  -0.10719419 -0.70642334]
 [ 0.48327333  0.71345395 -0.09907407]
 [-0.5107094   0.6824726  -0.12573214]
 [-0.49718514 -0.11714982 -0.6894505 ]]","[[ 0.7069817   0.3072355  -0.63701123]
 [-0.02613211  0.9114438   0.41059387]
 [-0.706749    0.2736359  -0.6524028 ]]"
20200220-220501.044217,50,[1.8273289  1.4566082  0.57661086],"[[ 0.50828904 -0.11667718 -0.70514256]
 [ 0.48834792  0.70899254 -0.10453136]
 [-0.5058614   0.6850817  -0.13245934]
 [-0.49725533 -0.11991274 -0.688696  ]]","[[ 0.7100956   0.29783988 -0.63800925]
 [-0.01975217  0.91419727  0.40478793]
 [-0.70382816  0.27483603 -0.65505046]]"
20200220-220501.044217,51,[1.8366809 1.450786  0.5726128],"[[ 0.5081959  -0.12575926  0.7038146 ]
 [ 0.49302208  0.7047327   0.10983582]
 [-0.5013534   0.6873547   0.13906033]
 [-0.49730375 -0.12279996  0.68792725]]","[[ 0.7129746   0.28886336  0.63892496]
 [-0.01380849  0.9168086  -0.39908808]
 [-0.7010538   0.27571708  0.65765   ]]"
20200220-220501.044217,52,[1.8460069 1.44926   0.5683388],"[[ 0.50802195 -0.12807706  0.703546  ]
 [ 0.48871264  0.7067333   0.11581298]
 [-0.50559986  0.68334335  0.14366955]
 [-0.49743623 -0.13102147  0.6862725 ]]","[[ 0.7100186   0.2907036   0.64137757]
 [-0.01935509  0.9185232  -0.39489296]
 [-0.703917    0.2679675   0.65779525]]"
20200220-220501.044217,53,[1.8552817 1.4474684 0.5664326],"[[ 0.5080343  -0.12603772  0.70367837]
 [ 0.48102036  0.711508    0.12014881]
 [-0.5130887   0.67712647  0.1455278 ]
 [-0.49725357 -0.13917941  0.68499845]]","[[ 0.7049859   0.29706374  0.64400935]
 [-0.02930138  0.91947585 -0.39205325]
 [-0.70861584  0.25752166  0.6569218 ]]"
20200220-220501.044217,54,[1.8643888 1.4478556 0.5627457],"[[ 0.5080258  -0.13069282  0.702866  ]
 [ 0.48155814  0.71035665  0.1244213 ]
 [-0.5126459   0.6766203   0.14989597]
 [-0.49719796 -0.14317024  0.68412685]]","[[ 0.7052556   0.29439893  0.6449368 ]
 [-0.02871156  0.9208175  -0.38893533]
 [-0.7083714   0.2557817   0.65786445]]"
20200220-220501.044217,55,[1.873823   1.4469038  0.55848575],"[[ 0.5079781  -0.1386809   0.7015295 ]
 [ 0.48599133  0.7063474   0.12880252]
 [-0.5084327   0.6787612   0.15563193]
 [-0.49725905 -0.14534186  0.6834068 ]]","[[ 0.708052    0.2869535   0.6452286 ]
 [-0.02310648  0.92263955 -0.38497058]
 [-0.70578223  0.2576702   0.6599072 ]]"
20200220-220501.044217,56,[1.8830398  1.4473741  0.55495125],"[[ 0.50793463 -0.1428942   0.70074236]
 [ 0.4862431   0.70537364  0.13286157]
 [-0.5082593   0.67804736  0.15970913]
 [-0.49723464 -0.14926887  0.682496  ]]","[[ 0.7081404   0.28472084  0.6461202 ]
 [-0.02285804  0.9238563  -0.38205656]
 [-0.70570165  0.25578064  0.660728  ]]"
20200220-220501.044217,57,[1.892801  1.4421211 0.5513549],"[[ 0.50795215 -0.14599133  0.7000064 ]
 [ 0.48302475  0.7065349   0.13870196]
 [-0.51140714  0.6745212   0.16430122]
 [-0.49712586 -0.15657555  0.68099743]]","[[ 0.7059523   0.28470314  0.64851797]
 [-0.02709998  0.9258379  -0.37694803]
 [-0.70774084  0.24853246  0.6613128 ]]"
20200220-220501.044217,58,[1.9023756  1.4374373  0.54774755],"[[ 0.50785583 -0.1539129   0.6985373 ]
 [ 0.48726362  0.70252794  0.1431379 ]
 [-0.5073675   0.67639077  0.1701067 ]
 [-0.49722752 -0.15893705  0.6801627 ]]","[[ 0.70862395  0.27672893  0.6490556 ]
 [-0.02172129  0.928001   -0.3719442 ]
 [-0.70525193  0.24947023  0.6636147 ]]"
20200220-220501.044217,59,[1.9115863 1.4386301 0.5443289],"[[ 0.5076459  -0.16240315  0.697018  ]
 [ 0.49445054  0.69667614  0.14558738]
 [-0.50041837  0.6806639   0.17512317]
 [-0.49738944 -0.158001    0.67992824]]","[[ 0.71323186  0.26713878  0.64802575]
 [-0.01241871  0.929196   -0.36937863]
 [-0.70081836  0.25540483  0.66604984]]"
20200220-220501.044217,60,[1.9208148  1.4415337  0.54241854],"[[ 0.5075954  -0.15982366  0.6975677 ]
 [ 0.4877301   0.70080686  0.14877786]
 [-0.5070364   0.67547715  0.17591122]
 [-0.4973734  -0.16448924  0.67846864]]","[[ 0.7086166   0.2739833   0.6502273 ]
 [-0.02124212  0.92939824 -0.36846665]
 [-0.7052738   0.2472894   0.664407  ]]"
20200220-220501.044217,61,[1.9301981 1.446532  0.538795 ],"[[ 0.507545   -0.1582586   0.69788474]
 [ 0.48089266  0.7046823   0.15303095]
 [-0.5136763   0.66990453  0.1777067 ]
 [-0.4972696  -0.17206125  0.67672664]]","[[ 0.7038855   0.2807801   0.6524627 ]
 [-0.03014367  0.92953634 -0.3674964 ]
 [-0.7096734   0.23900779  0.66275084]]"
20200220-220501.044217,62,[1.9399245 1.4441069 0.5366648],"[[ 0.5074014  -0.16404271  0.6967904 ]
 [ 0.48477033  0.7012726   0.15562212]
 [-0.50999993  0.67190164  0.18159263]
 [-0.49743512 -0.172785    0.67623097]]","[[ 0.70635915  0.27443174  0.6524905 ]
 [-0.02517406  0.9309435  -0.3642942 ]
 [-0.70740587  0.24089664  0.664489  ]]"
20200220-220501.044217,63,[1.949725  1.4439615 0.5357929],"[[ 0.50725293 -0.16811964  0.69605845]
 [ 0.4884425   0.6983225   0.15663528]
 [-0.5064919   0.67413867  0.18393897]
 [-0.4975786  -0.17210221  0.6761171 ]]","[[ 0.70871866  0.26933625  0.652055  ]
 [-0.02042019  0.9317012  -0.36265144]
 [-0.7051955   0.24370278  0.6658139 ]]"
20200220-220501.044217,64,[1.9601103  1.4487405  0.53242147],"[[ 0.50722164 -0.17088526  0.69543934]
 [ 0.48845702  0.69763935  0.15940577]
 [-0.5065037   0.6734389   0.18669383]
 [-0.4975837  -0.17486365  0.6753511 ]]","[[ 0.7086889   0.26870757  0.65234673]
 [-0.02041083  0.9320527  -0.3617474 ]
 [-0.7052258   0.24305144  0.66602   ]]"
20200220-220501.044217,65,[1.9700106  1.4442309  0.52916384],"[[ 0.50708336 -0.17781793  0.6939488 ]
 [ 0.49205247  0.69401586  0.16328776]
 [-0.5030425   0.6748069   0.19192553]
 [-0.49769354 -0.17708263  0.6744901 ]]","[[ 0.7109886   0.26164228  0.65271634]
 [-0.01576334  0.9339007  -0.35718483]
 [-0.7030268   0.24366522  0.6681171 ]]"
20200220-220501.044217,66,[1.9795347  1.4414392  0.52651924],"[[ 0.50702596 -0.18160954  0.6930268 ]
 [ 0.49219888  0.6929881   0.1669887 ]
 [-0.50296307  0.6738922   0.19563788]
 [-0.49768844 -0.180707    0.6734646 ]]","[[ 0.7110277   0.25904813  0.65370774]
 [-0.01562484  0.9352571  -0.35362422]
 [-0.7029904   0.2412226   0.6690414 ]]"
20200220-220501.044217,67,[1.9884472 1.4441681 0.5242048],"[[ 0.50704104 -0.185888    0.6918888 ]
 [ 0.49514297  0.69044167  0.16871274]
 [-0.50012535  0.6752457   0.19850668]
 [-0.49761197 -0.18105063  0.6733656 ]]","[[ 0.7131157   0.2549626   0.6530393 ]
 [-0.01176577  0.93574226 -0.35248858]
 [-0.7009477   0.24368168  0.6702924 ]]"
20200220-220501.044217,68,[1.9979616  1.445436   0.52136165],"[[ 0.506915   -0.19280024  0.6902007 ]
 [ 0.5009639   0.68563294  0.17053358]
 [-0.49438998  0.67843235  0.2026469 ]
 [-0.4976456  -0.1801807   0.673406  ]]","[[ 0.71708214  0.24701312  0.6517497 ]
 [-0.00403894  0.9365506  -0.3505089 ]
 [-0.696977    0.24871135  0.6725814 ]]"
20200220-220501.044217,69,[2.007772  1.444559  0.5200625],"[[ 0.50658303 -0.19872966  0.6889794 ]
 [ 0.50666946  0.68092066  0.17145562]
 [-0.4887215   0.6818718   0.20598523]
 [-0.49780577 -0.17861722  0.6734096 ]]","[[ 0.7207815   0.23909248  0.65062183]
 [ 0.00360879  0.9373212  -0.34844765]
 [-0.693153    0.25350255  0.6747409 ]]"
20200220-220501.044217,70,[2.0171733 1.4457093 0.5173175],"[[ 0.5063228  -0.20138642  0.68852985]
 [ 0.50643635  0.68018997  0.1743639 ]
 [-0.48900226  0.6810003   0.20884317]
 [-0.49803212 -0.18172394  0.67224133]]","[[ 0.72041446  0.23810498  0.65139014]
 [ 0.00330788  0.9380294  -0.3465396 ]
 [-0.693536    0.25180686  0.67498237]]"
20200220-220501.044217,71,[2.027488  1.4479554 0.5152675],"[[ 0.50610155 -0.20506275  0.6877058 ]
 [ 0.50884885  0.6778566   0.17591895]
 [-0.4866019   0.6820998   0.21140197]
 [-0.49814937 -0.18220855  0.67187995]]","[[ 0.72196907  0.23455313  0.6509573 ]
 [ 0.00659348  0.93841636 -0.3454431 ]
 [-0.6918938   0.25369135  0.6759612 ]]"
20200220-220501.044217,72,[2.0373528  1.4511877  0.51372385],"[[ 0.5059072  -0.2100648   0.6864404 ]
 [ 0.5140755   0.6736879   0.17621818]
 [-0.48130363  0.6852381   0.21396315]
 [-0.49812776 -0.18018386  0.67228436]]","[[ 0.72551423  0.22810504  0.6493051 ]
 [ 0.01368923  0.9385034  -0.34499827]
 [-0.68807095  0.25918964  0.67777514]]"
20200220-220501.044217,73,[2.0462906  1.4500761  0.51192755],"[[ 0.5059909  -0.21031219  0.6861818 ]
 [ 0.510636    0.6755307   0.17958221]
 [-0.484904    0.68203497  0.21582575]
 [-0.4980882  -0.18508224  0.6710618 ]]","[[ 0.7233071   0.23041709  0.6509491 ]
 [ 0.00908991  0.93942636 -0.34263   ]
 [-0.6904665   0.2537438   0.67739934]]"
20200220-220501.044217,74,[2.056576  1.4560254 0.5095193],"[[ 0.50591815 -0.21346873  0.68526673]
 [ 0.5129796   0.6734578   0.18062125]
 [-0.48253196  0.6831184   0.21783641]
 [-0.49805772 -0.18502684  0.6710686 ]]","[[ 0.724965    0.2278016   0.650025  ]
 [ 0.01229604  0.9392952  -0.3428901 ]
 [-0.6886761   0.25657603  0.678155  ]]"
20200220-220501.044217,75,[2.066096   1.4573512  0.50694054],"[[ 0.50565106 -0.21568999  0.6848811 ]
 [ 0.5124458   0.6729776   0.1833675 ]
 [-0.4831195   0.6820623   0.22036938]
 [-0.49830922 -0.18806963  0.6698894 ]]","[[ 0.7244365   0.22727439  0.6507982 ]
 [ 0.0116481   0.9399159  -0.3412074 ]
 [-0.6892433   0.2547636   0.67826194]]"
20200220-220501.044217,76,[2.0754468 1.4569279 0.5058538],"[[ 0.50589013 -0.21340884  0.6852078 ]
 [ 0.50637376  0.67690235  0.18657859]
 [-0.48935473  0.6772419   0.2208499 ]
 [-0.4981897  -0.19391647  0.6685089 ]]","[[ 0.7204959   0.2330369   0.6531305 ]
 [ 0.00351026  0.94060665 -0.33948058]
 [-0.69345033  0.2468871   0.676885  ]]"
20200220-220501.044217,77,[2.0850399  1.456341   0.50480497],"[[ 0.5060988  -0.2113816   0.68547994]
 [ 0.50064355  0.6804981   0.18970007]
 [-0.4951641   0.6726358   0.22138326]
 [-0.49802876 -0.19950278  0.6671736 ]]","[[ 0.7167017   0.23834462  0.65538603]
 [-0.00417371  0.9412324  -0.3377344 ]
 [-0.6973675   0.23931943  0.6755774 ]]"
20200220-220501.044217,78,[2.0946615 1.4597555 0.5034723],"[[ 0.5058504  -0.2124921   0.6854502 ]
 [ 0.5006046   0.6800288   0.19089417]
 [-0.49524483  0.6723709   0.22260182]
 [-0.4982396  -0.20081055  0.66645765]]","[[ 0.71645766  0.23829502  0.6556705 ]
 [-0.00422164  0.94131726 -0.33749658]
 [-0.6976178   0.23903407  0.67542005]]"
20200220-220501.044217,79,[2.1041274 1.4651096 0.5007489],"[[ 0.50580376 -0.2142591   0.6849605 ]
 [ 0.50044364  0.679572    0.19280356]
 [-0.49542418  0.6716751   0.22445074]
 [-0.4982709  -0.20280062  0.66579133]]","[[ 0.71632195  0.23845038  0.6557625 ]
 [-0.00442905  0.94133234 -0.33745223]
 [-0.69775593  0.23882003  0.67535317]]"
20200220-220501.044217,80,[2.113926  1.4690074 0.4995067],"[[ 0.5059697  -0.21161065  0.6854649 ]
 [ 0.49487394  0.6831821   0.1951459 ]
 [-0.50100285  0.66740423  0.22422247]
 [-0.4980866  -0.20749593  0.66466594]]","[[ 0.712571    0.24473318  0.6575319 ]
 [-0.01183887  0.94124997 -0.33750314]
 [-0.7015001   0.23271053  0.67360497]]"
20200220-220501.044217,81,[2.12343   1.4762987 0.4979805],"[[ 0.50593233 -0.21210667  0.685367  ]
 [ 0.4948111   0.68302894  0.19570269]
 [-0.50108236  0.6672083   0.22478679]
 [-0.49810708 -0.2081229   0.66441214]]","[[ 0.71250093  0.24569291  0.6572498 ]
 [-0.01191917  0.940795   -0.33876657]
 [-0.70156974  0.23353766  0.67324585]]"
20200220-220501.044217,82,[2.1328108  1.4749694  0.49639022],"[[ 0.50575453 -0.21623582  0.68431586]
 [ 0.49754488  0.6803937   0.19742782]
 [-0.4984594   0.66838026  0.22778144]
 [-0.49819672 -0.20874539  0.6639653 ]]","[[ 0.7142874   0.24114138  0.65699655]
 [-0.00833287  0.9416282  -0.33655196]
 [-0.69980305  0.2349202   0.6746024 ]]"
20200220-220501.044217,83,[2.141784  1.4817889 0.4942872],"[[ 0.5055714  -0.21906017  0.6836778 ]
 [ 0.5001433   0.6781853   0.19793959]
 [-0.49591383  0.6698688   0.22952883]
 [-0.49832126 -0.20821501  0.66386825]]","[[ 0.7159813   0.2388173   0.65600103]
 [-0.00487909  0.94135743 -0.33737603]
 [-0.6981026   0.23835422  0.6751594 ]]"
20200220-220501.044217,84,[2.1517477 1.4789715 0.4922418],"[[ 0.5055374  -0.22189593  0.6827882 ]
 [ 0.5000211   0.67738324  0.20089073]
 [-0.4960932   0.66880065  0.23243462]
 [-0.49829924 -0.21123481  0.66288555]]","[[ 0.71588653  0.23690584  0.65679693]
 [-0.00505571  0.942412   -0.33441627]
 [-0.69819844  0.2360835   0.67585766]]"
20200220-220501.044217,85,[2.1622221  1.4916357  0.49126378],"[[ 0.5055185  -0.22262543  0.6825701 ]
 [ 0.5024816   0.67599076  0.19941674]
 [-0.4936516   0.67075896  0.23207335]
 [-0.4982686  -0.20870188  0.6636817 ]]","[[ 0.71766514  0.23660788  0.6549608 ]
 [-0.00174901  0.9411202  -0.33806792]
 [-0.69638634  0.24147406  0.6758229 ]]"
20200220-220501.044217,86,[2.171113  1.5022808 0.4890039],"[[ 0.5054619  -0.22477756  0.68191975]
 [ 0.5048884   0.67418253  0.19940384]
 [-0.49124765  0.67219883  0.23311071]
 [-0.4982691  -0.20761     0.66399056]]","[[ 0.71937823  0.23537394  0.6535245 ]
 [ 0.00148848  0.9403148  -0.3403029 ]
 [-0.6946171   0.24577928  0.67609155]]"
20200220-220501.044217,87,[2.180996  1.4990878 0.487085 ],"[[ 0.5057324  -0.22390726  0.68178433]
 [ 0.49929672  0.67732245  0.20357493]
 [-0.49689767  0.6672814   0.23463573]
 [-0.4980263  -0.21409084  0.662324  ]]","[[ 0.7156775   0.23968369  0.65601623]
 [-0.00599687  0.94134575 -0.33739007]
 [-0.69840497  0.23752846  0.67513734]]"
20200220-220501.044217,88,[2.1903453  1.5016786  0.48539576],"[[ 0.50570923 -0.22711396  0.68073004]
 [ 0.5016776   0.67523074  0.20464802]
 [-0.49457678  0.6683029   0.23678419]
 [-0.49796772 -0.21413551  0.66231364]]","[[ 0.71740943  0.2365096   0.6552763 ]
 [-0.00281732  0.9415853  -0.33676296]
 [-0.69664603  0.23975088  0.6761685 ]]"
20200220-220501.044217,89,[2.1996593  1.5042287  0.48371878],"[[ 0.50529903 -0.23031646  0.6801947 ]
 [ 0.5041981   0.6727728   0.20560904]
 [-0.4921101   0.6696717   0.23902081]
 [-0.49828258 -0.21417587  0.6617626 ]]","[[ 7.1885490e-01  2.3330094e-01  6.5484232e-01]
 [ 5.4530078e-04  9.4181257e-01 -3.3613867e-01]
 [-6.9516015e-01  2.4199201e-01  6.7689925e-01]]"
20200220-220501.044217,90,[2.209305  1.513483  0.4810044],"[[ 0.50521475 -0.23125225  0.6799652 ]
 [ 0.5039668   0.67256016  0.20676765]
 [-0.49235728  0.6691656   0.24003866]
 [-0.4983572  -0.21541317  0.6612682 ]]","[[ 7.1865046e-01  2.3461901e-01  6.5459585e-01]
 [ 2.4889779e-04  9.4127429e-01 -3.3764285e-01]
 [-6.9537169e-01  2.4281007e-01  6.7638874e-01]]"
20200220-220501.044217,91,[2.2202349  1.5105081  0.47977766],"[[ 0.50502694 -0.23491512  0.678949  ]
 [ 0.5062337   0.67021763  0.20837513]
 [-0.49011332  0.6700089   0.24277101]
 [-0.4984618  -0.21612875  0.6608102 ]]","[[ 0.72014624  0.23029162  0.6544886 ]
 [ 0.00331111  0.94215727 -0.33515546]
 [-0.6938144   0.24352802  0.6777283 ]]"
20200220-220501.044217,92,[2.2301464  1.5134128  0.47880387],"[[ 0.5047883  -0.23572291  0.6789791 ]
 [ 0.506109    0.6698499   0.20932378]
 [-0.49027568  0.6697353   0.24373357]
 [-0.49867043 -0.21723408  0.66012484]]","[[ 0.71985894  0.23037961  0.6547735 ]
 [ 0.00314793  0.9422208  -0.3349776 ]
 [-0.6941132   0.24319778  0.6775408 ]]"
20200220-220501.044217,93,[2.2398674 1.5117395 0.4774827],"[[ 0.5045795  -0.23924746  0.67799205]
 [ 0.5083058   0.6675724   0.21085478]
 [-0.48812813  0.6705325   0.24638511]
 [-0.49875396 -0.21793127  0.65966797]]","[[ 0.7212988   0.22644727  0.6545607 ]
 [ 0.00610715  0.9429286  -0.33293885]
 [-0.69259703  0.24414602  0.6787505 ]]"
20200220-220501.044217,94,[2.2507226  1.5196089  0.47692078],"[[ 0.5045306  -0.24043973  0.6776007 ]
 [ 0.51052004  0.6661383   0.21003738]
 [-0.48589233  0.67210525  0.2465796 ]
 [-0.49872556 -0.2161569   0.6602578 ]]","[[ 0.7228994   0.22514538  0.65324295]
 [ 0.00911995  0.94223106 -0.3348397 ]
 [-0.69089335  0.2480129   0.6790847 ]]"
20200220-220501.044217,95,[2.2609699  1.5164171  0.47516608],"[[ 0.5045102  -0.24271403  0.6767856 ]
 [ 0.5100043   0.66565937  0.21277992]
 [-0.4864735   0.6707947   0.24910437]
 [-0.49870723 -0.21913947  0.6592673 ]]","[[ 0.7225858   0.22378567  0.6540565 ]
 [ 0.00846761  0.9432146  -0.33207598]
 [-0.6912295   0.24549162  0.6796585 ]]"
20200220-220501.044217,96,[2.2705846 1.5174239 0.4732589],"[[ 0.5045798  -0.24118586  0.6771928 ]
 [ 0.5047618   0.66866976  0.21608596]
 [-0.49181482  0.6665455   0.2497819 ]
 [-0.4987312  -0.22456045  0.6575149 ]]","[[ 0.7189242   0.22899468  0.6562846 ]
 [ 0.00142981  0.943685   -0.33084258]
 [-0.695087    0.2387891   0.67811054]]"
20200220-220501.044217,97,[2.2806735  1.5210694  0.47243845],"[[ 0.5048209  -0.23856933  0.6777388 ]
 [ 0.49970815  0.6720185   0.21810164]
 [-0.49692568  0.6627392   0.24924639]
 [-0.4985108  -0.22858876  0.656489  ]]","[[ 0.71552587  0.23486951  0.6579206 ]
 [-0.0053401   0.9435999  -0.33104584]
 [-0.69856614  0.23335838  0.6764241 ]]"
20200220-220501.044217,98,[2.2901294  1.5235885  0.47098562],"[[ 0.50482345 -0.2414487   0.6766976 ]
 [ 0.5019431   0.67007643  0.21895143]
 [-0.4947447   0.66368484  0.25118622]
 [-0.49843174 -0.2285234   0.65654117]]","[[ 0.71718603  0.23195593  0.6571461 ]
 [-0.00234703  0.94377923 -0.33056885]
 [-0.69687796  0.23553701  0.67740947]]"
20200220-220501.044217,99,[2.2998855  1.5220077  0.46977994],"[[ 0.5046287  -0.24484357  0.6757119 ]
 [ 0.5041537   0.66782844  0.22034414]
 [-0.4926023   0.6645106   0.25372276]
 [-0.49852008 -0.22909072  0.656115  ]]","[[ 7.1864879e-01  2.2811326e-01  6.5689331e-01]
 [ 6.1535777e-04  9.4445360e-01 -3.2864493e-01]
 [-6.9537324e-01  2.3658448e-01  6.7858988e-01]]"
20200220-220501.044217,100,[2.3096666  1.5268891  0.46771124],"[[ 0.5045785  -0.24604972  0.67533004]
 [ 0.503967    0.66748405  0.22172105]
 [-0.49279982  0.663911    0.2549996 ]
 [-0.49856424 -0.23053563  0.65554917]]","[[ 7.1849579e-01  2.2847383e-01  6.5693510e-01]
 [ 3.8620114e-04  9.4437706e-01 -3.2886502e-01]
 [-6.9553119e-01  2.3654179e-01  6.7844254e-01]]"
20200220-220501.044217,101,[2.319156   1.5293015  0.46634194],"[[ 0.504171   -0.2488131   0.67484766]
 [ 0.5062113   0.6652672   0.22244431]
 [-0.4905919   0.66512394  0.2569463 ]
 [-0.49888003 -0.23048212  0.6550405 ]]","[[ 0.71977895  0.22566986  0.6564995 ]
 [ 0.00339964  0.9445302  -0.32840696]
 [-0.69419503  0.23861223  0.67908573]]"
20200220-220501.044217,102,[2.3309743  1.5358814  0.46281222],"[[ 0.5040967  -0.2506512   0.67423326]
 [ 0.50587004  0.66478795  0.22459683]
 [-0.4909551   0.6641323   0.25887814]
 [-0.4989443  -0.23272157  0.65417755]]","[[ 0.7195178   0.22619633  0.6566046 ]
 [ 0.00297755  0.94445676 -0.3286225 ]
 [-0.69446784  0.23840478  0.6788799 ]]"
20200220-220501.044217,103,[2.3410802 1.5366075 0.4611072],"[[ 0.5038549  -0.25226378  0.67393184]
 [ 0.5056116   0.66420007  0.22646025]
 [-0.49124795  0.6634008   0.26064226]
 [-0.49916208 -0.23473608  0.65314424]]","[[ 0.7191524   0.22572213  0.6571679 ]
 [ 0.00265674  0.9448659  -0.32744712]
 [-0.6948477   0.23723029  0.67890286]]"
20200220-220501.044217,104,[2.3509665  1.5440938  0.46025902],"[[ 0.50388664 -0.24911255  0.67501336]
 [ 0.5008178   0.6674537   0.22775294]
 [-0.49608892  0.6601846   0.2594353 ]
 [-0.49917424 -0.237917    0.65205705]]","[[ 0.71571887  0.2323841   0.6585925 ]
 [-0.00376332  0.94428694 -0.32910153]
 [-0.6983782   0.23306571  0.6767187 ]]"
20200220-220501.044217,105,[2.3614414  1.5427821  0.45977125],"[[ 0.50385463 -0.2503853   0.674563  ]
 [ 0.5007746   0.66701007  0.22908048]
 [-0.49618387  0.6596533   0.2607576 ]
 [-0.4991561  -0.2392948   0.6515309 ]]","[[ 0.71566784  0.23141776  0.65898806]
 [-0.00384514  0.94480425 -0.32761252]
 [-0.69843     0.23192787  0.6770562 ]]"
20200220-220501.044217,106,[2.3706424  1.5492625  0.45831454],"[[ 0.5036676  -0.2525065   0.67402387]
 [ 0.50302714  0.6651574   0.22913481]
 [-0.49395686  0.6609951   0.26202184]
 [-0.49928856 -0.23851955  0.65156245]]","[[ 7.1714753e-01  2.2961459e-01  6.5800947e-01]
 [-8.4664626e-04  9.4445240e-01 -3.2864702e-01]
 [-6.9692093e-01  2.3513132e-01  6.7750615e-01]]"
20200220-220501.044217,107,[2.3826547  1.5491984  0.45684937],"[[ 0.5036585  -0.25402486  0.6734483 ]
 [ 0.5027769   0.66473913  0.23088244]
 [-0.49422348  0.6601734   0.26361844]
 [-0.49928653 -0.240342    0.6508965 ]]","[[ 0.7169807   0.22896664  0.6584173 ]
 [-0.00116874  0.94491184 -0.32732326]
 [-0.6970923   0.23391494  0.67775106]]"
20200220-220501.044217,108,[2.3937604 1.550199  0.4557553],"[[ 0.50369936 -0.25664145  0.6723959 ]
 [ 0.5048143   0.66295296  0.23160957]
 [-0.49218574  0.6609911   0.2653913 ]
 [-0.49920198 -0.24024807  0.6510058 ]]","[[ 0.7185295   0.22600274  0.6577522 ]
 [ 0.00158023  0.94519776 -0.32649484]
 [-0.6954946   0.23563555  0.6787954 ]]"
20200220-220501.044217,109,[2.4037013  1.5485909  0.45476684],"[[ 0.50351    -0.25971103  0.67143583]
 [ 0.5068395   0.660866    0.23281549]
 [-0.49021137  0.6617079   0.2677026 ]
 [-0.49928385 -0.24072643  0.65062   ]]","[[ 0.71987337  0.22247694  0.6574849 ]
 [ 0.00429579  0.94579446 -0.32473728]
 [-0.6940922   0.23659411  0.6798966 ]]"
20200220-220501.044217,110,[2.4126306 1.5552655 0.453395 ],"[[ 0.5035749  -0.25864893  0.6717099 ]
 [ 0.5043465   0.66241276  0.2340958 ]
 [-0.49274996  0.65977824  0.26757562]
 [-0.4992443  -0.24290559  0.64992976]]","[[ 0.7181626   0.2261196   0.65811294]
 [ 0.00097003  0.94540745 -0.3258891 ]
 [-0.6958748   0.23467973  0.6787369 ]]"
20200220-220501.044217,111,[2.4219732  1.5578022  0.45226178],"[[ 0.50346553 -0.25820473  0.6719944 ]
 [ 0.50199145  0.66352737  0.23584792]
 [-0.49515948  0.6578288   0.26810384]
 [-0.49934345 -0.24560729  0.6487831 ]]","[[ 0.71636474  0.22867349  0.6591889 ]
 [-0.00219323  0.94550097 -0.3256121 ]
 [-0.6977227   0.23181129  0.67782503]]"
20200220-220501.044217,112,[2.4319053  1.562575   0.45051715],"[[ 0.5034322  -0.2591733   0.6716581 ]
 [ 0.5018039   0.66324264  0.23698628]
 [-0.49535254  0.6572874   0.26913145]
 [-0.49937445 -0.24680342  0.6482909 ]]","[[ 0.7162216   0.22911693  0.65919054]
 [-0.00242127  0.9453811  -0.3259583 ]
 [-0.69786876  0.23186225  0.67765695]]"
20200220-220501.044217,113,[2.4413524  1.5650096  0.44942364],"[[ 0.5037303  -0.25870606  0.67139065]
 [ 0.49934325  0.6646813   0.23880942]
 [-0.49784744  0.6550035   0.2695493 ]
 [-0.4990594  -0.2494808   0.64772505]]","[[ 0.7147242   0.23163009  0.6599373 ]
 [-0.0056934   0.94546306 -0.32568023]
 [-0.69938356  0.22901422  0.6770638 ]]"
20200220-220501.044217,114,[2.4516833  1.5657084  0.44792357],"[[ 0.50391215 -0.26022714  0.6705433 ]
 [ 0.49915776  0.664329    0.24050201]
 [-0.49805388  0.65410507  0.27109244]
 [-0.49885494 -0.2511876   0.6473324 ]]","[[ 0.71476984  0.23105621  0.6600887 ]
 [-0.00593627  0.94581753 -0.32464427]
 [-0.6993347   0.22812743  0.6774133 ]]"
20200220-220501.044217,115,[2.4623282 1.5668464 0.446313 ],"[[ 0.5038784  -0.2618372   0.6699453 ]
 [ 0.49909186  0.6637458   0.24217927]
 [-0.49816838  0.6533904   0.27274856]
 [-0.49884114 -0.252911    0.64663047]]","[[ 0.71469176  0.2304926   0.6603703 ]
 [-0.00605835  0.94614655 -0.323682  ]
 [-0.6994135   0.22733207  0.6775995 ]]"
20200220-220501.044217,116,[2.4726853  1.5676054  0.44487566],"[[ 0.504056   -0.26328164  0.6691242 ]
 [ 0.49888235  0.66341895  0.24382195]
 [-0.4983982   0.6524945   0.27422395]
 [-0.49864182 -0.2545769   0.64623916]]","[[ 0.7147243   0.22997099  0.660517  ]
 [-0.00631741  0.9464808  -0.32269862]
 [-0.6993779   0.22646776  0.67792547]]"
