Timestamp,Epoch,s,u,v
20200225-021404.699108,0,[1.8908873  1.4529485  0.90271914],"[[ 0.25261718 -0.5091416   0.6541392 ]
 [ 0.77108145 -0.37308192 -0.23945875]
 [ 0.57285875  0.63714945 -0.10969298]
 [ 0.11598034  0.44229564  0.709034  ]]","[[ 0.5817778  -0.70273626  0.40950766]
 [ 0.7460227   0.26047778 -0.6128634 ]
 [ 0.32401368  0.6620522   0.67579734]]"
20200225-021404.699108,1,[1.8727332 1.4590698 0.8965664],"[[ 0.24563417 -0.5089892   0.65700454]
 [ 0.779108   -0.3642871  -0.22624196]
 [ 0.5683675   0.6432638  -0.09674118]
 [ 0.09804727  0.44094965  0.7126018 ]]","[[ 0.58321714 -0.69825006  0.415096  ]
 [ 0.75138146  0.2695338  -0.6023102 ]
 [ 0.3086807   0.6631731   0.6818489 ]]"
20200225-021404.699108,2,[1.8600922  1.4654397  0.88967925],"[[ 0.2372558  -0.50935316  0.6599088 ]
 [ 0.7859936  -0.35734302 -0.21258913]
 [ 0.5651396   0.64795536 -0.0838016 ]
 [ 0.08087419  0.43933955  0.7157539 ]]","[[ 0.5831932  -0.6948627   0.4207752 ]
 [ 0.75691086  0.27677417 -0.59201527]
 [ 0.2949096   0.66374844  0.68736196]]"
20200225-021404.699108,3,[1.8440526  1.4713695  0.88536036],"[[ 0.23540154 -0.508029    0.6618806 ]
 [ 0.79342294 -0.34582743 -0.20273083]
 [ 0.5575967   0.655917   -0.07391437]
 [ 0.0644372   0.43827206  0.7178793 ]]","[[ 0.5878653  -0.68831223  0.42501804]
 [ 0.75930285  0.28825152 -0.5834123 ]
 [ 0.27905774  0.66568536  0.69209087]]"
20200225-021404.699108,4,[1.8232965  1.4790578  0.88060564],"[[ 0.2239131  -0.508729    0.66502655]
 [ 0.79621273 -0.3469876  -0.19026418]
 [ 0.5594157   0.65486646 -0.06535528]
 [ 0.05442523  0.4381146   0.71921337]]","[[ 0.5827324  -0.6880047   0.43251872]
 [ 0.766183    0.28771105 -0.57461816]
 [ 0.27089953  0.6662372   0.69479614]]"
20200225-021404.699108,5,[1.8061066 1.4865773 0.8741094],"[[ 0.21243654  0.50948673  0.66813374]
 [ 0.8000702   0.3455775  -0.17620632]
 [ 0.5595408  -0.6556043  -0.05440046]
 [ 0.04089835 -0.43724483  0.7208259 ]]","[[ 0.578695    0.6866789   0.43998224]
 [ 0.7729542  -0.2897463  -0.564437  ]
 [ 0.2601036  -0.66672295  0.69844604]]"
20200225-021404.699108,6,[1.790835  1.4936477 0.8698551],"[[ 0.20553185  0.50933963  0.6703303 ]
 [ 0.80385566  0.3420115  -0.16572858]
 [ 0.55740577 -0.65790576 -0.04639434]
 [ 0.02951952 -0.43676195  0.7218301 ]]","[[ 0.57753056  0.6839424   0.4457369 ]
 [ 0.77725136 -0.29367498 -0.55644876]
 [ 0.24967714 -0.66781586  0.70120126]]"
20200225-021404.699108,7,[1.7848519 1.5004165 0.8655313],"[[ 0.20152245  0.5091535   0.6716657 ]
 [ 0.8082352   0.3357043  -0.1569903 ]
 [ 0.55300987 -0.6619891  -0.03886409]
 [ 0.01801088 -0.43570167  0.7229862 ]]","[[ 0.57894874  0.6802822   0.44948244]
 [ 0.7794877  -0.3000573  -0.5498767 ]
 [ 0.23920085 -0.6687165   0.70398945]]"
20200225-021404.699108,8,[1.7692208 1.5069605 0.8601094],"[[ 1.9844188e-01  5.0817132e-01  6.7341727e-01]
 [ 8.1504422e-01  3.2394561e-01 -1.4545825e-01]
 [ 5.4435587e-01 -6.6969252e-01 -2.8687268e-02]
 [ 7.4102625e-04 -4.3397373e-01  7.2424310e-01]]","[[ 0.58318055  0.6730167   0.45491675]
 [ 0.7815334  -0.3120701  -0.5402017 ]
 [ 0.2215989  -0.67056775  0.70797807]]"
20200225-021404.699108,9,[1.7684773  1.5131222  0.85402346],"[[ 0.19575866  0.5083545   0.6740439 ]
 [ 0.820788    0.3133945  -0.13582787]
 [ 0.5364598  -0.6762726  -0.01917345]
 [-0.01402263 -0.43129435  0.725843  ]]","[[ 0.587185    0.6675931   0.45774797]
 [ 0.7822611  -0.32266706 -0.53287303]
 [ 0.20804216 -0.6709734   0.71169734]]"
20200225-021404.699108,10,[1.7565448 1.5179199 0.8482245],"[[ 0.20275247  0.5052348   0.6747562 ]
 [ 0.83199084  0.2859251  -0.12539849]
 [ 0.5149169  -0.69348586 -0.0075862 ]
 [-0.0392863  -0.42668718  0.7272702 ]]","[[ 0.60267     0.65129256  0.46109307]
 [ 0.7775952  -0.34950578 -0.52267706]
 [ 0.17926098 -0.6735455   0.7170787 ]]"
20200225-021404.699108,11,[1.7430713 1.524258  0.8426481],"[[ 0.20309314  0.50337535  0.6761076 ]
 [ 0.839214    0.26876116 -0.11410872]
 [ 0.5010491  -0.70363164  0.00207085]
 [-0.05850849 -0.4234187   0.7279106 ]]","[[ 0.61050034  0.6401877   0.46631494]
 [ 0.7761616  -0.36637378 -0.51317024]
 [ 0.15767959 -0.67522615  0.7205602 ]]"
20200225-021404.699108,12,[1.7314042 1.5321251 0.8355549],"[[ 0.1953368   0.5035505   0.67831963]
 [ 0.84271777  0.2627949  -0.10072151]
 [ 0.4962517  -0.70691836  0.0118484 ]
 [-0.07351685 -0.42147663  0.72773457]]","[[ 0.6098568   0.6355994   0.47337958]
 [ 0.7794019  -0.37282264 -0.50352377]
 [ 0.14355277 -0.6760303   0.7227557 ]]"
20200225-021404.699108,13,[1.723554   1.5383186  0.83175296],"[[ 0.20024548  0.5006823   0.67913646]
 [ 0.84942883  0.24289747 -0.09281877]
 [ 0.47971368 -0.71818507  0.01866174]
 [-0.09081618 -0.41776574  0.7278809 ]]","[[ 0.6206745   0.62232876  0.47693834]
 [ 0.7744766  -0.3917567  -0.49670196]
 [ 0.12226812 -0.6776678   0.7251324 ]]"
20200225-021404.699108,14,[1.7120245 1.5432522 0.8248189],"[[ 0.2108551   0.4958263   0.679722  ]
 [ 0.860059    0.20623098 -0.08071336]
 [ 0.44878262 -0.73771155  0.03030567]
 [-0.12013576 -0.40915385  0.72838527]]","[[ 0.6404451   0.5982745   0.4815575 ]
 [ 0.76325816 -0.42622566 -0.48556018]
 [ 0.08524612 -0.6785273   0.7296121 ]]"
20200225-021404.699108,15,[1.702006  1.5475515 0.8178298],"[[ 0.225277    0.48929074  0.68007416]
 [ 0.8701323   0.16269569 -0.06884315]
 [ 0.41124493 -0.7589232   0.04183898]
 [-0.15165079 -0.39769366  0.7287039 ]]","[[ 0.66362166  0.56873417  0.4859505 ]
 [ 0.7468082  -0.4659883  -0.47448143]
 [ 0.04340655 -0.6777878   0.73397523]]"
20200225-021404.699108,16,[1.7012954 1.5507464 0.8110437],"[[ 0.24021673  0.4831972   0.6796007 ]
 [ 0.87729657  0.12119722 -0.0594813 ]
 [ 0.37487218 -0.77712405  0.0523656 ]
 [-0.17921443 -0.3845906   0.7292892 ]]","[[ 0.6851614   0.54082495  0.48791632]
 [ 0.72836137 -0.5026185  -0.46568716]
 [ 0.00661945 -0.6744502   0.7382907 ]]"
20200225-021404.699108,17,[1.6934963  1.5565653  0.80248284],"[[ 0.24960214  0.47744313  0.68035185]
 [ 0.8823875   0.08365566 -0.04595195]
 [ 0.34091264 -0.7917963   0.06337663]
 [-0.20704988 -0.37162957  0.72869277]]","[[ 0.7018697   0.51340246  0.49375764]
 [ 0.7116391  -0.5353786  -0.45490575]
 [-0.0307975  -0.670662    0.7411234 ]]"
20200225-021404.699108,18,[1.6863666 1.5637567 0.7951503],"[[ 0.2565703   0.47212037  0.6813795 ]
 [ 0.88538027  0.05248669 -0.0337552 ]
 [ 0.31206426 -0.8027418   0.07178127]
 [-0.22997719 -0.36049005  0.7276193 ]]","[[ 0.71471006  0.48924205  0.4998315 ]
 [ 0.6966148  -0.5618792  -0.44611588]
 [-0.06258628 -0.66703355  0.7423941 ]]"
20200225-021404.699108,19,[1.686953  1.569345  0.7907923],"[[ 0.2661871   0.46620306  0.6820704 ]
 [ 0.8865403   0.02464464 -0.02706115]
 [ 0.28642732 -0.8119866   0.07726959]
 [-0.24728549 -0.35032123  0.726689  ]]","[[ 0.7271082   0.467492    0.50275725]
 [ 0.6809054  -0.5845681  -0.44118902]
 [-0.0876435  -0.6631224   0.7433622 ]]"
20200225-021404.699108,20,[1.6851044 1.5743053 0.7845181],"[[ 0.27973196  0.4576839   0.6826758 ]
 [ 0.8867497  -0.01510369 -0.01765683]
 [ 0.24919386 -0.82361686  0.0849313 ]
 [-0.2707908  -0.3345931   0.72555393]]","[[ 0.7436288   0.4360427   0.50683606]
 [ 0.6571559  -0.61629707 -0.43396306]
 [-0.12313518 -0.6557777   0.74484444]]"
20200225-021404.699108,21,[1.6844107  1.578902   0.77818286],"[[ 0.29538974  0.4478717   0.6825184 ]
 [ 0.88505846 -0.05925683 -0.00848871]
 [ 0.2071446  -0.834266    0.09235157]
 [-0.2941211  -0.31606942  0.72496027]]","[[ 0.76095927  0.4007565   0.51023066]
 [ 0.628608   -0.6500766  -0.4269102 ]
 [-0.16060193 -0.64559627  0.74660057]]"
20200225-021404.699108,22,[1.6858943 1.5862484 0.7749842],"[[ 0.3044172   0.44067565  0.6832033 ]
 [ 0.88296807 -0.08522931 -0.00307979]
 [ 0.18210162 -0.83967334  0.09523672]
 [-0.30746794 -0.30576035  0.7239848 ]]","[[ 0.7705153   0.3781349   0.5131473 ]
 [ 0.610614   -0.6688758  -0.42397574]
 [-0.1829119  -0.6400149   0.74627364]]"
20200225-021404.699108,23,[1.6899725  1.5900537  0.76681805],"[[ 0.31701854  0.43286332  0.68260306]
 [ 0.8782374  -0.1237332   0.00632872]
 [ 0.14440309 -0.84598875  0.10407088]
 [-0.32763693 -0.28569642  0.72331345]]","[[ 0.78331167  0.34718361  0.51564157]
 [ 0.5833644  -0.69708914 -0.41683656]
 [-0.21472934 -0.6273199   0.74857277]]"
20200225-021404.699108,24,[1.6947263 1.5923706 0.7614152],"[[ 0.333461    0.42141166  0.68219924]
 [ 0.870893   -0.16610378  0.01294941]
 [ 0.10263382 -0.8514204   0.11073136]
 [-0.3461436  -0.26439568  0.7226166 ]]","[[ 0.79709417  0.31154487  0.51728195]
 [ 0.5507709  -0.7262985  -0.41126862]
 [-0.24757254 -0.61272377  0.7505181 ]]"
20200225-021404.699108,25,[1.6914763 1.5936326 0.7550198],"[[ 0.36465392  0.3944621   0.68224597]
 [ 0.8513995  -0.24673626  0.02362671]
 [ 0.02146633 -0.85615295  0.11820631]
 [-0.3764118  -0.22477372  0.7211169 ]]","[[ 0.8186949   0.23827982  0.5224571 ]
 [ 0.48317802 -0.77749133 -0.40254977]
 [-0.3102863  -0.58200526  0.75165975]]"
20200225-021404.699108,26,[1.6945113 1.5956094 0.7488448],"[[ 0.38188252  0.37830204  0.68209004]
 [ 0.83560795 -0.29469404  0.03178558]
 [-0.0282127  -0.85508376  0.12483135]
 [-0.3938645  -0.19716752  0.7198335 ]]","[[ 0.82841104  0.19361089  0.52559525]
 [ 0.43978342 -0.8059504  -0.39627606]
 [-0.34688026 -0.55942744  0.75280505]]"
20200225-021404.699108,27,[1.6955029  1.5981755  0.74186754],"[[ 0.40279254  0.3554658   0.6822709 ]
 [ 0.8115489  -0.35467222  0.04178404]
 [-0.09159847 -0.8495225   0.13133065]
 [-0.41322693 -0.1617511   0.71799225]]","[[ 0.83696973  0.13468386  0.53041697]
 [ 0.381603   -0.83835953 -0.3892722 ]
 [-0.39225146 -0.52821773  0.7530771 ]]"
20200225-021404.699108,28,[1.6985298 1.5934339 0.734528 ],"[[ 0.42726195  0.32726327  0.6815366 ]
 [ 0.7772345  -0.42330208  0.05253224]
 [-0.16597404 -0.83671665  0.14008112]
 [-0.43105242 -0.1167018   0.71632785]]","[[ 0.8424611   0.0661458   0.5346814 ]
 [ 0.30937973 -0.8718847  -0.37960687]
 [-0.44107112 -0.48522365  0.75499296]]"
20200225-021404.699108,29,[1.7021852 1.5941951 0.7277359],"[[ 0.44266918  0.30598134  0.68152416]
 [ 0.7484926  -0.47117445  0.0619331 ]
 [-0.21947066 -0.8231244   0.14613481]
 [-0.44230714 -0.08268092  0.71437633]]","[[ 0.8420646   0.01508753  0.5391657 ]
 [ 0.2548425  -0.89212775 -0.37304625]
 [-0.47537625 -0.45153135  0.7550742 ]]"
20200225-021404.699108,30,[1.7081754 1.5900548 0.722541 ],"[[ 0.45416692  0.2904452   0.6808524 ]
 [ 0.72458416 -0.50600874  0.06947039]
 [-0.25937334 -0.8103095   0.15250656]
 [-0.44881603 -0.05472745  0.7129907 ]]","[[ 0.8401112  -0.02175986  0.54197776]
 [ 0.21274129 -0.9059159  -0.3661385 ]
 [-0.49895355 -0.42289808  0.7564408 ]]"
20200225-021404.699108,31,[1.715406   1.5895146  0.71665996],"[[ 0.46086654  0.28113744  0.6803904 ]
 [ 0.7072985  -0.52868354  0.07660832]
 [-0.2861534  -0.80018884  0.15823728]
 [-0.45326293 -0.03396139  0.71144986]]","[[ 0.83741236 -0.04632431  0.5446051 ]
 [ 0.18393189 -0.914404   -0.3606027 ]
 [-0.5146937  -0.40214336  0.75721276]]"
20200225-021404.699108,32,[1.7215695  1.5865955  0.71261805],"[[ 0.47019267  0.26575297  0.68016344]
 [ 0.6832072  -0.5585038   0.08331534]
 [-0.3213326  -0.7857272   0.16264425]
 [-0.4570478  -0.00905654  0.7099181 ]]","[[ 0.83267117 -0.08028609  0.54791707]
 [ 0.14458343 -0.92359596 -0.35505795]
 [-0.53456026 -0.3748662   0.7574436 ]]"
20200225-021404.699108,33,[1.7271492 1.5853138 0.7097783],"[[ 0.4793706   0.24741508  0.68049735]
 [ 0.6561323  -0.5893783   0.08930537]
 [-0.35816175 -0.76887494  0.16509491]
 [-0.45979816  0.01582187  0.70830196]]","[[ 0.82562095 -0.11770643  0.5518107 ]
 [ 0.10187673 -0.9308238  -0.35098165]
 [-0.55495137 -0.3459945   0.75651616]]"
20200225-021404.699108,34,[1.737663   1.5907819  0.70536536],"[[ 0.47443157  0.26077637  0.67929316]
 [ 0.6687507  -0.57424676  0.09131569]
 [-0.34104964 -0.7759814   0.16932392]
 [-0.45975187  0.00944121  0.7082033 ]]","[[ 0.82934576 -0.09777836  0.55011344]
 [ 0.12248001 -0.9288066  -0.34973806]
 [-0.5451458  -0.3574318   0.7583262 ]]"
20200225-021404.699108,35,[1.7475955 1.5891849 0.6994703],"[[ 0.47255796  0.26879483  0.67791617]
 [ 0.67162406 -0.5694396   0.09636698]
 [-0.33680683 -0.7767288   0.1761647 ]
 [-0.46062067  0.01341508  0.707184  ]]","[[ 0.83033043 -0.08930861  0.5500684 ]
 [ 0.1282619  -0.9299471  -0.34459725]
 [-0.5423101  -0.35668245  0.7607086 ]]"
20200225-021404.699108,36,[1.7553947  1.5867921  0.69203347],"[[ 0.4765809   0.26418808  0.6770159 ]
 [ 0.6570219  -0.58458847  0.10488245]
 [-0.35627457 -0.7664378   0.18294552]
 [-0.46288383  0.03215058  0.70511   ]]","[[ 0.8262926  -0.10603432  0.55317014]
 [ 0.10616224 -0.9351963  -0.33784187]
 [-0.55314565 -0.337882    0.76148903]]"
20200225-021404.699108,37,[1.7655795 1.5901327 0.685817 ],"[[ 0.47328246  0.27453658  0.67552274]
 [ 0.6639494  -0.5755369   0.10884839]
 [-0.3468052  -0.76966095  0.18864252]
 [-0.4635752   0.03177179  0.7044394 ]]","[[ 0.8283895  -0.09322917  0.55233973]
 [ 0.11804992 -0.9348504  -0.33484203]
 [-0.5475721  -0.34258318  0.76341444]]"
20200225-021404.699108,38,[1.7731607 1.59038   0.6807339],"[[ 0.47545078 -0.27206203  0.6752534 ]
 [ 0.65507716  0.5841852   0.11447237]
 [-0.35838184  0.76342183  0.19313262]
 [-0.46517032 -0.04355866  0.7025875 ]]","[[ 0.8257313   0.10328029  0.55452794]
 [ 0.10484304  0.93786097 -0.33079427]
 [-0.5542347   0.3312856   0.76359284]]"
20200225-021404.699108,39,[1.7820468  1.5844547  0.67506075],"[[ 0.4773762  -0.27281418  0.6737896 ]
 [ 0.64795846  0.5904517   0.12116023]
 [-0.36744475  0.7575152   0.19982617]
 [-0.46609697 -0.05576495  0.70099777]]","[[ 0.8240146   0.10837235  0.5561075 ]
 [ 0.09476671  0.9413445  -0.32386702]
 [-0.5585869   0.31957158  0.7654116 ]]"
20200225-021404.699108,40,[1.7911409 1.5786414 0.6694901],"[[ 0.47884873 -0.27454445  0.6722631 ]
 [ 0.6422274   0.5950305   0.12757012]
 [-0.3745747   0.75240403  0.20644288]
 [-0.46684277 -0.06672864  0.69940674]]","[[ 0.8226393   0.11152038  0.55751973]
 [ 0.08685549  0.94441694 -0.3170695 ]
 [-0.5618906   0.3092574   0.76722807]]"
20200225-021404.699108,41,[1.8004141  1.5821959  0.66291577],"[[ 0.4783269  -0.27854475  0.67110544]
 [ 0.6411298   0.5949227   0.13263437]
 [-0.37580845  0.75049615  0.2112486 ]
 [-0.4678929  -0.07235742  0.69813985]]","[[ 0.82234085  0.11062014  0.55813867]
 [ 0.08595821  0.94550955 -0.31404263]
 [-0.5624649   0.30622658  0.76802236]]"
20200225-021404.699108,42,[1.8087697 1.5851269 0.6556085],"[[ 0.4797627  -0.2775885   0.6705758 ]
 [ 0.63289213  0.6019922   0.13939703]
 [-0.38603035  0.74398166  0.21589446]
 [-0.46931395 -0.08390969  0.6959067 ]]","[[ 0.8193813   0.11950665  0.5606535 ]
 [ 0.07409105  0.9477468  -0.31030032]
 [-0.5684405   0.2957937   0.76771176]]"
20200225-021404.699108,43,[1.8157291 1.59205   0.6516089],"[[ 0.48152655 -0.27366126  0.6709081 ]
 [ 0.6247329   0.6095765   0.14312227]
 [-0.39599496  0.7382698   0.21715806]
 [-0.47013718 -0.09210884  0.69443554]]","[[ 0.81629276  0.1305852   0.5626845 ]
 [ 0.06194953  0.94870263 -0.31004134]
 [-0.5743071   0.28794253  0.76632935]]"
20200225-021404.699108,44,[1.8234034 1.5873839 0.6467495],"[[ 0.48547038 -0.26813698  0.670193  ]
 [ 0.6102818   0.6224584   0.15021217]
 [-0.41322446  0.7272972   0.22142434]
 [-0.470234   -0.10810471  0.6922782 ]]","[[ 0.81125236  0.1461797   0.5661282 ]
 [ 0.0408236   0.9517194  -0.30424258]
 [-0.58326924  0.26992884  0.7661171 ]]"
20200225-021404.699108,45,[1.8307487 1.5909946 0.644341 ],"[[ 0.48886865 -0.25999004  0.67076445]
 [ 0.5967451   0.63468707  0.15404055]
 [-0.428859    0.717832    0.22179501]
 [-0.47008845 -0.11955913  0.69076306]]","[[ 0.80590343  0.16344436  0.56903946]
 [ 0.02101189  0.9526372  -0.3033826 ]
 [-0.5916743   0.2564536   0.7642993 ]]"
20200225-021404.699108,46,[1.8403367 1.5855013 0.6393304],"[[ 0.48894098 -0.26463985  0.6691256 ]
 [ 0.5956438   0.63409007  0.15941487]
 [-0.42993596  0.7155326   0.2276961 ]
 [-0.47042567 -0.12612978  0.68921125]]","[[ 0.8057997   0.16062576  0.569988  ]
 [ 0.02007407  0.9545494  -0.29737607]
 [-0.59184784  0.25106746  0.7659512 ]]"
20200225-021404.699108,47,[1.8481979 1.583203  0.6364105],"[[ 0.49107754 -0.26156062  0.66873604]
 [ 0.5867391   0.6411823   0.16402578]
 [-0.43989366  0.7085157   0.23035711]
 [-0.47018453 -0.1359281   0.68762153]]","[[ 0.8022644   0.16965845  0.5723527 ]
 [ 0.00742702  0.9558541  -0.29374754]
 [-0.59692246  0.23991406  0.7655877 ]]"
20200225-021404.699108,48,[1.857223   1.5811617  0.63423496],"[[ 0.49163637 -0.26249373  0.668095  ]
 [ 0.5842056   0.6425274   0.16704364]
 [-0.4425743   0.70602196  0.2331699 ]
 [-0.47024035 -0.14067388  0.6865693 ]]","[[ 0.80140793  0.17065287  0.5732566 ]
 [ 0.00413554  0.95682955 -0.2906202 ]
 [-0.5981041   0.23527604  0.76610506]]"
20200225-021404.699108,49,[1.8669503 1.5762739 0.6293798],"[[ 0.4915182  -0.26735538  0.6664666 ]
 [ 0.58375585  0.64130443  0.17216323]
 [-0.4429092   0.7041353   0.23870353]
 [-0.4706066  -0.14643438  0.6849836 ]]","[[ 0.80151105  0.16720407  0.574128  ]
 [ 0.00412627  0.9585431  -0.28491813]
 [-0.5979657   0.23073398  0.7675928 ]]"
20200225-021404.699108,50,[1.8767401  1.5716736  0.62455916],"[[ 0.49137193 -0.2722622   0.66481084]
 [ 0.58353937  0.63986367  0.17710485]
 [-0.44298363  0.70240146  0.24416792]
 [-0.47095737 -0.15192159  0.683405  ]]","[[ 0.80170834  0.16356619  0.5749    ]
 [ 0.00441551  0.96018183 -0.27934104]
 [-0.59769934  0.22648852  0.76906353]]"
20200225-021404.699108,51,[1.8865778 1.5671133 0.6198797],"[[ 0.49124673 -0.27702567  0.6631501 ]
 [ 0.58329964  0.63844764  0.18192075]
 [-0.4430851   0.7006443   0.24949098]
 [-0.47128958 -0.15728527  0.68182915]]","[[ 0.8018986   0.16002394  0.57563096]
 [ 0.00466308  0.9617577  -0.2738623 ]
 [-0.5974419   0.22229396  0.7704858 ]]"
20200225-021404.699108,52,[1.8968359  1.5754386  0.61805296],"[[ 0.48989344 -0.28016368  0.6631127 ]
 [ 0.58742046  0.6344294   0.18148856]
 [-0.43831718  0.70363283  0.25019908]
 [-0.47203773 -0.15462308  0.6817213 ]]","[[ 0.80367064  0.15563641  0.5743611 ]
 [ 0.01097834  0.9611504  -0.27580717]
 [-0.59497297  0.22796366  0.7707398 ]]"
20200225-021404.699108,53,[1.9069256  1.5774108  0.61484987],"[[ 0.48918366 -0.28391135  0.6622796 ]
 [ 0.58917934  0.6318738   0.18362229]
 [-0.43617448  0.7041265   0.25310782]
 [-0.4725665  -0.15599903  0.6808853 ]]","[[ 0.8045766   0.15192217  0.57408744]
 [ 0.01403415  0.9615886  -0.2741362 ]
 [-0.59368324  0.22862041  0.77153945]]"
20200225-021404.699108,54,[1.9161068  1.5759019  0.61296153],"[[ 0.48970821 -0.28466773  0.66168165]
 [ 0.5869088   0.63303894  0.18628328]
 [-0.4385924   0.7018384   0.2554923 ]
 [-0.4726103  -0.16015132  0.67985266]]","[[ 0.8038136   0.15287422  0.574903  ]
 [ 0.01107689  0.96240216 -0.27140263]
 [-0.5947783   0.22452515  0.77189857]]"
20200225-021404.699108,55,[1.9251839 1.5782231 0.6097909],"[[ 0.48868206 -0.28854114  0.6611468 ]
 [ 0.58908206  0.62996906  0.18821381]
 [-0.43598762  0.7027803   0.25841132]
 [-0.4733788  -0.16119234  0.6787372 ]]","[[ 0.8046617   0.14885724  0.5747707 ]
 [ 0.01471912  0.9627625  -0.2699478 ]
 [-0.5935512   0.22567675  0.77250695]]"
20200225-021404.699108,56,[1.9331778 1.5811547 0.6069247],"[[ 0.49013507 -0.28624406  0.6609157 ]
 [ 0.5829321   0.6348317   0.19146797]
 [-0.44280297  0.69785553  0.25954267]
 [-0.473163   -0.16748343  0.67761934]]","[[ 0.8021137   0.15600996  0.5764326 ]
 [ 0.00590342  0.9631531  -0.26888955]
 [-0.5971422   0.2190829   0.77163714]]"
20200225-021404.699108,57,[1.9421839 1.5826664 0.6030185],"[[ 0.4904705  -0.2871443   0.6603767 ]
 [ 0.5800314   0.6362555   0.19502105]
 [-0.44591492  0.6949568   0.26215062]
 [-0.47345755 -0.17251681  0.67612594]]","[[ 0.80082846  0.1581614   0.57763195]
 [ 0.00208426  0.96375644 -0.26677558]
 [-0.5988903   0.21484543  0.7714738 ]]"
20200225-021404.699108,58,[1.9510393 1.5860049 0.6019218],"[[ 0.4912181  -0.2845575   0.6610828 ]
 [ 0.57534117  0.6397808   0.19673122]
 [-0.450922    0.69176674  0.26222673]
 [-0.47366276 -0.17653987  0.6749099 ]]","[[ 0.7984942   0.16400768  0.5792311 ]
 [-0.00445416  0.96375704 -0.26674497]
 [-0.60198617  0.21041432  0.7702848 ]]"
20200225-021404.699108,59,[1.9611154 1.5859358 0.5973678],"[[ 0.49105945 -0.28857192  0.6595405 ]
 [ 0.57578725  0.63816494  0.20023385]
 [-0.45027652  0.69071937  0.2660985 ]
 [-0.47389936 -0.17994009  0.67387253]]","[[ 0.79903495  0.1611413   0.57928985]
 [-0.00336272  0.964603   -0.2636857 ]
 [-0.6012753   0.20874615  0.7712933 ]]"
20200225-021404.699108,60,[1.9694209  1.5844805  0.59504324],"[[ 0.49232325 -0.2870717   0.6592138 ]
 [ 0.5699034   0.6422546   0.20398177]
 [-0.45660707  0.6857446   0.2679587 ]
 [-0.47364327 -0.18669108  0.6723293 ]]","[[ 0.796393    0.16669402  0.58135307]
 [-0.01160573  0.9652998  -0.26088616]
 [-0.6046682   0.20102087  0.7706925 ]]"
20200225-021404.699108,61,[1.977289  1.5907303 0.5912525],"[[ 0.49376756 -0.28234947  0.6601668 ]
 [ 0.56059235  0.64916205  0.2077974 ]
 [-0.46649405  0.6789363   0.2680614 ]
 [-0.47361737 -0.19471313  0.6701812 ]]","[[ 0.79150003  0.17851338  0.5845178 ]
 [-0.02473858  0.96496654 -0.26120472]
 [-0.6106684   0.19228339  0.768187  ]]"
20200225-021404.699108,62,[1.9874381 1.5852615 0.5866146],"[[ 0.49441114 -0.28471303  0.65871316]
 [ 0.55700326  0.650379    0.21330242]
 [-0.47014356  0.67463243  0.27243915]
 [-0.47357178 -0.20203093  0.6681135 ]]","[[ 0.789936    0.17920205  0.5864192 ]
 [-0.02938926  0.9663087  -0.25570258]
 [-0.6124845   0.18475422  0.76858866]]"
20200225-021404.699108,63,[1.9961064 1.583668  0.5844839],"[[ 0.49536785 -0.2838774   0.6583332 ]
 [ 0.55214185  0.653361    0.2167664 ]
 [-0.4751493   0.6703166   0.2742432 ]
 [-0.47326833 -0.20786603  0.66663367]]","[[ 0.78757256  0.18336485  0.5883082 ]
 [-0.03609359  0.9667896  -0.25301176]
 [-0.61516386  0.17803106  0.7680354 ]]"
20200225-021404.699108,64,[2.0052636 1.5852854 0.5811766],"[[ 0.49525654 -0.28543922  0.65798396]
 [ 0.5508524   0.6532303   0.21951766]
 [-0.47636682  0.668707    0.2765821 ]
 [-0.47366312 -0.2112935   0.6651103 ]]","[[ 0.7867327   0.18376894  0.58930504]
 [-0.03763814  0.9671633  -0.2513528 ]
 [-0.6161452   0.17556714  0.76781595]]"
20200225-021404.699108,65,[2.0147202 1.587133  0.5777549],"[[ 0.49534863 -0.28683344  0.6574212 ]
 [ 0.54929     0.65343493  0.22233559]
 [-0.47788697  0.66677827  0.27880278]
 [-0.47385064 -0.21483968  0.6638024 ]]","[[ 0.7859172   0.18451928  0.5901585 ]
 [-0.03959348  0.9674953  -0.24977066]
 [-0.61706305  0.17293261  0.7676769 ]]"
20200225-021404.699108,66,[2.0241597  1.589979   0.57522434],"[[ 0.49492112 -0.29025692  0.65635955]
 [ 0.55175567  0.6507938   0.22348897]
 [-0.47520387  0.6678318   0.28107673]
 [-0.4741309  -0.21498553  0.66350627]]","[[ 0.78743273  0.18077956  0.5892951 ]
 [-0.0358883   0.96785    -0.24895486]
 [-0.61535513  0.1748864   0.7686045 ]]"
20200225-021404.699108,67,[2.0344942  1.5916939  0.57169867],"[[ 0.49358353 -0.29638395  0.6549787 ]
 [ 0.5570185   0.6453933   0.22486182]
 [-0.46956074  0.6706534   0.284699  ]
 [-0.47499344 -0.21412227  0.66286236]]","[[ 0.79018146  0.17292595  0.58797115]
 [-0.02801657  0.96855766 -0.24720712]
 [-0.6122324   0.17886557  0.77018094]]"
20200225-021404.699108,68,[2.0440307  1.5945169  0.56927174],"[[ 0.49318558 -0.29951164  0.65396357]
 [ 0.55915123  0.6429987   0.22598395]
 [-0.4671844   0.6714791   0.28683934]
 [-0.47524413 -0.21438682  0.66256016]]","[[ 0.7915126   0.16957155  0.58715713]
 [-0.02472996  0.9688365  -0.24646379]
 [-0.6106525   0.18055883  0.7710396 ]]"
20200225-021404.699108,69,[2.053666  1.5975306 0.5677601],"[[ 0.493472   -0.30000255  0.6535249 ]
 [ 0.5583443   0.64325684  0.22713585]
 [-0.4679091   0.67050743  0.28778124]
 [-0.4751819  -0.21596046  0.6621906 ]]","[[ 0.79133797  0.17022166  0.5872043 ]
 [-0.02570575  0.96887296 -0.2462198 ]
 [-0.6108383   0.1797485   0.7710816 ]]"
20200225-021404.699108,70,[2.0628433 1.6045704 0.5650998],"[[ 0.49266493 -0.30255792  0.65320927]
 [ 0.56080925  0.6406776   0.22747126]
 [-0.46515843  0.67207885  0.28910896]
 [-0.4758171  -0.2151772   0.6618086 ]]","[[ 0.7925149   0.16769813  0.5863427 ]
 [-0.02193371  0.96866554 -0.24739881]
 [-0.6094582   0.18320657  0.7713599 ]]"
20200225-021404.699108,71,[2.0715249 1.6020385 0.5626777],"[[ 0.4944399  -0.299472    0.65311146]
 [ 0.5522626   0.64656514  0.23213148]
 [-0.4740937   0.6650136   0.29031786]
 [-0.4751527  -0.22366658  0.65975416]]","[[ 0.7882462   0.176252    0.58957875]
 [-0.03393708  0.9690969  -0.24433473]
 [-0.6144235   0.17258736  0.7698684 ]]"
20200225-021404.699108,72,[2.0821083  1.5981025  0.55923295],"[[ 0.4941523  -0.30385375  0.6514912 ]
 [ 0.55338913  0.64417166  0.23540023]
 [-0.47278097  0.6643394   0.29434818]
 [-0.47544986 -0.22664747  0.6584112 ]]","[[ 0.7890138   0.17197579  0.5898151 ]
 [-0.03197222  0.9702163  -0.2401213 ]
 [-0.61354315  0.17060132  0.77101237]]"
20200225-021404.699108,73,[2.0914059 1.6053171 0.5576243],"[[ 0.49405617 -0.30365857  0.651794  ]
 [ 0.55287224  0.6443225   0.23569556]
 [-0.4731827   0.6641239   0.29436842]
 [-0.47575098 -0.22711107  0.6579962 ]]","[[ 0.78866976  0.17355102  0.58981377]
 [-0.03252257  0.9697652  -0.24186301]
 [-0.61395645  0.17156772  0.7704687 ]]"
20200225-021404.699108,74,[2.1019828  1.6060224  0.55382174],"[[ 0.49361664 -0.30720028  0.6506655 ]
 [ 0.5539737   0.642193    0.23821175]
 [-0.47190264  0.66383755  0.29744512]
 [-0.47619712 -0.22920726  0.6568228 ]]","[[ 0.7892905   0.1706209   0.58983827]
 [-0.0306198   0.97035927 -0.23971945]
 [-0.6132559   0.17114757  0.77111983]]"
20200225-021404.699108,75,[2.1116447 1.6076139 0.5511112],"[[ 0.49407545 -0.30808944  0.6498659 ]
 [ 0.552361    0.6427291   0.24050148]
 [-0.473472    0.6618423   0.2991678 ]
 [-0.4760369  -0.2322607   0.65599716]]","[[ 0.7887063   0.1716201   0.5903296 ]
 [-0.03271903  0.9706015  -0.23845835]
 [-0.61389893  0.16875863  0.77113485]]"
20200225-021404.699108,76,[2.1224253 1.6050713 0.5493407],"[[ 0.493703   -0.31152704  0.64868784]
 [ 0.55401117  0.64037603  0.24234337]
 [-0.47160804  0.6620568   0.30197048]
 [-0.4763556  -0.23356012  0.6552005 ]]","[[ 0.78975046  0.16749245  0.5901191 ]
 [-0.03000834  0.9713988  -0.23555057]
 [-0.61269397  0.16831763  0.77218866]]"
20200225-021404.699108,77,[2.1332371 1.6071507 0.5471661],"[[ 0.49315256 -0.31431052  0.6479811 ]
 [ 0.5558394   0.6381063   0.2434079 ]
 [-0.46955174  0.6628048   0.30396235]
 [-0.47682706 -0.23392044  0.65458375]]","[[ 0.7907393   0.16444479  0.58965176]
 [-0.02710219  0.9717024  -0.23464805]
 [-0.6115528   0.16956457  0.7728203 ]]"
20200225-021404.699108,78,[2.142302   1.6060755  0.54650754],"[[ 0.49451256 -0.31124485  0.6482943 ]
 [ 0.54924726  0.6427621   0.2463875 ]
 [-0.47637466  0.65766346  0.30406046]
 [-0.47629005 -0.23971352  0.65311176]]","[[ 0.78730476  0.17145073  0.5922465 ]
 [-0.03640988  0.9718118  -0.23293042]
 [-0.615488    0.16182359  0.77135444]]"
20200225-021404.699108,79,[2.1521823  1.6037062  0.54420125],"[[ 0.49475276 -0.31287628  0.6473841 ]
 [ 0.54779506  0.6427703   0.24931215]
 [-0.47778222  0.6555489   0.3064606 ]
 [-0.47630313 -0.24333173  0.65178156]]","[[ 0.786637    0.17118417  0.59321   ]
 [-0.03822092  0.97245413 -0.22993997]
 [-0.6162315   0.15820627  0.7715112 ]]"
20200225-021404.699108,80,[2.1611211 1.6067203 0.5425042],"[[ 0.4956202  -0.31146488  0.6472885 ]
 [ 0.54404366  0.6452684   0.2513031 ]
 [-0.48156145  0.6524262   0.3068053 ]
 [-0.47589472 -0.24689801  0.6509497 ]]","[[ 0.78477883  0.17555127  0.59439385]
 [-0.04346475  0.97227407 -0.22976963]
 [-0.61825     0.15448318  0.77065045]]"
20200225-021404.699108,81,[2.1702452 1.6056085 0.5410677],"[[ 0.49627042 -0.31099185  0.6470094 ]
 [ 0.5405544   0.64711726  0.2539945 ]
 [-0.48505896  0.64920634  0.30802414]
 [-0.47564167 -0.2511075   0.6496056 ]]","[[ 0.7829044   0.17841639  0.5960104 ]
 [-0.04827044  0.9725294  -0.22772092]
 [-0.62026674  0.14951397  0.77000976]]"
20200225-021404.699108,82,[2.179382   1.6046482  0.53964025],"[[ 0.49686986 -0.31053835  0.6467565 ]
 [ 0.5371251   0.64889145  0.25666213]
 [-0.4884711   0.64604086  0.30918288]
 [-0.4754082  -0.2552197   0.6482568 ]]","[[ 0.7810278   0.18120864  0.59762776]
 [-0.05295885  0.97274727 -0.225739  ]
 [-0.62224656  0.14465876  0.7693394 ]]"
20200225-021404.699108,83,[2.1903274 1.6026216 0.538073 ],"[[ 0.49646837 -0.3140173   0.64556134]
 [ 0.5392006   0.6463245   0.2581922 ]
 [-0.4862358   0.64661413  0.31183168]
 [-0.4757693  -0.25602317  0.64757127]]","[[ 0.7822931   0.17686932  0.597273  ]
 [-0.04978997  0.9735288  -0.22307561]
 [-0.62091756  0.14477228  0.7703911 ]]"
20200225-021404.699108,84,[2.2003584 1.6059628 0.5370911],"[[ 0.49671787 -0.3143268   0.6452286 ]
 [ 0.5387755   0.64638364  0.25881943]
 [-0.48654398  0.6460508   0.312414  ]
 [-0.47567585 -0.2569149   0.64737153]]","[[ 0.7822578   0.177355    0.5971751 ]
 [-0.05027711  0.973464   -0.22324944]
 [-0.6209229   0.14461434  0.77041644]]"
20200225-021404.699108,85,[2.210395  1.6138109 0.5359956],"[[ 0.49690711 -0.3137222   0.6453877 ]
 [ 0.53831476  0.6468188   0.2585902 ]
 [-0.48689434  0.64591604  0.31203702]
 [-0.4756415  -0.25689837  0.6474867 ]]","[[ 0.7821396   0.17922157  0.59677273]
 [-0.05083448  0.9729034  -0.22555588]
 [-0.6210265   0.14607956  0.77005655]]"
20200225-021404.699108,86,[2.2202384 1.6127945 0.5344404],"[[ 0.49650466 -0.31704786  0.6442616 ]
 [ 0.5404707   0.64425784  0.25986513]
 [-0.4846027   0.6466092   0.31458434]
 [-0.4759571  -0.25750598  0.64686483]]","[[ 0.783434    0.17513748  0.596287  ]
 [-0.04760685  0.97356355 -0.22340024]
 [-0.619649    0.14663202  0.77106047]]"
20200225-021404.699108,87,[2.2300997 1.6120005 0.5328897],"[[ 0.4961184  -0.32028338  0.643144  ]
 [ 0.5425671   0.64175296  0.2610869 ]
 [-0.48235893  0.6472683   0.31707937]
 [-0.47625363 -0.2580985   0.6462663 ]]","[[ 0.78469396  0.17117321  0.595781  ]
 [-0.04446371  0.9741848  -0.22132957]
 [-0.61828667  0.14718534  0.77204806]]"
20200225-021404.699108,88,[2.2402992  1.6112012  0.53222007],"[[ 0.49618465 -0.3213457   0.64264977]
 [ 0.5421441   0.6414004   0.2624965 ]
 [-0.48269162  0.6464214   0.31842598]
 [-0.47632933 -0.2597733   0.64552444]]","[[ 0.7845233   0.17048864  0.59620214]
 [-0.04488252  0.97455233 -0.21962129]
 [-0.61847305  0.14553894  0.7722109 ]]"
20200225-021404.699108,89,[2.2498724 1.6177416 0.5295488],"[[ 0.4958685  -0.32162154  0.6429792 ]
 [ 0.54130775  0.6413768   0.26360193]
 [-0.483452    0.6457741   0.31899002]
 [-0.47683823 -0.26109606  0.6444667 ]]","[[ 0.7837224   0.17215939  0.596775  ]
 [-0.04587896  0.97423947 -0.22080033]
 [-0.61941445  0.14566673  0.77143174]]"
20200225-021404.699108,90,[2.260252   1.6247298  0.52785957],"[[ 0.49626425 -0.3195761   0.6436957 ]
 [ 0.53788435  0.6437353   0.26477838]
 [-0.4868589   0.6434811   0.31830522]
 [-0.47683385 -0.2634538   0.64360726]]","[[ 0.7816639   0.17729406  0.5979703 ]
 [-0.05057012  0.9736061  -0.22256245]
 [-0.62164646  0.14372963  0.76999843]]"
20200225-021404.699108,91,[2.271118  1.6226215 0.5256631],"[[ 0.495502   -0.32481772  0.6419157 ]
 [ 0.54215366  0.6393267   0.26596114]
 [-0.48237443  0.64535433  0.32189268]
 [-0.4773491  -0.26319695  0.6431131 ]]","[[ 0.7842059   0.17015678  0.5967142 ]
 [-0.04430923  0.97456706 -0.21967241]
 [-0.61891663  0.14582843  0.77180076]]"
20200225-021404.699108,92,[2.28127    1.6204927  0.52373886],"[[ 0.49566662 -0.3263643   0.6410533 ]
 [ 0.541046    0.63910294  0.26851282]
 [-0.4834189   0.64355195  0.32396737]
 [-0.47737828 -0.26622272  0.6418695 ]]","[[ 0.7836545   0.16968824  0.59757143]
 [-0.04566972  0.97510237 -0.21700186]
 [-0.61951596  0.14276353  0.77189296]]"
20200225-021404.699108,93,[2.290842  1.6265498 0.5214387],"[[ 0.49567953 -0.32639128  0.64112157]
 [ 0.53999877  0.63943434  0.26952127]
 [-0.4843724   0.6426582   0.32437363]
 [-0.4775841  -0.26755     0.6411737 ]]","[[ 0.78298223  0.17154005  0.59792376]
 [-0.04698882  0.97478837 -0.21812794]
 [-0.62026674  0.14269459  0.7713025 ]]"
20200225-021404.699108,94,[2.3008945 1.6329395 0.5190238],"[[ 0.4959169  -0.32632554  0.64096844]
 [ 0.5388349   0.6399665   0.27052152]
 [-0.48545566  0.6415685   0.3247797 ]
 [-0.4775522  -0.2689697   0.6406992 ]]","[[ 0.782426    0.17355682  0.59806985]
 [-0.04850358  0.9744457  -0.21932419]
 [-0.62085176  0.14259641  0.7708497 ]]"
20200225-021404.699108,95,[2.3121808  1.6354471  0.51768833],"[[ 0.49555397 -0.32852414  0.64029294]
 [ 0.54071456  0.6379974   0.2709043 ]
 [-0.4834149   0.64250386  0.32627067]
 [-0.47787464 -0.26873782  0.6404557 ]]","[[ 0.7835391   0.17094418  0.59736466]
 [-0.04568454  0.97465724 -0.21898906]
 [-0.61966074  0.14429617  0.7714917 ]]"
20200225-021404.699108,96,[2.3220212 1.6385545 0.517017 ],"[[ 0.49527556 -0.32890227  0.6405198 ]
 [ 0.5405102   0.63766724  0.2714728 ]
 [-0.48351935  0.6423764   0.32673132]
 [-0.478289   -0.26936257  0.6397526 ]]","[[ 0.78318805  0.17124677  0.59773815]
 [-0.04581194  0.9746059  -0.21919084]
 [-0.620095    0.14428411  0.7711448 ]]"
20200225-021404.699108,97,[2.3322458 1.6417123 0.5163492],"[[ 0.49554068 -0.32900912  0.64024204]
 [ 0.5399756   0.6378698   0.2720235 ]
 [-0.48395365  0.6417775   0.32711715]
 [-0.4781781  -0.2701792   0.6395995 ]]","[[ 0.7830765   0.1719002   0.5976968 ]
 [-0.04645615  0.9745254  -0.21941301]
 [-0.62018776  0.14405054  0.7711139 ]]"
20200225-021404.699108,98,[2.3416057 1.6489239 0.5147028],"[[ 0.4950563  -0.3304532   0.64008117]
 [ 0.5418833   0.63615584  0.27163735]
 [-0.48187748  0.64318097  0.3278    ]
 [-0.47861847 -0.26911858  0.6395753 ]]","[[ 0.7840895   0.17056777  0.5967499 ]
 [-0.0436361   0.974266   -0.22113745]
 [-0.619112    0.1473517   0.7713546 ]]"
20200225-021404.699108,99,[2.3520494  1.6478086  0.51427513],"[[ 0.49513918 -0.33140588  0.6395914 ]
 [ 0.541465    0.63584113  0.27293447]
 [-0.48221368  0.6423527   0.32901695]
 [-0.47866735 -0.27066326  0.6388879 ]]","[[ 0.7839115   0.16992554  0.5971665 ]
 [-0.04407016  0.97462106 -0.21947975]
 [-0.6193063   0.14573549  0.7715055 ]]"
20200225-021404.699108,100,[2.3617697 1.6514653 0.5139598],"[[ 0.4959879  -0.328193    0.6404783 ]
 [ 0.5362293   0.6396171   0.27465618]
 [-0.48750266  0.6387247   0.3279135 ]
 [-0.47832575 -0.2742447   0.6378277 ]]","[[ 0.78084207  0.17662786  0.5992397 ]
 [-0.05137925  0.9741072  -0.22017139]
 [-0.622612    0.14113057  0.7696988 ]]"
20200225-021404.699108,101,[2.3721917  1.6491134  0.51223314],"[[ 0.49613154 -0.32980004  0.6395945 ]
 [ 0.5354009   0.6392016   0.27699876]
 [-0.48825645  0.6371376   0.32993165]
 [-0.47833574 -0.27696365  0.6366598 ]]","[[ 0.7804166   0.17590356  0.60000676]
 [-0.05239479  0.97463435 -0.21758407]
 [-0.6230608   0.138369    0.76983714]]"
20200225-021404.699108,102,[2.3816547 1.6523707 0.5108395],"[[ 0.49548006 -0.3320819   0.6392123 ]
 [ 0.5375352   0.6369441   0.27723947]
 [-0.48598915  0.638414    0.3314205 ]
 [-0.478926   -0.2764984   0.63616526]]","[[ 0.7814318   0.17328027  0.5994484 ]
 [-0.04926893  0.9748035  -0.21755658]
 [-0.6220426   0.14047143  0.7702797 ]]"
20200225-021404.699108,103,[2.3927748 1.6553804 0.5100574],"[[ 0.49495205 -0.33544967  0.638027  ]
 [ 0.5418541   0.6334141   0.2764141 ]
 [-0.48142266  0.6411029   0.33320454]
 [-0.47921664 -0.27431202  0.6367822 ]]","[[ 0.78417194  0.16789797  0.59739804]
 [-0.0430377   0.97509825 -0.21755694]
 [-0.61904925  0.1448914   0.7718708 ]]"
20200225-021404.699108,104,[2.401533   1.6584349  0.50894207],"[[ 0.49511063 -0.33440736  0.6385473 ]
 [ 0.53905916  0.6349471   0.27803636]
 [-0.48422465  0.63902724  0.3332511 ]
 [-0.4793821  -0.2768718   0.6355289 ]]","[[ 0.78228927  0.17134206  0.5988865 ]
 [-0.04688292  0.9748938  -0.21767786]
 [-0.62114835  0.1422095   0.7706822 ]]"
20200225-021404.699108,105,[2.411941  1.660612  0.5069472],"[[ 0.4951509  -0.33517957  0.6381817 ]
 [ 0.53816223  0.63488984  0.27964082]
 [-0.48506248  0.63784146  0.33438936]
 [-0.47950137 -0.2787973   0.63459384]]","[[ 0.7817302   0.17195378  0.5994412 ]
 [-0.04800539  0.974974   -0.21707417]
 [-0.6217662   0.14091708  0.7704214 ]]"
20200225-021404.699108,106,[2.4234288  1.6669892  0.50565374],"[[ 0.49505192 -0.33630294  0.63772887]
 [ 0.5397222   0.6336548   0.2792157 ]
 [-0.48333174  0.63887167  0.33494896]
 [-0.47959808 -0.27789307  0.6349407 ]]","[[ 0.7828181   0.17085707  0.59833413]
 [-0.04570133  0.9747543  -0.21855313]
 [-0.6205701   0.14374264  0.77086353]]"
20200225-021404.699108,107,[2.4320717 1.6740749 0.5044204],"[[ 0.4954171  -0.334407    0.6384482 ]
 [ 0.53679025  0.63572097  0.28009504]
 [-0.4862434   0.6370012   0.33417267]
 [-0.4795683  -0.2797511   0.63423926]]","[[ 0.78099746  0.17553248  0.5993592 ]
 [-0.0497597   0.9741283  -0.22045031]
 [-0.6225488   0.14234722  0.76952606]]"
20200225-021404.699108,108,[2.440746   1.6811187  0.50318515],"[[ 0.49578667 -0.3325238   0.63914853]
 [ 0.5338478   0.6377736   0.28098127]
 [-0.48914808  0.635104    0.33341628]
 [-0.47951657 -0.2816309   0.6335397 ]]","[[ 0.77916116  0.18018426  0.6003679 ]
 [-0.05382305  0.97348833 -0.22231443]
 [-0.62450856  0.14090517  0.76820236]]"
20200225-021404.699108,109,[2.4507763 1.6839767 0.502704 ],"[[ 0.49551404 -0.33295873  0.63933086]
 [ 0.533799    0.637359    0.28144386]
 [-0.4891027   0.6350802   0.33387652]
 [-0.4798992  -0.28210816  0.6329077 ]]","[[ 0.77888685  0.18031283  0.60068524]
 [-0.05378576  0.97345513 -0.2224683 ]
 [-0.624854    0.14096928  0.7679096 ]]"
20200225-021404.699108,110,[2.4613023  1.6812977  0.50115454],"[[ 0.4956558  -0.3345803   0.63841575]
 [ 0.53311604  0.63686     0.28366256]
 [-0.4897148   0.6335953   0.33584026]
 [-0.47988778 -0.28464457  0.6318012 ]]","[[ 0.7785271   0.1794738   0.60140264]
 [-0.05464063  0.9739846  -0.21992841]
 [-0.62522817  0.13835917  0.76807994]]"
20200225-021404.699108,111,[2.4719386  1.6786202  0.49967796],"[[ 0.49579334 -0.3361706   0.63751805]
 [ 0.5324465   0.63635576  0.28583765]
 [-0.49030948  0.6321368   0.33776468]
 [-0.4798815  -0.28713012  0.63070005]]","[[ 0.77817506  0.17861444  0.60211337]
 [-0.05546121  0.97450465 -0.21740438]
 [-0.62559384  0.13578473  0.7682415 ]]"
20200225-021404.699108,112,[2.48249    1.6799256  0.49881133],"[[ 0.49592522 -0.33534378  0.6379264 ]
 [ 0.5297227   0.6377174   0.2875973 ]
 [-0.49296442  0.6300239   0.33787456]
 [-0.4800399  -0.289708    0.62942755]]","[[ 0.7763074   0.18146786  0.603669  ]
 [-0.05910622  0.9744018  -0.21690373]
 [-0.6275773   0.1327034   0.76716137]]"
20200225-021404.699108,113,[2.4945943  1.6899183  0.49667028],"[[ 0.4958418  -0.33452684  0.6385053 ]
 [ 0.5286666   0.63838834  0.28779426]
 [-0.49393064  0.6295844   0.337329  ]
 [-0.48029733 -0.29013038  0.62904274]]","[[ 0.77551365  0.18439707  0.60380185]
 [-0.06044442  0.9736879  -0.21972395]
 [-0.62843096  0.13390243  0.7662538 ]]"
20200225-021404.699108,114,[2.5063515  1.6919672  0.49576372],"[[ 0.4955569  -0.3365406   0.63781154]
 [ 0.53055084  0.6365467   0.28797558]
 [-0.49192885  0.6305527   0.33869952]
 [-0.4805673  -0.2897448   0.62892675]]","[[ 0.7766514   0.18189198  0.6030988 ]
 [-0.05774109  0.97393036 -0.219376  ]
 [-0.6272788   0.13555506  0.76690686]]"
20200225-021404.699108,115,[2.5186868 1.6984848 0.4952272],"[[ 0.49550712 -0.33607998  0.6381667 ]
 [ 0.5302402   0.6367768   0.28779724]
 [-0.49213713  0.63062084  0.33831114]
 [-0.48074862 -0.28962606  0.6288576 ]]","[[ 0.776383    0.18326682  0.603028  ]
 [-0.05807279  0.9735215  -0.22109659]
 [-0.6275803   0.13663611  0.7664683 ]]"
20200225-021404.699108,116,[2.5304587  1.7003293  0.49401656],"[[ 0.49516237 -0.3382456   0.6374441 ]
 [ 0.53207064  0.63486093  0.2881909 ]
 [-0.49018702  0.6314812   0.3398195 ]
 [-0.48107338 -0.2894353   0.6285967 ]]","[[ 0.7774483   0.18067382  0.60243744]
 [-0.05541733  0.9738041  -0.22053209]
 [-0.6265004   0.13806686  0.76709497]]"
20200225-021404.699108,117,[2.5405126  1.7017357  0.49246904],"[[ 0.49497327 -0.33914968  0.63727665]
 [ 0.5314948   0.63447505  0.28962016]
 [-0.49068335  0.6306519   0.3409163 ]
