Timestamp,Epoch,s,u,v
20200224-052224.048742,0,[1.5434912 1.1819092 0.506479 ],"[[-0.20268983  0.8166382   0.26256308]
 [-0.35175577  0.4206206  -0.6630489 ]
 [ 0.79652303  0.39518616  0.15815128]
 [ 0.4480352  -0.00289024 -0.6829453 ]]","[[ 0.72623515 -0.6416775   0.24664228]
 [-0.5434653  -0.3161923   0.77760404]
 [ 0.4209847   0.6987649   0.57835937]]"
20200224-052224.048742,1,[1.55103    1.1825889  0.50605106],"[[-0.21000245  0.8147288   0.25353009]
 [-0.35274637  0.41846946 -0.65420645]
 [ 0.79503024  0.4013721   0.1659186 ]
 [ 0.44653755 -0.00088305 -0.6929703 ]]","[[ 0.73078096 -0.6365057   0.24661708]
 [-0.5408846  -0.31954455  0.778033  ]
 [ 0.4164172   0.701963    0.5777932 ]]"
20200224-052224.048742,2,[1.5561603  1.1843028  0.50299233],"[[-2.1606223e-01  8.1325769e-01  2.4382071e-01]
 [-3.5193583e-01  4.1685292e-01 -6.4567536e-01]
 [ 7.9405361e-01  4.0601158e-01  1.7462982e-01]
 [ 4.4602349e-01  5.5533805e-05 -7.0225286e-01]]","[[ 0.733602   -0.6319724   0.24987844]
 [-0.54068875 -0.32003435  0.7779677 ]
 [ 0.41168445  0.70582503  0.57647806]]"
20200224-052224.048742,3,[1.5618076 1.1857983 0.5001034],"[[-0.22238085  0.8116606   0.23396616]
 [-0.35134748  0.41505665 -0.6370325 ]
 [ 0.7928186   0.41101593  0.1830751 ]
 [ 0.4455786   0.00104508 -0.71128964]]","[[ 0.736704   -0.6270742   0.25307202]
 [-0.5402133  -0.320659    0.7780407 ]
 [ 0.4067393   0.7098986   0.5749845 ]]"
20200224-052224.048742,4,[1.5620028  1.1856353  0.49808496],"[[-0.23656024  0.80738354  0.22476532]
 [-0.3544269   0.41095242 -0.6271045 ]
 [ 0.787532    0.42331627  0.19260778]
 [ 0.445213    0.00735001 -0.72050214]]","[[ 0.743841   -0.6173567   0.2560691 ]
 [-0.5401199  -0.32958576  0.77436674]
 [ 0.39366373  0.7143138   0.57860607]]"
20200224-052224.048742,5,[1.5682484 1.1860613 0.4952829],"[[-0.24418944  0.80490744  0.2155014 ]
 [-0.35471663  0.40931123 -0.6172748 ]
 [ 0.7853694   0.42952326  0.20120907]
 [ 0.4446825   0.00990551 -0.72941476]]","[[ 0.74800044 -0.6121871   0.25636348]
 [-0.53824997 -0.33354655  0.77397263]
 [ 0.38830695  0.71691954  0.57900256]]"
20200224-052224.048742,6,[1.5698323  1.1867204  0.49421647],"[[-0.25523284  0.8013448   0.20578095]
 [-0.35677758  0.40595698 -0.6071911 ]
 [ 0.78128713  0.4391429   0.20953515]
 [ 0.4440237   0.01411906 -0.7382876 ]]","[[ 0.7533903  -0.6040799   0.2597893 ]
 [-0.53807616 -0.33923173  0.7716191 ]
 [ 0.3779907   0.72111684  0.580615  ]]"
20200224-052224.048742,7,[1.571634   1.1869649  0.49321213],"[[-0.26621306  0.7975953   0.19612263]
 [-0.35894206  0.40263838 -0.59689635]
 [ 0.77699524  0.44875914  0.21764857]
 [ 0.44336143  0.01842889 -0.7469136 ]]","[[ 0.7586831  -0.5959423   0.26315916]
 [-0.53788316 -0.3451313   0.76913345]
 [ 0.3675347   0.7250775   0.58239245]]"
20200224-052224.048742,8,[1.5810888  1.1857493  0.48960248],"[[-0.27276158  0.7949882   0.1876464 ]
 [-0.3589073   0.40198404 -0.5863132 ]
 [ 0.7749546   0.45381668  0.2260433 ]
 [ 0.44298083  0.02128699 -0.75493723]]","[[ 0.76258117 -0.5922719   0.26016146]
 [-0.5346329  -0.35061166  0.7689208 ]
 [ 0.36419457  0.7254555   0.58401793]]"
20200224-052224.048742,9,[1.582341   1.1852082  0.48843664],"[[-0.28514117  0.7903834   0.17814878]
 [-0.3617377   0.3982803  -0.5754458 ]
 [ 0.7694489   0.46469983  0.23428346]
 [ 0.44248033  0.0268511  -0.76304424]]","[[ 0.76853    -0.5832568   0.26300815]
 [-0.53415537 -0.35862103  0.7655515 ]
 [ 0.35219288  0.72883654  0.5871607 ]]"
20200224-052224.048742,10,[1.5880505  1.1869787  0.48674873],"[[-0.28971258  0.788689    0.16797912]
 [-0.36101523  0.39720112 -0.5654354 ]
 [ 0.76831895  0.4684769   0.2410786 ]
 [ 0.44206467  0.02703    -0.77067995]]","[[ 0.77056175 -0.57920444  0.26600182]
 [-0.5337105  -0.3582281   0.7660457 ]
 [ 0.34840772  0.73225325  0.58516425]]"
20200224-052224.048742,11,[1.5920181 1.1873091 0.4855597],"[[-0.2980067   0.78543925  0.15798989]
 [-0.3621086   0.39482757 -0.554688  ]
 [ 0.7649083   0.47571966  0.24825606]
 [ 0.4415707   0.02979075 -0.77828634]]","[[ 0.7744279  -0.57267004  0.26890618]
 [-0.53315914 -0.3619243   0.764691  ]
 [ 0.34059194  0.7355678   0.5856086 ]]"
20200224-052224.048742,12,[1.5991547 1.1875767 0.485263 ],"[[-0.30363077  0.7831381   0.14810058]
 [-0.3623529   0.39341334 -0.54395014]
 [ 0.76308185  0.48059034  0.25443748]
 [ 0.44069818  0.03088179 -0.7857774 ]]","[[ 0.77735454 -0.5681608   0.27002466]
 [-0.5315807  -0.36377254  0.76491284]
 [ 0.33636597  0.7381484   0.5848034 ]]"
20200224-052224.048742,13,[1.6036065  1.1890098  0.48500144],"[[-0.3093387   0.78075516  0.13779494]
 [-0.3625827   0.39184973 -0.53315383]
 [ 0.7610752   0.4856615   0.2604937 ]
 [ 0.4400093   0.03175105 -0.7930339 ]]","[[ 0.7799046  -0.5630886   0.27327606]
 [-0.53118664 -0.36453825  0.7648218 ]
 [ 0.331043    0.7416487   0.5834104 ]]"
20200224-052224.048742,14,[1.6085079  1.1882129  0.48534572],"[[-0.31807822  0.7769786   0.12836662]
 [-0.36446244  0.38933668 -0.52185404]
 [ 0.7570837   0.4934384   0.26672798]
 [ 0.4391102   0.03521731 -0.80002916]]","[[ 0.7842459  -0.5565142   0.27431825]
 [-0.5296297  -0.37016246  0.7631987 ]
 [ 0.32318854  0.7438225   0.5850449 ]]"
20200224-052224.048742,15,[1.6163884 1.1878247 0.4840334],"[[-0.32318357  0.77463603  0.11886002]
 [-0.36436397  0.38847858 -0.5107546 ]
 [ 0.7552472   0.49768367  0.27287948]
 [ 0.43862644  0.03653009 -0.80655974]]","[[ 0.7868809  -0.5527455   0.2743917 ]
 [-0.52786565 -0.37257412  0.76324725]
 [ 0.3196502   0.7454268   0.58494675]]"
20200224-052224.048742,16,[1.6197194  1.1874764  0.48312086],"[[-0.33188942  0.77066165  0.10925046]
 [-0.3659697   0.38611305 -0.4991882 ]
 [ 0.7508951   0.5053537   0.27943826]
 [ 0.43826067  0.04018674 -0.81288975]]","[[ 0.7907621  -0.5460276   0.27667508]
 [-0.5272246  -0.3778914   0.7610733 ]
 [ 0.3110139   0.74769783  0.58670133]]"
20200224-052224.048742,17,[1.6234988  1.1868616  0.48216346],"[[-0.34063175  0.76655406  0.09988962]
 [-0.36771742  0.38361284 -0.48797482]
 [ 0.74624014  0.5131312   0.28571567]
 [ 0.4380405   0.04395647 -0.81869996]]","[[ 0.7946384  -0.5391569   0.2790333 ]
 [-0.5265671  -0.38338917  0.7587754 ]
 [ 0.3021206   0.7498818   0.5885581 ]]"
20200224-052224.048742,18,[1.6298926  1.1863675  0.48229867],"[[-0.34665942  0.7635959   0.0903806 ]
 [-0.36843273  0.38217035 -0.476504  ]
 [ 0.7435271   0.5184265   0.29106355]
 [ 0.43732426  0.04584164 -0.82465583]]","[[ 0.7976297  -0.5344503   0.27955353]
 [-0.52486175 -0.38668582  0.7582838 ]
 [ 0.29716563  0.7515566   0.58894455]]"
20200224-052224.048742,19,[1.6303724  1.1864003  0.48247197],"[[-0.35681972  0.75857323  0.08041962]
 [-0.37109712  0.37876722 -0.46480462]
 [ 0.73757553  0.52780944  0.2969315 ]
 [ 0.43697697  0.05019496 -0.8302537 ]]","[[ 0.80166197 -0.5257486   0.28447658]
 [-0.525296   -0.39243883  0.7550207 ]
 [ 0.2853113   0.7547056   0.59077674]]"
20200224-052224.048742,20,[1.6378151 1.1866947 0.4832969],"[[-0.36034277  0.7566508   0.07080651]
 [-0.3708882   0.37819514 -0.45360968]
 [ 0.73643756  0.530969    0.3012079 ]
 [ 0.4361822   0.05019959 -0.8357625 ]]","[[ 0.80334544 -0.52266115  0.28541487]
 [-0.52409124 -0.39292195  0.7556062 ]
 [ 0.2827802   0.75659615  0.5895741 ]]"
20200224-052224.048742,21,[1.6413331  1.1867324  0.48444515],"[[-0.36777598  0.75275     0.06109488]
 [-0.3725807   0.37581933 -0.44217548]
 [ 0.7322814   0.53791004  0.3058703 ]
 [ 0.43553284  0.0527284  -0.8409469 ]]","[[ 0.80640906 -0.51612985  0.28864282]
 [-0.5237031  -0.39659685  0.75395375]
 [ 0.27466318  0.7591581   0.5901179 ]]"
20200224-052224.048742,22,[1.6493449  1.1863973  0.48406947],"[[-0.37090242  0.7509396   0.05214238]
 [-0.37208676  0.37570325 -0.4310455 ]
 [ 0.7312252   0.5404773   0.31029576]
 [ 0.43507802  0.05311433 -0.84569347]]","[[ 0.80794185 -0.51381046  0.2884939 ]
 [-0.5223018  -0.3977644   0.7543104 ]
 [ 0.27282006  0.76012     0.5897347 ]]"
20200224-052224.048742,23,[1.6553437  1.1852663  0.48553312],"[[-0.37715557  0.7475222   0.04314152]
 [-0.3734152   0.3739133  -0.419736  ]
 [ 0.7278001   0.546203    0.3144357 ]
 [ 0.43430617  0.05533054 -0.85034734]]","[[ 0.81079507 -0.5087671   0.28942615]
 [-0.5209582  -0.40180254  0.75309855]
 [ 0.2668596   0.7613874   0.5908259 ]]"
20200224-052224.048742,24,[1.6608378 1.1829679 0.4865227],"[[-0.38473684  0.7433671   0.03461759]
 [-0.37537318  0.37166494 -0.408166  ]
 [ 0.7232081   0.55298054  0.3190159 ]
 [ 0.4336391   0.05902068 -0.85465264]]","[[ 0.8141789  -0.50308853  0.28985277]
 [-0.5194638  -0.4081625   0.75070685]
 [ 0.25936505  0.76177764  0.5936536 ]]"
20200224-052224.048742,25,[1.6670405  1.1837889  0.48626623],"[[-0.38854712  0.7410263   0.02522325]
 [-0.37531424  0.3709447  -0.3974658 ]
 [ 0.721246    0.5565595   0.3228683 ]
 [ 0.4335605   0.0593414  -0.8585692 ]]","[[ 0.8157262  -0.4992509   0.29212904]
 [-0.5189005  -0.40842167  0.75095534]
 [ 0.25560328  0.76415974  0.5922218 ]]"
20200224-052224.048742,26,[1.675123   1.1851311  0.48840114],"[[-0.39005467  0.739885    0.01554507]
 [-0.37444416  0.3710285  -0.38680792]
 [ 0.7213761   0.55822486  0.32519227]
 [ 0.43274155  0.05739019 -0.86277944]]","[[ 0.81650144 -0.49709377  0.29363868]
 [-0.5179203  -0.40591004  0.7529914 ]
 [ 0.25511637  0.7668999   0.58888096]]"
20200224-052224.048742,27,[1.6823261  1.1841593  0.48935127],"[[-0.39414343  0.7374161   0.00700446]
 [-0.37479982  0.37025967 -0.37583518]
 [ 0.7193082   0.5618814   0.32858235]
 [ 0.43217126  0.05843728 -0.86644846]]","[[ 0.8183125  -0.49385595  0.29405946]
 [-0.5167633  -0.4081645   0.7525672 ]
 [ 0.2516352   0.7677944   0.58921283]]"
20200224-052224.048742,28,[1.6890893  1.1857834  0.48987028],"[[-0.39641523  0.7357458  -0.00246194]
 [-0.37420657  0.37012076 -0.36553445]
 [ 0.7184716   0.56427604  0.33127514]
 [ 0.43199882  0.05728283 -0.8698478 ]]","[[ 0.8191276  -0.49081907  0.29686093]
 [-0.5165457  -0.4061359   0.75381297]
 [ 0.24941994  0.7708114   0.5862076 ]]"
20200224-052224.048742,29,[1.6954353  1.1845627  0.49195838],"[[-0.40172192  0.73252153 -0.01095745]
 [-0.37538746  0.36861363 -0.35463777]
 [ 0.71532065  0.56926024  0.33421016]
 [ 0.43130028  0.05898287 -0.87316424]]","[[ 0.82141435 -0.48639208  0.29782754]
 [-0.5154129  -0.40948465  0.75277627]
 [ 0.24418859  0.7718453   0.58704925]]"
20200224-052224.048742,30,[1.7023662  1.1827363  0.49270883],"[[-0.40661952  0.7295362  -0.01891725]
 [-0.37622455  0.3675101  -0.34370235]
 [ 0.7123466   0.5735669   0.33762452]
 [ 0.43090355  0.06110784 -0.8760827 ]]","[[ 0.82356554 -0.48280358  0.297726  ]
 [-0.51407963 -0.4135008   0.7514915 ]
 [ 0.2397128   0.7719572   0.5887444 ]]"
20200224-052224.048742,31,[1.7059065  1.1836197  0.49346578],"[[-0.41181555  0.72602427 -0.02799158]
 [-0.37747917  0.36588255 -0.3334873 ]
 [ 0.7086636   0.5789102   0.3404392 ]
 [ 0.43094495  0.06230157 -0.8786943 ]]","[[ 0.8251199  -0.4770791   0.30261004]
 [-0.5148951  -0.41458943  0.75033236]
 [ 0.23250894  0.77492654  0.58773154]]"
20200224-052224.048742,32,[1.713314  1.1828917 0.495031 ],"[[-0.41533634  0.72365475 -0.03628356]
 [-0.37775534  0.3652333  -0.3230258 ]
 [ 0.7067527   0.5822215   0.34283403]
 [ 0.4304617   0.06282168 -0.8813639 ]]","[[ 0.8267308  -0.4739982   0.30305478]
 [-0.51362455 -0.41608727  0.7503741 ]
 [ 0.22957873  0.7760137   0.58744925]]"
20200224-052224.048742,33,[1.7169472 1.1837479 0.4959434],"[[-0.42034957  0.72010726 -0.04511685]
 [-0.37907994  0.3636452  -0.31306693]
 [ 0.7030393   0.58746713  0.3452912 ]
 [ 0.43051222  0.06395844 -0.8835881 ]]","[[ 0.8281599  -0.46832114  0.3079393 ]
 [-0.51446396 -0.41710857  0.7492313 ]
 [ 0.22243671  0.7789069   0.58636695]]"
20200224-052224.048742,34,[1.7232897  1.1811695  0.49778572],"[[-0.4259464   0.7165229  -0.05255923]
 [-0.3806635   0.36191738 -0.30256227]
 [ 0.6991093   0.5925881   0.34804726]
 [ 0.43001294  0.06670754 -0.8857522 ]]","[[ 0.8304141  -0.46405268  0.30832994]
 [-0.5133539  -0.42222893  0.7471214 ]
 [ 0.21651788  0.7787027   0.58884823]]"
20200224-052224.048742,35,[1.7308805  1.1804198  0.49951467],"[[-0.42899713  0.71431595 -0.06041221]
 [-0.38087383  0.3614007  -0.29265875]
 [ 0.6973771   0.5955291   0.34993398]
 [ 0.4296064   0.06698941 -0.88783294]]","[[ 0.83179134 -0.46128422  0.30877185]
 [-0.5121927  -0.4233937   0.7472593 ]
 [ 0.21396688  0.7797145   0.58844155]]"
20200224-052224.048742,36,[1.7376628  1.1811732  0.50011283],"[[-0.4316047   0.7121724  -0.06864806]
 [-0.3808748   0.3610857  -0.2832335 ]
 [ 0.6957199   0.5983172   0.3517583 ]
 [ 0.42968085  0.06666405 -0.8895687 ]]","[[ 0.832734   -0.45807558  0.31100023]
 [-0.5118602  -0.42278525  0.7478313 ]
 [ 0.21107702  0.78193325  0.5865383 ]]"
20200224-052224.048742,37,[1.7459428 1.1802444 0.5016606],"[[-0.4344166   0.7100622  -0.07616765]
 [-0.38107747  0.36062142 -0.2737764 ]
 [ 0.6939996   0.6010686   0.3534869 ]
 [ 0.4294493   0.06693726 -0.8912308 ]]","[[ 0.8339252  -0.45554742  0.3115211 ]
 [-0.51094955 -0.42398793  0.74777335]
 [ 0.208565    0.78275865  0.5863358 ]]"
20200224-052224.048742,38,[1.7508143  1.1795274  0.50407195],"[[-0.43913507  0.70657825 -0.08400266]
 [-0.38260084  0.3590406  -0.26413098]
 [ 0.6904005   0.6059473   0.35508657]
 [ 0.42909652  0.06829707 -0.8927998 ]]","[[ 0.8353767  -0.45073053  0.31462318]
 [-0.5111003  -0.426279    0.7463662 ]
 [ 0.2022928   0.784301    0.586472  ]]"
20200224-052224.048742,39,[1.7554857  1.1779398  0.50602573],"[[-0.4446177   0.7026447  -0.09135133]
 [-0.38454837  0.35707536 -0.25446782]
 [ 0.6859207   0.61137044  0.35716206]
 [ 0.4288952   0.07080833 -0.8940562 ]]","[[ 0.8371314  -0.44564325  0.31719625]
 [-0.5110411  -0.43039066  0.7440439 ]
 [ 0.1950598   0.78496253  0.5880354 ]]"
20200224-052224.048742,40,[1.7659917 1.1791937 0.506898 ],"[[-0.44368532  0.7026752  -0.09939731]
 [-0.38255575  0.35869086 -0.24556378]
 [ 0.6876924   0.61075586  0.35764402]
 [ 0.42880484  0.06756907 -0.8954939 ]]","[[ 0.83714664 -0.4456692   0.31711885]
 [-0.5099045  -0.42605025  0.7473142 ]
 [ 0.19794637  0.7873119   0.5839154 ]]"
20200224-052224.048742,41,[1.7753681  1.1789008  0.50788444],"[[-0.44476774  0.7015633  -0.10653975]
 [-0.3818425   0.3591703  -0.23671782]
 [ 0.6874133   0.61185074  0.35881227]
 [ 0.4287668   0.06666751 -0.89658684]]","[[ 0.8377554  -0.44459492  0.3170195 ]
 [-0.50895035 -0.42543256  0.748316  ]
 [ 0.19782706  0.7882528   0.58268523]]"
20200224-052224.048742,42,[1.7866536 1.1790204 0.510016 ],"[[-0.44415063  0.7015828  -0.11369821]
 [-0.38003445  0.36057338 -0.22809173]
 [ 0.6891011   0.61129135  0.35898897]
 [ 0.42830345  0.06396712 -0.897872  ]]","[[ 0.83811194 -0.44513094  0.31532073]
 [-0.5070922  -0.42269647  0.7511228 ]
 [ 0.20106298  0.7894215   0.5799893 ]]"
20200224-052224.048742,43,[1.7953889 1.1789384 0.5114737],"[[-0.44535846  0.7003534  -0.12080131]
 [-0.37937206  0.36102596 -0.21930125]
 [ 0.6888114   0.6125381   0.35974362]
 [ 0.42810258  0.06294806 -0.898832  ]]","[[ 0.83881515 -0.44383764  0.31527382]
 [-0.50598025 -0.42183346  0.7523567 ]
 [ 0.20093118  0.7906104   0.5784133 ]]"
20200224-052224.048742,44,[1.7976557  1.1784683  0.51365423],"[[-0.45136672  0.6956998  -0.12803945]
 [-0.38208517  0.35862026 -0.21051235]
 [ 0.68339413  0.61895     0.36110947]
 [ 0.42807838  0.06553107 -0.8993831 ]]","[[ 0.84037364 -0.43732956  0.32017985]
 [-0.5069692  -0.42528954  0.74974066]
 [ 0.19171458  0.7923836   0.5791148 ]]"
20200224-052224.048742,45,[1.8060042  1.1790099  0.51661736],"[[-0.4526971   0.6941637  -0.13545425]
 [-0.38171467  0.35883677 -0.20226939]
 [ 0.682968    0.6207285   0.3609235 ]
 [ 0.42768413  0.06378857 -0.90026313]]","[[ 0.8410213  -0.43526274  0.3212932 ]
 [-0.50617105 -0.42343     0.75133085]
 [ 0.19098105  0.79451454  0.57643116]]"
20200224-052224.048742,46,[1.8129889 1.1762911 0.5191144],"[[-0.4567771   0.69117725 -0.14153527]
 [-0.38307226  0.35748363 -0.19347624]
 [ 0.67967933  0.6246214   0.36221015]
 [ 0.42737168  0.06578306 -0.9007433 ]]","[[ 0.8424682  -0.43212333  0.32174042]
 [-0.50550354 -0.4275089   0.7494681 ]
 [ 0.18631575  0.79404384  0.5786027 ]]"
20200224-052224.048742,47,[1.8216486 1.1750115 0.5200578],"[[-0.4583313   0.6898474  -0.14758363]
 [-0.38276783  0.35769555 -0.18500812]
 [ 0.6788357   0.6259532   0.36328337]
 [ 0.42732084  0.06593081 -0.90111923]]","[[ 0.84321076 -0.43116403  0.32108116]
 [-0.5045342  -0.42852765  0.74953926]
 [ 0.18558228  0.79401606  0.57887626]]"
20200224-052224.048742,48,[1.830037  1.1748985 0.5193508],"[[-0.45974976  0.68835294 -0.15380606]
 [-0.38256013  0.3579108  -0.177376  ]
 [ 0.67762214  0.6274769   0.36454323]
 [ 0.42791006  0.0659022  -0.9011047 ]]","[[ 0.8436731  -0.4294278   0.32219195]
 [-0.50436276 -0.4283756   0.74974173]
 [ 0.18394077  0.79503834  0.57799625]]"
20200224-052224.048742,49,[1.8379908 1.172901  0.5211552],"[[-0.4623105   0.6863367  -0.15957767]
 [-0.38305017  0.35738817 -0.16915622]
 [ 0.6756944   0.6298794   0.3655024 ]
 [ 0.42776048  0.06684166 -0.9012932 ]]","[[ 0.84465224 -0.42756966  0.3220978 ]
 [-0.50362146 -0.43073767  0.74888617]
 [ 0.18146136  0.79476374  0.5791569 ]]"
20200224-052224.048742,50,[1.8445264  1.1730378  0.52321166],"[[-0.46498224  0.68372357 -0.16630952]
 [-0.38389018  0.35671094 -0.16161938]
 [ 0.6733479   0.6331063   0.36570162]
 [ 0.427811    0.0667499  -0.90137815]]","[[ 0.84532213 -0.42405334  0.32497606]
 [-0.50390214 -0.43071726  0.74870926]
 [ 0.17751987  0.79665655  0.577776  ]]"
20200224-052224.048742,51,[1.8512245 1.1726552 0.5250795],"[[-0.46757123  0.68119097 -0.17279647]
 [-0.38475618  0.3560577  -0.15408397]
 [ 0.6710138   0.636184    0.36600152]
 [ 0.42787924  0.06687055 -0.9013559 ]]","[[ 0.84590954 -0.4207914   0.32767615]
 [-0.50428313 -0.43108627  0.7482401 ]
 [ 0.17359634  0.79818505  0.57685786]]"
20200224-052224.048742,52,[1.8584325 1.1737107 0.5278473],"[[-0.46926245  0.67895913 -0.18004185]
 [-0.38508072  0.35595512 -0.14693092]
 [ 0.6696917   0.6387979   0.36521348]
 [ 0.42780703  0.06517895 -0.90145206]]","[[ 0.8462422  -0.41749114  0.33102185]
 [-0.50463504 -0.42872694  0.74935764]
 [ 0.1709322   0.8011833   0.57348734]]"
20200224-052224.048742,53,[1.8667604  1.1729028  0.53041416],"[[-0.47092187  0.6772322  -0.18605442]
 [-0.38515648  0.35588554 -0.13967137]
 [ 0.6686014   0.640731    0.36504337]
 [ 0.42762125  0.06454639 -0.90145427]]","[[ 0.8469466  -0.4156451   0.33154348]
 [-0.503917   -0.42867252  0.74987197]
 [ 0.16955698  0.80217177  0.5725132 ]]"
20200224-052224.048742,54,[1.874498  1.1714906 0.5337601],"[[-0.47341442  0.6749191  -0.19188051]
 [-0.38592708  0.3551866  -0.13247922]
 [ 0.6665765   0.64354396  0.36488655]
 [ 0.4273342   0.06463622 -0.90138173]]","[[ 0.8477356  -0.41312006  0.3326803 ]
 [-0.50358415 -0.42989036  0.74939805]
 [ 0.16657524  0.80282384  0.57247406]]"
20200224-052224.048742,55,[1.8834728  1.1701736  0.53490144],"[[-0.47441104  0.67391014 -0.19704449]
 [-0.38555086  0.35553315 -0.12525712]
 [ 0.66606915  0.6444256   0.3653241 ]
 [ 0.42736027  0.06447603 -0.90112287]]","[[ 0.8482636  -0.41260126  0.3319776 ]
 [-0.5027609  -0.43049198  0.74960536]
 [ 0.16637443  0.80276823  0.57261044]]"
20200224-052224.048742,56,[1.8893889  1.169249   0.53676707],"[[-0.4772868   0.67121404 -0.20262729]
 [-0.38674173  0.35463366 -0.1182083 ]
 [ 0.66328585  0.6476355   0.36566535]
 [ 0.42741054  0.0653837  -0.90069866]]","[[ 0.84893274 -0.4094518   0.33415923]
 [-0.5030312  -0.43209136  0.7485031 ]
 [ 0.16208859  0.8035214   0.5727835 ]]"
20200224-052224.048742,57,[1.8957586 1.169159  0.5391169],"[[-0.47934216  0.66887385 -0.20864514]
 [-0.38747844  0.35424244 -0.11143834]
 [ 0.6613912   0.65030473  0.36528343]
 [ 0.42737922  0.06498872 -0.9003424 ]]","[[ 0.84929204 -0.4065203   0.33681488]
 [-0.50347185 -0.4317781   0.74838734]
 [ 0.15880533  0.8051763   0.5713773 ]]"
20200224-052224.048742,58,[1.9044205  1.1679947  0.54166335],"[[-0.48052418  0.6674916  -0.21414348]
 [-0.38741544  0.3543786  -0.10453033]
 [ 0.66068006  0.6517204   0.3649282 ]
 [ 0.42720923  0.0642748  -0.9000243 ]]","[[ 0.84969485 -0.4053163   0.33724967]
 [-0.5030947  -0.43173718  0.74866474]
 [ 0.15784274  0.805805    0.5707574 ]]"
20200224-052224.048742,59,[1.9120431 1.1686851 0.5429581],"[[-0.48176846  0.66561383 -0.22000647]
 [-0.38760823  0.35449484 -0.09864701]
 [ 0.6594654   0.65368557  0.36440247]
 [ 0.4275097   0.06314209 -0.8994871 ]]","[[ 0.8500117  -0.40277475  0.33948934]
 [-0.503155   -0.4300252   0.7496091 ]
 [ 0.15593463  0.80799204  0.5681844 ]]"
20200224-052224.048742,60,[1.92042   1.1666368 0.5450353],"[[-0.4835388   0.6640078  -0.22474667]
 [-0.3879638   0.3541681  -0.09192821]
 [ 0.6579926   0.6554464   0.36462268]
 [ 0.42745757  0.0636296  -0.8989374 ]]","[[ 0.8506201  -0.401544    0.33942297]
 [-0.50266945 -0.43177822  0.7489265 ]
 [ 0.15417153  0.80766964  0.56912315]]"
20200224-052224.048742,61,[1.9306308 1.1642005 0.5486938],"[[-0.4848763   0.6627732  -0.229491  ]
 [-0.38792503  0.3540341  -0.08546719]
 [ 0.6572747   0.6568067   0.3641331 ]
 [ 0.42708203  0.06321816 -0.89857453]]","[[ 0.8512917  -0.40092328  0.33847177]
 [-0.50167346 -0.43296516  0.74890924]
 [ 0.15370867  0.8073424   0.5697121 ]]"
20200224-052224.048742,62,[1.9412926  1.1662173  0.55161357],"[[-0.48398584  0.6621437  -0.2361971 ]
 [-0.38644394  0.35567096 -0.0801263 ]
 [ 0.65887123  0.6569793   0.3616544 ]
 [ 0.42697453  0.05866934 -0.8983299 ]]","[[ 0.85128015 -0.39978814  0.33984062]
 [-0.5010151  -0.42687726  0.75283456]
 [ 0.15590411  0.8111384   0.5636921 ]]"
20200224-052224.048742,63,[1.9491503 1.1665195 0.5528546],"[[-0.4849864   0.6604615  -0.24172656]
 [-0.3865947   0.35592002 -0.07428729]
 [ 0.6578741   0.65862876  0.36106697]
 [ 0.4272405   0.05761802 -0.8975972 ]]","[[ 0.85139143 -0.39771158  0.34199202]
 [-0.5013626  -0.42539558  0.75344175]
 [ 0.15417059  0.8129357   0.5615758 ]]"
20200224-052224.048742,64,[1.9554762 1.1679711 0.5573602],"[[-0.48657036  0.6576776  -0.24854258]
 [-0.38737693  0.35584643 -0.06875217]
 [ 0.656435    0.66166484  0.35869148]
 [ 0.42694435  0.05507293 -0.8971288 ]]","[[ 0.8513955  -0.3937744   0.3465074 ]
 [-0.5023446  -0.42206746  0.75465804]
 [ 0.15091556  0.81657875  0.5571568 ]]"
20200224-052224.048742,65,[1.9615802 1.1685318 0.5612631],"[[-0.48872364  0.65467834 -0.25460047]
 [-0.3885977   0.35528827 -0.06341341]
 [ 0.65420526  0.66503716  0.35700032]
 [ 0.4267977   0.05377272 -0.89649755]]","[[ 0.8515968  -0.3898031   0.3504804 ]
 [-0.50320524 -0.4205877   0.7549109 ]
 [ 0.1468589   0.8192431   0.554322  ]]"
20200224-052224.048742,66,[1.9693551 1.1678768 0.5619171],"[[-0.49016154  0.6528759  -0.25922146]
 [-0.3891405   0.35511512 -0.05793034]
 [ 0.65252995  0.66688716  0.35704502]
 [ 0.4272191   0.0539316  -0.89552635]]","[[ 0.85186887 -0.38784853  0.35198486]
 [-0.5034283  -0.42093068  0.75457114]
 [ 0.14449805  0.81999487  0.55383164]]"
20200224-052224.048742,67,[1.9773458  1.1650072  0.56481147],"[[-0.49255282  0.6507026  -0.26335138]
 [-0.3902687   0.35412535 -0.05205891]
 [ 0.65008533  0.6694407   0.3570904 ]
 [ 0.42716688  0.05505088 -0.8946634 ]]","[[ 0.8524703  -0.38602328  0.35253525]
 [-0.5033291  -0.42383662  0.7530091 ]
 [ 0.14126167  0.81935877  0.55560476]]"
20200224-052224.048742,68,[1.9867206 1.1636513 0.566081 ],"[[-0.4930023   0.6500283  -0.26742062]
 [-0.38980672  0.35460955 -0.04648852]
 [ 0.64994997  0.66988087  0.35688493]
 [ 0.42727548  0.05454434 -0.8938446 ]]","[[ 0.8527989  -0.3859409   0.35182896]
 [-0.50267756 -0.42396232  0.7533732 ]
 [ 0.14159532  0.81933224  0.5555584 ]]"
20200224-052224.048742,69,[1.9934335 1.1648812 0.5692534],"[[-0.49426553  0.6475482  -0.27335185]
 [-0.39035362  0.354744   -0.04172799]
 [ 0.64868784  0.6723809   0.3548229 ]
 [ 0.42723522  0.05236208 -0.8931061 ]]","[[ 0.8528912  -0.38258013  0.35525903]
 [-0.503195   -0.4209711   0.75470406]
 [ 0.13918096  0.822445    0.55155504]]"
20200224-052224.048742,70,[2.0024862 1.1655619 0.5726745],"[[-0.49471924  0.6459907  -0.2787806 ]
 [-0.39003748  0.3553839  -0.03723554]
 [ 0.64861846  0.67374825  0.35266024]
 [ 0.42710438  0.04961627 -0.89248276]]","[[ 0.85315084 -0.38071552  0.35663638]
 [-0.5027782  -0.4178061   0.7567377 ]
 [ 0.139097    0.8249204   0.54786706]]"
20200224-052224.048742,71,[2.010334  1.1648946 0.5733087],"[[-0.4960131   0.6442401  -0.28298485]
 [-0.3906372   0.3552046  -0.03237301]
 [ 0.6469843   0.67550737  0.35254425]
 [ 0.4275334   0.04973899 -0.8913946 ]]","[[ 0.8533425  -0.37884495  0.35816637]
 [-0.50307816 -0.4180688   0.75639343]
 [ 0.13681762  0.8256481   0.54734457]]"
20200224-052224.048742,72,[2.0210972 1.1655461 0.5754938],"[[-0.495549    0.64343417 -0.2883081 ]
 [-0.38957205  0.35652015 -0.02798835]
 [ 0.6479288   0.6758169   0.3504729 ]
 [ 0.42761368  0.04644885 -0.89065367]]","[[ 0.8534829  -0.37796035  0.35876617]
 [-0.50241244 -0.41398078  0.75907946]
 [ 0.13837962  0.82810986  0.5432174 ]]"
20200224-052224.048742,73,[2.0290334  1.1648443  0.57608515],"[[-0.49678886  0.64171463 -0.29232505]
 [-0.39020717  0.35632876 -0.02338662]
 [ 0.6463004   0.6775406   0.35033625]
 [ 0.4280596   0.04659133 -0.88952994]]","[[ 0.8536597  -0.3761328   0.3602629 ]
 [-0.50272477 -0.41426155  0.7587195 ]
 [ 0.13613622  0.8288013   0.5427296 ]]"
20200224-052224.048742,74,[2.0370464  1.1654112  0.57882994],"[[-0.49780303  0.63936967 -0.29793903]
 [-0.39075792  0.3565391  -0.01894517]
 [ 0.6451211   0.67978334  0.34834436]
 [ 0.42815825  0.04451146 -0.88855505]]","[[ 0.8535975  -0.37311405  0.36353442]
 [-0.5034459  -0.41156173  0.75971   ]
 [ 0.13384163  0.8315066   0.5391507 ]]"
20200224-052224.048742,75,[2.0454664 1.1657819 0.5801772],"[[-0.4984406   0.6376592  -0.30274034]
 [-0.3909374   0.35695255 -0.01466838]
 [ 0.6443305   0.68126863  0.34705332]
 [ 0.42844185  0.04299127 -0.8875175 ]]","[[ 0.85362023 -0.37104762  0.3655901 ]
 [-0.5037509  -0.40945688  0.7606445 ]
 [ 0.13254194  0.8334679   0.5364364 ]]"
20200224-052224.048742,76,[2.0517042  1.1648508  0.58346635],"[[-0.50072956  0.63462305 -0.30744645]
 [-0.39260373  0.35603115 -0.01017536]
 [ 0.6415204   0.6845842   0.345843  ]
 [ 0.42846683  0.0428947  -0.8864345 ]]","[[ 0.8537165  -0.36752403  0.36890915]
 [-0.5047666  -0.40994433  0.759708  ]
 [ 0.12797882  0.8347884   0.5354902 ]]"
20200224-052224.048742,77,[2.058799   1.1659341  0.58420736],"[[-0.5021095   0.6318335  -0.31257233]
 [-0.39380485  0.3558558  -0.00637932]
 [ 0.6393043   0.68731076  0.3446332 ]
 [ 0.429062    0.04192108 -0.88514763]]","[[ 0.8535547  -0.36367527  0.37307483]
 [-0.5059803  -0.4079093   0.759996  ]
 [ 0.12421103  0.83746666  0.53218555]]"
20200224-052224.048742,78,[2.0654435 1.165934  0.5880484],"[[-0.50382316  0.6288073  -0.31793663]
 [-0.39510426  0.35547376 -0.00212654]
 [ 0.63719577  0.6903637   0.34250525]
 [ 0.4289949   0.04046713 -0.8840825 ]]","[[ 0.85342985 -0.35998422  0.3769207 ]
 [-0.5071121  -0.40645224  0.76002246]
 [ 0.12039581  0.8397667   0.5294307 ]]"
20200224-052224.048742,79,[2.0761325 1.1655546 0.5894719],"[[-0.50361145  0.6281876  -0.3219164 ]
 [-0.3944047   0.35636592  0.00177485]
 [ 0.63763446  0.69057333  0.34131938]
 [ 0.42923486  0.03863044 -0.8831012 ]]","[[ 0.8535748  -0.35968813  0.3768747 ]
 [-0.5066297  -0.40453762  0.7613646 ]
 [ 0.12139378  0.8408174   0.5275318 ]]"
20200224-052224.048742,80,[2.0854447 1.1642331 0.5920766],"[[-0.5041414   0.62700075 -0.3258977 ]
 [-0.39434066  0.35669887  0.00608051]
 [ 0.6372662   0.691546    0.34006864]
 [ 0.4292181   0.03741493 -0.88210386]]","[[ 0.85370255 -0.3588981   0.37733832]
 [-0.5065135  -0.40392637  0.7617661 ]
 [ 0.12097951  0.8414485   0.5266198 ]]"
20200224-052224.048742,81,[2.093726   1.1634345  0.59264094],"[[-0.50510013  0.6254275  -0.3294413 ]
 [-0.39495218  0.3565732   0.00998245]
 [ 0.63582283  0.6930324   0.33975676]
 [ 0.42966938  0.03744048 -0.88087124]]","[[ 0.8537609  -0.35730588  0.37871468]
 [-0.50687593 -0.40408504  0.76144075]
 [ 0.11903434  0.84204966  0.5261018 ]]"
20200224-052224.048742,82,[2.103031   1.1621962  0.59270734],"[[-0.5060321   0.62395126 -0.33280608]
 [-0.395635    0.35632166  0.01377935]
 [ 0.63422745  0.694472    0.33979627]
 [ 0.43030176  0.03778598 -0.879539  ]]","[[ 0.8537957  -0.35583672  0.380017  ]
 [-0.50730443 -0.40469652  0.76083034]
 [ 0.11693984  0.8423781   0.5260458 ]]"
20200224-052224.048742,83,[2.1127715  1.1607189  0.59404874],"[[-0.5061056   0.6235277  -0.3359658 ]
 [-0.39511988  0.3568937   0.01792431]
 [ 0.63439393  0.6946006   0.3392042 ]
 [ 0.43044364  0.03702305 -0.87849104]]","[[ 0.85402286 -0.35612676  0.37923414]
 [-0.50674546 -0.40453473  0.7612888 ]
 [ 0.11770199  0.84233344  0.52594763]]"
20200224-052224.048742,84,[2.1206431  1.1591473  0.59541047],"[[-0.50773853  0.6213535  -0.3393672 ]
 [-0.39648685  0.35607472  0.02161682]
 [ 0.6319565   0.6969296   0.33894894]
 [ 0.43084905  0.03768098 -0.87719786]]","[[ 0.85405385 -0.35386696  0.38127455]
 [-0.507491   -0.40587872  0.7600758 ]
 [ 0.11421452  0.8426392   0.52622664]]"
20200224-052224.048742,85,[2.1290755  1.1598198  0.59666675],"[[-0.5083307   0.6194483  -0.34362534]
 [-0.39684466  0.35641524  0.02463925]
 [ 0.6309973   0.69853514  0.33737978]
 [ 0.4312273   0.036065   -0.87606484]]","[[ 0.8540783  -0.35150164  0.38340175]
 [-0.5077566  -0.4035081   0.7611601 ]
 [ 0.11284332  0.84476507  0.5231047 ]]"
20200224-052224.048742,86,[2.138886  1.1597817 0.5985927],"[[-0.508134    0.61865956 -0.34742454]
 [-0.39612305  0.3573915   0.02786931]
 [ 0.63154256  0.69884855  0.33563805]
 [ 0.43132406  0.03380372 -0.8751384 ]]","[[ 0.8543128  -0.3509677   0.38336873]
 [-0.5070946  -0.40098575  0.7629323 ]
 [ 0.11403919  0.8461868   0.520541  ]]"
20200224-052224.048742,87,[2.1481695  1.1575421  0.60076094],"[[-0.50894034  0.6175718  -0.35044336]
 [-0.39639774  0.3572468   0.0317779 ]
 [ 0.63065255  0.6998892   0.3350703 ]
 [ 0.43142262  0.03368438 -0.8740182 ]]","[[ 0.8545175  -0.35051674  0.3833244 ]
 [-0.50694495 -0.40201136  0.76249164]
 [ 0.11316538  0.84588695  0.5212185 ]]"
20200224-052224.048742,88,[2.1573055  1.1570661  0.60493886],"[[-0.5097172   0.6154377  -0.35504866]
 [-0.3967969   0.35745656  0.03502456]
 [ 0.62986505  0.7017686   0.33251986]
 [ 0.4312894   0.03134153 -0.8730088 ]]","[[ 0.8545055  -0.3483332   0.3853364 ]
 [-0.5072691  -0.399938    0.7633659 ]
 [ 0.11179506  0.84776974  0.51844805]]"
20200224-052224.048742,89,[2.1663363 1.1556079 0.60852  ],"[[-0.5108041   0.6134607  -0.35884595]
 [-0.39749372  0.357179    0.03825612]
 [ 0.62853605  0.7036861   0.3308877 ]
 [ 0.43130064  0.03024007 -0.8719402 ]]","[[ 0.854601   -0.34654745  0.3867324 ]
 [-0.50751114 -0.39970124  0.76332915]
 [ 0.10995238  0.8486127   0.51746184]]"
20200224-052224.048742,90,[2.1736736 1.1564125 0.6115388],"[[-0.5115145   0.61097914 -0.3637212 ]
 [-0.39809915  0.35760477  0.04136828]
 [ 0.6275851   0.70572793  0.32820886]
 [ 0.4312855   0.02778348 -0.8707899 ]]","[[ 0.85431767 -0.34357122  0.39000052]
 [-0.5084196  -0.39658514  0.76434934]
 [ 0.10794002  0.851281    0.51348794]]"
20200224-052224.048742,91,[2.1809196 1.1562226 0.6139348],"[[-0.51254296  0.6086684  -0.36773983]
 [-0.39902058  0.35751718  0.04444713]
 [ 0.6260745   0.70781004  0.32648453]
 [ 0.4314075   0.02661926 -0.86959726]]","[[ 0.8541389  -0.34099913  0.39264   ]
 [-0.5092444  -0.39536303  0.76443326]
 [ 0.10543574  0.85288185  0.511347  ]]"
20200224-052224.048742,92,[2.1882763 1.1570361 0.6169644],"[[-0.51324487  0.606119   -0.37257218]
 [-0.39965     0.35795847  0.04741955]
 [ 0.6251098   0.7098619   0.32371467]
 [ 0.4313898   0.02411728 -0.8684181 ]]","[[ 0.8538367  -0.33796805  0.39590457]
 [-0.5101636  -0.39220393  0.765447  ]
 [ 0.1034213   0.85554296  0.50729704]]"
20200224-052224.048742,93,[2.1978955 1.1557513 0.6196036],"[[-0.5135276   0.60495234 -0.37612456]
 [-0.39955318  0.35839966  0.05075895]
 [ 0.62492454  0.710685    0.32210633]
 [ 0.4314119   0.02256523 -0.86729556]]","[[ 0.8538673  -0.337259    0.39644313]
 [-0.5101464  -0.391179    0.76598305]
 [ 0.10325442  0.8562917   0.5060663 ]]"
20200224-052224.048742,94,[2.2051582 1.1555855 0.6220227],"[[-0.5145279   0.60257196 -0.38008845]
 [-0.40050173  0.35833234  0.05363841]
 [ 0.62341136  0.7127766   0.32026035]
 [ 0.43152946  0.02131889 -0.86607695]]","[[ 0.8536566  -0.3346352   0.39911145]
 [-0.5109963  -0.38985783  0.7660899 ]
 [ 0.10076389  0.8579221   0.5038021 ]]"
20200224-052224.048742,95,[2.2158835 1.154463  0.6241019],"[[-0.5148227   0.60131323 -0.38344255]
 [-0.40057102  0.3585886   0.0562945 ]
 [ 0.62294143  0.71375155  0.3188482 ]
 [ 0.43179232  0.01988089 -0.86495   ]]","[[ 0.85370964 -0.3336569   0.39981627]
 [-0.5109911  -0.38880542  0.766628  ]
 [ 0.10034003  0.8587803   0.5024225 ]]"
20200224-052224.048742,96,[2.2227752  1.1535112  0.62734765],"[[-0.51645577  0.59826106 -0.3874313 ]
 [-0.40229148  0.35785574  0.05910817]
 [ 0.6204009   0.7166964   0.31704733]
 [ 0.43190014  0.0192138  -0.863646  ]]","[[ 0.85341203 -0.33034393  0.40318805]
 [-0.5122615  -0.38862678  0.76587033]
 [ 0.09631092  0.8601407   0.5008814 ]]"
20200224-052224.048742,97,[2.2300818  1.1523541  0.62913674],"[[-0.51764834  0.5961475  -0.39051306]
 [-0.40350837  0.35730895  0.0618924 ]
 [ 0.61842865  0.71872795  0.3161568 ]
 [ 0.43216577  0.01918193 -0.8623885 ]]","[[ 0.8532573  -0.32824895  0.40522158]
 [-0.5130432  -0.38908818  0.7651124 ]
 [ 0.09348045  0.8607338   0.5003983 ]]"
20200224-052224.048742,98,[2.2397647  1.1500919  0.63106585],"[[-0.51805514  0.5953475  -0.39304182]
 [-0.40362716  0.35729435  0.0649341 ]
 [ 0.6178733   0.71940815  0.31553382]
 [ 0.4323611   0.01881195 -0.8612433 ]]","[[ 0.85334295 -0.32815582  0.40511635]
 [-0.5129781  -0.38980553  0.76479095]
 [ 0.09305399  0.8604448   0.50097466]]"
20200224-052224.048742,99,[2.2494383 1.1478734 0.6329583],"[[-0.51848036  0.5945279  -0.3955124 ]
 [-0.40378243  0.357248    0.0678822 ]
 [ 0.61728394  0.7201179   0.3149055 ]
 [ 0.43254924  0.01845878 -0.86011434]]","[[ 0.8534226  -0.32802245  0.4050573 ]
 [-0.5129309  -0.39050505  0.76446587]
 [ 0.09258503  0.8601787   0.50151867]]"
20200224-052224.048742,100,[2.258028  1.1462915 0.6340489],"[[-0.519568    0.5926234  -0.39829388]
 [-0.40507403  0.35654378  0.07048722]
 [ 0.6151937   0.72202486  0.31448948]
 [ 0.43301368  0.01882073 -0.85877234]]","[[ 0.85319394 -0.3261466   0.40704873]
 [-0.5138335  -0.39143783  0.7633816 ]
 [ 0.08964009  0.86046785  0.5015574 ]]"
20200224-052224.048742,101,[2.2682006  1.145898   0.63580155],"[[-0.51902723  0.59213173 -0.4015827 ]
 [-0.40414846  0.35776216  0.07319846]
 [ 0.61620754  0.72188514  0.3125771 ]
 [ 0.43308488  0.01637203 -0.8577113 ]]","[[ 0.8532642  -0.32612655  0.40691748]
 [-0.5134358  -0.3888689   0.7649606 ]
 [ 0.09123638  0.86163944  0.49925286]]"
20200224-052224.048742,102,[2.2782745  1.1460004  0.63757694],"[[-0.5186085   0.5912891  -0.40497196]
 [-0.40330622  0.35892585  0.07524569]
 [ 0.6169939   0.72205514  0.31038782]
 [ 0.43325213  0.01362054 -0.856735  ]]","[[ 0.85347605 -0.32554108  0.40694144]
 [-0.51281774 -0.3857152   0.76696914]
 [ 0.0927165   0.8632767   0.49614197]]"
20200224-052224.048742,103,[2.2879996  1.1438383  0.63954407],"[[-0.5190186   0.5904335  -0.40740407]
 [-0.4034723   0.3588855   0.07803492]
 [ 0.6164174   0.7227837   0.3096512 ]
 [ 0.43342742  0.01317371 -0.85559833]]","[[ 0.8535391  -0.3253619   0.40695316]
 [-0.5127971  -0.38628918  0.7666943 ]
 [ 0.09225146  0.8630877   0.4965575 ]]"
20200224-052224.048742,104,[2.299503  1.1435674 0.640617 ],"[[-0.5184879   0.589884   -0.41040775]
 [-0.40272385  0.3598792   0.0799937 ]
 [ 0.61712825  0.72277576  0.3080243 ]
 [ 0.43374705  0.01091476 -0.8545685 ]]","[[ 0.85363597 -0.32510495  0.40695503]
 [-0.512396   -0.3837756   0.768223  ]
 [ 0.0935737   0.86430484  0.49418712]]"
20200224-052224.048742,105,[2.3096294  1.1423082  0.64021665],"[[-0.51896703  0.58873075 -0.41269132]
 [-0.40349096  0.359566    0.08227221]
 [ 0.61577076  0.72386616  0.308017  ]
 [ 0.43438983  0.0112293  -0.8532545 ]]","[[ 0.8534496  -0.32400241  0.40822297]
 [-0.51301587 -0.3842073   0.7675933 ]
 [ 0.09185979  0.8645271   0.49412006]]"
20200224-052224.048742,106,[2.3193583  1.1416535  0.64277095],"[[-0.51920813  0.5871897  -0.41600892]
 [-0.4034804   0.36000672  0.08412305]
 [ 0.61546963  0.7249281   0.30589798]
 [ 0.43453833  0.00910878 -0.85222435]]","[[ 0.85355663 -0.32269645  0.40903318]
 [-0.51286376 -0.38221124  0.76869076]
 [ 0.09171671  0.8658994   0.49173823]]"
20200224-052224.048742,107,[2.3259468  1.1434197  0.64501303],"[[-0.5203499   0.58310664 -0.42106217]
 [-0.40528062  0.3600328   0.08546764]
 [ 0.61314267  0.7282314   0.30248526]
 [ 0.43478683  0.00649518 -0.85082597]]","[[ 0.8528761  -0.31748742  0.4144926 ]
 [-0.5147209  -0.37815762  0.769454  ]
 [ 0.0875484   0.8695967   0.48593903]]"
20200224-052224.048742,108,[2.3358104 1.1412352 0.6469205],"[[-0.5206607   0.5823217  -0.423339  ]
 [-0.40541083  0.3600155   0.0879771 ]
 [ 0.6126559   0.7288723   0.30172935]
 [ 0.43497944  0.00597351 -0.8497079 ]]","[[ 0.8529113  -0.3173994   0.41448745]
 [-0.5147229  -0.37866452  0.76920325]
 [ 0.08719296  0.86940825  0.48634002]]"
20200224-052224.048742,109,[2.34566   1.139102  0.6488701],"[[-0.52098984  0.5814894  -0.42564073]
 [-0.4055597   0.35999635  0.09046807]
 [ 0.61215115  0.72954994  0.30091196]
 [ 0.4351569   0.00541254 -0.84858555]]","[[ 0.8529415  -0.31725392  0.41453663]
 [-0.5147371  -0.3790979   0.76898   ]
 [ 0.08681197  0.8692725   0.48665076]]"
20200224-052224.048742,110,[2.3556163  1.1379735  0.65136445],"[[-0.52106696  0.5802733  -0.42876744]
 [-0.4054367   0.36052614  0.0927243 ]
 [ 0.6121268   0.7302682   0.29896155]
 [ 0.4352141   0.00348057 -0.84745663]]","[[ 0.8528885  -0.31648836  0.41523057]
 [-0.5148237  -0.3775576   0.76967984]
 [ 0.08682122  0.8702215   0.48495016]]"
20200224-052224.048742,111,[2.3630261 1.1384321 0.6536076],"[[-0.5218965   0.57741606 -0.4324841 ]
 [-0.40649033  0.36053175  0.09388967]
 [ 0.6105561   0.73253334  0.29642215]
 [ 0.43544325  0.00149587 -0.8463307 ]]","[[ 0.85266024 -0.3132456   0.41814792]
 [-0.5155872  -0.37504375  0.7703973 ]
 [ 0.08449979  0.87247896  0.48129034]]"
20200224-052224.048742,112,[2.370343   1.1392546  0.65742177],"[[-0.5229869   0.5735273  -0.4372333 ]
 [-0.40800846  0.36052185  0.0950473 ]
 [ 0.608585    0.73558724  0.29267398]
 [ 0.43547428 -0.00143341 -0.84506524]]","[[ 0.8521323  -0.30878812  0.42251682]
 [-0.5170002  -0.37156385  0.7711363 ]
 [ 0.08112574  0.87555134  0.47626513]]"
20200224-052224.048742,113,[2.3802714  1.1406561  0.66203547],"[[-0.5231337   0.5702229  -0.44252485]
 [-0.40815845  0.36163005  0.09574526]
 [ 0.60840076  0.7375818   0.28770876]
 [ 0.43541527 -0.00652264 -0.8439363 ]]","[[ 0.8518973  -0.30515558  0.42561862]
 [-0.5174937  -0.36565855  0.77362394]
 [ 0.08044457  0.8793029   0.46941972]]"
20200224-052224.048742,114,[2.3919044 1.1387345 0.6623403],"[[-0.52275586  0.57036173 -0.44429052]
 [-0.4075842   0.3620983   0.09799638]
 [ 0.6088226   0.7372391   0.28745377]
 [ 0.43581682 -0.00711857 -0.8428363 ]]","[[ 0.85200787 -0.30602533  0.42477143]
 [-0.5171461  -0.36565584  0.7738577 ]
 [ 0.08149993  0.8790018   0.46980152]]"
20200224-052224.048742,115,[2.4018302  1.138138   0.66469026],"[[-0.52290094  0.5687115  -0.44744426]
 [-0.4075594   0.36260098  0.09931258]
 [ 0.6085873   0.73824024  0.2851329 ]
 [ 0.43599522 -0.00945513 -0.84180164]]","[[ 0.8520743  -0.3046511   0.4256258 ]
 [-0.51704574 -0.36336994  0.77500075]
 [ 0.08144519  0.8804261   0.46713674]]"
20200224-052224.048742,116,[2.411646  1.1369009 0.6679962],"[[-0.52351356  0.56647724 -0.4507483 ]
 [-0.40825793  0.3625342   0.10075499]
 [ 0.6075031   0.7399614   0.28277838]
 [ 0.43611822 -0.01137955 -0.84066105]]","[[ 0.8519127  -0.302725    0.42732012]
 [-0.5175406  -0.3620642   0.77528155]
 [ 0.07997974  0.88162744  0.46511948]]"
20200224-052224.048742,117,[2.4181602 1.1363822 0.6685665],"[[-0.52500856  0.56335205 -0.45343116]
 [-0.4107521   0.3612874   0.10213639]
 [ 0.60415256  0.7429601   0.28199643]
