Timestamp,Epoch,s,u,v
20200225-052711.864934,0,[1.6942915  1.0932724  0.23708004],"[[-0.57506466  0.30462575  0.6351165 ]
 [-0.17523201 -0.6584699   0.5045414 ]
 [ 0.779241    0.22461012  0.5847522 ]
 [ 0.17713794 -0.6505156  -0.01139302]]","[[ 0.75927126 -0.6364705   0.13569228]
 [-0.40974542 -0.3055606   0.85950077]
 [ 0.5055846   0.70819354  0.49279428]]"
20200225-052711.864934,1,[1.7012221  1.0940791  0.23799428],"[[-0.57724744  0.30376035  0.61928016]
 [-0.17359507 -0.6604341   0.5224765 ]
 [ 0.778084    0.22534817  0.58481234]
 [ 0.17673512 -0.6486714  -0.03879059]]","[[ 0.7598789  -0.63601524  0.13442062]
 [-0.40989506 -0.30828932  0.8584544 ]
 [ 0.50454956  0.7074197   0.49496192]]"
20200225-052711.864934,2,[1.7085578  1.0926442  0.23951876],"[[-0.5780267   0.30675375  0.6028605 ]
 [-0.17422207 -0.66068447  0.54067814]
 [ 0.7779372   0.22487973  0.583257  ]
 [ 0.17419939 -0.6471687  -0.06354657]]","[[ 0.7590236  -0.6366401   0.13628192]
 [-0.41037503 -0.3053204   0.8592858 ]
 [ 0.5054461   0.70814484  0.49300653]]"
20200225-052711.864934,3,[1.7136672 1.0909135 0.2406631],"[[-0.57932323  0.3109772   0.5850964 ]
 [-0.17661288 -0.66038007  0.55790895]
 [ 0.7772676   0.22337404  0.58202934]
 [ 0.1704325  -0.64598405 -0.08741715]]","[[ 0.7568131  -0.63841486  0.1402157 ]
 [-0.413244   -0.30113462  0.8593878 ]
 [ 0.50642216  0.7083392   0.4917237 ]]"
20200225-052711.864934,4,[1.7179137 1.0892068 0.243168 ],"[[-0.58034384  0.31535283  0.56754506]
 [-0.17938454 -0.66006213  0.57364416]
 [ 0.77677155  0.22122921  0.580171  ]
 [ 0.16627733 -0.644925   -0.11057567]]","[[ 0.7541037  -0.64062876  0.14464557]
 [-0.41683474 -0.2966715   0.859206  ]
 [ 0.50751984  0.7082236   0.49075735]]"
20200225-052711.864934,5,[1.7194886  1.0886482  0.24677369],"[[-0.5821709   0.3179831   0.5502406 ]
 [-0.18158877 -0.6606171   0.5870842 ]
 [ 0.77563506  0.2191078   0.57851154]
 [ 0.16276754 -0.6437887  -0.13376154]]","[[ 0.7515168  -0.6427708   0.14855428]
 [-0.42163998 -0.2947913   0.8575068 ]
 [ 0.50738776  0.7070672   0.49255848]]"
20200225-052711.864934,6,[1.7271445  1.0872608  0.24959461],"[[-0.5828226   0.320212    0.5340072 ]
 [-0.18161269 -0.6609298   0.6006053 ]
 [ 0.77548206  0.21932511  0.5743445 ]
 [ 0.16112629 -0.6422867  -0.15568474]]","[[ 0.7512718  -0.6427434   0.1499054 ]
 [-0.42148355 -0.29245314  0.8583839 ]
 [ 0.5078803   0.70806223  0.49061754]]"
20200225-052711.864934,7,[1.7335994 1.0868042 0.2522302],"[[-0.5841835   0.32182005  0.5176845 ]
 [-0.1821706  -0.661584    0.6122616 ]
 [ 0.7746702   0.21904138  0.5708012 ]
 [ 0.15946801 -0.64090544 -0.17698738]]","[[ 0.7505501  -0.6432825   0.15120354]
 [-0.42276505 -0.29157618  0.858052  ]
 [ 0.5078824   0.7079346   0.4907998 ]]"
20200225-052711.864934,8,[1.7413586  1.0854713  0.25545135],"[[-0.5847851   0.3238831   0.501877  ]
 [-0.18215224 -0.66186327  0.6237071 ]
 [ 0.77451426  0.21936175  0.56586534]
 [ 0.15803275 -0.6394664  -0.19724311]]","[[ 0.7503924  -0.6431729   0.15244676]
 [-0.42252737 -0.28938264  0.8589111 ]
 [ 0.50831294  0.70893335  0.48890856]]"
20200225-052711.864934,9,[1.7488197 1.0847495 0.257934 ],"[[-0.5858211   0.3254898   0.48599535]
 [-0.1823146  -0.6622987   0.6339324 ]
 [ 0.7739296   0.21969442  0.56116456]
 [ 0.15686941 -0.6380839  -0.21687026]]","[[ 0.75021225 -0.64316875  0.15334778]
 [-0.42267293 -0.28815112  0.8592534 ]
 [ 0.5084577   0.7094384   0.48802456]]"
20200225-052711.864934,10,[1.7565416  1.0835849  0.26126513],"[[-0.586425    0.32767454  0.47052756]
 [-0.1827132  -0.6624622   0.64352155]
 [ 0.773692    0.21974662  0.555891  ]
 [ 0.15531358 -0.63677716 -0.23551963]]","[[ 0.7497964  -0.64332795  0.15470782]
 [-0.42276177 -0.28592545  0.8599531 ]
 [ 0.5089968   0.71019435  0.4863603 ]]"
20200225-052711.864934,11,[1.7618401  1.0834312  0.26519704],"[[-0.5878817   0.3286495   0.45536166]
 [-0.18325834 -0.66345394  0.6511425 ]
 [ 0.77274793  0.21920311  0.55143917]
 [ 0.15385729 -0.63542765 -0.25411472]]","[[ 0.7489554  -0.64404124  0.15580994]
 [-0.4246786  -0.28605303  0.85896564]
 [ 0.50863934  0.709496    0.4877515 ]]"
20200225-052711.864934,12,[1.7648838 1.0826775 0.269417 ],"[[-0.5893711   0.3312847   0.43982986]
 [-0.18558767 -0.6636408   0.6583111 ]
 [ 0.77160364  0.21764253  0.54739064]
 [ 0.15108413 -0.6343996  -0.27118194]]","[[ 0.7467347  -0.6457328   0.15942588]
 [-0.42864096 -0.28392732  0.8577017 ]
 [ 0.50858074  0.708812    0.48880586]]"
20200225-052711.864934,13,[1.7707118  1.0812482  0.27227807],"[[-0.59037435  0.3344397   0.42462277]
 [-0.18774013 -0.66315526  0.6655564 ]
 [ 0.7707533   0.21696435  0.5427217 ]
 [ 0.14883165 -0.63348365 -0.28667706]]","[[ 0.74512804 -0.64674646  0.16279821]
 [-0.43093836 -0.2806069   0.8576432 ]
 [ 0.50899535  0.7092099   0.48779595]]"
20200225-052711.864934,14,[1.7739395  1.0805365  0.27666673],"[[-0.5918043   0.33691052  0.41004613]
 [-0.19006023 -0.66331625  0.6712689 ]
 [ 0.7695639   0.21554504  0.5385506 ]
 [ 0.14634334 -0.6324896  -0.30203304]]","[[ 0.7429896  -0.64830726  0.16632591]
 [-0.43481264 -0.27861893  0.85633504]
 [ 0.50882655  0.7085685   0.48890305]]"
20200225-052711.864934,15,[1.7795914  1.0802478  0.28123358],"[[-0.59326273  0.3375146   0.3967359 ]
 [-0.19041684 -0.6643523   0.67601675]
 [ 0.76852036  0.21539024  0.5338055 ]
 [ 0.14545412 -0.6311315  -0.31725973]]","[[ 0.7424134  -0.6487153   0.16730444]
 [-0.43659803 -0.27908227  0.8552749 ]
 [ 0.5081383   0.7080124   0.49042222]]"
20200225-052711.864934,16,[1.7875944 1.0791023 0.2855913],"[[-0.5937252   0.3390451   0.3839991 ]
 [-0.1903186  -0.6645706   0.6813441 ]
 [ 0.76833427  0.21598561  0.5278638 ]
 [ 0.14467858 -0.629877   -0.33117157]]","[[ 0.74251217 -0.6483663   0.16821726]
 [-0.43616387 -0.27739826  0.85604393]
 [ 0.50836676  0.7089935   0.48876545]]"
20200225-052711.864934,17,[1.7932358 1.0790222 0.2902177],"[[-0.5950277   0.33973902  0.3714502 ]
 [-0.19090001 -0.6655946   0.68500996]
 [ 0.7673597   0.21558796  0.52309865]
 [ 0.14372852 -0.6285561  -0.3451866 ]]","[[ 0.7418067  -0.648956    0.16905315]
 [-0.4379371  -0.27787223  0.85498434]
 [ 0.507872    0.7082677   0.4903294 ]]"
20200225-052711.864934,18,[1.801104   1.0764072  0.29468992],"[[-0.5949882   0.34392694  0.35814133]
 [-0.19292727 -0.6642351   0.69054335]
 [ 0.7673442   0.21523993  0.51705295]
 [ 0.14124626 -0.62783587 -0.35712856]]","[[ 0.74038786 -0.64951533  0.17307653]
 [-0.43895358 -0.27219123  0.85628945]
 [ 0.50906324  0.70995903  0.48663422]]"
20200225-052711.864934,19,[1.8097558  1.0750718  0.29906115],"[[-0.5955991   0.34551817  0.3461017 ]
 [-0.19320998 -0.66432405  0.6944851 ]
 [ 0.7669436   0.21574214  0.5113737 ]
 [ 0.14046021 -0.62669456 -0.36932495]]","[[ 0.740257   -0.64935267  0.17424318]
 [-0.43900633 -0.27056137  0.8567789 ]
 [ 0.509208    0.7107307   0.4853549 ]]"
20200225-052711.864934,20,[1.815585   1.074666   0.30502376],"[[-0.5965559   0.3466368   0.33507904]
 [-0.19385439 -0.6650763   0.6970546 ]
 [ 0.76625556  0.21528076  0.50649536]
 [ 0.13926245 -0.6254363  -0.38118213]]","[[ 0.73946315 -0.64990145  0.1755635 ]
 [-0.44065264 -0.27011982  0.8560728 ]
 [ 0.50893974  0.7103968   0.48612446]]"
20200225-052711.864934,21,[1.8235391  1.074204   0.30852026],"[[-0.59732366  0.3474811   0.32412586]
 [-0.19397452 -0.6654541   0.6998404 ]
 [ 0.76564795  0.21596082  0.5014272 ]
 [ 0.13914466 -0.6243307  -0.39209256]]","[[ 0.73963094 -0.6496073   0.17594367]
 [-0.44052327 -0.26964962  0.85628766]
 [ 0.5088075   0.7108442   0.4856084 ]]"
20200225-052711.864934,22,[1.8305786  1.0740023  0.31277132],"[[-0.5983792   0.34827918  0.31353384]
 [-0.19459358 -0.6660866   0.70185447]
 [ 0.7647498   0.21603523  0.49693868]
 [ 0.13868497 -0.6231846  -0.40267757]]","[[ 0.7392512  -0.6498401   0.17667909]
 [-0.4415679  -0.26966214  0.85574543]
 [ 0.50845397  0.7106266   0.48629665]]"
20200225-052711.864934,23,[1.8364812  1.0738009  0.31793493],"[[-0.5997112   0.3486137   0.30357325]
 [-0.19504836 -0.66715515  0.70314914]
 [ 0.7636662   0.21596125  0.49277037]
 [ 0.13826211 -0.6218789  -0.4130394 ]]","[[ 0.7387717  -0.65018266  0.17742327]
 [-0.44329885 -0.2704982   0.8545858 ]
 [ 0.5076442   0.7099954   0.48806155]]"
20200225-052711.864934,24,[1.8421702  1.0742482  0.32200846],"[[-0.60121536  0.34847128  0.29382312]
 [-0.19559096 -0.6685019   0.7038713 ]
 [ 0.762349    0.21582776  0.48903975]
 [ 0.13823499 -0.62055755 -0.42317116]]","[[ 0.7383635  -0.6506267   0.17749503]
 [-0.44507042 -0.27236485  0.853071  ]
 [ 0.50668734  0.7088741   0.49067894]]"
20200225-052711.864934,25,[1.850401   1.0732439  0.32683602],"[[-0.60154563  0.3496438   0.28470978]
 [-0.19552211 -0.66863865  0.70580727]
 [ 0.7621587   0.21655369  0.48395294]
 [ 0.13794293 -0.6194968  -0.431933  ]]","[[ 0.7385816  -0.65018255  0.17821313]
 [-0.44458434 -0.27101913  0.8537525 ]
 [ 0.50679576  0.70979655  0.48923075]]"
20200225-052711.864934,26,[1.85771    1.0725126  0.33192793],"[[-0.60217744  0.3511302   0.27516726]
 [-0.19647096 -0.6689518   0.7071247 ]
 [ 0.76159585  0.21625888  0.47929528]
 [ 0.13694353 -0.6184205  -0.44106042]]","[[ 0.7378587  -0.6506606   0.17945859]
 [-0.44567472 -0.2699958   0.85350823]
 [ 0.506891    0.7097486   0.48920178]]"
20200225-052711.864934,27,[1.866335   1.071897   0.33534282],"[[-0.6028712   0.35202384  0.26598364]
 [-0.19694984 -0.6692255   0.7083496 ]
 [ 0.7609273   0.21678853  0.47493485]
 [ 0.13692082 -0.6174299  -0.44936693]]","[[ 0.7378458  -0.6505484   0.17991866]
 [-0.44581994 -0.26957908  0.85356426]
 [ 0.5067825   0.71001     0.48893514]]"
20200225-052711.864934,28,[1.8739566  1.072465   0.34076145],"[[-0.6040025   0.35071856  0.25876808]
 [-0.19568622 -0.6712722   0.7080401 ]
 [ 0.7601954   0.21747817  0.47092438]
 [ 0.1378089  -0.6157059  -0.4582013 ]]","[[ 0.7387102  -0.65011585  0.17792314]
 [-0.44547874 -0.27281633  0.85271347]
 [ 0.5058221   0.70916903  0.49114493]]"
20200225-052711.864934,29,[1.878328   1.0730935  0.34572133],"[[-0.60578966  0.35037172  0.25084823]
 [-0.19665356 -0.6729741   0.7072367 ]
 [ 0.75853115  0.21690051  0.46838945]
 [ 0.13775717 -0.6142477  -0.4663721 ]]","[[ 0.73789626 -0.65093863  0.17829254]
 [-0.44836476 -0.2753395   0.8503867 ]
 [ 0.5044584   0.70743716  0.49502996]]"
20200225-052711.864934,30,[1.8857135  1.0727215  0.35009226],"[[-0.60659117  0.35095087  0.242968  ]
 [-0.19712365 -0.67364913  0.7075307 ]
 [ 0.75778     0.21709673  0.46463495]
 [ 0.13769215 -0.61310655 -0.473795  ]]","[[ 0.73769087 -0.6510528   0.17872573]
 [-0.4491377  -0.2755945   0.849896  ]
 [ 0.5040712   0.7072329   0.49571583]]"
20200225-052711.864934,31,[1.8925319 1.0725428 0.3545614],"[[-0.6073507   0.35136044  0.23573422]
 [-0.197444   -0.6743579   0.7076529 ]
 [ 0.75706136  0.21742466  0.46117678]
 [ 0.13783708 -0.6119751  -0.48059565]]","[[ 0.7376468  -0.65100986  0.17906272]
 [-0.44972008 -0.2759155   0.8494836 ]
 [ 0.50361603  0.707147    0.49630043]]"
20200225-052711.864934,32,[1.8963948  1.0719031  0.35995904],"[[-0.608457    0.3529808   0.22821918]
 [-0.19959661 -0.6745551   0.7076025 ]
 [ 0.75579625  0.21663548  0.4586804 ]
 [ 0.13679741 -0.6111047  -0.4866488 ]]","[[ 0.73605305 -0.6519905   0.18202864]
 [-0.4530912  -0.27473634  0.84807336]
 [ 0.50292593  0.7067024   0.4976317 ]]"
20200225-052711.864934,33,[1.901093  1.0722766 0.366207 ],"[[-0.60969555  0.35300398  0.22205238]
 [-0.20039196 -0.6760734   0.70652276]
 [ 0.75462604  0.2160123   0.4562994 ]
 [ 0.13657923 -0.6096325  -0.49326375]]","[[ 0.7352911  -0.6526978   0.18257199]
 [-0.45546395 -0.27638248  0.8462655 ]
 [ 0.5018959   0.7054064   0.500502  ]]"
20200225-052711.864934,34,[1.9058535  1.07246    0.37224957],"[[-0.6110547   0.35329393  0.21544456]
 [-0.2015989  -0.67751914  0.70534635]
 [ 0.75328505  0.21517038  0.45390195]
 [ 0.13613221 -0.60815567 -0.50004333]]","[[ 0.73422647 -0.6536601   0.18341245]
 [-0.45829207 -0.27788988  0.8442428 ]
 [ 0.50087935  0.70392174  0.50360143]]"
20200225-052711.864934,35,[1.9135474  1.0717318  0.37785983],"[[-0.6115039   0.3543067   0.20921977]
 [-0.20215563 -0.6778862   0.7053356 ]
 [ 0.752815    0.2153503   0.45062438]
 [ 0.13588957 -0.6070926  -0.5056349 ]]","[[ 0.7339463  -0.6537006   0.18438645]
 [-0.45892984 -0.277165    0.8441346 ]
 [ 0.5007057   0.70416987  0.5034269 ]]"
20200225-052711.864934,36,[1.9235643  1.0704952  0.38163278],"[[-0.61140865  0.35555133  0.2026239 ]
 [-0.20210832 -0.67743665  0.70624363]
 [ 0.7528505   0.21659166  0.44653097]
 [ 0.13619107 -0.60642475 -0.5106604 ]]","[[ 0.7344916  -0.6529035   0.18503837]
 [-0.45765513 -0.27523476  0.8454571 ]
 [ 0.5010729   0.7056649   0.50096214]]"
20200225-052711.864934,37,[1.9276981  1.0695199  0.38781828],"[[-0.6122033   0.35792133  0.19583789]
 [-0.20482765 -0.6771979   0.70601845]
 [ 0.7517454   0.21546046  0.44421217]
 [ 0.13465361 -0.6056997  -0.51561767]]","[[ 0.73244154 -0.6541331   0.18878372]
 [-0.46131504 -0.27289605  0.8442253 ]
 [ 0.50071734  0.70543444  0.5016418 ]]"
20200225-052711.864934,38,[1.939303   1.0700724  0.39342162],"[[-0.6124955   0.3560072   0.191832  ]
 [-0.20207734 -0.67957985  0.70477456]
 [ 0.75193477  0.21686836  0.44037437]
 [ 0.13641207 -0.60365444 -0.5220766 ]]","[[ 0.7345788  -0.652952    0.18452133]
 [-0.45824343 -0.27684566  0.8446122 ]
 [ 0.5004073   0.7049896   0.5025758 ]]"
20200225-052711.864934,39,[1.9479582  1.0687807  0.39910868],"[[-0.61238587  0.35776678  0.18597   ]
 [-0.20260215 -0.6791827   0.7052231 ]
 [ 0.75198525  0.21727957  0.43660498]
 [ 0.13584661 -0.60291237 -0.5267366 ]]","[[ 0.7343826  -0.65276563  0.18595499]
 [-0.4580491  -0.2744619   0.84549487]
 [ 0.50087255  0.7060934   0.5005588 ]]"
20200225-052711.864934,40,[1.9564426  1.0683872  0.40218163],"[[-0.6127885   0.3583642   0.18013978]
 [-0.20310105 -0.6793354   0.70506346]
 [ 0.7514098   0.21798913  0.43394744]
 [ 0.13646816 -0.602129   -0.5311539 ]]","[[ 0.7345533  -0.65247834  0.18628916]
 [-0.4579846  -0.2741588   0.84562814]
 [ 0.5006813   0.70647657  0.5002092 ]]"
20200225-052711.864934,41,[1.9665213 1.0672305 0.4058495],"[[-0.612682    0.35954466  0.17442623]
 [-0.20318122 -0.67880994  0.7056263 ]
 [ 0.751406    0.2191782   0.43048403]
 [ 0.1368492  -0.60158616 -0.53511757]]","[[ 0.7350288  -0.6517438   0.18698311]
 [-0.4568523  -0.27227437  0.8468488 ]
 [ 0.50101775  0.7078818   0.49788016]]"
20200225-052711.864934,42,[1.9759175  1.0659144  0.41165152],"[[-0.61262304  0.3612674   0.16906151]
 [-0.2038177  -0.6783415   0.7059106 ]
 [ 0.75136864  0.21961348  0.4271743 ]
 [ 0.13636996 -0.60092324 -0.53910166]]","[[ 0.7347791  -0.6515785   0.18853477]
 [-0.45684412 -0.2699237   0.8476053 ]
 [ 0.50139135  0.7089337   0.496004  ]]"
20200225-052711.864934,43,[1.9829612 1.0658422 0.4159051],"[[-0.6132525   0.36146158  0.16428132]
 [-0.20428395 -0.6790842   0.70503324]
 [ 0.7506299   0.21990523  0.4251813 ]
 [ 0.136909   -0.59985983 -0.5432869 ]]","[[ 0.7347452  -0.6515703   0.18869437]
 [-0.45748708 -0.27058196  0.84704834]
 [ 0.5008543   0.70869     0.4968938 ]]"
20200225-052711.864934,44,[1.9869531  1.065387   0.42085192],"[[-0.6143108   0.36309862  0.15860693]
 [-0.2070553  -0.67914987  0.704099  ]
 [ 0.7491349   0.21896046  0.42411354]
 [ 0.13618995 -0.5991422  -0.5470066 ]]","[[ 0.73293114 -0.65269864  0.1918247 ]
 [-0.4612525  -0.26950863  0.8453469 ]
 [ 0.5000583   0.70806074  0.49859008]]"
20200225-052711.864934,45,[1.9962643  1.0648704  0.42383072],"[[-0.6147073   0.36373395  0.15315452]
 [-0.20772804 -0.67930126  0.7036398 ]
 [ 0.7485155   0.21953592  0.42173335]
 [ 0.13678063 -0.59837407 -0.55097705]]","[[ 0.7329573  -0.65256584  0.19217607]
 [-0.46141496 -0.26931745  0.84531915]
 [ 0.49987006  0.7082557   0.49850178]]"
20200225-052711.864934,46,[2.0049524  1.0641248  0.42812774],"[[-0.6148148   0.36475214  0.14828344]
 [-0.20825507 -0.67915684  0.7034698 ]
 [ 0.74824184  0.22011301  0.4191528 ]
 [ 0.13699152 -0.5977057  -0.55448455]]","[[ 0.7329578  -0.6523171   0.19301552]
 [-0.4613407  -0.26812515  0.8457385 ]
 [ 0.4999374   0.70893663  0.49746487]]"
20200225-052711.864934,47,[2.0083978  1.0650742  0.43386272],"[[-0.6165311   0.36399195  0.14470322]
 [-0.20965302 -0.6816494   0.7005313 ]
 [ 0.74635386  0.21891488  0.41926593]
 [ 0.13744512 -0.5957687  -0.55904657]]","[[ 0.73187864 -0.65355885  0.19291055]
 [-0.46497512 -0.27201572  0.8424997 ]
 [ 0.49814838  0.70630616  0.5029711 ]]"
20200225-052711.864934,48,[2.0155919  1.0640239  0.43649292],"[[-0.6170153   0.36588618  0.13881676]
 [-0.2120474  -0.68063056  0.7005976 ]
 [ 0.7452798   0.21910705  0.41780564]
 [ 0.1374252  -0.5957023  -0.56154346]]","[[ 0.7307814  -0.6538473   0.19606659]
 [-0.4670512  -0.26946798  0.8421698 ]
 [ 0.49781677  0.70701534  0.50230235]]"
20200225-052711.864934,49,[2.0252154 1.0631988 0.4408053],"[[-0.61711645  0.36686587  0.13432768]
 [-0.21262302 -0.6804369   0.70037675]
 [ 0.7449649   0.2197658   0.41559073]
 [ 0.13778923 -0.59507823 -0.56454664]]","[[ 0.7307859  -0.65356433  0.19699141]
 [-0.4670547  -0.2682872   0.84254485]
 [ 0.49780688  0.7077258   0.50131077]]"
20200225-052711.864934,50,[2.036295   1.0630878  0.44516644],"[[-0.6170241   0.36645636  0.13105352]
 [-0.21145383 -0.6813717   0.6995708 ]
 [ 0.74514604  0.22088274  0.41304278]
 [ 0.13901924 -0.5938465  -0.56817424]]","[[ 0.7320089  -0.65276706  0.19508494]
 [-0.46502456 -0.26944938  0.8432967 ]
 [ 0.4979107   0.70802     0.500792  ]]"
20200225-052711.864934,51,[2.0466936  1.061642   0.45000172],"[[-0.61661404  0.36796254  0.12673432]
 [-0.21153548 -0.6804446   0.70011955]
 [ 0.74545187  0.22201397  0.40997308]
 [ 0.13907392 -0.5935557  -0.5706951 ]]","[[ 0.7323354  -0.6520262   0.19633345]
 [-0.4638996  -0.26665673  0.84480244]
 [ 0.49847966  0.7097578   0.49775678]]"
20200225-052711.864934,52,[2.0554693 1.0609571 0.4541486],"[[-0.6166994   0.36890763  0.12252595]
 [-0.21214862 -0.68027383  0.699784  ]
 [ 0.74514645  0.22256427  0.40792337]
 [ 0.13939749 -0.5929588  -0.57348794]]","[[ 0.7323071  -0.6518042   0.19717428]
 [-0.46391192 -0.26554775  0.84514505]
 [ 0.49850988  0.7103772   0.49684224]]"
20200225-052711.864934,53,[2.062768   1.0600314  0.45655692],"[[-0.61717623  0.37058955  0.11716443]
 [-0.21452855 -0.6792751   0.6997015 ]
 [ 0.7440321   0.2228005   0.40689802]
 [ 0.13959596 -0.59296566 -0.57543415]]","[[ 0.73126006 -0.65203816  0.20026246]
 [-0.46602452 -0.26320603  0.84471524]
 [ 0.4980762   0.71103376  0.4963378 ]]"
20200225-052711.864934,54,[2.0700452 1.0600368 0.4604568],"[[-0.6176864   0.37062693  0.11371792]
 [-0.2150823  -0.68006736  0.69847673]
 [ 0.7432921   0.22304274  0.4058769 ]
 [ 0.14042756 -0.5919426  -0.57832694]]","[[ 0.73122585 -0.6520695   0.20028505]
 [-0.46671307 -0.2641159   0.84405077]
 [ 0.4974813   0.71066743  0.49745774]]"
20200225-052711.864934,55,[2.0797503  1.0588839  0.46620968],"[[-0.61759436  0.37210256  0.10989604]
 [-0.21578512 -0.67950684  0.6984189 ]
 [ 0.7431986   0.22353984  0.40368393]
 [ 0.14024873 -0.59147286 -0.5806664 ]]","[[ 0.7309898  -0.6518552   0.20183812]
 [-0.4668245  -0.26195866  0.84466124]
 [ 0.49772352  0.71166176  0.4957911 ]]"
20200225-052711.864934,56,[2.0902393  1.0575566  0.47084835],"[[-0.6171822   0.37348428  0.10602407]
 [-0.2158911  -0.67850316  0.69892377]
 [ 0.74347883  0.22469372  0.40100408]
 [ 0.14041527 -0.5913172  -0.58263224]]","[[ 0.73130804 -0.6511029   0.20310907]
 [-0.46577317 -0.25921515  0.8460867 ]
 [ 0.49824065  0.71335286  0.4928325 ]]"
20200225-052711.864934,57,[2.1022465  1.058433   0.47483334],"[[-0.61751616  0.37132996  0.10421865]
 [-0.21363737 -0.68152386  0.6963208 ]
 [ 0.74346614  0.22541933  0.39917874]
 [ 0.14244464 -0.5889186  -0.5873089 ]]","[[ 0.7331078  -0.6506631   0.19796552]
 [-0.46328744 -0.2646645   0.8457644 ]
 [ 0.49791324  0.71175146  0.4954717 ]]"
20200225-052711.864934,58,[2.1111217  1.0574005  0.48043057],"[[-0.61738634  0.37276655  0.10063947]
 [-0.21429574 -0.68098     0.6962057 ]
 [ 0.7434263   0.22585595  0.39704368]
 [ 0.14222816 -0.5884727  -0.5895131 ]]","[[ 0.73287725 -0.6504787   0.19941999]
 [-0.46334285 -0.26255426  0.84639156]
 [ 0.49820122  0.71270096  0.4938147 ]]"
20200225-052711.864934,59,[2.122509   1.0571058  0.48468983],"[[-0.61739117  0.37231407  0.09811468]
 [-0.21323885 -0.6819709   0.695152  ]
 [ 0.74349207  0.22686745  0.39515078]
 [ 0.14344418 -0.587221   -0.59244657]]","[[ 0.733934   -0.64985156  0.1975688 ]
 [-0.4616774  -0.26394644  0.8468683 ]
 [ 0.49819118  0.7127587   0.49374112]]"
20200225-052711.864934,60,[2.1304271  1.0569994  0.48797658],"[[-0.6179966   0.3728555   0.09420405]
 [-0.21469003 -0.6825736   0.69369906]
 [ 0.7424732   0.22664179  0.39440963]
 [ 0.143952   -0.586264   -0.59527177]]","[[ 0.7333366  -0.6503543   0.19813307]
 [-0.463183   -0.2645933   0.84584403]
 [ 0.49767354  0.7120601   0.495269  ]]"
20200225-052711.864934,61,[2.136894  1.0572262 0.4927011],"[[-0.6188039   0.37296942  0.09150293]
 [-0.21600798 -0.68382     0.6917715 ]
 [ 0.7413018   0.22613598  0.39453322]
 [ 0.14454757 -0.58493274 -0.5978488 ]]","[[ 0.73267037 -0.65099883  0.19848178]
 [-0.4652196  -0.2661903   0.8442236 ]
 [ 0.49675462  0.71087515  0.4978871 ]]"
20200225-052711.864934,62,[2.1433039  1.0577593  0.49572006],"[[-0.61979073  0.37272027  0.08833592]
 [-0.21745649 -0.68542975  0.68940294]
 [ 0.73986346  0.22552337  0.39480346]
 [ 0.14551406 -0.5834422  -0.6008743 ]]","[[ 0.7320319  -0.6518008   0.19820465]
 [-0.46738595 -0.26881674  0.8421923 ]
 [ 0.49566093  0.7091497   0.50142497]]"
20200225-052711.864934,63,[2.152426  1.0561686 0.4984358],"[[-0.6197543   0.3748348   0.0835918 ]
 [-0.21946734 -0.6834411   0.69022644]
 [ 0.7392747   0.22640872  0.39347845]
 [ 0.14564162 -0.5840773  -0.60147697]]","[[ 0.7312773  -0.6514981   0.2019498 ]
 [-0.46856716 -0.26468253  0.8428451 ]
 [ 0.49565938  0.7109807   0.49882695]]"
20200225-052711.864934,64,[2.158244  1.0551484 0.503555 ],"[[-0.6202689   0.37668815  0.079799  ]
 [-0.22196434 -0.68263155  0.68982685]
 [ 0.7381756   0.22615038  0.3930677 ]
 [ 0.14524066 -0.5839316  -0.60271776]]","[[ 0.7298261  -0.6519956   0.20556158]
 [-0.47141778 -0.2622178   0.84202546]
 [ 0.49509507  0.71143776  0.49873573]]"
20200225-052711.864934,65,[2.1649175 1.0550001 0.5099007],"[[-0.62086135  0.3772952   0.07751779]
 [-0.22325605 -0.6835818   0.6881428 ]
 [ 0.7372732   0.22556262  0.39290723]
 [ 0.1453127  -0.5826541  -0.6050411 ]]","[[ 0.72901565 -0.65263647  0.20640191]
 [-0.4733665  -0.26287887  0.8407252 ]
 [ 0.4944292   0.7106056   0.5005791 ]]"
20200225-052711.864934,66,[2.1723506  1.0550578  0.51351714],"[[-0.62127924  0.37727296  0.07499183]
 [-0.22391294 -0.6844697   0.68669677]
 [ 0.73652613  0.2256766   0.3926303 ]
 [ 0.14630198 -0.58158106 -0.60717803]]","[[ 0.72892696 -0.6527653   0.20630822]
 [-0.4741507  -0.26401106  0.8399281 ]
 [ 0.4938082   0.71006745  0.5019539 ]]"
20200225-052711.864934,67,[2.180767   1.0546242  0.51874286],"[[-0.62155324  0.37782148  0.07263968]
 [-0.22471628 -0.684897    0.6856444 ]
 [ 0.7359523   0.22578706  0.3921654 ]
 [ 0.14679363 -0.58067846 -0.60895157]]","[[ 0.72862047 -0.65287673  0.20703694]
 [-0.47506714 -0.26399082  0.8394165 ]
 [ 0.4933796   0.7099726   0.5025094 ]]"
20200225-052711.864934,68,[2.189187  1.054191  0.5239608],"[[-0.62184155  0.37838078  0.07034104]
 [-0.22554676 -0.6853224   0.6845838 ]
 [ 0.7353584   0.22588488  0.39175886]
 [ 0.14727433 -0.5797733  -0.61067384]]","[[ 0.7282988  -0.65300065  0.20777664]
 [-0.47601056 -0.2639767   0.8388865 ]
 [ 0.4929451   0.7098638   0.5030891 ]]"
20200225-052711.864934,69,[2.1989808  1.0547101  0.52771395],"[[-0.6220442   0.37734428  0.06888137]
 [-0.22466841 -0.68748575  0.68231565]
 [ 0.735165    0.22607237  0.39098194]
 [ 0.14871968 -0.57781154 -0.61386794]]","[[ 0.72916526 -0.65298     0.20478143]
 [-0.47499284 -0.26749706  0.8383479 ]
 [ 0.49264595  0.7085638   0.5052103 ]]"
20200225-052711.864934,70,[2.2047997 1.0550046 0.5326371],"[[-0.6226831   0.37712386  0.06731559]
 [-0.22542578 -0.68909234  0.6801923 ]
 [ 0.7342265   0.22561735  0.39140683]
 [ 0.14953521 -0.5762175  -0.6161231 ]]","[[ 0.72881866 -0.653481    0.20441616]
 [-0.47646624 -0.26962733  0.8368279 ]
 [ 0.49173492  0.7072932   0.5078711 ]]"
20200225-052711.864934,71,[2.2108953  1.0543823  0.53573537],"[[-0.6232975   0.37841052  0.06364018]
 [-0.22801816 -0.68856895  0.6794859 ]
 [ 0.732821    0.2254689   0.39180002]
 [ 0.14993675 -0.57605743 -0.61704284]]","[[ 0.72751445 -0.65397084  0.20747244]
 [-0.4793797  -0.26818666  0.8356261 ]
 [ 0.49083376  0.7073881   0.50861007]]"
20200225-052711.864934,72,[2.220124  1.0541878 0.5376215],"[[-0.6233955   0.37867433  0.06056166]
 [-0.22874908 -0.68868804  0.6786644 ]
 [ 0.73225534  0.22605555  0.39127466]
 [ 0.15117534 -0.57551175 -0.61858857]]","[[ 0.7276031  -0.6537968   0.2077103 ]
 [-0.47955522 -0.2682532   0.8355041 ]
 [ 0.49053088  0.7075238   0.5087136 ]]"
20200225-052711.864934,73,[2.2270417  1.054058   0.54387057],"[[-0.62391627  0.3792787   0.0587066 ]
 [-0.2301121  -0.68972063  0.6768369 ]
 [ 0.73134446  0.22538252  0.39149797]
 [ 0.15136923 -0.5741396  -0.6206247 ]]","[[ 0.7267701  -0.6544901   0.2084416 ]
 [-0.48152533 -0.26905632  0.8341114 ]
 [ 0.48983517  0.70657724  0.51069564]]"
20200225-052711.864934,74,[2.235629  1.0539284 0.5470675],"[[-0.6242887   0.3794816   0.0561512 ]
 [-0.23105697 -0.69052786  0.67528224]
 [ 0.73053944  0.22533698  0.39135134]
 [ 0.1522772  -0.5730516  -0.62264365]]","[[ 0.7264795  -0.6547978   0.20848848]
 [-0.48256105 -0.270104    0.83317393]
 [ 0.48924688  0.7058921   0.5122049 ]]"
20200225-052711.864934,75,[2.2427084 1.0541953 0.5513748],"[[-0.62491864  0.37958843  0.05418968]
 [-0.23247947 -0.69191825  0.6730931 ]
 [ 0.72937167  0.22468035  0.39212093]
 [ 0.15312527 -0.5715599  -0.62470037]]","[[ 0.7257853  -0.65553576  0.20858733]
 [-0.48456785 -0.27194712  0.8314077 ]
 [ 0.48829287  0.70449823  0.51502675]]"
20200225-052711.864934,76,[2.2530317 1.0531275 0.5568225],"[[-0.6247461   0.3808685   0.05163223]
 [-0.23326609 -0.69124895  0.672996  ]
 [ 0.7292345   0.22526485  0.39103284]
 [ 0.15328442 -0.5712881  -0.6257029 ]]","[[ 0.7255393  -0.655288    0.21021587]
 [-0.48481917 -0.26991478  0.83192337]
 [ 0.48840892  0.7055097   0.51352984]]"
20200225-052711.864934,77,[2.2630267  1.0536623  0.56020683],"[[-0.62482667  0.379889    0.05056954]
 [-0.23243889 -0.69348854  0.67058665]
 [ 0.72911155  0.22531287  0.39058083]
 [ 0.15479061 -0.5692027  -0.6286519 ]]","[[ 0.7263779  -0.6553535   0.207091  ]
 [-0.48379993 -0.273531    0.83133537]
 [ 0.48817274  0.7040542   0.51574695]]"
20200225-052711.864934,78,[2.2719378  1.0534384  0.56288666],"[[-0.6253101   0.38021237  0.04780382]
 [-0.2338259  -0.6940991   0.6690717 ]
 [ 0.72803164  0.22526999  0.39086035]
 [ 0.15582924 -0.56825906 -0.63030654]]","[[ 0.7258727  -0.6557364   0.20765044]
 [-0.4853311  -0.27435282  0.83017135]
 [ 0.48740402  0.7033778   0.5173945 ]]"
20200225-052711.864934,79,[2.2819974  1.0536847  0.56826144],"[[-0.62524873  0.37958747  0.04738634]
 [-0.23292345 -0.696036    0.66703624]
 [ 0.7281274   0.2253755   0.39047894]
 [ 0.15697417 -0.5662623  -0.632727  ]]","[[ 0.72665215 -0.6556653   0.20513356]
 [-0.48425138 -0.27703077  0.8299124 ]
 [ 0.48731643  0.7023937   0.51881194]]"
20200225-052711.864934,80,[2.2883983 1.0530723 0.5711542],"[[-0.62579507  0.38083825  0.04401838]
 [-0.23553924 -0.6954889   0.66631794]
 [ 0.72670144  0.22523805  0.3911362 ]
 [ 0.15750115 -0.5661491  -0.633321  ]]","[[ 0.72534555 -0.656154    0.20817299]
 [-0.48714933 -0.2756074   0.8286895 ]
 [ 0.4863738   0.7024975   0.51955557]]"
20200225-052711.864934,81,[2.2954812 1.0532656 0.575403 ],"[[-0.6263807   0.38114217  0.04199473]
 [-0.23704672 -0.6969967   0.66384757]
 [ 0.725579    0.2243058   0.39164263]
 [ 0.15808494 -0.5644582  -0.6357349 ]]","[[ 0.7245206  -0.6570939   0.20808053]
 [-0.48920232 -0.27757335  0.8268218 ]
 [ 0.4855419   0.7008429   0.5225595 ]]"
20200225-052711.864934,82,[2.304077   1.054016   0.57998407],"[[-0.6268203   0.38005406  0.04173332]
 [-0.23666534 -0.70003545  0.66053915]
 [ 0.72501755  0.223627    0.39222568]
 [ 0.15948564 -0.561694   -0.6388312 ]]","[[ 0.7249224  -0.65766454  0.20485352]
 [-0.48929688 -0.2823099   0.8251605 ]
 [ 0.48484668  0.69841135  0.5264459 ]]"
20200225-052711.864934,83,[2.3089495 1.0540762 0.5819144],"[[-0.62773025  0.3809558   0.03836812]
 [-0.23991899 -0.7003615   0.6587363 ]
 [ 0.7229814   0.22273368  0.39378774]
 [ 0.16028504 -0.5610311  -0.63994163]]","[[ 0.72319984 -0.65877295  0.20736441]
 [-0.4932758  -0.2825513   0.82270503]
 [ 0.48338488  0.6972679   0.52929795]]"
20200225-052711.864934,84,[2.3183935 1.0534319 0.5856553],"[[-0.6275438   0.38139433  0.03649305]
 [-0.24010427 -0.7002904   0.6583037 ]
 [ 0.722879    0.22348657  0.39323783]
 [ 0.1611975  -0.5605226  -0.6408343 ]]","[[ 0.72343725 -0.65836656  0.2078274 ]
 [-0.49300092 -0.28190055  0.8230931 ]
 [ 0.48331037  0.69791526  0.52851266]]"
20200225-052711.864934,85,[2.3262758 1.053498  0.5886907],"[[-0.6277562   0.3814575   0.03469631]
 [-0.24089204 -0.7012221   0.6566804 ]
 [ 0.722178    0.22341299  0.39360002]
 [ 0.16233397 -0.5593432  -0.64237565]]","[[ 0.7232791  -0.65861017  0.20760567]
 [-0.49378875 -0.28309876  0.8222092 ]
 [ 0.4827425   0.6972      0.5299736 ]]"
20200225-052711.864934,86,[2.3369503  1.0527097  0.59190136],"[[-0.6276078   0.3823899   0.0318949 ]
 [-0.24173185 -0.70084405  0.6561773 ]
 [ 0.7218906   0.22392891  0.39271685]
 [ 0.16293715 -0.5589736  -0.6435742 ]]","[[ 0.72309077 -0.6585048   0.20859331]
 [-0.4940643  -0.28200576  0.8224191 ]
 [ 0.48274252  0.6977421   0.52925944]]"
20200225-052711.864934,87,[2.3505538 1.0522854 0.5943002],"[[-0.6269112   0.38211367  0.0302989 ]
 [-0.24027118 -0.70129323  0.6555929 ]
 [ 0.72265744  0.2252539   0.3910286 ]
 [ 0.16437232 -0.5580658  -0.6452723 ]]","[[ 0.72450936 -0.65761966  0.20645265]
 [-0.49131876 -0.28265783  0.82383883]
 [ 0.48341715  0.698313    0.52788913]]"
20200225-052711.864934,88,[2.3579173 1.0528554 0.5963208],"[[-0.6275468   0.3820424   0.02824285]
 [-0.24192639 -0.7030894   0.65274876]
 [ 0.7212766   0.22426543  0.39216968]
 [ 0.1655802  -0.55624956 -0.6475523 ]]","[[ 0.723766   -0.6586433   0.20579575]
 [-0.49344394 -0.2855279   0.8215758 ]
 [ 0.48236507  0.6961772   0.5316589 ]]"
20200225-052711.864934,89,[2.3637295 1.0536329 0.5996564],"[[-0.6286074   0.3818736   0.02679784]
 [-0.24407616 -0.7056458   0.64904404]
 [ 0.7193766   0.22257628  0.39423853]
 [ 0.16666415 -0.5538018  -0.65007687]]","[[ 0.72256154 -0.66017914  0.2051066 ]
 [-0.4967266  -0.28945798  0.8182157 ]
 [ 0.4807992   0.6930929   0.5370797 ]]"
20200225-052711.864934,90,[2.3735185 1.0533923 0.6008924],"[[-0.6284978   0.38220417  0.02418801]
 [-0.24484125 -0.70559174  0.64832395]
 [ 0.71889704  0.22317326  0.3940979 ]
 [ 0.16801876 -0.5534025  -0.6509822 ]]","[[ 0.72261477 -0.660009    0.2054649 ]
 [-0.49687505 -0.2893019   0.8181807 ]
 [ 0.48056522  0.6933199   0.5369959 ]]"
20200225-052711.864934,91,[2.3803658  1.0527488  0.60340846],"[[-0.6289291   0.38344276  0.02107173]
 [-0.24745151 -0.7049353   0.6476883 ]
 [ 0.71747386  0.22309108  0.39494118]
 [ 0.16866359 -0.55341524 -0.65121233]]","[[ 0.72129655 -0.66047794  0.20856729]
 [-0.49972567 -0.28775066  0.8169907 ]
 [ 0.47958887  0.693519    0.53761137]]"
20200225-052711.864934,92,[2.389836  1.0517786 0.6088129],"[[-0.6286531   0.38463685  0.0191252 ]
 [-0.24811107 -0.7044183   0.6474421 ]
 [ 0.7174491   0.22357008  0.39409357]
 [ 0.16882879 -0.5530514  -0.6520301 ]]","[[ 0.7210844  -0.66027564  0.20993654]
 [-0.49985793 -0.28595346  0.81754076]
 [ 0.4797702   0.69445425  0.53624064]]"
20200225-052711.864934,93,[2.3994596 1.0511731 0.6125925],"[[-0.6284309   0.38500828  0.01761933]
 [-0.2482179  -0.70443547  0.6469512 ]
 [ 0.71738744  0.22426747  0.3937479 ]
 [ 0.16975763 -0.5524883  -0.6527684 ]]","[[ 0.72132814 -0.6599037   0.21026859]
 [-0.49956495 -0.2854552   0.8178939 ]
 [ 0.47970897  0.69501257  0.5355716 ]]"
20200225-052711.864934,94,[2.4070926 1.0512648 0.616809 ],"[[-0.62907517  0.38518324  0.01641452]
 [-0.24972264 -0.70615256  0.6442813 ]
 [ 0.7160965   0.22329454  0.3950688 ]
 [ 0.17061277 -0.5505652  -0.6546393 ]]","[[ 0.72051764 -0.6608596   0.21004508]
 [-0.50175506 -0.28777987  0.8157357 ]
 [ 0.47864005  0.693143    0.53894013]]"
20200225-052711.864934,95,[2.4211187 1.0522647 0.6196153],"[[-0.6288099   0.38386643  0.01649506]
 [-0.24808453 -0.7096938   0.6405185 ]
 [ 0.7164908   0.22274867  0.39464462]
 [ 0.17231803 -0.547142   -0.6585741 ]]","[[ 0.7218454  -0.6612423   0.20420076]
 [-0.49957234 -0.2936841   0.81497073]
 [ 0.47892264  0.6902958   0.5423329 ]]"
20200225-052711.864934,96,[2.4308016 1.0516602 0.6228185],"[[-0.62860537  0.38464737  0.0143233 ]
 [-0.24884686 -0.7093963   0.64002734]
 [ 0.7162215   0.22325084  0.3942761 ]
 [ 0.17308149 -0.54677486 -0.65932274]]","[[ 0.72172683 -0.66109455  0.20509619]
 [-0.4997732  -0.29270446  0.81520003]
 [ 0.47889167  0.69085324  0.54164994]]"
20200225-052711.864934,97,[2.440091  1.0515486 0.6255606],"[[-0.6287748   0.38496426  0.01256806]
 [-0.24985677 -0.7102861   0.6382442 ]
 [ 0.7154864   0.22296993  0.39468473]
 [ 0.17405002 -0.54550964 -0.6608407 ]]","[[ 0.72136194 -0.66153914  0.2049464 ]
 [-0.5008015  -0.29386273  0.8141515 ]
 [ 0.47836697  0.6899353   0.54328114]]"
20200225-052711.864934,98,[2.4512868  1.0508331  0.62848073],"[[-0.62857056  0.38576442  0.01030474]
 [-0.2507792  -0.7097933   0.6379312 ]
 [ 0.7151138   0.22360623  0.39457655]
 [ 0.17498773 -0.54532486 -0.66124666]]","[[ 0.7211834  -0.66135484  0.20616569]
 [-0.5011886  -0.2926709   0.8143427 ]
 [ 0.47823074  0.6906181   0.5425329 ]]"
20200225-052711.864934,99,[2.460815  1.0508211 0.6305165],"[[-0.6287563   0.38627812  0.00808242]
 [-0.2523935  -0.71029997  0.63635004]
 [ 0.7141016   0.22333972  0.39538756]
 [ 0.17613108 -0.5444104  -0.6623157 ]]","[[ 0.7205725  -0.66185355  0.20670094]
 [-0.502671   -0.29329944  0.813202  ]
 [ 0.47759527  0.6898736   0.54403806]]"
20200225-052711.864934,100,[2.47016   1.0504255 0.6353924],"[[-0.6288522   0.3868647   0.007011  ]
 [-0.25335556 -0.7109596   0.63492215]
 [ 0.7135098   0.22312158  0.39600083]
 [ 0.17680544 -0.5432207  -0.6633314 ]]","[[ 0.7201517  -0.6621771   0.20713031]
 [-0.503699   -0.29366824  0.81243247]
 [ 0.4771465   0.68940586  0.5450236 ]]"
20200225-052711.864934,101,[2.4782376 1.0505182 0.6381438],"[[-0.62897253  0.38698655  0.00570726]
 [-0.25420314 -0.7119969   0.63311225]
 [ 0.7128164   0.22283822  0.39673874]
 [ 0.17795278 -0.5418901  -0.6646312 ]]","[[ 0.71992075 -0.6625449   0.20675682]
 [-0.50453985 -0.29501665  0.8114214 ]
 [ 0.4766064   0.68847615  0.546669  ]]"
20200225-052711.864934,102,[2.4863665 1.0506043 0.640724 ],"[[-0.62906903  0.38710666  0.00435948]
 [-0.25504082 -0.71298313  0.63134986]
 [ 0.7121368   0.22259122  0.39745507]
 [ 0.1791289  -0.5406073  -0.66588885]]","[[ 0.71969897 -0.66289085  0.2064194 ]
 [-0.5053625  -0.2963061   0.8104391 ]
 [ 0.47606936  0.6875889   0.54825145]]"
20200225-052711.864934,103,[2.495815   1.050241   0.64500165],"[[-0.6291793   0.38805157  0.002603  ]
 [-0.2565994  -0.7133505   0.629896  ]
 [ 0.7113414   0.22220328  0.39798662]
 [ 0.17967539 -0.5396044  -0.66695654]]","[[ 0.7189542  -0.6634101   0.20734468]
 [-0.50683504 -0.29625395  0.8095381 ]
 [ 0.47562903  0.6871103   0.54923254]]"
20200225-052711.864934,104,[2.501651   1.0508952  0.65074235],"[[-0.6299079   0.3881625   0.00278189]
 [-0.25831547 -0.71625876  0.62589586]
 [ 0.7099019   0.2201031   0.40027043]
 [ 0.18035664 -0.5365241  -0.6693506 ]]","[[ 0.7178516  -0.66498154  0.20612764]
 [-0.5095822  -0.30014086  0.80637556]
 [ 0.47435758  0.68389696  0.5543193 ]]"
20200225-052711.864934,105,[2.509587   1.0506388  0.65565705],"[[-0.6299409   0.38870683  0.00194586]
 [-0.25910833 -0.7171808   0.624178  ]
 [ 0.7094342   0.21968423  0.40075302]
 [ 0.18094267 -0.53506786 -0.670668  ]]","[[ 0.7174992  -0.665371    0.20609798]
 [-0.51039577 -0.30084985  0.80559653]
 [ 0.474016    0.68320626  0.555462  ]]"
20200225-052711.864934,106,[2.5155408 1.0513054 0.661208 ],"[[-0.6306335   0.38884112  0.00213322]
 [-0.26085675 -0.7201137   0.62007153]
 [ 0.7079916   0.21751723  0.40307346]
 [ 0.1816682  -0.53190714 -0.6730818 ]]","[[ 0.71638125 -0.66697174  0.20480882]
 [-0.5131454  -0.30477417  0.80236816]
 [ 0.4727364   0.67989814  0.56058794]]"
20200225-052711.864934,107,[2.5235395  1.0510497  0.66594756],"[[-0.63064086  0.38938466  0.00130688]
 [-0.26165435 -0.72103703  0.6183256 ]
 [ 0.7075285   0.2170886   0.4035885 ]
 [ 0.18229875 -0.53043157 -0.6743799 ]]","[[ 0.7160334  -0.6673631   0.20475008]
 [-0.5139473  -0.30550113  0.801578  ]
 [ 0.47239226  0.6791873   0.5617386 ]]"
20200225-052711.864934,108,[2.534879   1.0499742  0.67093706],"[[-6.3034046e-01  3.9055037e-01 -4.0965033e-04]
 [-2.6247129e-01 -7.2038436e-01  6.1820978e-01]
 [ 7.0738173e-01  2.1768588e-01  4.0329877e-01]
 [ 1.8273206e-01 -5.3021663e-01 -6.7466033e-01]]","[[ 0.7157506  -0.6671631   0.2063847 ]
 [-0.5143112  -0.3036568   0.80204535]
 [ 0.47242492  0.6802101   0.5604719 ]]"
20200225-052711.864934,109,[2.5429885 1.0505923 0.6721491],"[[-0.6307582   0.3906624  -0.00196601]
 [-0.26417357 -0.7222954   0.6149617 ]
 [ 0.7060468   0.2163662   0.4047058 ]
 [ 0.1839957  -0.5280698  -0.67678034]]","[[ 0.7149438  -0.66834843  0.20534366]
 [-0.51634985 -0.3066852   0.7995794 ]
 [ 0.47142166  0.6776835   0.5643642 ]]"
20200225-052711.864934,110,[2.551124  1.0512156 0.6734695],"[[-0.6311723   0.3908041  -0.00346389]
 [-0.26587012 -0.7242174   0.611679  ]
 [ 0.70471853  0.21500999  0.4061045 ]
 [ 0.1852216  -0.5258822  -0.6789083 ]]","[[ 0.7141294  -0.6695484   0.20426586]
 [-0.51837456 -0.30971065  0.7970994 ]
 [ 0.47043332  0.6751181   0.56825024]]"
20200225-052711.864934,111,[2.563153   1.0513991  0.67779666],"[[-0.6309505   0.39092904 -0.00369676]
 [-0.26580384 -0.7263049   0.6087467 ]
 [ 0.7047172   0.21421538  0.4062297 ]
 [ 0.18607387 -0.523228   -0.6814624 ]]","[[ 0.71434706 -0.670109    0.2016489 ]
 [-0.51799476 -0.31259257  0.79622054]
 [ 0.4705206   0.67323095  0.57041264]]"
20200225-052711.864934,112,[2.5713456 1.0520331 0.6790977],"[[-0.63134533  0.3911039  -0.00513083]
 [-0.26750562 -0.7282151   0.6054334 ]
 [ 0.70339817  0.21281852  0.4076447 ]
 [ 0.18728358 -0.52100766 -0.68355674]]","[[ 0.7135267  -0.671315    0.20053935]
 [-0.5200034  -0.31559476  0.7937233 ]
 [ 0.4695492   0.6706238   0.5742713 ]]"
20200225-052711.864934,113,[2.5839303 1.0520492 0.6820822],"[[-0.6307396   0.39082885 -0.00541297]
 [-0.26654497 -0.72952425  0.60379   ]
 [ 0.7039258   0.21315329  0.4074435 ]
 [ 0.18870538 -0.5192427  -0.68512654]]","[[ 0.71448404 -0.67102236  0.19809526]
 [-0.5183096  -0.31745392  0.79408956]
 [ 0.46996564  0.670039    0.5746131 ]]"
20200225-052711.864934,114,[2.5916219 1.0513854 0.6839144],"[[-0.6310268   0.39203772 -0.00823449]
 [-0.26912147 -0.7287093   0.6033013 ]
 [ 0.7024647   0.21315287  0.40852338]
 [ 0.18953255 -0.5194757  -0.68488574]]","[[ 0.7131688  -0.6714904   0.20122431]
 [-0.521043   -0.315753    0.7929781 ]
 [ 0.46894     0.67037374  0.57506055]]"
20200225-052711.864934,115,[2.603725   1.0504119  0.68534666],"[[-0.63038814  0.39256063 -0.01049307]
 [-0.2690606  -0.7274786   0.6041691 ]
 [ 0.70272386  0.21481708  0.40775597]
 [ 0.19077797 -0.52011967 -0.6845469 ]]","[[ 0.7136777  -0.6705804   0.20244975]
 [-0.5200483  -0.31361672  0.7944773 ]
 [ 0.46926934  0.6722845   0.57255554]]"
20200225-052711.864934,116,[2.6148531 1.0509832 0.6874784],"[[-0.63028824  0.39203227 -0.01053957]
 [-0.26877537 -0.73001033  0.60090107]
 [ 0.7025008   0.21405064  0.40851974]
 [ 0.19232605 -0.51727945 -0.6869633 ]]","[[ 0.7141394  -0.67110294  0.19906221]
 [-0.5195864  -0.31763294  0.7931831 ]
 [ 0.4690787   0.66987336  0.57553023]]"
20200225-052711.864934,117,[2.6211598 1.0514853 0.6917509],"[[-0.63058734  0.39204141 -0.0102089 ]
 [-0.26970503 -0.7325111   0.597368  ]
 [ 0.70161915  0.21245795  0.41024435]
