Timestamp,Epoch,s,u,v
20200222-040336.905377,0,[1.8185617  1.4208428  0.76244044],"[[ 0.25712714  0.5011069   0.65769595]
 [ 0.6548709   0.50385493 -0.25981295]
 [ 0.6601269  -0.49614695 -0.2604956 ]
 [ 0.26317704 -0.498859    0.6573245 ]]","[[ 0.49131763  0.7091645   0.5056606 ]
 [ 0.71442634  0.00394859 -0.69969964]
 [ 0.49819872 -0.70503193  0.5047058 ]]"
20200222-040336.905377,1,[1.7993437  1.427428   0.75943923],"[[ 0.24694869  0.50114876  0.6617019 ]
 [ 0.65799737  0.5045819  -0.24990235]
 [ 0.66464174 -0.49542835 -0.25063935]
 [ 0.2535887  -0.49879658  0.6609683 ]]","[[ 0.4859388   0.70944667  0.51044023]
 [ 0.7209624   0.00475023 -0.6929581 ]
 [ 0.49404138 -0.7047434   0.509176  ]]"
20200222-040336.905377,2,[1.7810317 1.4340497 0.7562791],"[[ 0.24378207 -0.4987607   0.66483074]
 [ 0.6681258  -0.49546722 -0.24064419]
 [ 0.66191614  0.5045627  -0.2398818 ]
 [ 0.23673868  0.5011649   0.6652418 ]]","[[ 0.4892317  -0.7046488   0.5139284 ]
 [ 0.72753406  0.00475335 -0.68605494]
 [ 0.48098505  0.70954037  0.51498157]]"
20200222-040336.905377,3,[1.7559625  1.4410744  0.75209165],"[[ 0.23165132 -0.49874645  0.66916186]
 [ 0.67261255 -0.49522632 -0.22833888]
 [ 0.66605324  0.5048012  -0.22760291]
 [ 0.22428443  0.5011772   0.669538  ]]","[[ 0.4832754  -0.7045215   0.51970613]
 [ 0.735691    0.00503169 -0.6772989 ]
 [ 0.47455668  0.7096647   0.5207419 ]]"
20200222-040336.905377,4,[1.73441    1.44783    0.74903464],"[[ 0.22998655 -0.49604613  0.6720189 ]
 [ 0.6830085  -0.4845322  -0.2193538 ]
 [ 0.6617931   0.5153253  -0.21717793]
 [ 0.20648523  0.5035939   0.67313355]]","[[ 0.48786914 -0.6986497   0.5233285 ]
 [ 0.7421285   0.01631784 -0.67005914]
 [ 0.45959693  0.715278    0.5264488 ]]"
20200222-040336.905377,5,[1.7147967  1.4549571  0.74499696],"[[ 0.21498795 -0.49739015  0.6758051 ]
 [ 0.68338025 -0.4894056  -0.20765102]
 [ 0.6687297   0.5105887  -0.20629315]
 [ 0.19892818  0.5023786   0.6764703 ]]","[[ 0.4777404  -0.701334    0.5290507 ]
 [ 0.74952745  0.01128266 -0.66187704]
 [ 0.45822784  0.7127435   0.53105915]]"
20200222-040336.905377,6,[1.6949921  1.4619648  0.74172163],"[[ 0.20592453 -0.49724048  0.6787151 ]
 [ 0.6869952  -0.4884097  -0.19789557]
 [ 0.6709076   0.51159984 -0.19651777]
 [ 0.1884563   0.5024674   0.67938507]]","[[ 0.47348207 -0.70074517  0.5336394 ]
 [ 0.75602585  0.01247072 -0.65442294]
 [ 0.45192888  0.7133028   0.53568596]]"
20200222-040336.905377,7,[1.6791675 1.4688032 0.738893 ],"[[ 0.2034918  -0.4954011   0.68092406]
 [ 0.69500333 -0.4800319  -0.18976611]
 [ 0.6673707   0.5197819  -0.18753414]
 [ 0.17371793  0.50395834  0.6820282 ]]","[[ 0.47663856 -0.6960074   0.5370189 ]
 [ 0.76145923  0.02159712 -0.6478529 ]
 [ 0.43931228  0.7177098   0.5402753 ]]"
20200222-040336.905377,8,[1.6582094 1.4759206 0.7348319],"[[ 0.20010456 -0.4931164   0.68371373]
 [ 0.7051442  -0.46905398 -0.1789851 ]
 [ 0.66244286  0.5302454  -0.17592196]
 [ 0.15459481  0.5056326   0.6852383 ]]","[[ 0.48060292 -0.68969446  0.5416109 ]
 [ 0.76839846  0.0335745  -0.63909054]
 [ 0.42259288  0.7233217   0.5460962 ]]"
20200222-040336.905377,9,[1.6423421 1.4833822 0.7302388],"[[ 0.18408099 -0.49478713  0.68682694]
 [ 0.7041236  -0.4752269  -0.16705355]
 [ 0.66970354  0.5244132  -0.16487727]
 [ 0.14772026  0.50431687  0.68787855]]","[[ 0.46901822 -0.69321525  0.5472427 ]
 [ 0.7757581   0.02717492 -0.6304452 ]
 [ 0.42216292  0.7202182   0.55051285]]"
20200222-040336.905377,10,[1.6341778 1.4906005 0.7265768],"[[ 0.18461913 -0.49219003  0.68869495]
 [ 0.714914   -0.4616146  -0.1585117 ]
 [ 0.66195136  0.5372325  -0.15536772]
 [ 0.12897207  0.5060055   0.6902418 ]]","[[ 0.47690663 -0.68535274  0.5503194 ]
 [ 0.78040814  0.04211692 -0.6238503 ]
 [ 0.40437979  0.72699213  0.5549408 ]]"
20200222-040336.905377,11,[1.6210253  1.4977369  0.72332627],"[[ 0.18877797 -0.48843032  0.6903811 ]
 [ 0.7282859  -0.44285646 -0.1502918 ]
 [ 0.64999056  0.554343   -0.14622341]
 [ 0.10712229  0.5079549   0.6923908 ]]","[[ 0.48902407 -0.674132    0.5535357 ]
 [ 0.78454804  0.06257746 -0.61690235]
 [ 0.38123468  0.73595554  0.55949074]]"
20200222-040336.905377,12,[1.6178423 1.5047376 0.719129 ],"[[ 0.19261235 -0.48484617  0.69184816]
 [ 0.74159163 -0.4231926  -0.14164267]
 [ 0.6369977   0.57158893 -0.1366844 ]
 [ 0.08471383  0.5090365   0.69469476]]","[[ 0.5017137  -0.6625142   0.5562    ]
 [ 0.7875006   0.08374995 -0.61059713]
 [ 0.35794753  0.7443527   0.5637488 ]]"
20200222-040336.905377,13,[1.6064837 1.5112166 0.715862 ],"[[ 0.20469898 -0.47802216  0.6932474 ]
 [ 0.76013917 -0.39145815 -0.13370499]
 [ 0.61422837  0.5981674  -0.12778965]
 [ 0.05486858  0.5103443   0.69656384]]","[[ 0.52394485 -0.6425129   0.5591592 ]
 [ 0.7884179   0.11743271 -0.60382706]
 [ 0.32230303  0.7572231   0.56809694]]"
20200222-040336.905377,14,[1.5894233  1.519029   0.71127594],"[[ 0.20042813 -0.47624567  0.6955103 ]
 [ 0.76795125 -0.3802155  -0.12217486]
 [ 0.6072267   0.6071381  -0.11738285]
 [ 0.03680962  0.5099117   0.6982553 ]]","[[ 0.52733576 -0.63489354  0.56464785]
 [ 0.79329187  0.12988685 -0.59482557]
 [ 0.30431056  0.76160336  0.5721499 ]]"
20200222-040336.905377,15,[1.5795542 1.5274789 0.7085048],"[[ 0.17511915 -0.48310786  0.6972547 ]
 [ 0.7549848  -0.40838182 -0.11402876]
 [ 0.63003135  0.58418584 -0.11141028]
 [ 0.04890632  0.508486    0.6988713 ]]","[[ 0.5003607  -0.65249145  0.5691169 ]
 [ 0.80173874  0.10100401 -0.58907825]
 [ 0.32688546  0.7510347   0.57366616]]"
20200222-040336.905377,16,[1.57333   1.5351441 0.7046796],"[[ 0.15735039 -0.48656493  0.6990537 ]
 [ 0.74824125 -0.42296034 -0.1051963 ]
 [ 0.6425188   0.57188475 -0.10362606]
 [ 0.05044972  0.50725377  0.6996565 ]]","[[ 0.48375207 -0.6613962   0.57318306]
 [ 0.80802554  0.0858817  -0.5828542 ]
 [ 0.3362716   0.74510354  0.57597053]]"
20200222-040336.905377,17,[1.5699121 1.5429798 0.6996546],"[[ 0.08041053  0.5016265   0.70145816]
 [ 0.6854933   0.5206174  -0.09449146]
 [ 0.7153506  -0.47938547 -0.09507558]
 [ 0.10911702 -0.4975117   0.69999164]]","[[ 0.38626802  0.7184932   0.5784156 ]
 [ 0.8170345   0.02451263 -0.57606757]
 [ 0.42807898 -0.6951019   0.5775653 ]]"
20200222-040336.905377,18,[1.5669717 1.5481763 0.6957684],"[[ 0.25425944 -0.44033274  0.7014572 ]
 [ 0.83025706 -0.22868806 -0.08807875]
 [ 0.48767668  0.71132857 -0.08542991]
 [-0.09053499  0.4978154   0.7020696 ]]","[[ 0.6207035  -0.5286784   0.57898706]
 [ 0.7717692   0.28181946 -0.5700437 ]
 [ 0.13819997  0.80067265  0.5829443 ]]"
20200222-040336.905377,19,[1.5637295  1.5519572  0.69117284],"[[ 0.41434723 -0.2918865   0.70277673]
 [ 0.8475944   0.15661493 -0.07891528]
 [ 0.12981598  0.853632   -0.07621579]
 [-0.30503803  0.40197814  0.70290035]]","[[ 0.78551793 -0.20874438  0.58256966]
 [ 0.5752233   0.59345114 -0.56296897]
 [-0.22821002  0.77732986  0.5862411 ]]"
20200222-040336.905377,20,[1.5677283 1.5489881 0.6865358],"[[ 0.49571517 -0.09952088  0.70348525]
 [ 0.7036921   0.4993885  -0.0698237 ]
 [-0.2407033   0.8298448  -0.06720748]
 [-0.44849285  0.2281763   0.70407134]]","[[ 0.7990105   0.13591373  0.58575565]
 [ 0.2741152   0.7846919  -0.5559851 ]
 [-0.5352037   0.6048025   0.58972096]]"
20200222-040336.905377,21,[1.5751069  1.546714   0.68310237],"[[-0.50305843 -0.04041991  0.70414376]
 [-0.63258356  0.58763164 -0.06314743]
 [ 0.3468861   0.7918814  -0.06062373]
 [ 0.4758577   0.16118209  0.7046412 ]]","[[-0.77364635  0.23565502  0.5881652 ]
 [-0.16999117  0.81703866 -0.5509545 ]
 [ 0.6103889   0.5262268   0.59203976]]"
20200222-040336.905377,22,[1.5832747 1.5336127 0.67828  ],"[[-0.5034009  -0.02629856  0.704702  ]
 [-0.60410285  0.6175975  -0.05370398]
 [ 0.38391507  0.77550316 -0.0501379 ]
 [ 0.48400036  0.12836015  0.70568895]]","[[-0.76146924  0.26542848  0.5913649 ]
 [-0.13201566  0.8296907  -0.5423885 ]
 [ 0.63461524  0.49108148  0.5967433 ]]"
20200222-040336.905377,23,[1.590885   1.5368137  0.67448145],"[[-0.5028352  -0.02493087  0.70515   ]
 [-0.5949718   0.62690663 -0.04754579]
 [ 0.3952812   0.77013874 -0.04401729]
 [ 0.48674265  0.11512118  0.70609176]]","[[-0.7570422   0.27401775  0.59312856]
 [-0.12007657  0.8339914  -0.53855354]
 [ 0.6422374   0.47892866  0.5984636 ]]"
20200222-040336.905377,24,[1.5985132 1.5270852 0.6703048],"[[-0.50244766 -0.01373703  0.7056919 ]
 [-0.5701504   0.65018046 -0.03900431]
 [ 0.42499116  0.754582   -0.03562053]
 [ 0.4917904   0.08765506  0.7065475 ]]","[[-0.7451801   0.29828086  0.59643555]
 [-0.08795483  0.8426145  -0.5312862 ]
 [ 0.6610377   0.44836316  0.60166425]]"
20200222-040336.905377,25,[1.6063346  1.5175948  0.66615576],"[[-0.5018845  -0.01070483  0.7061124 ]
 [-0.5554078   0.6632945  -0.03064364]
 [ 0.44188488  0.7451608  -0.02734885]
 [ 0.49433967  0.06827479  0.70690763]]","[[-0.7378135   0.30997738  0.599621  ]
 [-0.06931797  0.8488306  -0.52410084]
 [ 0.6714361   0.42825326  0.60479164]]"
20200222-040336.905377,26,[1.6138406  1.5132309  0.66146934],"[[-0.5002526   0.00823685  0.7069707 ]
 [-0.51840234  0.6933265  -0.02129524]
 [ 0.4819402   0.7198036  -0.0203321 ]
 [ 0.4987383   0.03336468  0.70662963]]","[[-0.7177628   0.34642667  0.60399127]
 [-0.02284377  0.8552617  -0.51769274]
 [ 0.6959129   0.38537797  0.6059612 ]]"
20200222-040336.905377,27,[1.6219047  1.5088015  0.65675545],"[[-0.50001335  0.00183643  0.7071669 ]
 [-0.5161431   0.6952299  -0.0132475 ]
 [ 0.48432696  0.71839446 -0.01228931]
 [ 0.4990092   0.02368385  0.70681566]]","[[-0.71650404  0.34436402  0.6066591 ]
 [-0.0200989   0.8591067  -0.51140165]
 [ 0.6972934   0.3786145   0.60863227]]"
20200222-040336.905377,28,[1.6304232 1.4981972 0.6519063],"[[-0.5002355  -0.0132404  -0.70701844]
 [-0.52461845  0.68882006  0.00468924]
 [ 0.4755007   0.72452074  0.00266259]
 [ 0.49843657  0.02053296 -0.7071748 ]]","[[-0.7213574   0.32936484 -0.6092308 ]
 [-0.03084007  0.86352664  0.5033593 ]
 [ 0.69187593  0.3818908  -0.6127537 ]]"
20200222-040336.905377,29,[1.6385005 1.494762  0.6473012],"[[-0.49988058 -0.01896876 -0.7072729 ]
 [-0.5223122   0.69042826 -0.00284197]
 [ 0.47793353  0.7230663  -0.0049464 ]
 [ 0.4988875   0.01114327 -0.7069176 ]]","[[-0.7199405   0.3277249  -0.61178625]
 [-0.02805643  0.8670275   0.49747014]
 [ 0.6934687   0.37531346 -0.6150132 ]]"
20200222-040336.905377,30,[1.6465306 1.4960852 0.6422731],"[[-0.4997036  -0.02540163  0.70719427]
 [-0.521277    0.6911483   0.01000832]
 [ 0.479017    0.7222595   0.0121345 ]
 [ 0.49910846  0.00322913  0.7068444 ]]","[[-0.7193462   0.32543185  0.613706  ]
 [-0.02683054  0.8697974  -0.4926791 ]
 [ 0.6941332   0.37087297  0.6169541 ]]"
20200222-040336.905377,31,[1.6546688 1.4930592 0.6377441],"[[-0.49941537 -0.0312095  -0.7072942 ]
 [-0.519584    0.6921359  -0.0171468 ]
 [ 0.48079884  0.7210726  -0.01936199]
 [ 0.49944863 -0.00531542 -0.70644605]]","[[-0.7182672   0.32335716 -0.61606205]
 [-0.02478705  0.87298816  0.48711118]
 [ 0.6953257   0.36514634 -0.61902374]]"
20200222-040336.905377,32,[1.6633697 1.4880081 0.6324566],"[[-0.49938437 -0.04441091 -0.7067468 ]
 [-0.5265972   0.686426   -0.02481001]
 [ 0.47345042  0.7257904  -0.02823245]
 [ 0.4991548  -0.00868218 -0.70646745]]","[[-0.72226286  0.31084996 -0.61782587]
 [-0.03381299  0.8763652   0.48045886]
 [ 0.69079167  0.36790815 -0.6224552 ]]"
20200222-040336.905377,33,[1.6711717  1.4873817  0.62871456],"[[-0.49929684 -0.04344321 -0.7065483 ]
 [-0.5169629   0.69381815 -0.03116971]
 [ 0.48360047  0.7185317  -0.03326806]
 [ 0.49958226 -0.02100766 -0.7061952 ]]","[[-0.71697384  0.31841785 -0.62012774]
 [-0.02155626  0.87902975  0.47627932]
 [ 0.6967666   0.3548475  -0.6233775 ]]"
20200222-040336.905377,34,[1.6797378  1.4828969  0.62356746],"[[-0.4990599  -0.0447133  -0.70646095]
 [-0.5075225   0.7005202  -0.03966827]
 [ 0.493308    0.71135    -0.04044841]
 [ 0.5000071  -0.03539892 -0.70548075]]","[[-0.71155745  0.32412001 -0.6234039 ]
 [-0.00968664  0.8826364   0.46995643]
 [ 0.7025613   0.34043962 -0.6249067 ]]"
20200222-040336.905377,35,[1.6885437 1.474413  0.6189595],"[[-0.4990754  -0.05683181 -0.70570505]
 [-0.51372004  0.6953921  -0.04694749]
 [ 0.48698816  0.71531916 -0.04884855]
 [ 0.49985796 -0.03896831 -0.705259  ]]","[[-0.71520877  0.31229827 -0.6252569 ]
 [-0.01762312  0.8862734   0.4628271 ]
 [ 0.6986887   0.34203684 -0.6283669 ]]"
20200222-040336.905377,36,[1.6966403 1.4700797 0.6157247],"[[-0.49892962 -0.05701213 -0.70561916]
 [-0.50593966  0.7008222  -0.05316019]
 [ 0.49499705  0.7092981  -0.05379281]
 [ 0.5000722  -0.04993608 -0.7045438 ]]","[[-0.7106644   0.31729403 -0.62791795]
 [-0.00772636  0.88894916  0.4579407 ]
 [ 0.7034888   0.33029354 -0.6292929 ]]"
20200222-040336.905377,37,[1.7053382  1.4717073  0.61274683],"[[-0.49894688 -0.07008757 -0.7047029 ]
 [-0.5189202   0.6907257  -0.05605583]
 [ 0.48171175  0.7182961  -0.05913419]
 [ 0.49972767 -0.04512452 -0.70480806]]","[[-0.7182668   0.30116862 -0.6272083 ]
 [-0.02433052  0.89003855  0.45523566]
 [ 0.6953422   0.34224096 -0.63195753]]"
20200222-040336.905377,38,[1.7140626 1.4669079 0.609594 ],"[[-0.49889293 -0.07016838 -0.7045635 ]
 [-0.5112266   0.6961134  -0.06215115]
 [ 0.4896744   0.71230686 -0.06388733]
 [ 0.49997216 -0.05586985 -0.7040212 ]]","[[-0.7138384   0.3060896  -0.629876  ]
 [-0.01452454  0.8927596   0.45029914]
 [ 0.70015985  0.33058947 -0.63284034]]"
20200222-040336.905377,39,[1.722338  1.4671422 0.606056 ],"[[ 0.498958   -0.07901745 -0.70356363]
 [ 0.516771    0.6916216  -0.0665091 ]
 [-0.4840145   0.7156703  -0.06934243]
 [-0.49971917 -0.05685434 -0.7041072 ]]","[[ 0.7172723   0.29741526 -0.63013095]
 [ 0.02167998  0.8943663   0.4468097 ]
 [-0.6964559   0.33414537 -0.6350562 ]]"
20200222-040336.905377,40,[1.7313075 1.4639823 0.6012056],"[[ 0.49898583 -0.08935351 -0.7023108 ]
 [ 0.5216741   0.68729526 -0.07275023]
 [-0.47891104  0.7183444  -0.07673795]
 [-0.49951354 -0.0601887  -0.7039734 ]]","[[ 0.72034234  0.28793445 -0.63103145]
 [ 0.02811813  0.89689714  0.44134456]
 [-0.6930486   0.33566254 -0.63797677]]"
20200222-040336.905377,41,[1.7402025  1.4744606  0.59759116],"[[ 0.49881655 -0.10058997 -0.7009215 ]
 [ 0.5331632   0.6782156  -0.07455668]
 [-0.4667558   0.7258751  -0.08074032]
 [-0.4990572  -0.05486882 -0.70472085]]","[[ 0.72716886  0.27475637 -0.6290743 ]
 [ 0.04319103  0.89627695  0.4413868 ]
 [-0.6850985   0.3481331  -0.6398775 ]]"
20200222-040336.905377,42,[1.747947   1.4838363  0.59340507],"[[ 0.49862447 -0.10007372 -0.7011213 ]
 [ 0.5272509   0.6823395  -0.07897314]
 [-0.4730453   0.72142106 -0.08386569]
 [-0.4996087  -0.06284893 -0.7036756 ]]","[[ 0.7235601   0.28104374 -0.63045645]
 [ 0.03547324  0.8970122   0.44058043]
 [-0.68934935  0.34115064 -0.6390726 ]]"
20200222-040336.905377,43,[1.7565479  1.4796675  0.59044856],"[[ 0.4983995  -0.10763358 -0.70027447]
 [ 0.5312292   0.6786076  -0.08321311]
 [-0.46887743  0.7236607  -0.08927261]
 [-0.49954727 -0.06497184 -0.7033646 ]]","[[ 0.72591007  0.27338094 -0.63112396]
 [ 0.0407989   0.8988806   0.43629012]
 [-0.6865786   0.34245655 -0.6413529 ]]"
20200222-040336.905377,44,[1.7646897  1.4831172  0.58599204],"[[ 0.49847654 -0.10398497 -0.70059466]
 [ 0.51905906  0.6873678  -0.08952285]
 [-0.48172367  0.71452785 -0.09294121]
 [-0.50004107 -0.0785029  -0.701794  ]]","[[ 0.7187482   0.28520215 -0.6340824 ]
 [ 0.02492192  0.9008398   0.43343562]
 [-0.6948235   0.3273337  -0.6403693 ]]"
20200222-040336.905377,45,[1.7738645  1.4845004  0.58093905],"[[ 0.4983361  -0.11306813 -0.69928116]
 [ 0.52363193  0.6831893  -0.09478658]
 [-0.4769446   0.71687007 -0.09925663]
 [-0.49999484 -0.08102781 -0.70154774]]","[[ 0.72156715  0.27730232 -0.63438505]
 [ 0.03098958  0.90243095  0.42971882]
 [-0.69165057  0.32973024 -0.6425711 ]]"
20200222-040336.905377,46,[1.7833587 1.4783953 0.5775183],"[[ 0.49838075 -0.11744358 -0.6985215 ]
 [ 0.52215695  0.68354636 -0.10024672]
 [-0.47848392  0.71506155 -0.10466172]
 [-0.5000219  -0.08751351 -0.7007598 ]]","[[ 0.72082937  0.27519634 -0.6361386 ]
 [ 0.02916578  0.9049435   0.42453122]
 [-0.6924988   0.324568   -0.64428365]]"
20200222-040336.905377,47,[1.7922213 1.4731851 0.5741508],"[[ 0.49837023 -0.12164216 -0.69777185]
 [ 0.5206733   0.6839148  -0.10559589]
 [-0.4800759   0.7132043  -0.1098314 ]
 [-0.50005376 -0.09382734 -0.6999292 ]]","[[ 0.72005224  0.2733471  -0.6378136 ]
 [ 0.02731744  0.9072674   0.4196663 ]
 [-0.6933821   0.31960514 -0.6458127 ]]"
20200222-040336.905377,48,[1.8016675 1.4663868 0.5702096],"[[ 0.4981699  -0.12978785 -0.6965551 ]
 [ 0.52375096  0.68055797 -0.11111445]
 [-0.47686377  0.71444553 -0.11640206]
 [-0.5001125  -0.09779172 -0.69922477]]","[[ 0.7219675   0.26565018 -0.6388997 ]
 [ 0.03154349  0.90976673  0.4139195 ]
 [-0.6912075   0.3189896  -0.6484427 ]]"
20200222-040336.905377,49,[1.8103404 1.4703122 0.5661504],"[[ 0.49807197 -0.13347635 -0.69591296]
 [ 0.52307624  0.680391   -0.11534522]
 [-0.47756794  0.71327883 -0.1204735 ]
 [-0.50024414 -0.10239688 -0.69848883]]","[[ 0.7215712   0.2649018  -0.63965774]
 [ 0.03072453  0.91074425  0.4118261 ]
 [-0.6916581   0.31681517 -0.64902794]]"
20200222-040336.905377,50,[1.8193101 1.4656526 0.5629099],"[[ 0.49808344 -0.13751787 -0.6950883 ]
 [ 0.5218379   0.6805101  -0.12033822]
 [-0.47890458  0.7115359  -0.12535043]
 [-0.5002487  -0.10822061 -0.69760925]]","[[ 0.7209291   0.26299846 -0.6411655 ]
 [ 0.0291631   0.91285795  0.40723467]
 [-0.69239503  0.31228563 -0.650436  ]]"
20200222-040336.905377,51,[1.8287628 1.467878  0.5582723],"[[ 0.49792713 -0.1449182  -0.6936841 ]
 [ 0.52535117  0.67702556 -0.12470645]
 [-0.4752139   0.7130253  -0.1307204 ]
 [-0.5002464  -0.11058946 -0.6972539 ]]","[[ 0.72318196  0.2567826  -0.64114773]
 [ 0.03393334  0.91398346  0.40432984]
 [-0.6898234   0.31416044 -0.65226305]]"
20200222-040336.905377,52,[1.8376329  1.4677408  0.55478257],"[[ 0.4977133  -0.14825965 -0.693236  ]
 [ 0.52422905  0.67696863 -0.12901732]
 [-0.47640014  0.7115825  -0.13486907]
 [-0.5005081  -0.11568671 -0.69612396]]","[[ 0.72240263  0.25587925 -0.6423866 ]
 [ 0.03256929  0.91538966  0.40124947]
 [-0.6907054   0.31078565 -0.6529459 ]]"
20200222-040336.905377,53,[1.8464041 1.4690486 0.5519369],"[[ 0.49758136 -0.15397991 -0.6920568 ]
 [ 0.52758145  0.6738461  -0.13182507]
 [-0.47290635  0.7131731  -0.13870448]
 [-0.50043035 -0.11664525 -0.6960183 ]]","[[ 0.724577    0.25039262 -0.64209986]
 [ 0.03711377  0.91613966  0.3991378 ]
 [-0.68819416  0.31303668 -0.6545206 ]]"
20200222-040336.905377,54,[1.8548633 1.4736078 0.5480612],"[[ 0.49781215 -0.15140845 -0.69229877]
 [ 0.5186656   0.6799256  -0.13682297]
 [-0.4822781   0.7062399  -0.14106226]
 [-0.50057673 -0.1264996  -0.69433683]]","[[ 0.71913064  0.25952676 -0.64459085]
 [ 0.02527649  0.9172517   0.39750564]
 [-0.6944153   0.30215144 -0.6530639 ]]"
20200222-040336.905377,55,[1.8642532 1.4719737 0.5440703],"[[ 0.49803394 -0.1528994  -0.69165087]
 [ 0.5137704   0.68268013 -0.14236617]
 [-0.4873562   0.7017349  -0.14520346]
 [-0.50048596 -0.13467558 -0.69301295]]","[[ 0.7162369   0.2623515  -0.64666563]
 [ 0.01882135  0.9190455   0.39370206]
 [-0.6976034   0.29415503 -0.65331656]]"
20200222-040336.905377,56,[1.8737605 1.4716983 0.5407023],"[[ 0.4975189  -0.16184393  0.69023806]
 [ 0.52110386  0.6762246   0.14511769]
 [-0.47978505  0.70615494  0.15037502]
 [-0.5007311  -0.13368395  0.6927479 ]]","[[ 0.72066516  0.2519397   0.6458854 ]
 [ 0.02865572  0.9200118  -0.3908414 ]
 [-0.6926908   0.30017406  0.6558011 ]]"
20200222-040336.905377,57,[1.8822159  1.4735355  0.53807384],"[[ 0.4975601  -0.16159059  0.6902403 ]
 [ 0.5165675   0.67894286  0.14874241]
 [-0.48453468  0.7024077   0.15265782]
 [-0.5008175  -0.1398156   0.69147664]]","[[ 0.71779174  0.25591567  0.6475201 ]
 [ 0.02264185  0.92092896 -0.38907233]
 [-0.69588983  0.29393396  0.65524065]]"
20200222-040336.905377,58,[1.8913101 1.4736868 0.5349126],"[[ 0.49738225 -0.16478093  0.6897272 ]
 [ 0.51601046  0.6784237   0.15241665]
 [-0.48511901  0.70133376  0.15630913]
 [-0.5010029  -0.14394285  0.69037145]]","[[ 0.7173136   0.25474805  0.6485095 ]
 [ 0.02194907  0.92203903 -0.386474  ]
 [-0.69640464  0.29145718  0.6557996 ]]"
20200222-040336.905377,59,[1.9002055  1.4739418  0.53184897],"[[ 0.4976757  -0.16284133  0.68982166]
 [ 0.50801647  0.68351597  0.15722077]
 [-0.49332878  0.69490105  0.15860988]
 [-0.5008641  -0.15297495  0.68867266]]","[[ 0.71227974  0.26205778  0.65114   ]
 [ 0.01131134  0.92328167 -0.38395745]
 [-0.7018044   0.28085038  0.6546706 ]]"
20200222-040336.905377,60,[1.9097143 1.4725487 0.5282532],"[[ 0.49773312 -0.16450612  0.68939614]
 [ 0.50428885  0.68514585  0.16200642]
 [-0.49709433  0.6913579   0.16231541]
 [-0.5008513  -0.15980531  0.687125  ]]","[[ 0.70980763  0.2639263   0.65308195]
 [ 0.00637333  0.924708   -0.3806239 ]
 [-0.7043666   0.27433208  0.6546827 ]]"
20200222-040336.905377,61,[1.9190803 1.4685998 0.5256108],"[[ 0.49772865 -0.16828382  0.6884651 ]
 [ 0.5041022   0.68436605  0.16593176]
 [-0.49731633  0.6902756   0.16620128]
 [-0.50082314 -0.1638392   0.6861923 ]]","[[ 0.7097025   0.2614665   0.6541848 ]
 [ 0.00612634  0.92625266 -0.37685362]
 [-0.704475    0.27146167  0.655762  ]]"
20200222-040336.905377,62,[1.927541  1.4789265 0.5226074],"[[ 0.49777338 -0.1674037   0.6886502 ]
 [ 0.5005885   0.68643206  0.1680199 ]
 [-0.50083673  0.6874842   0.16716895]
 [-0.50079507 -0.16778626  0.6852627 ]]","[[ 0.707327    0.26636308  0.6547818 ]
 [ 0.00147227  0.9257328  -0.3781754 ]
 [-0.7068851   0.26845768  0.65440357]]"
20200222-040336.905377,63,[1.9367894  1.4791428  0.51973474],"[[-0.49760413 -0.17057511  0.68811136]
 [-0.5005582   0.68552536  0.17124768]
 [ 0.5008792   0.68678415  0.17045899]
 [ 0.5009508  -0.17113376  0.6841934 ]]","[[-0.7071327   0.26484764  0.65560573]
 [-0.00142793  0.92666394 -0.37588823]
 [ 0.70707935  0.266739    0.6548963 ]]"
20200222-040336.905377,64,[1.9459099 1.4767867 0.5177062],"[[-0.49813706 -0.16662988  0.6882771 ]
 [-0.48996794  0.692358    0.17616381]
 [ 0.51141584  0.678263    0.17159778]
 [ 0.50024503 -0.1812027   0.6824918 ]]","[[-0.7003578   0.27448425  0.6589062 ]
 [ 0.01257722  0.9277089  -0.37309238]
 [ 0.71368116  0.25301093  0.6531804 ]]"
20200222-040336.905377,65,[1.9553064  1.4812373  0.51456416],"[[-0.49817234 -0.16482016  0.6887093 ]
 [-0.48336664  0.6960148   0.17986014]
 [ 0.51782894  0.6729974   0.17315109]
 [ 0.50003374 -0.18833977  0.68069714]]","[[-0.695716    0.28115353  0.66100824]
 [ 0.02124343  0.9278688  -0.37230116]
 [ 0.71800274  0.24497375  0.6515058 ]]"
20200222-040336.905377,66,[1.9645321 1.4789939 0.5126254],"[[-0.49829367 -0.16596647  0.688213  ]
 [-0.48064068  0.69714916  0.18329814]
 [ 0.5205018   0.67020905  0.17550986]
 [ 0.4997659  -0.19302419  0.6796772 ]]","[[-0.6938503   0.2822304   0.66250885]
 [ 0.02490157  0.92885196 -0.3696136 ]
 [ 0.71968865  0.23995905  0.65151215]]"
20200222-040336.905377,67,[1.9738609  1.4815675  0.51106715],"[[-0.49850762 -0.16805644  0.68742263]
 [-0.48120856  0.6964769   0.18488812]
 [ 0.5199593   0.6700442   0.17721525]
 [ 0.49957123 -0.19421105  0.67960364]]","[[-0.69437355  0.28110686  0.6624384 ]
 [ 0.02424376  0.9291614  -0.36887866]
 [ 0.71920645  0.24007963  0.65199995]]"
20200222-040336.905377,68,[1.983648  1.4806726 0.5077533],"[[-0.49839857 -0.17457522  0.68602216]
 [-0.48550183  0.6925309   0.18785474]
 [ 0.51583177  0.6721986   0.18173121]
 [ 0.49980465 -0.19512479  0.67901254]]","[[-0.69712794  0.27458748  0.6622798 ]
 [ 0.01877428  0.93042517 -0.36600086]
 [ 0.71670103  0.24271551  0.6537805 ]]"
20200222-040336.905377,69,[1.9930508 1.4834902 0.5062401],"[[-0.4982493  -0.17640316  0.6857947 ]
 [-0.48603827  0.6916264   0.1892612 ]
 [ 0.51532775  0.6722855   0.183413  ]
 [ 0.499952   -0.1963853   0.6783992 ]]","[[-0.69726664  0.27370206  0.66250014]
 [ 0.01814855  0.93067604 -0.36539415]
 [ 0.7165821   0.24275374  0.6538966 ]]"
20200222-040336.905377,70,[2.002197   1.4854623  0.50415313],"[[-0.49825895 -0.17678925  0.68569356]
 [-0.48337328  0.6927599   0.1919012 ]
 [ 0.5179408   0.6698319   0.18512474]
 [ 0.49982613 -0.2003867   0.6772938 ]]","[[-0.6952936   0.27587575  0.66367126]
 [ 0.02173194  0.9310472  -0.36425155]
 [ 0.7183974   0.23883897  0.65334636]]"
20200222-040336.905377,71,[2.011642  1.4902765 0.5011757],"[[-0.4981514  -0.17938983  0.6852277 ]
 [-0.48383424  0.69167256  0.19413061]
 [ 0.5175115   0.66962284  0.18762873]
 [ 0.49993178 -0.20251939  0.67644066]]","[[-0.69541     0.27511328  0.6638658 ]
 [ 0.02120166  0.93126786 -0.36371836]
 [ 0.7183005   0.23885836  0.6534457 ]]"
20200222-040336.905377,72,[2.0222611 1.4876789 0.4975575],"[[-0.4981701  -0.18411353  0.6839873 ]
 [-0.48468855  0.6899026   0.19815004]
 [ 0.5166765   0.6690797   0.19190498]
 [ 0.4999487  -0.20608081  0.6753299 ]]","[[-0.69590896  0.27177665  0.66471666]
 [ 0.02017727  0.93265593 -0.36020234]
 [ 0.7178465   0.23725592  0.65452737]]"
20200222-040336.905377,73,[2.0317585  1.4883459  0.49511647],"[[-0.49802828 -0.18718529  0.683404  ]
 [-0.48544696  0.6884986   0.20059904]
 [ 0.51595753  0.6689897   0.19473816]
 [ 0.5000968  -0.20828861  0.67438567]]","[[-0.6961838   0.2698539   0.66521215]
 [ 0.01928826  0.93335235 -0.358443  ]
 [ 0.7176046   0.23671143  0.6549897 ]]"
20200222-040336.905377,74,[2.0409527  1.4891644  0.49273422],"[[-0.4978754  -0.19411768  0.68169105]
 [-0.49204227  0.6832851   0.20192541]
 [ 0.50952387  0.67291695  0.1985811 ]
 [ 0.5003999  -0.20645167  0.67460287]]","[[-0.700689    0.26149505  0.6638186 ]
 [ 0.01064508  0.9341408  -0.35674557]
 [ 0.7133873   0.2429013   0.6573258 ]]"
20200222-040336.905377,75,[2.0507798 1.4964284 0.4911964],"[[-0.49808156 -0.19083528  0.68235046]
 [-0.48604786  0.6871578   0.20373872]
 [ 0.5153928   0.668447    0.19809657]
 [ 0.50004286 -0.21112727  0.67353284]]","[[-0.69655436  0.26889408  0.6652128 ]
 [ 0.01859067  0.93357307 -0.3579048 ]
 [ 0.71726316  0.23693337  0.65528333]]"
20200222-040336.905377,76,[2.0608444  1.4981377  0.48947874],"[[-0.49792674 -0.19507305  0.68140465]
 [-0.48977897  0.6840309   0.2047997 ]
 [ 0.5117697   0.67062265  0.20069511]
 [ 0.50027746 -0.21050853  0.67339915]]","[[-0.69898224  0.26421964  0.664539  ]
 [ 0.01376089  0.9340415  -0.35689917]
 [ 0.7150068   0.24032155  0.6565142 ]]"
20200222-040336.905377,77,[2.0710247  1.4930322  0.48696262],"[[-0.49772394 -0.20100549  0.6799434 ]
 [-0.49322352  0.68051046  0.20780516]
 [ 0.5083974   0.67201847  0.205026  ]
 [ 0.50053346 -0.21188189  0.67265046]]","[[-0.7012056   0.2577744   0.6647278 ]
 [ 0.00925949  0.93556446 -0.35303438]
 [ 0.7128989   0.2413947   0.65840995]]"
20200222-040336.905377,78,[2.0814867 1.4901541 0.485519 ],"[[-0.49788114 -0.20180972  0.67947984]
 [-0.49074712  0.68151814  0.21074112]
 [ 0.5108416   0.6694729   0.2068891 ]
 [ 0.5003222  -0.21589877  0.6716338 ]]","[[-0.69951147  0.25870675  0.666149  ]
 [ 0.01262286  0.9364984  -0.3504449 ]
 [ 0.71451     0.23673145  0.65835685]]"
20200222-040336.905377,79,[2.091137  1.4908375 0.4833148],"[[-0.49808967 -0.20447046  0.6784096 ]
 [-0.49109742  0.6806747   0.21307197]
 [ 0.51050127  0.66884923  0.20930946]
 [ 0.5001188  -0.21797939  0.6712307 ]]","[[-0.6999066   0.25719473  0.66631967]
 [ 0.01222319  0.9370912  -0.3488712 ]
 [ 0.71413004  0.2360327   0.65901977]]"
20200222-040336.905377,80,[2.1017153  1.4879928  0.48195258],"[[-0.4982236  -0.20522672  0.67796695]
 [-0.48864844  0.68165433  0.21595718]
 [ 0.51290584  0.66633135  0.21106082]
 [ 0.4999238  -0.22188342  0.67020625]]","[[-0.6982173   0.25810674  0.66773766]
 [ 0.01552362  0.93798256 -0.34633473]
 [ 0.7157177   0.23145118  0.65892243]]"
20200222-040336.905377,81,[2.1107059 1.4905435 0.4802798],"[[-0.49790767 -0.20893857  0.6772992 ]
 [-0.491906    0.67875624  0.21687052]
 [ 0.5097453   0.6682709   0.21347181]
 [ 0.5002759  -0.22146948  0.66982275]]","[[-0.7001973   0.25420964  0.6671591 ]
 [ 0.01128207  0.9382857  -0.34567717]
 [ 0.71386033  0.23451525  0.659853  ]]"
20200222-040336.905377,82,[2.121353   1.4857303  0.47792882],"[[-0.49805728 -0.21099141  0.6764636 ]
 [-0.4897558   0.67914677  0.2207855 ]
 [ 0.51186097  0.6656055   0.21641998]
 [ 0.50007623 -0.2262998   0.6684411 ]]","[[-0.6986877   0.25401086  0.6688156 ]
 [ 0.01423593  0.9395993  -0.3419806 ]
 [ 0.7152853   0.22941639  0.6601025 ]]"
20200222-040336.905377,83,[2.1304045  1.4844213  0.47657904],"[[-0.49758133 -0.21864924  0.67469233]
 [-0.49826443  0.672497    0.22102652]
 [ 0.50350446  0.6710204   0.22047587]
 [ 0.5006285  -0.22287183  0.6688261 ]]","[[-0.7043785   0.24327391  0.6668349 ]
 [ 0.00295051  0.9404314  -0.3399705 ]
 [ 0.70981854  0.23750053  0.66313744]]"
20200222-040336.905377,84,[2.1405525  1.4833393  0.47580522],"[[-0.49786896 -0.21687292  0.6748228 ]
 [-0.49308208  0.67564476  0.22381185]
 [ 0.50866413  0.66675246  0.22084707]
 [ 0.5002571  -0.22784112  0.6676444 ]]","[[-0.7008699   0.24786118  0.66883945]
 [ 0.00990781  0.94097596 -0.33832836]
 [ 0.71322024  0.2304974   0.6619575 ]]"
20200222-040336.905377,85,[2.1503372 1.4910103 0.474616 ],"[[-0.49772832 -0.2172533   0.674918  ]
 [-0.49332422  0.67528826  0.22398016]
 [ 0.50843376  0.6669352   0.22121654]
 [ 0.50039244 -0.22799988  0.6673694 ]]","[[-0.70085806  0.24879472  0.6685054 ]
 [ 0.0096238   0.94041234 -0.3398996 ]
 [ 0.71323603  0.23178783  0.66148984]]"
20200222-040336.905377,86,[2.1615498  1.4869462  0.47292772],"[[-0.49772096 -0.22025752  0.6739602 ]
 [-0.4937093   0.6741042   0.22664414]
 [ 0.5080445   0.66630185  0.22402126]
 [ 0.5004155  -0.23046127  0.66650164]]","[[-0.70108414  0.2461642   0.66924167]
 [ 0.00914814  0.9415523  -0.3367434 ]
 [ 0.7130201   0.22996311  0.66235906]]"
20200222-040336.905377,87,[2.1711173  1.4856943  0.47161028],"[[-0.4978393  -0.22084416  0.67356634]
 [-0.49142843  0.67501384  0.22925103]
 [ 0.5103302   0.6639458   0.22552797]
 [ 0.5002175  -0.23400886  0.6654995 ]]","[[-0.6994881   0.24734928  0.6704736 ]
 [ 0.01226233  0.9422082  -0.33480376]
 [ 0.7145393   0.22596976  0.6620963 ]]"
20200222-040336.905377,88,[2.1809742  1.488824   0.47068417],"[[-0.49766967 -0.22192204  0.6734517 ]
 [-0.49176738  0.6743717   0.23004289]
 [ 0.5100043   0.66398984  0.22651808]
 [ 0.5003851  -0.23471439  0.66500556]]","[[-0.69952214  0.2470179   0.6705602 ]
 [ 0.01185378  0.94223887 -0.33473194]
 [ 0.71451277  0.2262037   0.6620449 ]]"
20200222-040336.905377,89,[2.1905656  1.4901433  0.46872368],"[[-0.49762863 -0.2274676   0.67172295]
 [-0.49719253  0.6700315   0.23075525]
 [ 0.5046452   0.66705513  0.22982563]
 [ 0.5004986  -0.2331393   0.66537243]]","[[-0.7033908   0.24018562  0.6689936 ]
 [ 0.00468873  0.9427269  -0.33353287]
 [ 0.71078795  0.23146719  0.6642314 ]]"
20200222-040336.905377,90,[2.2009938  1.4915643  0.46738356],"[[-0.49770665 -0.23067045  0.6705584 ]
 [-0.49981838  0.66780305  0.23158212]
 [ 0.5020139   0.6682966   0.23190868]
 [ 0.5004513  -0.23283008  0.66553706]]","[[-0.7053605   0.23660263  0.66819614]
 [ 0.00119456  0.9430448  -0.33266333]
 [ 0.70884794  0.23384932  0.6654691 ]]"
20200222-040336.905377,91,[2.211144   1.495312   0.46656293],"[[-0.49771798 -0.23145539  0.6702643 ]
 [-0.49993068  0.6674982   0.23226736]
 [ 0.5019251   0.6681048   0.23265465]
 [ 0.50041723 -0.23347574  0.6653345 ]]","[[-0.7054347   0.23666526  0.6680956 ]
 [ 0.00107905  0.9429635  -0.33289468]
 [ 0.70877415  0.23411448  0.66545445]]"
20200222-040336.905377,92,[2.2201502  1.5020912  0.46489373],"[[-0.49758595 -0.23393105  0.66959697]
 [-0.5025146   0.66539776  0.23241995]
 [ 0.4993361   0.66965336  0.23407562]
 [ 0.5005509  -0.23256546  0.66545457]]","[[-0.70718735  0.23452812  0.6669954 ]
 [-0.00237992  0.9425864  -0.33395433]
 [ 0.70702237  0.23775561  0.66602683]]"
20200222-040336.905377,93,[2.2307699  1.5035086  0.46361923],"[[ 0.49763015 -0.2369188   0.66848755]
 [ 0.50487953  0.6633391   0.23325397]
 [-0.49693978  0.6707169   0.23602396]
 [-0.5005114  -0.2323571   0.6655896 ]]","[[ 0.7089754   0.23120235  0.6662578 ]
 [ 0.00558222  0.94286454 -0.33312955]
 [-0.70521134  0.23989983  0.6671771 ]]"
20200222-040336.905377,94,[2.2403014  1.502314   0.46243873],"[[-0.4977606  -0.23716712  0.6681692 ]
 [-0.5023307   0.6645141   0.2358169 ]
 [ 0.4995496   0.6682112   0.23728722]
 [ 0.50034827 -0.23593776  0.66455626]]","[[-0.7072591   0.23278992  0.66752774]
 [-0.00215026  0.94351774 -0.33131537]
 [ 0.70695114  0.23576118  0.66681087]]"
20200222-040336.905377,95,[2.2505422  1.5037557  0.46049666],"[[-0.49774668 -0.23909912  0.66746867]
 [-0.5022982   0.66386026  0.23778664]
 [ 0.4996056   0.6674767   0.23921101]
 [ 0.50033873 -0.23789917  0.6638684 ]]","[[-0.707235    0.2320469   0.667812  ]
 [-0.00209958  0.94390666 -0.33020592]
 [ 0.70697534  0.23493534  0.6670766 ]]"
20200222-040336.905377,96,[2.2608147  1.5010042  0.45893285],"[[-0.49774596 -0.24153438  0.6665779 ]
 [-0.50233084  0.66298395  0.24018869]
 [ 0.4995957   0.6666128   0.24163784]
 [ 0.5003164  -0.24029276  0.66301936]]","[[-0.7072518   0.23023428  0.6684215 ]
 [-0.00211455  0.9447913  -0.3276658 ]
 [ 0.70695865  0.23315553  0.6677184 ]]"
20200222-040336.905377,97,[2.2711227  1.502551   0.45704737],"[[ 0.4974695  -0.2465529   0.665125  ]
 [ 0.5071697   0.6588644   0.24079876]
 [-0.49473214  0.6693191   0.2447554 ]
 [-0.5005428  -0.23900078  0.66311365]]","[[ 0.7105293   0.22406699  0.6670398 ]
 [ 0.00860745  0.94510883 -0.32664248]
 [-0.7036149   0.23783056  0.6695989 ]]"
20200222-040336.905377,98,[2.2819457  1.5020303  0.45494178],"[[ 0.49752608 -0.25026426  0.663659  ]
 [ 0.50924236  0.65664804  0.2425797 ]
 [-0.49261153  0.66979474  0.24758698]
 [-0.500474   -0.23990984  0.662882  ]]","[[ 0.71214527  0.22030549  0.6665696 ]
 [ 0.01146592  0.9457091  -0.3248126 ]
 [-0.70193875  0.23895657  0.67095596]]"
20200222-040336.905377,99,[2.2928882  1.5042691  0.45387724],"[[ 0.49767172 -0.24976115  0.66362447]
 [ 0.5067854   0.6580272   0.24433148]
 [-0.49511594  0.66765493  0.24803254]
 [-0.50035137 -0.24260348  0.6621063 ]]","[[ 0.71049935  0.22280513  0.66749436]
 [ 0.00815648  0.9458812  -0.32441074]
 [-0.70365065  0.23593803  0.6702307 ]]"
20200222-040336.905377,100,[2.3026073  1.5138162  0.45166987],"[[-0.4975496  -0.24737117  0.66465026]
 [-0.502247    0.6608022   0.24610837]
 [ 0.4996775   0.6644844   0.24745105]
 [ 0.50051516 -0.24618894  0.66063505]]","[[-0.7070406   0.22941858  0.6689253 ]
 [-0.00205211  0.94524485 -0.32635576]
 [ 0.7071703   0.2321195   0.6678555 ]]"
20200222-040336.905377,101,[2.3143983  1.5119338  0.44909146],"[[-0.49755192 -0.2501791   0.6635847 ]
 [-0.50217205  0.6597976   0.2489737 ]
 [ 0.49974248  0.663363    0.25025642]
 [ 0.50052196 -0.24905156  0.6595747 ]]","[[-0.70700085  0.22770509  0.66955227]
 [-0.00196881  0.94611067 -0.32383752]
 [ 0.70721006  0.23027167  0.6684527 ]]"
20200222-040336.905377,102,[2.3255193  1.5158983  0.44911203],"[[-0.49769902 -0.24872081  0.6639145 ]
 [-0.49990323  0.6614105   0.24958244]
 [ 0.5020217   0.66174644  0.24966224]
 [ 0.5003668  -0.2505319   0.65923804]]","[[-0.7054483   0.23073806  0.6701512 ]
 [ 0.00110414  0.94588125 -0.32451162]
 [ 0.7087605   0.2281862   0.66752505]]"
20200222-040336.905377,103,[2.3356616  1.5235896  0.44835746],"[[-0.49751544 -0.248697    0.6641695 ]
 [-0.50003254  0.661245    0.24945068]
 [ 0.5018941   0.66197675  0.24962081]
 [ 0.50054824 -0.250383    0.6590471 ]]","[[-7.0535558e-01  2.3193774e-01  6.6983479e-01]
 [ 9.4265590e-04  9.4526088e-01 -3.2631439e-01]
 [ 7.0885319e-01  2.2953621e-01  6.6696346e-01]]"
20200222-040336.905377,104,[2.3451068 1.5263398 0.4472008],"[[-0.49784428 -0.24832337  0.66382986]
 [-0.49766874  0.6626144   0.2512201 ]
 [ 0.50426835  0.6597454   0.25009355]
 [ 0.5001903  -0.2530088   0.65853745]]","[[-0.70392644  0.23434207  0.6705008 ]
 [ 0.00410177  0.94532996 -0.32608947]
 [ 0.7102611   0.22679281  0.666404  ]]"
20200222-040336.905377,105,[2.3555849  1.5252692  0.44683585],"[[-0.49784023 -0.24963722  0.66333014]
 [-0.49783975  0.6620519   0.25238574]
 [ 0.5041203   0.65939254  0.25134033]
 [ 0.50017303 -0.25410622  0.65812063]]","[[-0.70402366  0.2332194   0.6707901 ]
 [ 0.00392266  0.9458027  -0.32471836]
 [ 0.7101656   0.22597803  0.66678226]]"
20200222-040336.905377,106,[2.366915  1.5224776 0.4460763],"[[-0.49795705 -0.25003752  0.6629945 ]
 [-0.49575782  0.6628432   0.25467747]
 [ 0.5061913   0.6572538   0.25250208]
 [ 0.500033   -0.2571721   0.6571303 ]]","[[-0.7025608   0.23403652  0.6720384 ]
 [ 0.00674598  0.94652086 -0.32257238]
 [ 0.71159196  0.22209312  0.66656715]]"
20200222-040336.905377,107,[2.3768034  1.5294571  0.44533494],"[[-0.49799606 -0.25010487  0.66294026]
 [-0.49584085  0.6627922   0.25465313]
 [ 0.5060901   0.65729946  0.25254434]
 [ 0.50001466 -0.25712162  0.6571786 ]]","[[-0.7026372   0.23502444  0.6716134 ]
 [ 0.00663505  0.945999   -0.32410142]
 [ 0.7115175   0.22326955  0.66625345]]"
20200222-040336.905377,108,[2.3878899  1.535322   0.44421607],"[[-0.49793673 -0.2491997   0.66335857]
 [-0.49377906  0.6639301   0.2556073 ]
 [ 0.508115    0.6557924   0.2524504 ]
 [ 0.50006026 -0.2589063   0.6564213 ]]","[[-0.70102316  0.23807356  0.6722258 ]
 [ 0.0093885   0.9456293  -0.32511076]
 [ 0.71307683  0.22159901  0.66514325]]"
20200222-040336.905377,109,[2.3984156  1.5404868  0.44236907],"[[-0.49798432 -0.2475449   0.66386503]
 [-0.48944613  0.6663513   0.25786301]
 [ 0.51237303  0.6523923   0.25241837]
 [ 0.4999284  -0.262835    0.65503794]]","[[-0.6978121   0.24319896  0.6737305 ]
 [ 0.01516448  0.9454006  -0.3255581 ]
 [ 0.7161206   0.21696149  0.66339976]]"
20200222-040336.905377,110,[2.4073167  1.5472894  0.44111434],"[[-0.49795687 -0.24959067  0.66322094]
 [-0.49195036  0.6644878   0.2576181 ]
 [ 0.5099177   0.65396315  0.25361592]
 [ 0.500008   -0.26171118  0.6553245 ]]","[[-0.6995801   0.24138707  0.67254734]
 [ 0.01190685  0.9450199  -0.32679605]
 [ 0.7144549   0.22061206  0.6639912 ]]"
20200222-040336.905377,111,[2.4169571 1.5458932 0.4402866],"[[-0.4978342  -0.2528387   0.66216964]
 [-0.4945174   0.6621143   0.25855383]
 [ 0.5074287   0.65513146  0.2559274 ]
 [ 0.5001295  -0.26168653  0.6551203 ]]","[[-0.7013344   0.23748907  0.6721078 ]
 [ 0.00856627  0.9456092  -0.325192  ]
 [ 0.71278095  0.2223109   0.66522276]]"
20200222-040336.905377,112,[2.4275126  1.5446956  0.44000056],"[[-0.49783254 -0.25417736  0.66164434]
 [-0.49479303  0.6614916   0.2596534 ]
 [ 0.5071793   0.65485036  0.25714943]
 [ 0.5001118  -0.26266697  0.6547374 ]]","[[-0.70149624  0.23628722  0.6723626 ]
 [ 0.00827052  0.94607306 -0.323848  ]
 [ 0.7126254   0.22161737  0.6656209 ]]"
20200222-040336.905377,113,[2.438121   1.5417495  0.43878058],"[[-0.49782953 -0.25646535  0.66076654]
 [-0.4951021   0.6604624   0.26166135]
 [ 0.50689536  0.6542332   0.25932872]
 [ 0.50009686 -0.26456368  0.65396446]]","[[-0.7016752   0.23436432  0.6728486 ]
 [ 0.00793389  0.94686466 -0.32153478]
 [ 0.7124528   0.22027463  0.66625077]]"
20200222-040336.905377,114,[2.4487443  1.5389134  0.43758667],"[[-0.49782375 -0.25869966  0.65989673]
 [-0.49537015  0.659468    0.2636564 ]
 [ 0.5066507   0.6535904   0.26145712]
 [ 0.5000851  -0.2664506   0.6531937 ]]","[[-0.7018338   0.23249342  0.67333204]
 [ 0.00762975  0.947638   -0.31925526]
 [ 0.71229994  0.21892674  0.6668584 ]]"
20200222-040336.905377,115,[2.4584444  1.5378397  0.43683305],"[[-0.49772725 -0.26173693  0.6588507 ]
 [-0.4977599   0.6572325   0.26450607]
 [ 0.5043153   0.6546318   0.263662  ]
 [ 0.50016856 -0.26645142  0.6530195 ]]","[[-0.7034815   0.22885326  0.6728596 ]
 [ 0.00451963  0.94815946 -0.31776294]
 [ 0.7106992   0.22049928  0.6680469 ]]"
20200222-040336.905377,116,[2.4686477  1.5454466  0.43630782],"[[-0.4977496  -0.26428118  0.6578727 ]
 [-0.5020607   0.65446943  0.26306823]
 [ 0.5000181   0.65758616  0.26466054]
 [ 0.5001625  -0.2634495   0.6541817 ]]","[[-0.70667523  0.2253351   0.67069674]
 [-0.00121445  0.9475427  -0.3196271 ]
 [ 0.707537    0.22668701  0.6693314 ]]"
20200222-040336.905377,117,[2.4798596  1.546668   0.43551862],"[[-0.49766916 -0.26399758  0.6580795 ]
 [-0.5000713   0.65533495  0.26461673]
 [ 0.5019952   0.65591615  0.2651088 ]
