Timestamp,Epoch,s,u,v
20200220-150036.234323,0,[1.81493   1.420983  0.7620401],"[[ 0.25918505 -0.49998745  0.65790975]
 [ 0.6579695  -0.4999158  -0.2591345 ]
 [ 0.6578698   0.50008446 -0.2590999 ]
 [ 0.2590496   0.50001264  0.6579297 ]]","[[ 4.94320571e-01 -7.07055390e-01  5.05687356e-01]
 [ 7.15172231e-01  1.06265914e-04 -6.98948085e-01]
 [ 4.94141370e-01  7.07158089e-01  5.05719006e-01]]"
20200220-150036.234323,1,[1.787017  1.4277313 0.7589503],"[[ 0.25172815 -0.49882704  0.6618105 ]
 [ 0.6647867  -0.49590045 -0.24887283]
 [ 0.65916294  0.5040997  -0.24820803]
 [ 0.24534805  0.5011364   0.6621642 ]]","[[ 0.49250937 -0.70489484  0.5104487 ]
 [ 0.72254294  0.00422647 -0.69131327]
 [ 0.48514566  0.7092993   0.5113984 ]]"
20200220-150036.234323,2,[1.7738894  1.4346968  0.75534654],"[[ 0.2412867  -0.49884376  0.6656744 ]
 [ 0.6687881  -0.49570718 -0.23832   ]
 [ 0.6629012   0.50429136 -0.23763108]
 [ 0.23465936  0.501118    0.6660427 ]]","[[ 0.4877653  -0.7047999   0.51511395]
 [ 0.72916096  0.00447317 -0.6843278 ]
 [ 0.48000988  0.70939213  0.51609445]]"
20200220-150036.234323,3,[1.751405   1.4414836  0.75239277],"[[ 0.23176295 -0.49880034  0.6690627 ]
 [ 0.6723494  -0.49548256 -0.22862804]
 [ 0.6661005   0.5045475  -0.22795707]
 [ 0.22481665  0.501126    0.6694177 ]]","[[ 0.4829532  -0.70466536  0.5198107 ]
 [ 0.7357974   0.00475069 -0.6771852 ]
 [ 0.4747195   0.7095241   0.52078533]]"
20200220-150036.234323,4,[1.729885  1.4483368 0.749342 ],"[[ 0.22212133 -0.49876913  0.67232686]
 [ 0.67568666 -0.49537542 -0.21887702]
 [ 0.6692365   0.5046897  -0.21826732]
 [ 0.21501705  0.5011193   0.67262834]]","[[ 0.47795585 -0.70458883  0.5245119 ]
 [ 0.74241054  0.00490298 -0.6699272 ]
 [ 0.46945158  0.7095989   0.5254376 ]]"
20200220-150036.234323,5,[1.7199801  1.455345   0.74452496],"[[ 0.20571944  0.50013137  0.6765142 ]
 [ 0.6751824   0.5013815  -0.20642537]
 [ 0.67737514 -0.49870247 -0.20658886]
 [ 0.20729503 -0.49978048  0.6760459 ]]","[[ 0.4668348   0.70775706  0.53023136]
 [ 0.7495495   0.00151054 -0.66194665]
 [ 0.46929824 -0.70645446  0.52979374]]"
20200220-150036.234323,6,[1.7064766 1.4623843 0.739914 ],"[[ 0.19919948 -0.49871352  0.679519  ]
 [ 0.6837268  -0.49421713 -0.19523475]
 [ 0.6756865   0.50583786 -0.1944593 ]
 [ 0.19048762  0.5011616   0.67994374]]","[[ 0.46771216 -0.7039926   0.5344531 ]
 [ 0.756589    0.00626117 -0.6538611 ]
 [ 0.456967    0.7101799   0.5355614 ]]"
20200220-150036.234323,7,[1.6887368 1.4695481 0.7355813],"[[ 0.19344582 -0.4971848   0.6824447 ]
 [ 0.69188696 -0.48674652 -0.18438418]
 [ 0.67357606  0.51319045 -0.18278182]
 [ 0.17368494  0.50251424  0.6832735 ]]","[[ 0.46877983 -0.69989604  0.5388792 ]
 [ 0.76357126  0.01438258 -0.6455631 ]
 [ 0.4440767   0.7140998   0.54116285]]"
20200220-150036.234323,8,[1.6744827 1.4769683 0.7316128],"[[ 0.1841987  -0.49707037  0.6850787 ]
 [ 0.6953667  -0.48551023 -0.17429481]
 [ 0.67531794  0.5143932  -0.17267673]
 [ 0.16273262  0.50259423  0.6859094 ]]","[[ 0.46472442 -0.69919497  0.54328424]
 [ 0.76979476  0.01584059 -0.63809484]
 [ 0.43754676  0.7147557   0.54559815]]"
20200220-150036.234323,9,[1.6666837 1.4844612 0.7270532],"[[ 0.1742296  -0.4970905   0.6876617 ]
 [ 0.69839406 -0.4848147  -0.16383943]
 [ 0.6773743   0.51506793 -0.16226773]
 [ 0.1518358   0.502554    0.68843836]]","[[ 0.46029982 -0.69883823  0.5474935 ]
 [ 0.77570224  0.0166754  -0.63087887]
 [ 0.43175265  0.7150853   0.54976606]]"
20200220-150036.234323,10,[1.6548439 1.491632  0.7229114],"[[ 0.16493323 -0.496982    0.69016945]
 [ 0.70094246 -0.48417586 -0.15389787]
 [ 0.6793571   0.5157173  -0.15233196]
 [ 0.14124651  0.5026115   0.6904903 ]]","[[ 0.4558599  -0.69834673  0.55181855]
 [ 0.78158647  0.01747879 -0.623552  ]
 [ 0.42581043  0.7155462   0.5537862 ]]"
20200220-150036.234323,11,[1.6461838  1.4988633  0.71922594],"[[ 0.16546069 -0.49485356  0.6915814 ]
 [ 0.711659   -0.47088906 -0.14568643]
 [ 0.6715499   0.52843213 -0.14314017]
 [ 0.12322839  0.5041259   0.6928217 ]]","[[ 0.46363488 -0.6910165   0.554562  ]
 [ 0.7861832   0.03220147 -0.61715424]
 [ 0.40860596  0.7221214   0.55819535]]"
20200220-150036.234323,12,[1.63299   1.5061445 0.7159663],"[[ 0.16855785 -0.49193218  0.6930586 ]
 [ 0.7236886  -0.45441496 -0.13779229]
 [ 0.6612129   0.54377717 -0.13434476]
 [ 0.10324869  0.5057825   0.6947188 ]]","[[ 0.47402248 -0.68146425  0.5575923 ]
 [ 0.7904429   0.05032914 -0.6104645 ]
 [ 0.38794658  0.7301188   0.56251574]]"
20200220-150036.234323,13,[1.6255537 1.5139261 0.7121444],"[[ 0.15356356 -0.49393976  0.6949341 ]
 [ 0.7197716  -0.46350303 -0.12872963]
 [ 0.66940206  0.5353952  -0.1262724 ]
 [ 0.10123073  0.5045197   0.6960969 ]]","[[ 0.46151143 -0.6866842   0.56166875]
 [ 0.7958129   0.0406747  -0.6041749 ]
 [ 0.3920317   0.72581685  0.56524396]]"
20200220-150036.234323,14,[1.6220499  1.5207158  0.70889544],"[[ 0.1708912  -0.4875002   0.6957415 ]
 [ 0.742506   -0.4274267  -0.12249567]
 [ 0.64399797  0.5679185  -0.11805294]
 [ 0.06890202  0.5070687   0.69785553]]","[[ 0.4900838  -0.6654287   0.5630475 ]
 [ 0.79674965  0.07996533 -0.5989955 ]
 [ 0.35356447  0.7421658   0.5693699 ]]"
20200220-150036.234323,15,[1.6176894 1.5279893 0.7040279],"[[ 0.16622853 -0.48673126  0.6973882 ]
 [ 0.74843705 -0.41971856 -0.11280916]
 [ 0.63974446  0.5745694  -0.10848012]
 [ 0.05419579  0.5067536   0.69939685]]","[[ 0.49215478 -0.66087204  0.5665968 ]
 [ 0.8008278   0.08856507 -0.5923101 ]
 [ 0.3412605   0.7452547   0.57283235]]"
20200220-150036.234323,16,[1.6065975  1.5348563  0.69889563],"[[ 0.18362075 -0.47863966  0.6987667 ]
 [ 0.77269995 -0.37580988 -0.10264403]
 [ 0.6074621   0.6106773  -0.09731587]
 [ 0.01443288  0.5066997   0.70122695]]","[[ 0.523161   -0.63345325  0.5701226 ]
 [ 0.8003475   0.13532528 -0.5840645 ]
 [ 0.29282546  0.7618558   0.5777796 ]]"
20200220-150036.234323,17,[1.597019   1.541099   0.69541043],"[[ 0.21780044 -0.4629496   0.69964623]
 [ 0.80383646 -0.30568224 -0.09511653]
 [ 0.5522218   0.6624023  -0.0888618 ]
 [-0.03822417  0.5034471   0.7025323 ]]","[[ 0.57237476 -0.5867906   0.57276857]
 [ 0.7898067   0.2067384  -0.5774639 ]
 [ 0.22043712  0.78290236  0.58178306]]"
20200220-150036.234323,18,[1.5947875 1.5495098 0.69099  ],"[[ 0.20936115 -0.46441308  0.7012291 ]
 [ 0.8046347  -0.30621332 -0.0864603 ]
 [ 0.5537455   0.66206527 -0.08136033]
 [-0.04578816  0.50221866  0.7029816 ]]","[[ 0.568452   -0.5869818   0.57646745]
 [ 0.793748    0.20699407 -0.5719419 ]
 [ 0.21639416  0.7826914   0.58358175]]"
20200220-150036.234323,19,[1.5804952  1.5548193  0.68555075],"[[ 0.3014439  -0.40835184  0.7025352 ]
 [ 0.85497314 -0.11019517 -0.07499813]
 [ 0.38575733  0.773175   -0.07004838]
 [-0.17130095  0.47255266  0.70421076]]","[[ 0.6833372  -0.44190165  0.5811824 ]
 [ 0.7297567   0.38888687 -0.5623362 ]
 [ 0.0224831   0.8083871   0.5882216 ]]"
20200220-150036.234323,20,[1.5765065 1.5550904 0.6795804],"[[ 0.43779576 -0.25362194  0.7036695 ]
 [ 0.8232615   0.25881654 -0.06358985]
 [ 0.02720191  0.86445135 -0.0587766 ]
 [-0.36032674  0.3484443   0.70523083]]","[[ 0.8016926  -0.12018706  0.5855286 ]
 [ 0.50357777  0.663537   -0.5532883 ]
 [-0.32202193  0.73842645  0.59247637]]"
20200220-150036.234323,21,[1.5817684 1.5486445 0.6761316],"[[ 0.48203173 -0.15248449  0.70405704]
 [ 0.7414559   0.44231018 -0.05669939]
 [-0.1728652   0.8480834  -0.05090897]
 [-0.43359685  0.24872652  0.7060434 ]]","[[ 0.8065956   0.06336296  0.58769786]
 [ 0.33848828  0.76557326 -0.5471046 ]
 [-0.4845918   0.6402208   0.5960604 ]]"
20200220-150036.234323,22,[1.587868  1.5444022 0.6715273],"[[ 0.49436375 -0.10226575  0.70441693]
 [ 0.68370414  0.5283114  -0.04818786]
 [-0.27261746  0.8217924  -0.04248103]
 [-0.46242076  0.18731281  0.70687354]]","[[ 0.79207474  0.15456973  0.5905301 ]
 [ 0.24603355  0.80451137 -0.54058206]
 [-0.5586458   0.57347155  0.5992038 ]]"
20200220-150036.234323,23,[1.5962058 1.5399705 0.6674993],"[[ 0.49603996 -0.09346008  0.70460486]
 [ 0.6665624   0.5501313  -0.04143076]
 [-0.29857433  0.8132428  -0.0346361 ]
 [-0.4695657   0.16509615  0.70754206]]","[[ 0.78643197  0.17523752  0.59229773]
 [ 0.22121733  0.81539685 -0.53496826]
 [-0.576704    0.5517425   0.6024885 ]]"
20200220-150036.234323,24,[1.6035986 1.5441144 0.6619406],"[[ 0.4958296  -0.09076875  0.7050948 ]
 [ 0.6549045   0.5645189  -0.03325799]
 [-0.31560484  0.8070779  -0.0266463 ]
 [-0.47502246  0.1473246   0.7078312 ]]","[[ 0.7816156   0.18859114  0.5945675 ]
 [ 0.20469195  0.82286334 -0.5300917 ]
 [-0.5892184   0.53603107  0.60455984]]"
20200220-150036.234323,25,[1.6091976  1.5411673  0.65741366],"[[-0.50021315 -0.0447069   0.7062136 ]
 [-0.5904986   0.6322502  -0.02420398]
 [ 0.4005827   0.76845545 -0.01996423]
 [ 0.49054235  0.08796385  0.7073034 ]]","[[-0.7542666   0.26883805  0.5990058 ]
 [-0.11540756  0.8438377  -0.52404124]
 [ 0.64634585  0.46439666  0.6054526 ]]"
20200220-150036.234323,26,[1.6167835 1.5345896 0.6521346],"[[-0.50050974 -0.0272308   0.7067081 ]
 [-0.55620545  0.66312    -0.01461259]
 [ 0.440766    0.7461297  -0.01156284]
 [ 0.4958335   0.05310871  0.70726   ]]","[[-0.737623    0.30404472  0.6028841 ]
 [-0.07080939  0.8531243  -0.51688   ]
 [ 0.6714897   0.42395234  0.60775495]]"
20200220-150036.234323,27,[1.6247935 1.5298645 0.6475515],"[[-0.50023484 -0.02901072  0.70681   ]
 [-0.54841745  0.6697245  -0.00694401]
 [ 0.44951126  0.74098337 -0.00388777]
 [ 0.49693367  0.0396353   0.7073585 ]]","[[-0.7337004   0.30850694  0.60539836]
 [-0.06103434  0.85745674 -0.51092356]
 [ 0.6767262   0.41181484  0.6102868 ]]"
20200220-150036.234323,28,[1.6333575 1.521384  0.6416588],"[[-0.49995685 -0.03279205  0.7068334 ]
 [-0.5404333   0.6762242   0.00280093]
 [ 0.4582718   0.735573    0.00582583]
 [ 0.4979573   0.02403229  0.7073502 ]]","[[-0.7296307   0.31163523  0.60870564]
 [-0.05111449  0.8627836  -0.502983  ]
 [ 0.68192834  0.39810547  0.6135843 ]]"
20200220-150036.234323,29,[1.6415365 1.5147705 0.63824  ],"[[-0.4997454  -0.02651673  0.707066  ]
 [-0.52294767  0.6899761   0.00981594]
 [ 0.47698808  0.72332805  0.01156321]
 [ 0.49926192  0.0051093   0.7069849 ]]","[[-0.72030884  0.32682168  0.6118354 ]
 [-0.02908865  0.86703974 -0.49738893]
 [ 0.69304305  0.37607113  0.61502975]]"
20200220-150036.234323,30,[1.6496229 1.5067844 0.6342521],"[[ 0.49909204 -0.01636649  0.7074854 ]
 [ 0.49809587  0.708343    0.01831438]
 [-0.50244015  0.7054085   0.01757643]
 [-0.50036174 -0.0195284   0.706272  ]]","[[ 0.70630807  0.34870937  0.6160607 ]
 [-0.00182898  0.8711555  -0.491004  ]
 [-0.7079023   0.34567326  0.6159418 ]]"
20200220-150036.234323,31,[1.6581708 1.5058177 0.6285212],"[[-0.49933296 -0.03176676  0.7069438 ]
 [-0.5087548   0.700323    0.0257173 ]
 [ 0.49173144  0.71283346  0.02623696]
 [ 0.5000355  -0.0201831   0.70631516]]","[[-0.7124083   0.3335068   0.6174526 ]
 [-0.01137855  0.8742512  -0.4853407 ]
 [ 0.7016729   0.35278648  0.6190289 ]]"
20200220-150036.234323,32,[1.6667573  1.5009644  0.62344164],"[[-0.4994944  -0.04583433  0.7060664 ]
 [-0.5175131   0.6935607   0.03295024]
 [ 0.48273572  0.7186094   0.03461349]
 [ 0.49965137 -0.0217464   0.706531  ]]","[[-0.71754044  0.31957212  0.6188774 ]
 [-0.02244673  0.8774607  -0.47912306]
 [ 0.696155    0.35768196  0.62244016]]"
20200220-150036.234323,33,[1.6746458 1.5002996 0.6197607],"[[-0.49951184 -0.04458276  0.70581424]
 [-0.507681    0.70083046  0.03910227]
 [ 0.49287772  0.7111232   0.03942792]
 [ 0.49981916 -0.0339485   0.70621735]]","[[-0.71212816  0.32729125  0.621091  ]
 [-0.01003396  0.87984735 -0.4751508 ]
 [ 0.70197785  0.34460017  0.62328   ]]"
20200220-150036.234323,34,[1.6833285 1.4914645 0.6152316],"[[-0.49942586 -0.04627452  0.70561063]
 [-0.498969    0.7067242   0.04739143]
 [ 0.50166     0.7043634   0.0465434 ]
 [ 0.4999408  -0.04766172  0.7054798 ]]","[[-0.70710105  0.33162093  0.6245285 ]
 [ 0.00089996  0.88363075 -0.4681837 ]
 [ 0.707112    0.33049107  0.6251147 ]]"
20200220-150036.234323,35,[1.6918001 1.4847281 0.6114264],"[[-0.49940288 -0.05278828 -0.7051527 ]
 [-0.4989975   0.7062534  -0.05391166]
 [ 0.5016756   0.7039076  -0.05303818]
 [ 0.49992    -0.054163   -0.70501083]]","[[-7.0710450e-01  3.2748839e-01 -6.2670118e-01]
 [ 8.8569091e-04  8.8669604e-01  4.6235186e-01]
 [ 7.0710826e-01  3.2637599e-01 -6.2727690e-01]]"
20200220-150036.234323,36,[1.7002639 1.4856551 0.6085083],"[[-0.49955904 -0.0672642  -0.7039673 ]
 [-0.5138668   0.6950992  -0.05681572]
 [ 0.48664984  0.714152   -0.05838157]
 [ 0.49955335 -0.04795466 -0.70554507]]","[[-0.71591353  0.30944395 -0.6258691 ]
 [-0.01792185  0.8879778   0.45953682]
 [ 0.69795877  0.3402053  -0.63016963]]"
20200220-150036.234323,37,[1.7089938  1.4777552  0.60405874],"[[-0.499554   -0.06905631 -0.7036381 ]
 [-0.5058985   0.7004056  -0.06477728]
 [ 0.49479482  0.70779127 -0.06506246]
 [ 0.49969077 -0.06078663 -0.7046025 ]]","[[-0.71132475  0.31334344 -0.6291527 ]
 [-0.00780468  0.89155126  0.45285267]
 [ 0.70282036  0.3270357  -0.6317369 ]]"
20200220-150036.234323,38,[1.7171322 1.4779159 0.6005953],"[[-0.499673   -0.06933207 -0.70321965]
 [-0.49910337  0.7050773  -0.0702586 ]
 [ 0.50165987  0.702242   -0.06918061]
 [ 0.49955976 -0.07010863 -0.70410216]]","[[-7.0746857e-01  3.1818169e-01 -6.3106942e-01]
 [ 8.3826191e-04  8.9330125e-01  4.4945785e-01]
 [ 7.0674437e-01  3.1744835e-01 -6.3224930e-01]]"
20200220-150036.234323,39,[1.7260449  1.4744453  0.59577096],"[[-0.49962905 -0.08044093 -0.70221704]
 [-0.5054968   0.6996955  -0.07639914]
 [ 0.49527013  0.70618045 -0.07659531]
 [ 0.49955115 -0.07255874 -0.70369613]]","[[-0.7112413   0.30749965 -0.6321232 ]
 [-0.00726548  0.8959822   0.44403028]
 [ 0.7029103   0.32040542 -0.6350256 ]]"
20200220-150036.234323,40,[1.734584  1.4731257 0.5917372],"[[ 0.49955213 -0.07765371 -0.70243603]
 [ 0.49345142  0.70765144 -0.0830843 ]
 [-0.5072982   0.6969476  -0.08094984]
 [-0.4996017  -0.08639009 -0.70223075]]","[[ 0.7038731   0.31754428 -0.6353964 ]
 [-0.00806899  0.8980306   0.43985915]
 [-0.71028006  0.304478   -0.63466173]]"
20200220-150036.234323,41,[1.7431526 1.4747194 0.5890447],"[[ 0.49941424 -0.08132314 -0.7022582 ]
 [ 0.4938617   0.7067956  -0.08652842]
 [-0.50691724  0.69697046 -0.08455639]
 [-0.49972105 -0.08977243 -0.70156705]]","[[ 0.7039296   0.31558627 -0.63630855]
 [-0.00758391  0.8991574   0.4375599 ]
 [-0.7102294   0.30318558 -0.63533676]]"
20200220-150036.234323,42,[1.7522801 1.4717511 0.584359 ],"[[-0.49948817 -0.08429711 -0.7017186 ]
 [-0.48883805  0.70955294 -0.09343016]
 [ 0.5118593   0.69248086 -0.09033398]
 [ 0.49954858 -0.09949349 -0.7005011 ]]","[[-0.70083874  0.31737888 -0.6388236 ]
 [ 0.01402421  0.9015218   0.4325063 ]
 [ 0.7131818   0.2941582  -0.63627255]]"
20200220-150036.234323,43,[1.7609292 1.4708008 0.5804982],"[[-0.49937087 -0.08970214 -0.70127606]
 [-0.4894703   0.7082771  -0.09844628]
 [ 0.51126677  0.6924006  -0.09553035]
 [ 0.49965417 -0.10430246 -0.6995675 ]]","[[-0.70101887  0.3141362  -0.64022744]
 [ 0.01329465  0.9033556   0.42868653]
 [ 0.713019    0.29200575 -0.63744557]]"
20200220-150036.234323,44,[1.7699836  1.4665967  0.57771754],"[[-0.49931034 -0.09809303 -0.7003318 ]
 [-0.4952165   0.7035591  -0.10236739]
 [ 0.50563866  0.6959603  -0.10070139]
 [ 0.49977955 -0.10498475 -0.69922507]]","[[-0.70450664  0.30505988 -0.640788  ]
 [ 0.00600074  0.90543115  0.42445114]
 [ 0.7096723   0.29518336 -0.6397127 ]]"
20200220-150036.234323,45,[1.779233   1.4626266  0.57494575],"[[-0.49937606 -0.09947102 -0.6999512 ]
 [-0.49058673  0.70619684 -0.10742393]
 [ 0.51020986  0.6918984  -0.10457672]
 [ 0.49963427 -0.11255418 -0.69827795]]","[[-0.70161575  0.30710834 -0.6429775 ]
 [ 0.01198034  0.9073108   0.4202903 ]
 [ 0.7124549   0.2871792  -0.6402626 ]]"
20200220-150036.234323,46,[1.7874259 1.4681263 0.5714205],"[[ 0.49941957 -0.11324276 -0.69797456]
 [ 0.50560766  0.6950925  -0.10910022]
 [-0.49528936  0.7020301  -0.10985582]
 [-0.4996292  -0.10571752 -0.69918597]]","[[ 0.7111387   0.28983548 -0.6405288 ]
 [ 0.00731311  0.90797037  0.41897058]
 [-0.70301366  0.30263048 -0.6435734 ]]"
20200220-150036.234323,47,[1.7960374 1.4649719 0.5686949],"[[ 0.4992433  -0.12056448 -0.69699436]
 [ 0.51016754  0.69103146 -0.11273168]
 [-0.49072152  0.7046324  -0.11474127]
 [-0.49967745 -0.10692396 -0.6988025 ]]","[[ 0.71388555  0.28214353 -0.6409074 ]
 [ 0.01322595  0.9096432   0.41517976]
 [-0.70013744  0.3048674  -0.6456497 ]]"
20200220-150036.234323,48,[1.80514    1.4630401  0.56442374],"[[ 0.49923334 -0.12251493 -0.6966564 ]
 [ 0.50517595  0.6936871  -0.11877192]
 [-0.49578112  0.70025975 -0.11960616]
 [-0.4997643  -0.11586503 -0.6973215 ]]","[[ 0.71072143  0.28466898 -0.643303  ]
 [ 0.00675124  0.91166425  0.41088066]
 [-0.7034412   0.2963648  -0.6460173 ]]"
20200220-150036.234323,49,[1.8141177 1.4586033 0.5611688],"[[ 0.49920985 -0.12720536 -0.69581133]
 [ 0.5048451   0.6930817  -0.1237353 ]
 [-0.49615374  0.69914734 -0.12450414]
 [-0.49975225 -0.12103555 -0.6964446 ]]","[[ 0.7105327   0.2817991  -0.6447734 ]
 [ 0.00633391  0.9137097   0.4063181 ]
 [-0.70363575  0.29278627 -0.64743584]]"
20200220-150036.234323,50,[1.8234173 1.4569092 0.5569852],"[[ 0.49920732 -0.13525972 -0.6942954 ]
 [ 0.508907    0.6892527  -0.12838086]
 [-0.49203506  0.7010013  -0.13028754]
 [-0.4997068  -0.12342109 -0.69605875]]","[[ 0.71320015  0.27432096 -0.64505315]
 [ 0.01166998  0.9154676   0.4022227 ]
 [-0.7008632   0.29439306 -0.6497105 ]]"
20200220-150036.234323,51,[1.8321693 1.4543147 0.5544421],"[[ 0.4990062  -0.14164795 -0.693271  ]
 [ 0.51266265  0.68572116 -0.13165934]
 [-0.48825604  0.7029591  -0.1347452 ]
 [-0.49977577 -0.12478333 -0.6956184 ]]","[[ 0.715508    0.26766008 -0.6452956 ]
 [ 0.01663638  0.9169021   0.39876544]
 [-0.69840634  0.29605523 -0.65159786]]"
20200220-150036.234323,52,[1.8420023  1.4578371  0.55045515],"[[ 0.4989683  -0.14531116 -0.6925403 ]
 [ 0.5123108   0.68521583 -0.13560049]
 [-0.48861092  0.70195454 -0.13862012]
 [-0.4998278  -0.12893422 -0.6948271 ]]","[[ 0.7153003   0.26659253 -0.6459674 ]
 [ 0.01620531  0.91779596  0.39672148]
 [-0.6986294   0.2942431  -0.6521794 ]]"
20200220-150036.234323,53,[1.8514072 1.4523674 0.546816 ],"[[ 0.49915263 -0.14747638 -0.69179904]
 [ 0.5076572   0.6876289  -0.14160916]
 [-0.49337384  0.6975195  -0.14327945]
 [-0.49971366 -0.13742141 -0.6934205 ]]","[[ 0.7124915   0.2681546  -0.6484205 ]
 [ 0.01009458  0.9200833   0.391593  ]
 [-0.7016083   0.28555232 -0.6528445 ]]"
20200220-150036.234323,54,[1.8608928 1.4580714 0.543795 ],"[[ 0.4991036  -0.15266658  0.6907119 ]
 [ 0.5114338   0.68440574  0.14359404]
 [-0.48952252  0.69958425  0.14639057]
 [-0.4996986  -0.1373436   0.69344616]]","[[ 0.7149792   0.26344147  0.6476137 ]
 [ 0.01509505  0.9202599  -0.39101622]
 [-0.6989828   0.28934422  0.6539899 ]]"
20200220-150036.234323,55,[1.8703866 1.4526753 0.5402905],"[[ 0.49930122 -0.1548182   0.68994683]
 [ 0.5070698   0.6865741   0.14936897]
 [-0.49398088  0.69534236  0.1508575 ]
 [-0.49956122 -0.14541902  0.6920291 ]]","[[ 0.7123307   0.2647994   0.6499742 ]
 [ 0.00934972  0.92243254 -0.3860455 ]
 [-0.70178175  0.28106904  0.6546011 ]]"
20200220-150036.234323,56,[1.8797665 1.4489167 0.5373682],"[[ 0.4989235  -0.16380933  0.68837965]
 [ 0.51410246  0.6803794   0.15241364]
 [-0.48683527  0.69944906  0.1563426 ]
 [-0.4997657  -0.14498863  0.6917082 ]]","[[ 0.716705    0.2540229   0.6494662 ]
 [ 0.01870901  0.92396045 -0.3820303 ]
 [-0.6971257   0.28595403  0.6574543 ]]"
20200220-150036.234323,57,[1.8893056 1.4480469 0.5335353],"[[ 0.4990876  -0.16544472  0.6877259 ]
 [ 0.50990945  0.68251336  0.1575936 ]
 [-0.49114507  0.6954191   0.16013438]
 [-0.4996812  -0.15230346  0.6903295 ]]","[[ 0.714132    0.25630578  0.6514008 ]
 [ 0.01316015  0.9254777  -0.37857372]
 [-0.69988763  0.27892408  0.6575401 ]]"
20200220-150036.234323,58,[1.8985512 1.4488904 0.5302866],"[[ 0.49905217 -0.16879751  0.6869202 ]
 [ 0.5095552   0.6819383   0.1612515 ]
 [-0.4915402   0.6943176   0.16370183]
 [-0.4996882  -0.1561743   0.68944895]]","[[ 0.7139139   0.2549695   0.65216357]
 [ 0.01269728  0.92648494 -0.37611762]
 [-0.7001183   0.27679628  0.6581931 ]]"
20200220-150036.234323,59,[1.9082422  1.447919   0.52669907],"[[ 0.49902204 -0.17508167  0.68536025]
 [ 0.51257205  0.67880684  0.16489637]
 [-0.48845336  0.6953549   0.16841678]
 [-0.49965984 -0.15826936  0.6890036 ]]","[[ 0.71599907  0.24915582  0.65212476]
 [ 0.01677357  0.9277309  -0.37287247]
 [-0.6978996   0.2779147   0.6600753 ]]"
20200220-150036.234323,60,[1.9178793 1.4499581 0.5243711],"[[ 0.4992092  -0.17507441  0.6850961 ]
 [ 0.5088561   0.68096876  0.16805834]
 [-0.49226284  0.6920753   0.17028213]
 [-0.49953288 -0.16328582  0.68804306]]","[[ 0.71369237  0.2523303   0.6534315 ]
 [ 0.01181995  0.92839    -0.37141898]
 [-0.7003595   0.27280232  0.6596023 ]]"
20200220-150036.234323,61,[1.9276515  1.4575769  0.52000195],"[[ 0.49909356 -0.18031895  0.6838179 ]
 [ 0.51191074  0.67802185  0.17067495]
 [-0.48914176  0.6933854   0.1738868 ]
 [-0.49959275 -0.16427995  0.68776876]]","[[ 0.7157555   0.24854913  0.65262353]
 [ 0.01595113  0.9284584  -0.37109384]
 [-0.6981689   0.2760226   0.66058445]]"
20200220-150036.234323,62,[1.9370526 1.4583114 0.5170354],"[[ 0.49905458 -0.18325946  0.6830474 ]
 [ 0.5114491   0.67753625  0.17402285]
 [-0.48964664  0.69222486  0.17708752]
 [-0.49961013 -0.16788457  0.6868785 ]]","[[ 0.71547973  0.24748412  0.65333027]
 [ 0.0153736   0.92935085 -0.3688777 ]
 [-0.69846433  0.2739685   0.66112685]]"
20200220-150036.234323,63,[1.9459883  1.4605155  0.51476246],"[[ 0.4986343  -0.18767272  0.68239254]
 [ 0.51458156  0.6744388   0.17577535]
 [-0.4864589   0.69397473  0.18010965]
 [-0.4999276  -0.16825761  0.6862973 ]]","[[ 0.71725875  0.24308077  0.6530327 ]
 [ 0.01960211  0.92976916 -0.3676213 ]
 [-0.69653124  0.27648035  0.66212   ]]"
20200220-150036.234323,64,[1.9552506  1.46115    0.51201653],"[[ 0.4984445  -0.19027357  0.68191206]
 [ 0.51403314  0.6739251   0.17888421]
 [-0.48703015  0.69291204  0.18309173]
 [-0.50012475 -0.17173721  0.6851817 ]]","[[ 0.716776    0.24225411  0.6538695 ]
 [ 0.01894198  0.93060064 -0.36554536]
 [-0.6970463   0.27439964  0.6624435 ]]"
20200220-150036.234323,65,[1.9650718 1.4597865 0.5107165],"[[ 0.49801117 -0.19645473  0.6806988 ]
 [ 0.5199777   0.66883254  0.17985786]
 [-0.48090282  0.6965528   0.18646845]
 [-0.50034046 -0.16994981  0.6852224 ]]","[[ 0.72051924  0.23388658  0.652801  ]
 [ 0.02701738  0.9312187  -0.36345848]
 [-0.69290847  0.27951577  0.66464174]]"
20200220-150036.234323,66,[1.9748161 1.45529   0.50776  ],"[[ 0.49826914 -0.1977899   0.6799576 ]
 [ 0.51579916  0.67090005  0.18481502]
 [-0.485255    0.6924323   0.18987323]
 [-0.5002066  -0.17694525  0.68370235]]","[[ 0.71800834  0.23566058  0.6549261 ]
 [ 0.02147799  0.9329894  -0.35926232]
 [-0.69570315  0.27201983  0.66483265]]"
20200220-150036.234323,67,[1.9838501 1.4576852 0.5056282],"[[ 0.49817792 -0.20168057  0.67884797]
 [ 0.5182609   0.6685599   0.18652771]
 [-0.48274067  0.6934519   0.19249961]
 [-0.5001855  -0.1774178   0.6836056 ]]","[[ 0.7197375   0.23197468  0.6543436 ]
 [ 0.02485771  0.9333086  -0.35821387]
 [-0.69380105  0.27408552  0.6659708 ]]"
20200220-150036.234323,68,[1.9941037  1.4617621  0.50477153],"[[ 0.49795324 -0.20423341  0.67835736]
 [ 0.5209614   0.6662877   0.18669666]
 [-0.47993815  0.69516367  0.19378443]
 [-0.50030094 -0.17634228  0.6836835 ]]","[[ 0.72144115  0.22897275  0.6535243 ]
 [ 0.02854538  0.9331147  -0.3584437 ]
 [-0.691887    0.2772511   0.6666513 ]]"
20200220-150036.234323,69,[2.0036957 1.4607694 0.5035948],"[[ 0.4979858  -0.2057561   0.67784876]
 [ 0.52028644  0.6662513   0.18879157]
 [-0.48067325  0.6941128   0.19570725]
 [-0.50026524 -0.17883226  0.68306464]]","[[ 0.721079    0.22834888  0.65414226]
 [ 0.02767991  0.9338805  -0.35651264]
 [-0.6922998   0.2751803   0.6670808 ]]"
20200220-150036.234323,70,[2.0124133 1.4633684 0.5015677],"[[ 0.4979853  -0.20544536  0.67792827]
 [ 0.51690954  0.66811806  0.19150943]
 [-0.4842071   0.69126457  0.19708867]
 [-0.5003581  -0.18320377  0.68183094]]","[[ 0.71878177  0.2316627   0.655504  ]
 [ 0.02311877  0.9343653  -0.35556582]
 [-0.6948514   0.27072862  0.66624886]]"
20200220-150036.234323,71,[2.0223951 1.4630092 0.5010493],"[[ 0.49822703 -0.20440955  0.6779373 ]
 [ 0.51344985  0.67035073  0.19350347]
 [-0.48778865  0.6884303   0.19772016]
 [-0.5002015  -0.18684371  0.68107617]]","[[ 0.7166319   0.23464696  0.65679514]
 [ 0.01846008  0.93499565 -0.35417888]
 [-0.6972075   0.26594028  0.66571593]]"
20200220-150036.234323,72,[2.032562   1.4665827  0.49760875],"[[ 0.49817067 -0.20901862  0.67655367]
 [ 0.5159339   0.6677684   0.19587936]
 [-0.48522416  0.68923974  0.20109119]
 [-0.5001956  -0.18800321  0.68078524]]","[[ 0.71840346  0.2308644   0.6561998 ]
 [ 0.02187782  0.93535656 -0.3530292 ]
 [-0.69528264  0.26797357  0.6669125 ]]"
20200220-150036.234323,73,[2.0426874 1.4675843 0.4949808],"[[ 0.49771973 -0.2152969   0.675124  ]
 [ 0.5212261   0.6629466   0.19743493]
 [-0.47975117  0.6921736   0.20496818]
 [-0.50043696 -0.18720308  0.68059915]]","[[ 0.7217682   0.22345021  0.6550731 ]
 [ 0.02911756  0.9358122  -0.35129458]
 [-0.6915223   0.27262735  0.6689331 ]]"
20200220-150036.234323,74,[2.052028   1.4726257  0.49232015],"[[ 0.49766204 -0.21697468  0.674612  ]
 [ 0.5207704   0.66269815  0.1995311 ]
 [-0.48021638  0.69127387  0.20681198]
 [-0.5005227  -0.18945691  0.6799376 ]]","[[ 0.72148234  0.22380595  0.65526664]
 [ 0.02856273  0.9359004  -0.35110533]
 [-0.6918437   0.2720325   0.668843  ]]"
20200220-150036.234323,75,[2.0625825  1.4764999  0.49166885],"[[ 0.4974277  -0.21909371  0.6742037 ]
 [ 0.5230896   0.6607357   0.19957916]
 [-0.47779584  0.69275403  0.20786624]
 [-0.5006535  -0.18846206  0.68000686]]","[[ 0.7229631   0.22125083  0.6545016 ]
 [ 0.0317829   0.93568206 -0.35140985]
 [-0.6901551   0.2748583   0.66943175]]"
20200220-150036.234323,76,[2.0723453  1.4733542  0.48959607],"[[ 0.4974632  -0.22146282  0.67335284]
 [ 0.5221056   0.66058856  0.20280264]
 [-0.47885793  0.69111395  0.210753  ]
 [-0.5006308  -0.19219354  0.6790072 ]]","[[ 0.722433    0.2201541   0.6554564 ]
 [ 0.03055044  0.93686795 -0.3483467 ]
 [-0.6907659   0.27168152  0.6700983 ]]"
20200220-150036.234323,77,[2.0832236 1.4759516 0.4884934],"[[ 0.4974931  -0.22222544  0.6730672 ]
 [ 0.5215729   0.6606477   0.20402502]
 [-0.4794077   0.6903979   0.21178423]
 [-0.5006303  -0.19367942  0.67860276]]","[[ 0.72214544  0.22043096  0.65568   ]
 [ 0.02988438  0.9370423  -0.34793508]
 [-0.69109553  0.27085432  0.67009324]]"
20200220-150036.234323,78,[2.0926418 1.4810379 0.4859213],"[[ 0.49743545 -0.22378291  0.6725745 ]
 [ 0.5211183   0.66041464  0.20600408]
 [-0.47987163  0.6895171   0.21349752]
 [-0.5007162  -0.19580573  0.67795587]]","[[ 0.72185856  0.2208562   0.6558526 ]
 [ 0.02933253  0.9370922  -0.34784737]
 [-0.69141865  0.2703344   0.66996986]]"
20200220-150036.234323,79,[2.1020322  1.4781927  0.48395097],"[[ 0.497879   -0.22250654  0.6724007 ]
 [ 0.5149087   0.66422737  0.21028966]
 [-0.48635     0.68420416  0.21505322]
 [-0.5004489  -0.2028729   0.67631924]]","[[ 0.71795434  0.22599137  0.65838414]
 [ 0.02092165  0.9383984  -0.34492132]
 [-0.6957759   0.26141226  0.6689991 ]]"
20200220-150036.234323,80,[2.1115024  1.4832702  0.48148468],"[[ 0.49783197 -0.22401261  0.6719201 ]
 [ 0.5145313   0.6639466   0.21214855]
 [-0.48672673  0.6833979   0.21667485]
 [-0.50051737 -0.2048425   0.6756987 ]]","[[ 0.71771234  0.22637805  0.6585148 ]
 [ 0.02047047  0.9384126  -0.3449094 ]
 [-0.6960386   0.26102585  0.6688763 ]]"
20200220-150036.234323,81,[2.1208467 1.4856294 0.4798006],"[[ 0.49741885 -0.22724488  0.67136   ]
 [ 0.51694745  0.66146976  0.21323554]
 [-0.48425007  0.6846953   0.21893361]
 [-0.5008409  -0.20496403  0.67518497]]","[[ 0.71908945  0.22313538  0.6581193 ]
 [ 0.02378427  0.93858916 -0.34421638]
 [-0.6945105   0.26317522  0.6696223 ]]"
20200220-150036.234323,82,[2.1315858  1.4808081  0.47746083],"[[ 0.4972628  -0.2318736   0.66995835]
 [ 0.5187436   0.6590205   0.21619968]
 [-0.48239416  0.6848293   0.22282754]
 [-0.50092983 -0.20720889  0.6743595 ]]","[[ 0.7203346   0.21832818  0.6583698 ]
 [ 0.02635526  0.93986976 -0.34051475]
 [-0.6931259   0.26263604  0.6712664 ]]"
20200220-150036.234323,83,[2.1410046 1.483247  0.4758489],"[[ 0.49684528 -0.23491658  0.6694155 ]
 [ 0.52098876  0.65667284  0.21722749]
 [-0.480069    0.68600684  0.22496481]
 [-0.50124776 -0.20733993  0.6738593 ]]","[[ 0.72160506  0.215302    0.6579752 ]
 [ 0.02946879  0.9399984  -0.3399039 ]
 [-0.6916776   0.26466614  0.671963  ]]"
20200220-150036.234323,84,[2.1507568 1.4843892 0.4737951],"[[ 0.49702063 -0.23662502  0.6685249 ]
 [ 0.52027977  0.65663844  0.21955663]
 [-0.4808251   0.68467194  0.22690494]
 [-0.50108576 -0.20990238  0.67333746]]","[[ 0.7213734   0.21507005  0.65830487]
 [ 0.02858668  0.9404999  -0.33858952]
 [-0.69195604  0.26306817  0.6723034 ]]"
20200220-150036.234323,85,[2.1605375  1.4855239  0.47177866],"[[ 0.49720207 -0.23832606  0.6676313 ]
 [ 0.519621    0.6565688   0.22183155]
 [-0.4815263   0.6833779   0.22882453]
 [-0.50091624 -0.2123979   0.67282885]]","[[ 0.7211672   0.21481     0.65861577]
 [ 0.02775507  0.94098866 -0.3372981 ]
 [-0.6922049   0.2615282   0.6726481 ]]"
20200220-150036.234323,86,[2.1709316  1.4855146  0.46920407],"[[ 0.4973992  -0.23893063  0.6671386 ]
 [ 0.5164753   0.658019    0.22528662]
 [-0.4848009   0.6802529   0.23081051]
 [-0.50081474 -0.21720724  0.67149   ]]","[[ 0.7191795   0.21701151  0.660066  ]
 [ 0.02353513  0.9418217  -0.33528796]
 [-0.6944258   0.25666696  0.6722314 ]]"
20200220-150036.234323,87,[2.1799443 1.4883428 0.4677336],"[[ 0.4973728  -0.23845212  0.6673282 ]
 [ 0.513704    0.65947676  0.2273574 ]
 [-0.48767766  0.6779488   0.23157202]
 [-0.5008986  -0.22049224  0.6703409 ]]","[[ 0.71719104  0.21998864  0.66124296]
 [ 0.01977241  0.94206077 -0.33485916]
 [-0.6965962   0.25323236  0.6712878 ]]"
20200220-150036.234323,88,[2.1906133 1.487912  0.4653522],"[[ 0.49738616 -0.24230698  0.6658852 ]
 [ 0.5155697   0.6573294   0.2294779 ]
 [-0.48574874  0.678246    0.23457858]
 [-0.5008422  -0.22178273  0.67000717]]","[[ 0.7186414   0.21628618  0.66088945]
 [ 0.02240736  0.942703   -0.3328794 ]
 [-0.6950197   0.25402966  0.6726191 ]]"
20200220-150036.234323,89,[2.2007306 1.485126  0.4637277],"[[ 0.49741113 -0.24442586  0.66506004]
 [ 0.5149979   0.656891    0.23210184]
 [-0.48636317  0.67695236  0.23698482]
 [-0.5008098  -0.22469077  0.6690756 ]]","[[ 0.7183167   0.21505482  0.66164404]
 [ 0.02167898  0.94364476 -0.3302496 ]
 [-0.6953786   0.25156757  0.6731736 ]]"
20200220-150036.234323,90,[2.2104871 1.4828316 0.462111 ],"[[ 0.49776125 -0.24328712  0.6649919 ]
 [ 0.5096044   0.65999603  0.23587705]
 [-0.49191496  0.67230475  0.23810746]
 [-0.50055647 -0.23070063  0.66742235]]","[[ 0.7147986   0.21947564  0.6639983 ]
 [ 0.01439488  0.94465846 -0.32774013]
 [-0.69918233  0.24382637  0.6720811 ]]"
20200220-150036.234323,91,[2.2206597  1.4802494  0.46054658],"[[ 0.497769   -0.24546127  0.6641627 ]
 [ 0.5092276   0.6594102   0.23839015]
 [-0.4923211   0.6711607   0.24045871]
 [-0.5005334  -0.23338993  0.66651183]]","[[ 0.71457803  0.21807794  0.6646958 ]
 [ 0.01392515  0.9455458  -0.32519135]
 [-0.69941735  0.24163055  0.6726294 ]]"
20200220-150036.234323,92,[2.23139   1.480027  0.4583241],"[[ 0.49782676 -0.24918862  0.66270536]
 [ 0.5112302   0.6572097   0.24024507]
 [-0.49026942  0.67158073  0.2433632 ]
 [-0.50044805 -0.23443569  0.66624177]]","[[ 0.71612734  0.21438621  0.66422904]
 [ 0.01668834  0.9461276  -0.3233639 ]
 [-0.6977703   0.24265458  0.6739699 ]]"
20200220-150036.234323,93,[2.2413554 1.4833335 0.457616 ],"[[ 0.49762323 -0.24972582  0.6627694 ]
 [ 0.5110695   0.6569517   0.2409481 ]
 [-0.49043205  0.6713523   0.24400891]
 [-0.5006558  -0.23523997  0.66568834]]","[[ 0.7158396   0.21469939  0.66443825]
 [ 0.01649966  0.94608945 -0.32348523]
 [-0.69806993  0.24252655  0.6737058 ]]"
20200220-150036.234323,94,[2.2504792  1.4864444  0.45632818],"[[ 0.4975437  -0.24922444  0.66302395]
 [ 0.5085517   0.6582206   0.24278621]
 [-0.49301374  0.66928655  0.24453683]
 [-0.50076234 -0.23809355  0.66457194]]","[[ 0.7139609   0.2175115   0.66554374]
 [ 0.01310107  0.9462086  -0.32329196]
 [-0.70006293  0.23953716  0.6727064 ]]"
20200220-150036.234323,95,[2.2596912 1.4894764 0.4550792],"[[ 0.49747485 -0.24876903  0.6632595 ]
 [ 0.5061254   0.65941614  0.24456963]
 [-0.49548915  0.6672819   0.24508326]
 [-0.50084585 -0.24087252  0.6634811 ]]","[[ 0.7121375   0.22020237  0.6666118 ]
 [ 0.00982374  0.9463167  -0.32309204]
 [-0.7019714   0.23663458  0.67174435]]"
20200220-150036.234323,96,[2.26997    1.4870348  0.45362198],"[[ 0.49747476 -0.2508927   0.6624368 ]
 [ 0.5058668   0.6587578   0.24693072]
 [-0.49577156  0.6662404   0.24731456]
 [-0.50082755 -0.24334133  0.66259974]]","[[ 0.7119765   0.21876921  0.6672553 ]
 [ 0.00949377  0.94714504 -0.3206653 ]
 [-0.7021391   0.23464096  0.67226803]]"
20200220-150036.234323,97,[2.2795053  1.4862517  0.45263225],"[[ 0.4975996  -0.25101042  0.6621985 ]
 [ 0.50345296  0.65984154  0.24925557]
 [-0.49824017  0.6639071   0.24840218]
 [-0.5006866  -0.24663877  0.66156   ]]","[[ 0.71032894  0.2203858   0.6684782 ]
 [ 0.00621192  0.94771856 -0.31904736]
 [-0.70384264  0.2307811   0.67182285]]"
20200220-150036.234323,98,[2.2905004  1.48622    0.45278138],"[[ 0.49773395 -0.25014928  0.6623384 ]
 [ 0.5011101   0.66123843  0.2505207 ]
 [-0.50059444  0.6620184   0.24846907]
 [-0.5005544  -0.24883859  0.6609163 ]]","[[ 0.70872796  0.222392    0.6695121 ]
 [ 0.00305028  0.9480391  -0.31813934]
 [-0.7054753   0.22751643  0.67122346]]"
20200220-150036.234323,99,[2.3005745  1.4878324  0.45116207],"[[ 0.4975532  -0.2518262   0.6619549 ]
 [ 0.5012352   0.66042036  0.25208548]
 [-0.50047016  0.6616082   0.25014907]
 [-0.50073314 -0.25040543  0.6600713 ]]","[[ 0.7086164   0.22171946  0.6698533 ]
 [ 0.00319336  0.94832927 -0.3172723 ]
 [-0.7055868   0.22696346  0.6712937 ]]"
20200220-150036.234323,100,[2.3116515 1.4857996 0.4503539],"[[-0.4976672  -0.2520508   0.6616961 ]
 [-0.49893352  0.6613716   0.2544045 ]
 [ 0.5027734   0.65934837  0.25124732]
 [ 0.5006115  -0.2536091   0.65902364]]","[[-7.0703149e-01  2.2285835e-01  6.7114878e-01]
 [-1.0999460e-04  9.4901204e-01 -3.1524011e-01]
 [ 7.0718217e-01  2.2295855e-01  6.7095685e-01]]"
20200220-150036.234323,101,[2.3227873  1.4883407  0.44938067],"[[-0.4977765  -0.25156116  0.66171384]
 [-0.49668622  0.66255945  0.2559573 ]
 [ 0.505011    0.6574079   0.25160313]
 [ 0.5004854  -0.2560221   0.65826815]]","[[-0.7054753   0.22519183  0.67200696]
 [ 0.00289313  0.9490859  -0.31500468]
 [ 0.7087287   0.22028373  0.6702081 ]]"
20200220-150036.234323,102,[2.3328662  1.4898807  0.44782832],"[[-0.4979987  -0.25317258  0.66083723]
 [-0.49673873  0.662027    0.25749215]
 [ 0.50495917  0.65672636  0.25321382]
 [ 0.5002642  -0.257554    0.6579319 ]]","[[-0.705685    0.22450443  0.6720168 ]
 [ 0.0028623   0.94936746 -0.3141549 ]
 [ 0.7085201   0.21977086  0.67059696]]"
20200220-150036.234323,103,[2.3439558 1.494648  0.4453952],"[[ 0.4979119  -0.25618356  0.65983117]
 [ 0.49899325  0.65985775  0.2584396 ]
 [-0.5027251   0.65769225  0.25541455]
 [-0.5003564  -0.2576777   0.6577196 ]]","[[ 7.0724112e-01  2.2204591e-01  6.7119730e-01]
 [ 1.3800750e-04  9.4935310e-01 -3.1421101e-01]
 [-7.0697254e-01  2.2231553e-01  6.7139089e-01]]"
20200220-150036.234323,104,[2.354918   1.4988115  0.44318867],"[[-0.4978414  -0.25632882  0.6598635 ]
 [-0.49692118  0.6605854   0.26047304]
 [ 0.50477093  0.6557832   0.25635606]
 [ 0.50042963 -0.26052108  0.6565179 ]]","[[-0.7056079   0.22440115  0.6721323 ]
 [ 0.00265718  0.94936347 -0.31416923]
 [ 0.7085976   0.21989428  0.6704745 ]]"
20200220-150036.234323,105,[2.3653498  1.4964539  0.44194427],"[[-0.49784374 -0.25852484  0.65901655]
 [-0.497111    0.6596284   0.26249117]
 [ 0.5046016   0.65509427  0.25851566]
 [ 0.5004093  -0.26250118  0.6557174 ]]","[[-0.7057013   0.22264136  0.6726193 ]
 [ 0.00247199  0.95011187 -0.31189963]
 [ 0.7085052   0.21844521  0.67104554]]"
20200220-150036.234323,106,[2.3751318  1.495881   0.44113943],"[[-0.4979351  -0.25871566  0.658797  ]
 [-0.49507517  0.66042197  0.26454297]
 [ 0.50664556  0.6530727   0.25947684]
 [ 0.50027126 -0.265339    0.65473294]]","[[-0.70425326  0.22391987  0.6737118 ]
 [ 0.00523592  0.9505704  -0.31046534]
 [ 0.7099298   0.2151187   0.67061454]]"
20200220-150036.234323,107,[2.3864732 1.4940078 0.4404794],"[[-0.49800682 -0.25897855  0.65857285]
 [-0.49304897  0.66116124  0.26665723]
 [ 0.5086457   0.65105146  0.26046112]
 [ 0.5001713  -0.26819375  0.65370905]]","[[-0.70280474  0.22481976  0.6749234 ]
 [ 0.00794391  0.95116955 -0.30856642]
 [ 0.7113386   0.21150042  0.67027235]]"
20200220-150036.234323,108,[2.3976288  1.5045357  0.43919396],"[[-0.4979644  -0.25733775  0.6592871 ]
 [-0.49106538  0.66254014  0.26679364]
 [ 0.5105803   0.6499073   0.25960955]
 [ 0.50019455 -0.26914397  0.65327203]]","[[-0.70123947  0.22909407  0.6751142 ]
 [ 0.01059636  0.95020735 -0.3114381 ]
 [ 0.7128472   0.21123902  0.66875046]]"
20200220-150036.234323,109,[2.4075432  1.5162393  0.43845043],"[[-0.49803978 -0.25644228  0.65959233]
 [-0.4910829   0.66289586  0.26584092]
 [ 0.5105443   0.65026224  0.2587897 ]
 [ 0.50013846 -0.26826438  0.65367806]]","[[-0.7012835   0.23154677  0.67423105]
 [ 0.0105817   0.9490584  -0.31492266]
 [ 0.7128039   0.21371555  0.6680093 ]]"
20200220-150036.234323,110,[2.4187706  1.520378   0.43864015],"[[-0.4979661  -0.25778     0.659219  ]
 [-0.49342352  0.661373    0.2650403 ]
 [ 0.5082523   0.6519501   0.25932783]
 [ 0.50024253 -0.26663834  0.6541663 ]]","[[-0.70290387  0.2295934   0.6732112 ]
 [ 0.00752679  0.94881976 -0.3157287 ]
 [ 0.71124506  0.21685983  0.668657  ]]"
20200220-150036.234323,111,[2.42801    1.5272846  0.43745953],"[[-0.49810323 -0.25677472  0.6594319 ]
 [-0.49131244  0.66266924  0.26593348]
 [ 0.5103207   0.6503255   0.2591221 ]
 [ 0.50007814 -0.2683527   0.6536703 ]]","[[-0.701435    0.23291111  0.67360324]
 [ 0.01034183  0.9483249  -0.31713232]
 [ 0.71265835  0.2154814   0.6675971 ]]"
20200220-150036.234323,112,[2.4385936  1.5245594  0.43631542],"[[-0.49809748 -0.25900626  0.6585788 ]
 [-0.4916436   0.6616246   0.2678695 ]
 [ 0.510016    0.64974767  0.2612478 ]
 [ 0.50006974 -0.2701792   0.65289336]]","[[-0.70161587  0.23100492  0.6740713 ]
 [ 0.00997416  0.9490827  -0.31486982]
 [ 0.7124858   0.21419443  0.6681954 ]]"
20200220-150036.234323,113,[2.448862   1.5259284  0.43498302],"[[-0.49833125 -0.26048753  0.6577223 ]
 [-0.49176478  0.6610887   0.26922017]
 [ 0.5098947   0.64914984  0.2627061 ]
 [ 0.49984068 -0.27150056  0.6526158 ]]","[[-0.7018784   0.23029761  0.6740397 ]
 [ 0.00984581  0.949337   -0.31410536]
 [ 0.7122286   0.21382737  0.66858673]]"
20200220-150036.234323,114,[2.4591615  1.5272566  0.43369913],"[[-0.49815395 -0.262056    0.65736616]
 [-0.49209973  0.6601817   0.27047494]
 [ 0.5095686   0.64894336  0.2642079 ]
 [ 0.50002056 -0.27268866  0.6518493 ]]","[[-0.70189255  0.22951072  0.67429334]
 [ 0.00947243  0.94958925 -0.31335363]
 [ 0.7122197   0.21355338  0.66868377]]"
20200220-150036.234323,115,[2.4691167  1.5263356  0.43300182],"[[-0.49822712 -0.26231512  0.6571312 ]
 [-0.4902259   0.660845    0.27245423]
 [ 0.51143515  0.6470349   0.2651335 ]
 [ 0.4998825  -0.2753559   0.6508852 ]]","[[-0.70053095  0.23058945  0.6753406 ]
 [ 0.01201114  0.950032   -0.31192142]
 [ 0.7135209   0.21039899  0.6682965 ]]"
20200220-150036.234323,116,[2.4784198  1.5331835  0.43194973],"[[-0.49837053 -0.26129928  0.65736264]
 [-0.48823267  0.6620746   0.27322152]
 [ 0.5133723   0.6455249   0.2648779 ]
 [ 0.49970472 -0.27690738  0.6504338 ]]","[[-0.69913346  0.23379955  0.675685  ]
 [ 0.01467188  0.9495178  -0.31336975]
 [ 0.71484065  0.20917375  0.66726995]]"
20200220-150036.234323,117,[2.488425   1.5323611  0.43126136],"[[-0.49843442 -0.26157555  0.65713596]
