Timestamp,Epoch,s,u,v
20200220-160115.111559,0,[1.5580012 1.1666986 0.3765233],"[[ 0.58296067  0.2205041   0.36073932]
 [ 0.48130026 -0.5491346   0.4844683 ]
 [-0.30015227 -0.7873618  -0.06239902]
 [-0.581735    0.17288801  0.7945213 ]]","[[ 0.48203266 -0.83717155 -0.25843412]
 [-0.45833856 -0.4923296   0.7399575 ]
 [ 0.74670637  0.23823337  0.621027  ]]"
20200220-160115.111559,1,[1.5676702 1.1720366 0.3723754],"[[ 0.5806067   0.22598776  0.3552803 ]
 [ 0.48406994 -0.5467349   0.4901627 ]
 [-0.297991   -0.787329   -0.06350134]
 [-0.5829011   0.17356135  0.7934003 ]]","[[ 0.4851358  -0.8350363  -0.25953352]
 [-0.45552352 -0.494683    0.74012643]
 [ 0.7464193   0.2408381   0.62036717]]"
20200220-160115.111559,2,[1.5755947  1.1781479  0.36798704],"[[ 0.5783806   0.2294771   0.34991357]
 [ 0.48454842 -0.5461056   0.49662718]
 [-0.29873002 -0.7861686  -0.06541716]
 [-0.5843363   0.17620431  0.7916078 ]]","[[ 0.48517308 -0.834803   -0.26021406]
 [-0.45590195 -0.4954355   0.7393899 ]
 [ 0.74616396  0.24009995  0.6209602 ]]"
20200220-160115.111559,3,[1.5772939  1.1851363  0.36335313],"[[ 0.5768435   0.22618107  0.34641483]
 [ 0.47750363 -0.55099726  0.5046291 ]
 [-0.30877143 -0.78159183 -0.06866736]
 [-0.5864317   0.18536013  0.78780144]]","[[ 0.47522846 -0.84094    -0.25880107]
 [-0.46675456 -0.4902888   0.73604167]
 [ 0.74585414  0.22899133  0.62551177]]"
20200220-160115.111559,4,[1.5839432 1.1887724 0.3593109],"[[ 0.5753256   0.22792329  0.34128392]
 [ 0.47588468 -0.5516025   0.5112899 ]
 [-0.31221256 -0.7793932  -0.06991734]
 [-0.5874159   0.19060953  0.7856333 ]]","[[ 0.47256413 -0.8427587  -0.25776145]
 [-0.46939883 -0.48823327  0.73572624]
 [ 0.74588734  0.22668488  0.62631154]]"
20200220-160115.111559,5,[1.5912653 1.1882832 0.3551392],"[[ 0.5744824   0.22880088  0.3356538 ]
 [ 0.47251654 -0.5528739   0.5189816 ]
 [-0.3179812  -0.7761273  -0.06996694]
 [-0.58786565  0.199015    0.78300667]]","[[ 0.4678337  -0.8464458  -0.25428614]
 [-0.4732955  -0.48291987  0.7367361 ]
 [ 0.7464069   0.2243174   0.626545  ]]"
20200220-160115.111559,6,[1.5969166 1.1886495 0.3507247],"[[ 0.57376164  0.2277536   0.33010066]
 [ 0.46685758 -0.5557776   0.5273735 ]
 [-0.32649177 -0.7716491  -0.07095772]
 [-0.58842593  0.20927781  0.77966386]]","[[ 0.460017   -0.85184544 -0.250487  ]
 [-0.4802541  -0.47598955  0.736743  ]
 [ 0.7468202   0.21861681  0.6280655 ]]"
20200220-160115.111559,7,[1.5997345  1.1914141  0.34644315],"[[ 0.5731248   0.22384049  0.32518837]
 [ 0.4582803  -0.5610482   0.5359336 ]
 [-0.33837682 -0.76565623 -0.0736528 ]
 [-0.5890737   0.22111239  0.7756308 ]]","[[ 0.4480302  -0.85920626 -0.24704948]
 [-0.49145705 -0.4675371   0.7347646 ]
 [ 0.746819    0.20778258  0.6317338 ]]"
20200220-160115.111559,8,[1.6054083  1.1950433  0.34154537],"[[ 0.5720185   0.2231431   0.3195724 ]
 [ 0.45319226 -0.56336504  0.54394555]
 [-0.34561756 -0.76159245 -0.07574923]
 [-0.5898815   0.22979084  0.77217805]]","[[ 0.44088182 -0.8634865  -0.24497855]
 [-0.49810433 -0.4624296   0.7335196 ]
 [ 0.7466697   0.20137051  0.6339831 ]]"
20200220-160115.111559,9,[1.609654  1.2010508 0.3380437],"[[ 0.57085955  0.22193083  0.31474924]
 [ 0.4487959  -0.5661961   0.55009556]
 [-0.3521261  -0.75788915 -0.07902199]
 [-0.5905159   0.23616211  0.76946944]]","[[ 0.43416297 -0.86697525 -0.24465585]
 [-0.50458956 -0.4590334   0.7312168 ]
 [ 0.7462521   0.19401643  0.6367619 ]]"
20200220-160115.111559,10,[1.6154797 1.2054135 0.334276 ],"[[ 0.56979793  0.22205584  0.3090978 ]
 [ 0.44547337 -0.56787616  0.55650824]
 [-0.35733604 -0.7546352  -0.08154463]
 [-0.59092754  0.24235065  0.766882  ]]","[[ 0.42904562 -0.86975646 -0.24381146]
 [-0.5092275  -0.45583424  0.73000187]
 [ 0.74606127  0.1890486   0.63847756]]"
20200220-160115.111559,11,[1.6221398  1.2095057  0.33053488],"[[ 0.5688459   0.22191039  0.30345172]
 [ 0.4418372  -0.5696804   0.5628612 ]
 [-0.36283723 -0.75121266 -0.08409815]
 [-0.5912224   0.24879774  0.76422036]]","[[ 0.42351726 -0.8727369  -0.24282508]
 [-0.51414424 -0.45227033  0.72877127]
 [ 0.74584806  0.18380006  0.6402567 ]]"
20200220-160115.111559,12,[1.6303788  1.208833   0.32711264],"[[ 0.56814957  0.22379515  0.29732987]
 [ 0.44005972 -0.56959826  0.5691147 ]
 [-0.3662716  -0.74864846 -0.08464862]
 [-0.59109944  0.25494945  0.7619303 ]]","[[ 0.42078596 -0.874819   -0.24006437]
 [-0.5160407  -0.44847623  0.7297747 ]
 [ 0.746084    0.183196    0.64015454]]"
20200220-160115.111559,13,[1.6381593  1.2114693  0.32314447],"[[ 0.56715155  0.22531876  0.2913542 ]
 [ 0.43811187 -0.56969553  0.5752878 ]
 [-0.3696105  -0.7462332  -0.08620292]
 [-0.5914265   0.26041287  0.7594245 ]]","[[ 0.41778854 -0.87660295 -0.23878893]
 [-0.51861763 -0.44589818  0.7295278 ]
 [ 0.7459817   0.1809482   0.6409129 ]]"
20200220-160115.111559,14,[1.6456251  1.2120863  0.32037163],"[[ 0.5666235   0.2256974   0.28548   ]
 [ 0.43511823 -0.57096124  0.5809983 ]
 [-0.37450945 -0.74290055 -0.08793557]
 [-0.59106046  0.2667632   0.7571059 ]]","[[ 0.41313082 -0.8794112  -0.23655654]
 [-0.522271   -0.4415948   0.729539  ]
 [ 0.74602693  0.17784835  0.64172727]]"
20200220-160115.111559,15,[1.6534741 1.2195486 0.3176949],"[[ 0.5650754   0.22768025  0.28047985]
 [ 0.43537682 -0.5709292   0.5847596 ]
 [-0.37519053 -0.74197537 -0.09121973]
 [-0.5919202   0.26772088  0.7556893 ]]","[[ 0.41264826 -0.87906116 -0.2386902 ]
 [-0.5233637  -0.4432773   0.72773325]
 [ 0.74552816  0.17537603  0.6429862 ]]"
20200220-160115.111559,16,[1.6623763  1.2214888  0.31447914],"[[ 0.5640633   0.23093751  0.27402046]
 [ 0.43589342 -0.5696751   0.58981776]
 [-0.3758149  -0.74080837 -0.09251512]
 [-0.59210813  0.27081612  0.753969  ]]","[[ 0.41291967 -0.87913144 -0.23796129]
 [-0.5228558  -0.4427477   0.72842056]
 [ 0.7457342   0.17635974  0.64247805]]"
20200220-160115.111559,17,[1.6713401  1.2235061  0.31135404],"[[ 0.56306225 -0.23415591  0.2675727 ]
 [ 0.43646064  0.56841046  0.594713  ]
 [-0.3763681   0.73968446 -0.09388087]
 [-0.5922923  -0.27376562  0.7522684 ]]","[[ 0.41325316  0.8791484  -0.23731785]
 [-0.52230906  0.4423226   0.72907054]
 [ 0.74593246 -0.17733747  0.64197856]]"
20200220-160115.111559,18,[1.6811202  1.2281611  0.30799428],"[[ 0.5615833  -0.23865491  0.2613387 ]
 [ 0.43900722  0.5659462   0.5988348 ]
 [-0.37438858  0.7399808  -0.09544522]
 [-0.59306836 -0.274185    0.75099236]]","[[ 0.41628256  0.87741095 -0.23845135]
 [-0.5197799   0.4448218   0.72935766]
 [ 0.74601465 -0.17967668  0.6412322 ]]"
20200220-160115.111559,19,[1.6850495  1.2345953  0.30486357],"[[ 0.56101406  0.2355451   0.25640118]
 [ 0.43260062 -0.5697607   0.6043102 ]
 [-0.38274625 -0.73520035 -0.09963586]
 [-0.5929801   0.28173032  0.74775684]]","[[ 0.40680483 -0.88192946 -0.23813972]
 [-0.52842194 -0.43982518  0.72617096]
 [ 0.74517137  0.16957155  0.64495385]]"
20200220-160115.111559,20,[1.6907939  1.2391485  0.30172357],"[[ 0.5604628   0.23371482  0.25079972]
 [ 0.42737386 -0.5724789   0.6098272 ]
 [-0.38969472 -0.73093283 -0.10324305]
 [-0.59276515  0.2887596   0.7446818 ]]","[[ 0.39905328 -0.8856767  -0.23734619]
 [-0.53525776 -0.43517664  0.7239618 ]
 [ 0.7444836   0.16185792  0.647724  ]]"
20200220-160115.111559,21,[1.6982889  1.245865   0.29879206],"[[ 0.5593034   0.2352379   0.2449128 ]
 [ 0.426788   -0.5725732   0.61389786]
 [-0.3912884  -0.729476   -0.10653725]
 [-0.593233    0.29101154  0.7428306 ]]","[[ 0.39752483 -0.88597816 -0.23878174]
 [-0.53696066 -0.4356288   0.72242725]
 [ 0.744075    0.15896624  0.6489086 ]]"
20200220-160115.111559,22,[1.7058067  1.2502798  0.29676354],"[[ 0.55849713  0.23566744  0.23978747]
 [ 0.42505023 -0.5735701   0.61757445]
 [-0.39434138 -0.7272229  -0.10947335]
 [-0.59321874  0.29432237  0.7410262 ]]","[[ 0.39437604 -0.8873133  -0.23904516]
 [-0.5398805  -0.43422166  0.72109693]
 [ 0.7436373   0.15532753  0.6502898 ]]"
20200220-160115.111559,23,[1.7117136  1.254834   0.29366103],"[[ 0.55812496  0.23377672  0.23407783]
 [ 0.41982105 -0.57610035  0.6227756 ]
 [-0.4011837  -0.7229209  -0.11292118]
 [-0.59270453  0.30140072  0.73797506]]","[[ 0.3866028  -0.89093006 -0.23829013]
 [-0.54643667 -0.42942843  0.7190261 ]
 [ 0.7429305   0.14776704  0.6528549 ]]"
20200220-160115.111559,24,[1.7190711  1.2583513  0.29112273],"[[ 0.5574954   0.23389198  0.22860003]
 [ 0.41728243 -0.577037    0.6270133 ]
 [-0.40497848 -0.7202193  -0.11559937]
 [-0.59250873  0.30595294  0.7356857 ]]","[[ 0.38252297 -0.8928035  -0.23786195]
 [-0.5499898  -0.42688876  0.7178284 ]
 [ 0.7424203   0.14376423  0.6543274 ]]"
20200220-160115.111559,25,[1.728694   1.2630074  0.28850433],"[[ 0.5563222  -0.2385188   0.22170825]
 [ 0.42047727  0.5746028   0.63027525]
 [-0.40250245  0.720811   -0.11761647]
 [-0.59303975 -0.3055683   0.734687  ]]","[[ 0.38626486  0.890821   -0.23924421]
 [-0.5468369   0.43003786  0.7183572 ]
 [ 0.7428116  -0.1466485   0.65324223]]"
20200220-160115.111559,26,[1.73793   1.26682   0.2871163],"[[ 0.55553657 -0.2406097   0.21613829]
 [ 0.42109776  0.57438517  0.6329348 ]
 [-0.4030367   0.7197861  -0.12016895]
 [-0.59297293 -0.3067517   0.73364675]]","[[ 0.3862528   0.89063555 -0.23995188]
 [-0.5468327   0.4305991   0.718024  ]
 [ 0.74282074 -0.14612523  0.65334874]]"
20200220-160115.111559,27,[1.7458894 1.2703422 0.2847133],"[[ 0.5551557  -0.24052571  0.21018095]
 [ 0.41840735  0.5755273   0.6369964 ]
 [-0.40708897  0.71685886 -0.12308699]
 [-0.59246576 -0.3114942   0.73137474]]","[[ 0.38187543  0.8926437  -0.23949595]
 [-0.5503803   0.42781827  0.71697503]
 [ 0.7424639  -0.14198127  0.6546668 ]]"
20200220-160115.111559,28,[1.7520013  1.2725554  0.28288767],"[[ 0.5552807  -0.23799904  0.20452529]
 [ 0.41263488  0.57873476  0.6413253 ]
 [-0.41465983  0.71184206 -0.12660964]
 [-0.5911456  -0.31891012  0.7285887 ]]","[[ 0.37316185  0.8967604  -0.23784697]
 [-0.5573108   0.42162466  0.71528834]
 [ 0.74172425 -0.13436368  0.6571086 ]]"
20200220-160115.111559,29,[1.7616729  1.2805834  0.27983254],"[[ 0.553962   -0.2417245   0.1983423 ]
 [ 0.4152775   0.57661283  0.64414614]
 [-0.412494    0.7126163  -0.12912233]
 [-0.5920469  -0.31822142  0.7273677 ]]","[[ 0.37614998  0.8947875  -0.2405546 ]
 [-0.555237    0.42552122  0.71459347]
 [ 0.7417703  -0.1352294   0.6568789 ]]"
20200220-160115.111559,30,[1.769609   1.2807225  0.27799603],"[[ 0.55364054 -0.24258323  0.19285056]
 [ 0.413652    0.5767792   0.6477311 ]
 [-0.41538066  0.7102632  -0.13077797]
 [-0.59146696 -0.32249922  0.7253622 ]]","[[ 0.373387    0.8963865  -0.23890063]
 [-0.5573657   0.42263395  0.71464974]
 [ 0.7415699  -0.1336858   0.65742105]]"
20200220-160115.111559,31,[1.7769681  1.2876065  0.27535588],"[[ 0.55301243 -0.24193314  0.18741892]
 [ 0.41074768  0.57809234  0.6512423 ]
 [-0.41929588  0.70760477 -0.13442299]
 [-0.59131575 -0.3264545   0.7229714 ]]","[[ 0.36872002  0.89803153 -0.23996831]
 [-0.5615712   0.42092782  0.7123606 ]
 [ 0.74073166 -0.12790224  0.6595132 ]]"
20200220-160115.111559,32,[1.7842709  1.2912627  0.27326784],"[[ 0.5526854  -0.24211617  0.18128899]
 [ 0.40858406  0.5789381   0.65471375]
 [-0.4226979   0.70494926 -0.13743122]
 [-0.5906981  -0.33054048  0.7208308 ]]","[[ 0.36503014  0.89958626 -0.23978655]
 [-0.5644651   0.41867182  0.71140224]
 [ 0.7403595  -0.12433214  0.66061294]]"
20200220-160115.111559,33,[1.7915164  1.2917436  0.27137175],"[[ 0.5527009  -0.24131407  0.17560206]
 [ 0.40484077  0.580327    0.6585458 ]
 [-0.42780748  0.70122796 -0.1398373 ]
 [-0.58958155 -0.33655208  0.7182806 ]]","[[ 0.35926425  0.90241504 -0.23785737]
 [-0.5689048   0.41381615  0.71070635]
 [ 0.7397814  -0.12001325  0.66205764]]"
20200220-160115.111559,34,[1.7983582  1.2999296  0.26946804],"[[ 0.5519949  -0.24117124  0.17026421]
 [ 0.40311435  0.58150995  0.66101044]
 [-0.4305071   0.699202   -0.14380795]
 [-0.58946115 -0.3388209   0.7165157 ]]","[[ 0.3560065   0.9031646  -0.23990276]
 [-0.57194215  0.4136108   0.7083844 ]
 [ 0.73901385 -0.11497904  0.6638061 ]]"
20200220-160115.111559,35,[1.8052826  1.3079175  0.26762098],"[[ 0.5513522  -0.24101871  0.16493972]
 [ 0.40138456  0.58266395  0.6634002 ]
 [-0.4332075   0.69715786 -0.14766087]
 [-0.5892642  -0.3411505   0.7147663 ]]","[[ 0.35273185  0.90393054 -0.24184686]
 [-0.5749383   0.41328233  0.7061471 ]
 [ 0.7382589  -0.11003362  0.66548204]]"
20200220-160115.111559,36,[1.8155924 1.3100249 0.2663828],"[[ 0.5505279  -0.24480145  0.15963757]
 [ 0.40427172  0.5806642   0.6651705 ]
 [-0.4311301   0.69775033 -0.14892483]
 [-0.5895848  -0.3406548   0.71406275]]","[[ 0.35603693  0.90252525 -0.24225174]
 [-0.57241887  0.41554677  0.7068648 ]
 [ 0.7386301  -0.11300053  0.66457254]]"
20200220-160115.111559,37,[1.825627   1.3157364  0.26469734],"[[ 0.54963195 -0.24765798  0.15427463]
 [ 0.4063302   0.5793184   0.6669214 ]
 [-0.4297956   0.6980535  -0.15113172]
 [-0.58997947 -0.34026018  0.7131441 ]]","[[ 0.3581213   0.9012292  -0.24399805]
 [-0.5710059   0.4181674   0.70646185]
 [ 0.73871595 -0.11367473  0.6643619 ]]"
20200220-160115.111559,38,[1.8322057 1.3240482 0.2626333],"[[ 0.54931    -0.24555303  0.14938737]
 [ 0.4021402   0.58170635  0.66961426]
 [-0.43501055  0.6946339  -0.15525696]
 [-0.58932793 -0.34468135  0.710771  ]]","[[ 0.35150507  0.9034302  -0.24547443]
 [-0.57669896  0.41550484  0.70340174]
 [ 0.73747027 -0.1056845   0.6670595 ]]"
20200220-160115.111559,39,[1.8403938 1.3315364 0.2611722],"[[ 0.5488444  -0.2451086   0.14433548]
 [ 0.40022492  0.58306956  0.67158693]
 [-0.43789396  0.6924619  -0.15899345]
 [-0.5889303  -0.3470569   0.709126  ]]","[[ 0.34795752  0.9043215  -0.24724111]
 [-0.5798127   0.4148158   0.7012453 ]
 [ 0.7367108  -0.10065008  0.66867524]]"
20200220-160115.111559,40,[1.8503394  1.33588    0.25892496],"[[ 0.54812366 -0.24764365  0.13890882]
 [ 0.40153337  0.58149713  0.6738751 ]
 [-0.43725976  0.6924238  -0.16060549]
 [-0.58918214 -0.34797022  0.707674  ]]","[[ 0.3491864   0.9036315  -0.24802995]
 [-0.579056    0.4161891   0.70105696]
 [ 0.7367247  -0.10117638  0.66858083]]"
20200220-160115.111559,41,[1.8586038  1.3422998  0.25700668],"[[ 0.54759246 -0.24880187  0.13307005]
 [ 0.40134674  0.58136904  0.6760259 ]
 [-0.43832657  0.6912904  -0.16355792]
 [-0.5890105  -0.34960756  0.70606685]]","[[ 0.34814444  0.9036446  -0.24944311]
 [-0.5800184   0.41668195  0.69996786]
 [ 0.73646057 -0.09900834  0.66919595]]"
20200220-160115.111559,42,[1.8685461 1.3430327 0.2554865],"[[ 0.5470285  -0.25230944  0.12715846]
 [ 0.40361372  0.57932425  0.67809653]
 [-0.43690094  0.69143444 -0.16472492]
 [-0.5890447  -0.35020348  0.70489854]]","[[ 0.35068783  0.9027702  -0.24904649]
 [-0.57793415  0.4178807   0.70097643]
 [ 0.73689234 -0.1018915   0.6682874 ]]"
20200220-160115.111559,43,[1.8762972  1.3429067  0.25401965],"[[ 0.54719293 -0.2515358   0.1217017 ]
 [ 0.400185    0.5805181   0.6810547 ]
 [-0.4415326   0.6879112  -0.16702946]
 [-0.5877763  -0.3556782   0.702463  ]]","[[ 0.34538767  0.9053295  -0.24715577]
 [-0.5819512   0.4132298   0.7004099 ]
 [ 0.73623395 -0.09808028  0.6695819 ]]"
20200220-160115.111559,44,[1.885934   1.3428339  0.25348884],"[[ 0.54703397 -0.25291938  0.1167056 ]
 [ 0.3999741   0.58049107  0.68274474]
 [-0.44286877  0.68627644 -0.16879399]
 [-0.5870618  -0.35789168  0.7012475 ]]","[[ 0.3443279   0.9060303  -0.24606365]
 [-0.58268577  0.4117371   0.7006781 ]
 [ 0.7361492  -0.09788529  0.6697036 ]]"
20200220-160115.111559,45,[1.8947146  1.3464056  0.25252774],"[[ 0.5466406  -0.25340155  0.11221861]
 [ 0.39901832  0.5809669   0.6843422 ]
 [-0.44475514  0.6846019  -0.17121992]
 [-0.58665264 -0.3599802   0.69983345]]","[[ 0.34225222  0.90674025 -0.24634506]
 [-0.58459055  0.41074446  0.6996736 ]
 [ 0.7356071  -0.09545383  0.6706499 ]]"
20200220-160115.111559,46,[1.9044617  1.3463119  0.25204456],"[[ 0.54648566 -0.25479057  0.10736107]
 [ 0.39886603  0.58089924  0.6859016 ]
 [-0.44599974  0.6830286  -0.172922  ]
 [-0.5859554  -0.36209083  0.6986492 ]]","[[ 0.3412851   0.9073985  -0.24526021]
 [-0.585275    0.40931594  0.6999385 ]
 [ 0.7355119  -0.09533383  0.67077094]]"
20200220-160115.111559,47,[1.9142503 1.3475311 0.2503201],"[[ 0.5461968  -0.25642186  0.10203397]
 [ 0.3988856   0.5799749   0.68809205]
 [-0.4468139   0.6819489  -0.17437889]
 [-0.58559084 -0.36444822  0.69692963]]","[[ 0.3407573   0.90778375 -0.2445675 ]
 [-0.5857142   0.4084673   0.7000668 ]
 [ 0.73540705 -0.09530611  0.6708899 ]]"
20200220-160115.111559,48,[1.9230055  1.3504015  0.24908565],"[[ 0.5457485  -0.25845686  0.09666741]
 [ 0.3997632   0.5791212   0.68965656]
 [-0.44681397  0.68133837 -0.17633311]
 [-0.58541    -0.36550862  0.69565505]]","[[ 0.3412913   0.90751654 -0.24481454]
 [-0.5853717   0.40898904  0.70004874]
 [ 0.73543227 -0.09561314  0.67081887]]"
20200220-160115.111559,49,[1.9296855  1.3554945  0.24779133],"[[ 0.5457045  -0.25736576  0.09128158]
 [ 0.3967081   0.58077115  0.6916211 ]
 [-0.4509043   0.67824364 -0.1798714 ]
 [-0.58439225 -0.36939567  0.69352263]]","[[ 0.3363035   0.9092738  -0.24519593]
 [-0.5893411   0.4062766   0.69829535]
 [ 0.73455924 -0.09033518  0.67250466]]"
20200220-160115.111559,50,[1.9377563  1.3661245  0.24645878],"[[ 0.5449045  -0.25781345  0.08693605]
 [ 0.39668092  0.5812681   0.69234365]
 [-0.45156568  0.67768586 -0.18340316]
 [-0.584647   -0.36932617  0.69243485]]","[[ 0.3353665   0.9087049  -0.24856581]
 [-0.59074324  0.408371    0.69588494]
 [ 0.73386115 -0.08653791  0.6737652 ]]"
20200220-160115.111559,51,[1.9483236  1.3714889  0.24530111],"[[ 0.5442188  -0.26044706  0.08229438]
 [ 0.39897642  0.57989866  0.69313574]
 [-0.44997606  0.6782752  -0.1851354 ]
 [-0.58494914 -0.3685482   0.691748  ]]","[[ 0.33775902  0.90737456 -0.25018108]
 [-0.58913285  0.4110999   0.6956432 ]
 [ 0.73405826 -0.08756983  0.6734167 ]]"
20200220-160115.111559,52,[1.9571819  1.3741139  0.24418293],"[[ 0.54380876 -0.2624585   0.07709806]
 [ 0.39990145  0.5790068   0.6944882 ]
 [-0.44990677  0.67771906 -0.18696322]
 [-0.58475155 -0.36954492  0.6904974 ]]","[[ 0.3383746   0.907099   -0.2503479 ]
 [-0.5887309   0.41161296  0.69568   ]
 [ 0.7340971  -0.08801296  0.6733166 ]]"
20200220-160115.111559,53,[1.9672642  1.3749417  0.24269314],"[[ 0.5435902  -0.26401597  0.0721464 ]
 [ 0.4000247   0.57805765  0.6962757 ]
 [-0.4505878   0.6767379  -0.18821129]
 [-0.5843463  -0.371713    0.68889153]]","[[ 0.3379929   0.90745056 -0.2495885 ]
 [-0.5890603   0.4108014   0.6958807 ]
 [ 0.7340086  -0.08817998  0.6733911 ]]"
20200220-160115.111559,54,[1.9770683  1.3769308  0.24184763],"[[ 0.54337364 -0.26580003  0.06687159]
 [ 0.4006926   0.57747453  0.6974559 ]
 [-0.45085403  0.6758617  -0.19015639]
 [-0.5838846  -0.37294015  0.68769497]]","[[ 0.33818245  0.9073986  -0.24952039]
 [-0.5888293   0.41085482  0.6960448 ]
 [ 0.73410684 -0.08846528  0.6732467 ]]"
20200220-160115.111559,55,[1.9855717  1.3774605  0.24119274],"[[ 0.5434517  -0.26553693  0.06238129]
 [ 0.39849454  0.57838917  0.6990304 ]
 [-0.4540769   0.6731528  -0.19227839]
 [-0.58281827 -0.3765921   0.6859258 ]]","[[ 0.33448437  0.909105   -0.24829124]
 [-0.59173924  0.40765724  0.6954569 ]
 [ 0.73346126 -0.0856958   0.6743079 ]]"
20200220-160115.111559,56,[1.9965504  1.3811857  0.24015428],"[[ 0.54242426 -0.27114016  0.05702792]
 [ 0.40454993  0.57472533  0.6992884 ]
 [-0.44864306  0.6759764  -0.19305265]
 [-0.5838105  -0.37313473  0.6859113 ]]","[[ 0.34215602  0.9057843  -0.2499683 ]
 [-0.5858212   0.41362554  0.69694155]
 [ 0.73467183 -0.09202603  0.67215216]]"
20200220-160115.111559,57,[2.0044878  1.3843523  0.23866157],"[[ 0.5426314  -0.26950788  0.05210237]
 [ 0.40069646  0.57632864  0.70131785]
 [-0.4534308   0.6725172  -0.19594604]
 [-0.5825759  -0.37806314  0.683406  ]]","[[ 0.33626106  0.9081563  -0.24936083]
 [-0.5905061   0.40958077  0.6953749 ]
 [ 0.73364246 -0.0865784   0.6739978 ]]"
20200220-160115.111559,58,[2.013215   1.3906397  0.23729287],"[[ 0.5422619  -0.2703263   0.04712155]
 [ 0.400618    0.57622445  0.7023465 ]
 [-0.45426908  0.6716171  -0.19854707]
 [-0.58232033 -0.37923586  0.6819591 ]]","[[ 0.3354502   0.9080695  -0.25076455]
 [-0.5913158   0.41017908  0.6943333 ]
 [ 0.7333613  -0.08463313  0.6745505 ]]"
20200220-160115.111559,59,[2.0237672  1.3984866  0.23726667],"[[ 0.5417984  -0.27147466  0.04325161]
 [ 0.40170842  0.57662755  0.7020464 ]
 [-0.4540388   0.67132074 -0.20135212]
 [-0.5821802  -0.3783263   0.68170196]]","[[ 0.33593494  0.9071786  -0.2533273 ]
 [-0.59114254  0.41245893  0.6931292 ]
 [ 0.7332791  -0.08309371  0.6748312 ]]"
20200220-160115.111559,60,[2.0333505  1.4039472  0.23601465],"[[ 0.54130363 -0.27230972  0.03948228]
 [ 0.40176636  0.5763058   0.7029263 ]
 [-0.45460665  0.6707372  -0.20317289]
 [-0.58215714 -0.37925065  0.68048257]]","[[ 0.33538     0.9070687  -0.25445396]
 [-0.5920222   0.41302767  0.692039  ]
 [ 0.7328234  -0.08145369  0.675526  ]]"
20200220-160115.111559,61,[2.042506  1.4059315 0.2350041],"[[ 0.5411567  -0.27239165  0.03551087]
 [ 0.40034714  0.5766006   0.7042191 ]
 [-0.4567967   0.66891676 -0.20496365]
 [-0.581557   -0.381949    0.67882574]]","[[ 0.3328708   0.90811926 -0.25400165]
 [-0.5942393   0.41116133  0.69124985]
 [ 0.7321729  -0.07915911  0.67650366]]"
20200220-160115.111559,62,[2.051726   1.4047405  0.23419988],"[[ 0.54102546 -0.27357122  0.03143407]
 [ 0.3999935   0.576021    0.7055594 ]
 [-0.45798597  0.6675344  -0.2059096 ]
 [-0.58098644 -0.3843906   0.67734706]]","[[ 0.33189148  0.9089018  -0.25247854]
 [-0.5951202   0.40940866  0.69153196]
 [ 0.7319015  -0.07925849  0.6767852 ]]"
20200220-160115.111559,63,[2.062414   1.4111893  0.23392059],"[[ 0.5404401  -0.27607813  0.02712744]
 [ 0.40264025  0.57515955  0.70529646]
 [-0.456135    0.66821045 -0.2080397 ]
 [-0.5811595  -0.38271004  0.6771559 ]]","[[ 0.3346525   0.9072767  -0.25466976]
 [-0.5930909   0.41279837  0.69126016]
 [ 0.7322917  -0.08028964  0.6762415 ]]"
20200220-160115.111559,64,[2.072064   1.4095783  0.23321886],"[[ 0.54085976 -0.27547204  0.02259986]
 [ 0.399862    0.5760941   0.7068626 ]
 [-0.45989704  0.665044   -0.20985825]
 [-0.57972074 -0.3872302   0.6751252 ]]","[[ 0.33024067  0.90948033 -0.2525601 ]
 [-0.59638464  0.40844488  0.6910125 ]
 [ 0.7316192  -0.07757742  0.67728525]]"
20200220-160115.111559,65,[2.0831456  1.4133352  0.23209675],"[[ 0.5401631  -0.2791272   0.018185  ]
 [ 0.40360636  0.5735957   0.70720613]
 [-0.45677683  0.6666081  -0.21062784]
 [-0.5802423  -0.38562936  0.67465895]]","[[ 0.33476046  0.9074991  -0.25373423]
 [-0.59301585  0.41215318  0.6917095 ]
 [ 0.732303   -0.0810886   0.67613393]]"
20200220-160115.111559,66,[2.0940573  1.414675   0.23163863],"[[ 0.53967124 -0.28228873  0.01400192]
 [ 0.40643987  0.571794    0.7074888 ]
 [-0.45471567  0.66726136 -0.21146722]
 [-0.58034074 -0.38487297  0.6741999 ]]","[[ 0.33803076  0.9062369  -0.2539098 ]
 [-0.59049046  0.41430426  0.69258434]
 [ 0.73284143 -0.08418347  0.6751717 ]]"
20200220-160115.111559,67,[2.1049454  1.4113306  0.23085496],"[[ 0.53954077 -0.2844448   0.01011707]
 [ 0.40732315  0.5702549   0.7086777 ]
 [-0.45461527  0.6666163  -0.21153446]
 [-0.5799214  -0.3866826   0.6729984 ]]","[[ 0.33887205  0.90649474 -0.25185913]
 [-0.58981746  0.4132502   0.6937864 ]
 [ 0.7329946  -0.08655392  0.6747053 ]]"
20200220-160115.111559,68,[2.116128  1.4212772 0.2303006],"[[ 0.5389125  -0.28569886  0.00675875]
 [ 0.40894014  0.57010263  0.7082167 ]
 [-0.45363158  0.66709346 -0.21391739]
 [-0.5801374  -0.38515618  0.67277235]]","[[ 0.34021732  0.90505046 -0.25521743]
 [-0.5890685   0.4166798   0.69237024]
 [ 0.73297393 -0.08521572  0.6748981 ]]"
20200220-160115.111559,69,[2.126992   1.4215796  0.22947386],"[[ 0.5385779  -0.28842387  0.00237239]
 [ 0.41105092  0.5683091   0.70885766]
 [-0.4522469   0.6673261  -0.21464095]
 [-0.58003795 -0.38537294  0.67189586]]","[[ 0.34261045  0.90425557 -0.25483355]
 [-0.5871368   0.41784373  0.69330865]
 [ 0.733409   -0.08791269  0.67407924]]"
20200220-160115.111559,70,[2.1362362  1.4240075  0.22871211],"[[ 0.53826183 -0.2899619  -0.00185096]
 [ 0.41175088  0.5675834   0.709471  ]
 [-0.45229936  0.6667655  -0.21616964]
 [-0.57979417 -0.38625804  0.67075944]]","[[ 0.34304222  0.9040584  -0.2549523 ]
 [-0.58691406  0.41821238  0.69327515]
 [ 0.73338544 -0.0881876   0.6740689 ]]"
20200220-160115.111559,71,[2.1472187  1.4255091  0.22804219],"[[ 0.538039   -0.29125574 -0.00535808]
 [ 0.41219425  0.5669535   0.710068  ]
 [-0.45260087  0.66607547 -0.21718965]
 [-0.57945025 -0.38739875  0.6697786 ]]","[[ 0.3431201   0.90410566 -0.25467968]
 [-0.5869776   0.41806585  0.6933097 ]
 [ 0.733298   -0.08839718  0.6741366 ]]"
20200220-160115.111559,72,[2.1571755  1.4356719  0.22752528],"[[ 0.53726745 -0.29265535 -0.00870584]
 [ 0.4139564   0.5666954   0.70953465]
 [-0.451409    0.6667068  -0.21967396]
 [-0.5798398  -0.38563153  0.66949844]]","[[ 0.344714    0.902537   -0.25806886]
 [-0.58615786  0.4216898   0.69180685]
 [ 0.7332062  -0.0872064   0.6743914 ]]"
20200220-160115.111559,73,[2.16554    1.4462045  0.22668238],"[[ 0.5365471  -0.29268757 -0.01185663]
 [ 0.4137383   0.5673068   0.7094901 ]
 [-0.4521455   0.66628873 -0.22256519]
 [-0.58008844 -0.38543004  0.6685419 ]]","[[ 0.34373912  0.90205085 -0.26105118]
 [-0.5876446   0.4234585   0.68946135]
 [ 0.7324735  -0.08358947  0.67564446]]"
20200220-160115.111559,74,[2.1742518  1.4452022  0.22591238],"[[ 0.53682864 -0.29202783 -0.0157805 ]
 [ 0.41106656  0.5681107   0.7108067 ]
 [-0.45569548  0.66345096 -0.22418773]
 [-0.578948   -0.38961902  0.66651696]]","[[ 0.33967677  0.90411633 -0.25921702]
 [-0.5909498   0.41956612  0.6890158 ]
 [ 0.73170906 -0.08085839  0.6768042 ]]"
20200220-160115.111559,75,[2.1843765  1.4502747  0.22522071],"[[ 0.5361703  -0.29415447 -0.01913607]
 [ 0.4131179   0.56689286  0.7108166 ]
 [-0.45420852  0.6640931  -0.22544241]
 [-0.5792666  -0.38869816  0.665995  ]]","[[ 0.34188873  0.90287524 -0.26063162]
 [-0.58956176  0.42204988  0.68868786]
 [ 0.7317987  -0.08179618  0.6765947 ]]"
20200220-160115.111559,76,[2.1936646  1.4525057  0.22427131],"[[ 0.53612834 -0.29411387 -0.02265772]
 [ 0.41176143  0.56712085  0.7117151 ]
 [-0.45628527  0.6624001  -0.22693565]
 [-0.5786389  -0.39127642  0.6644155 ]]","[[ 0.3395707   0.9038701  -0.26021257]
 [-0.59163344  0.42032456  0.68796605]
 [ 0.73120564 -0.07966264  0.6774895 ]]"
20200220-160115.111559,77,[2.203285   1.4542239  0.22354564],"[[ 0.5360293  -0.2940831  -0.02573738]
 [ 0.41046745  0.56741244  0.7124756 ]
 [-0.45826355  0.66077715 -0.22831374]
 [-0.5780863  -0.39361408  0.663015  ]]","[[ 0.33733395  0.9048504  -0.2597147 ]
 [-0.59374076  0.41859528  0.6872048 ]
 [ 0.73053277 -0.07761433  0.67845273]]"
20200220-160115.111559,78,[2.2146058 1.4552362 0.2232612],"[[ 0.5356341  -0.29698098 -0.02931335]
 [ 0.41314965  0.5657052   0.71246165]
 [-0.4563031   0.66136634 -0.22888495]
 [-0.57809263 -0.39290518  0.6626843 ]]","[[ 0.34040487  0.9036787  -0.2597874 ]
 [-0.5913379   0.420557    0.68807805]
 [ 0.73105687 -0.08060309  0.67753905]]"
20200220-160115.111559,79,[2.2257924  1.4550912  0.22259723],"[[ 0.53537464 -0.29952827 -0.03312257]
 [ 0.41519523  0.56395704  0.7128422 ]
 [-0.45494348  0.66158956 -0.22932132]
 [-0.5779392  -0.39310944  0.66194504]]","[[ 0.3427377   0.9029386  -0.25929305]
 [-0.58945113  0.42161533  0.68904877]
 [ 0.7314905  -0.08332237  0.67674154]]"
20200220-160115.111559,80,[2.2350416 1.4611176 0.2219132],"[[ 0.5349073  -0.30155697 -0.03754357]
 [ 0.41714948  0.56296706  0.7126817 ]
 [-0.45364824  0.6619688  -0.23132569]
 [-0.57798284 -0.3923379   0.6611838 ]]","[[ 0.34477028  0.9016779  -0.26098046]
 [-0.58791757  0.42416316  0.6887952 ]
 [ 0.7317696  -0.08404107  0.67635095]]"
20200220-160115.111559,81,[2.2441769  1.4671792  0.22070205],"[[ 0.53488356 -0.30054402 -0.04098544]
 [ 0.4149957   0.5639055   0.71338546]
 [-0.45645097  0.6600701  -0.23353492]
 [-0.57734776 -0.39495674  0.65944093]]","[[ 0.3413404   0.9027691  -0.26171464]
 [-0.5909913   0.4226462   0.68709487]
 [ 0.73090094 -0.07986213  0.67779493]]"
20200220-160115.111559,82,[2.2529082  1.4696822  0.21999158],"[[ 0.5349706  -0.3005124  -0.04510489]
 [ 0.41369495  0.56435645  0.7139645 ]
 [-0.45853078  0.6582367  -0.23559648]
 [-0.57655215 -0.39738938  0.6578105 ]]","[[ 0.3390677   0.90370333 -0.26144457]
 [-0.59288096  0.4210408   0.6864524 ]
 [ 0.7304283  -0.07774825  0.6785498 ]]"
20200220-160115.111559,83,[2.2638488  1.4721882  0.22001374],"[[ 0.53480506 -0.3020114  -0.04851875]
 [ 0.4146979   0.5640224   0.71375674]
 [-0.4583394   0.6577092  -0.23702477]
 [-0.576137   -0.3976005   0.65727973]]","[[ 0.33977497  0.9033534  -0.261736  ]
 [-0.5923424   0.4217039   0.68651026]
 [ 0.73053634 -0.07822174  0.678379  ]]"
20200220-160115.111559,84,[2.2736042  1.4736724  0.21936926],"[[ 0.5347162  -0.30189788 -0.05121936]
 [ 0.41335243  0.5643321   0.7143881 ]
 [-0.46032792  0.6561001  -0.23822477]
 [-0.57560104 -0.39989996  0.6559539 ]]","[[ 0.33754456  0.90435594 -0.26115954]
 [-0.5944781   0.4199179   0.6857585 ]
 [ 0.7298352  -0.07622051  0.67936075]]"
20200220-160115.111559,85,[2.2826042  1.4775716  0.21895626],"[[ 0.5349018  -0.30059573 -0.05444302]
 [ 0.41063595  0.5659228   0.7147925 ]
 [-0.463812    0.6534875  -0.24060401]
 [-0.5745754  -0.40289962  0.6543836 ]]","[[ 0.33330435  0.90591985 -0.2611851 ]
 [-0.598049    0.41730747  0.68424547]
 [ 0.728866   -0.07186053  0.6808747 ]]"
20200220-160115.111559,86,[2.2915933  1.4799967  0.21800353],"[[ 0.53516936 -0.29914954 -0.05789321]
 [ 0.4074444   0.5671779   0.715696  ]
 [-0.46768895  0.6506271  -0.24261986]
 [-0.5734543  -0.40682092  0.6523524 ]]","[[ 0.32854587  0.90786636 -0.26045445]
 [-0.60200804  0.41377863  0.6829156 ]
 [ 0.7277665  -0.06757342  0.682488  ]]"
20200220-160115.111559,87,[2.3006072  1.4865202  0.21742469],"[[ 0.53472954 -0.29856008 -0.05970976]
 [ 0.40612522  0.56798935  0.71582985]
 [-0.46948564  0.64947766 -0.24429008]
 [-0.5733324  -0.40795624  0.6514173 ]]","[[ 0.3262542   0.90833473 -0.26169917]
 [-0.60453576  0.41332507  0.6809545 ]
 [ 0.72670144 -0.06395774  0.68396974]]"
20200220-160115.111559,88,[2.3116882  1.4875492  0.21685268],"[[ 0.5348934  -0.29852214 -0.06274296]
 [ 0.4048918   0.56827265  0.7163258 ]
 [-0.47141817  0.6477137  -0.2454574 ]
 [-0.57246536 -0.41038767  0.65014714]]","[[ 0.32406834  0.9093389  -0.2609267 ]
 [-0.6063544   0.41136226  0.6805258 ]
 [ 0.72616386 -0.06232289  0.6846911 ]]"
20200220-160115.111559,89,[2.3212497  1.4873879  0.21663716],"[[ 0.5349768  -0.2984094  -0.06561805]
 [ 0.40324643  0.5688189   0.7168237 ]
 [-0.47378308  0.64556104 -0.2467603 ]
 [-0.5715961  -0.4130957   0.6488207 ]]","[[ 0.32138842  0.9106505  -0.2596643 ]
 [-0.60867584  0.40872368  0.68004346]
 [ 0.7254126  -0.06050672  0.6856498 ]]"
20200220-160115.111559,90,[2.3292744  1.4912493  0.21594313],"[[ 0.5351524  -0.2960408  -0.06856244]
 [ 0.39891338  0.570942    0.71753573]
 [-0.4786727   0.64207685 -0.24934354]
 [-0.57039696 -0.41728002  0.64673775]]","[[ 0.31506798  0.91295785 -0.2593066 ]
 [-0.6140141   0.40441927  0.6778138 ]
 [ 0.72368413 -0.05433955  0.6879887 ]]"
20200220-160115.111559,91,[2.3385243  1.4949203  0.21569586],"[[ 0.53512204 -0.2964141  -0.07197906]
 [ 0.39844245  0.5712999   0.7174698 ]
 [-0.47984084  0.6407796  -0.25123587]
 [-0.569773   -0.41851723  0.64570624]]","[[ 0.3138554   0.91328293 -0.25963253]
 [-0.6151085   0.4038862   0.6771391 ]
 [ 0.72328174 -0.05282161  0.6885299 ]]"
20200220-160115.111559,92,[2.3485203  1.4968514  0.21493252],"[[ 0.5350546  -0.2966673  -0.07473169]
 [ 0.3976764   0.57116824  0.71794754]
 [-0.4811881   0.63952494 -0.25217566]
 [-0.5692347  -0.42043248  0.6444954 ]]","[[ 0.31236854  0.91391015 -0.25921884]
 [-0.6165543   0.40263456  0.67656964]
 [ 0.72269416 -0.05151652  0.68924546]]"
20200220-160115.111559,93,[2.3582733  1.5004387  0.21459763],"[[ 0.5352416  -0.29563943 -0.07758116]
 [ 0.39540216  0.57242095  0.7181267 ]
 [-0.4840775   0.63718134 -0.2541482 ]
 [-0.56819236 -0.4230031   0.64318293]]","[[ 0.30871645  0.91514736 -0.2592286 ]
 [-0.6195643   0.4002704   0.6752214 ]
 [ 0.7216886  -0.04784321  0.69056267]]"
20200220-160115.111559,94,[2.3678737  1.5026248  0.21413209],"[[ 0.53502756 -0.2973071  -0.08068818]
 [ 0.3966571   0.57146823  0.7181177 ]
 [-0.48347384  0.63710403 -0.25497764]
 [-0.5680333  -0.42323878  0.6424819 ]]","[[ 0.309914    0.91471326 -0.2593319 ]
 [-0.6188548   0.40114477  0.67535305]
 [ 0.721784   -0.04881256  0.690395  ]]"
20200220-160115.111559,95,[2.3774698 1.508588  0.213368 ],"[[ 0.53489614 -0.29791272 -0.08396859]
 [ 0.39696756  0.57128453  0.717996  ]
 [-0.48376048  0.6366506  -0.25655252]
 [-0.567696   -0.42374322  0.64157   ]]","[[ 0.3097533   0.91442585 -0.2605347 ]
 [-0.61918616  0.401941    0.6745753 ]
 [ 0.72156864 -0.04763252  0.69070244]]"
20200220-160115.111559,96,[2.3892694 1.508155  0.2126451],"[[ 0.5348283  -0.29935625 -0.08640093]
 [ 0.39780325  0.57008237  0.7184092 ]
 [-0.4835273   0.6363508  -0.25646433]
 [-0.56737304 -0.4247937   0.64081883]]","[[ 0.31040907  0.9144648  -0.25961608]
 [-0.6188887   0.40170652  0.674988  ]
 [ 0.721542   -0.04884896  0.6906454 ]]"
20200220-160115.111559,97,[2.3973467  1.5090652  0.21212758],"[[ 0.53493744 -0.29815    -0.08932264]
 [ 0.3946366   0.5712289   0.7190753 ]
 [-0.48723435  0.6333871  -0.25828442]
 [-0.56630933 -0.42851454  0.6389379 ]]","[[ 0.30579495  0.91636455 -0.25839007]
 [-0.62278247  0.39779648  0.673721  ]
 [ 0.7201606  -0.04509971  0.69234   ]]"
20200220-160115.111559,98,[2.4090962  1.511493   0.21219444],"[[ 0.5350087  -0.29846025 -0.09144873]
 [ 0.39429256  0.5715968   0.71886355]
 [-0.48823342  0.6322036  -0.25931838]
 [-0.5656212  -0.42955467  0.63845646]]","[[ 0.3047094   0.916723   -0.25840113]
 [-0.6237798   0.39709887  0.6732099 ]
 [ 0.7197578  -0.04394799  0.69283307]]"
20200220-160115.111559,99,[2.4179173  1.5164707  0.21195771],"[[ 0.53505045 -0.29645127 -0.09361207]
 [ 0.39066055  0.5736559   0.7190278 ]
 [-0.49231645  0.62916374 -0.26165715]
 [-0.56456167 -0.43265292  0.6370019 ]]","[[ 0.29929817  0.9184488  -0.2585974 ]
 [-0.62838024  0.39368036  0.6709353 ]
 [ 0.71802443 -0.03831223  0.69496274]]"
20200220-160115.111559,100,[2.4298882  1.5174592  0.21179008],"[[ 0.53494    -0.29811156 -0.09549876]
 [ 0.39213386  0.5726933   0.7189086 ]
 [-0.4914887   0.6292587  -0.26165238]
 [-0.56436646 -0.4326495   0.63685834]]","[[ 0.30069488  0.9180447  -0.25841182]
 [-0.62755024  0.39448726  0.67123806]
 [ 0.71816677 -0.03967139  0.69473946]]"
20200220-160115.111559,101,[2.4395208  1.5234352  0.21107253],"[[ 0.53483486 -0.298735   -0.09858664]
 [ 0.39254934  0.5724784   0.71869063]
 [-0.4916541   0.62889314 -0.2630963 ]
 [-0.56403273 -0.4330348   0.63603824]]","[[ 0.3006836   0.91770726 -0.25962028]
 [-0.62776995  0.39537463  0.6705101 ]
 [ 0.71797925 -0.0386296   0.6949917 ]]"
20200220-160115.111559,102,[2.4515684  1.5203886  0.21105833],"[[ 0.534608   -0.30146128 -0.1002056 ]
 [ 0.39487073  0.57062644  0.718813  ]
 [-0.49001276  0.62932336 -0.2622004 ]
 [-0.5640556  -0.43296492  0.6360171 ]]","[[ 0.30333656  0.917253   -0.25813547]
 [-0.62603366  0.39606786  0.67172325]
 [ 0.71837926 -0.04215677  0.6943732 ]]"
20200220-160115.111559,103,[2.4634247  1.521439   0.21077728],"[[ 0.53475714 -0.3016492  -0.10236517]
 [ 0.39425063  0.57072914  0.7189183 ]
 [-0.49121925  0.6280265  -0.2629115 ]
 [-0.5632981  -0.43457893  0.6352599 ]]","[[ 0.3019736   0.9178586  -0.25758013]
 [-0.62722415  0.39476565  0.6713791 ]
 [ 0.7179149  -0.04117828  0.694912  ]]"
20200220-160115.111559,104,[2.4749413  1.5224949  0.21074495],"[[ 0.5345345  -0.30453253 -0.10465858]
 [ 0.39739802  0.5689879   0.7184701 ]
 [-0.4887881   0.62906903 -0.26278085]
 [-0.56341267 -0.43334115  0.6354475 ]]","[[ 0.30562127  0.91662014 -0.2576882 ]
 [-0.6245776   0.39726993  0.67236865]
 [ 0.7186785  -0.04454392  0.6939144 ]]"
20200220-160115.111559,105,[2.4846256  1.5247903  0.21035701],"[[ 0.5343591  -0.30611408 -0.10734102]
 [ 0.39869675  0.568065    0.71831673]
 [-0.488099    0.62906945 -0.26343513]
 [-0.5632587  -0.43343708  0.63490224]]","[[ 0.30690202  0.91615134 -0.25783324]
 [-0.62381536  0.39823586  0.67250484]
 [ 0.71879464 -0.04555277  0.6937286 ]]"
20200220-160115.111559,106,[2.4963012  1.5295804  0.21003123],"[[ 0.53420454 -0.3078591  -0.10973391]
 [ 0.40078813  0.5671317   0.717771  ]
 [-0.48665327  0.62967724 -0.26402026]
 [-0.56317246 -0.43254012  0.6348676 ]]","[[ 0.30907568  0.91508955 -0.25900474]
 [-0.6222729   0.40053725  0.6725672 ]
 [ 0.7192001  -0.0467025   0.6932319 ]]"
20200220-160115.111559,107,[2.5066702  1.5314839  0.20937556],"[[ 0.5341115  -0.3081221  -0.11180788]
 [ 0.40017968  0.5669327   0.718084  ]
 [-0.487767    0.6286139  -0.26461637]
 [-0.5627294  -0.43415812  0.63390297]]","[[ 0.30789152  0.91560245 -0.25860283]
 [-0.6235417   0.39948457  0.672018  ]
 [ 0.71860886 -0.04565901  0.6939142 ]]"
20200220-160115.111559,108,[2.5149863  1.5391989  0.20892414],"[[ 0.53389794 -0.3075443  -0.11412913]
 [ 0.39907655  0.5678374   0.717764  ]
 [-0.48932573  0.6274898  -0.26663145]
 [-0.5623625  -0.43501055  0.63300645]]","[[ 0.3059553   0.9158047  -0.26017928]
 [-0.625486    0.3993868   0.670267  ]
 [ 0.71774566 -0.0423331   0.6950174 ]]"
20200220-160115.111559,109,[2.524785   1.5450503  0.20826513],"[[ 0.53379977 -0.3080678  -0.11683897]
 [ 0.3994122   0.5676606   0.71750754]
 [-0.48953292  0.62712044 -0.267898  ]
 [-0.56203634 -0.4354024   0.6322678 ]]","[[ 0.30590966  0.9154989  -0.2613067 ]
 [-0.62574327  0.40019435  0.66954464]
 [ 0.7175407  -0.04130921  0.69529057]]"
20200220-160115.111559,110,[2.534303   1.5472225  0.20780025],"[[ 0.5338929  -0.30832967 -0.1197378 ]
 [ 0.39883125  0.5676999   0.71752524]
 [-0.49067312  0.62586975 -0.26916376]
 [-0.56136614 -0.43696272  0.6311668 ]]","[[ 0.30470234  0.91597646 -0.26104352]
 [-0.6268279   0.39920786  0.6691188 ]
 [ 0.7171077  -0.04025269  0.6957992 ]]"
20200220-160115.111559,111,[2.5440474 1.5492666 0.2074498],"[[ 0.533732   -0.30987042 -0.12218904]
 [ 0.40009192  0.5667745   0.71735525]
 [-0.48999897  0.6258617  -0.26968503]
 [-0.5612107  -0.43708614  0.6306673 ]]","[[ 0.3059607   0.9155393  -0.2611048 ]
 [-0.62608707  0.40010273  0.66927785]
 [ 0.71721894 -0.04129843  0.69562316]]"
20200220-160115.111559,112,[2.5544803 1.5473354 0.2071344],"[[ 0.53357226 -0.31118897 -0.12383244]
 [ 0.40048462  0.5657888   0.7177316 ]
 [-0.49014425  0.6252128  -0.26941758]
 [-0.560956   -0.43835288  0.6300324 ]]","[[ 0.30618367  0.9158805  -0.25964305]
 [-0.62628555  0.3992037   0.6696289 ]
 [ 0.71695054 -0.04241864  0.69583225]]"
20200220-160115.111559,113,[2.564903   1.5520453  0.20726584],"[[ 0.5336272  -0.31036663 -0.12550847]
 [ 0.39874202  0.5671028   0.7174222 ]
 [-0.49241346  0.6233256  -0.27101785]
 [-0.5601571  -0.43992347  0.62936693]]","[[ 0.30334222  0.91669154 -0.26011556]
 [-0.62878114  0.3976744   0.66819865]
 [ 0.7159733  -0.03913702  0.6970297 ]]"
20200220-160115.111559,114,[2.5765333  1.5543063  0.20751156],"[[ 0.53360295 -0.31191248 -0.12751687]
 [ 0.40017137  0.5666078   0.7168422 ]
 [-0.49165955  0.6232188  -0.27158147]
 [-0.55982304 -0.43961886  0.62938094]]","[[ 0.30467182  0.9161908  -0.2603258 ]
 [-0.6278724   0.39872086  0.6684295 ]
 [ 0.7162063  -0.04020031  0.6967299 ]]"
20200220-160115.111559,115,[2.5869925  1.5525426  0.20719764],"[[ 0.53343153 -0.31323123 -0.12909655]
 [ 0.4005998   0.5656167   0.71719253]
 [-0.49175498  0.6226154  -0.27130994]
 [-0.5595961  -0.44081047  0.6287766 ]]","[[ 0.30496132  0.9164954  -0.25891078]
 [-0.62803173  0.39790305  0.66876704]
 [ 0.7159432  -0.0413438   0.69693327]]"
20200220-160115.111559,116,[2.5960588  1.5630913  0.20680825],"[[ 0.5329639  -0.31289622 -0.13038224]
 [ 0.40043756  0.5663684   0.71654   ]
 [-0.49228832  0.6224878  -0.27292198]
 [-0.55968904 -0.44026366  0.6285577 ]]","[[ 0.30427614  0.9159455  -0.26164883]
 [-0.62918884  0.39947623  0.6667385 ]
 [ 0.7152186  -0.03824601  0.6978537 ]]"
20200220-160115.111559,117,[2.6066864  1.5664287  0.20671333],"[[ 0.53283995 -0.31323704 -0.13174997]
 [ 0.40026107  0.5664864   0.7163634 ]
