Timestamp,Epoch,s,u,v
20200224-000058.164691,0,[1.8192843  1.420968   0.76173717],"[[ 0.25856656  0.5000303   0.6580992 ]
 [ 0.6579587   0.5001934  -0.25868216]
 [ 0.6581935  -0.49980643 -0.25875697]
 [ 0.25887236 -0.49996963  0.6580532 ]]","[[ 4.9404445e-01  7.0721394e-01  5.0573552e-01]
 [ 7.1517301e-01  2.1960889e-04 -6.9894755e-01]
 [ 4.9441653e-01 -7.0699954e-01  5.0567198e-01]]"
20200224-000058.164691,1,[1.7913609 1.4276894 0.7586324],"[[ 0.24462414  0.5011891   0.6623645 ]
 [ 0.6590565   0.5045135  -0.24772821]
 [ 0.66518897 -0.49548534 -0.24854976]
 [ 0.25164884 -0.49876815  0.6619116 ]]","[[ 0.48475438  0.70952153  0.5114612 ]
 [ 0.72253084  0.00469987 -0.6913228 ]
 [ 0.49291214 -0.7046681   0.510373  ]]"
20200224-000058.164691,2,[1.7681549  1.4343026  0.75581115],"[[ 0.22773992  0.5035325   0.66627496]
 [ 0.6559878   0.51385343 -0.23738092]
 [ 0.67504936 -0.48601556 -0.2396552 ]
 [ 0.2492448  -0.4961846   0.6650517 ]]","[[ 0.4711665   0.714503    0.51719195]
 [ 0.72905344  0.01456909 -0.6843015 ]
 [ 0.49647048 -0.69948065  0.51404655]]"
20200224-000058.164691,3,[1.7423915  1.4412777  0.75240415],"[[ 0.21981585  0.5024481   0.6698957 ]
 [ 0.6623609   0.5102078  -0.22684743]
 [ 0.6763957  -0.4897611  -0.22846714]
 [ 0.23547322 -0.4973614   0.6690162 ]]","[[ 0.46876746  0.7125737   0.5220115 ]
 [ 0.7365936   0.0108319  -0.6762489 ]
 [ 0.48753148 -0.7015138   0.51979953]]"
20200224-000058.164691,4,[1.7211034  1.4481432  0.74932504],"[[ 0.20940478  0.50252104  0.6731582 ]
 [ 0.66500336  0.51105773 -0.21701436]
 [ 0.68024665 -0.48892742 -0.2186587 ]
 [ 0.22623935 -0.49723482  0.6722731 ]]","[[ 0.46270013  0.7130432   0.5267618 ]
 [ 0.7432671   0.01183084 -0.6688901 ]
 [ 0.48317945 -0.7010201   0.5245075 ]]"
20200224-000058.164691,5,[1.6943904  1.455351   0.74511516],"[[ 0.19649068  0.5026109   0.67699856]
 [ 0.66820174  0.5119183  -0.20473002]
 [ 0.6847554  -0.48804593 -0.20628905]
 [ 0.21449488 -0.49712506  0.6761685 ]]","[[ 0.4551429   0.71352786  0.5326568 ]
 [ 0.7516194   0.01286261 -0.65947175]
 [ 0.4774028  -0.7005089   0.530447  ]]"
20200224-000058.164691,6,[1.680553  1.4620756 0.741366 ],"[[ 0.17472936  0.50544435  0.68068504]
 [ 0.65980947  0.5271496  -0.19355814]
 [ 0.6983515  -0.47222477 -0.19680177]
 [ 0.21546811 -0.49360195  0.67858106]]","[[ 0.43504128  0.72156644  0.53859174]
 [ 0.7576476   0.02985634 -0.6519806 ]
 [ 0.4865277  -0.69170123  0.5337044 ]]"
20200224-000058.164691,7,[1.6699733 1.4690533 0.7380924],"[[ 0.1698423   0.5041392   0.6831832 ]
 [ 0.6657423   0.52231777 -0.18500155]
 [ 0.69780666 -0.47732624 -0.18743734]
 [ 0.20250195 -0.49516428  0.6811043 ]]","[[ 0.43520534  0.718865    0.54206055]
 [ 0.76333463  0.02463729 -0.64553356]
 [ 0.47740632 -0.6947131   0.53801227]]"
20200224-000058.164691,8,[1.6534574  1.4764252  0.73358965],"[[ 0.16324253  0.50273925  0.68598205]
 [ 0.6734286   0.51598775 -0.17395073]
 [ 0.6965688  -0.4839238  -0.17544617]
 [ 0.18611099 -0.49681726  0.68438905]]","[[ 0.43523583  0.7154544   0.5465297 ]
 [ 0.77073306  0.01766879 -0.636913  ]
 [ 0.46533874 -0.69843596  0.54373443]]"
20200224-000058.164691,9,[1.6384084 1.4837787 0.7289781],"[[ 0.15845399  0.5010898   0.6883293 ]
 [ 0.6829774   0.50689846 -0.16301684]
 [ 0.6929568  -0.4932329  -0.16350943]
 [ 0.16806431 -0.4986825   0.68767244]]","[[ 0.43793616  0.7106176   0.5506674 ]
 [ 0.7779025   0.00750731 -0.6283404 ]
 [ 0.4506437  -0.7035384   0.5495036 ]]"
20200224-000058.164691,10,[1.626495   1.491046   0.72484565],"[[ 0.14810188  0.5010896   0.69062227]
 [ 0.6850496   0.50725377 -0.15293989]
 [ 0.69552267 -0.49291214 -0.1533512 ]
 [ 0.15818013 -0.49863875  0.6900246 ]]","[[ 0.43221065  0.71080637  0.55493075]
 [ 0.78397584  0.00791429 -0.62074083]
 [ 0.44561836 -0.70334315  0.5538344 ]]"
20200224-000058.164691,11,[1.6126045 1.4984531 0.7199984],"[[ 0.12624002  0.50318396  0.6932793 ]
 [ 0.6770996   0.5213926  -0.14111228]
 [ 0.7077304  -0.4783767  -0.14242873]
 [ 0.1572175  -0.4960964   0.6922176 ]]","[[ 0.4119487   0.7185021   0.5604044 ]
 [ 0.79046065  0.02415928 -0.6120363 ]
 [ 0.4532883  -0.6951052   0.55799526]]"
20200224-000058.164691,12,[1.5982068  1.5053395  0.71616006],"[[ 0.08911314  0.50736195  0.69567364]
 [ 0.6504482   0.5573294  -0.1304487 ]
 [ 0.73387355 -0.43946102 -0.13366961]
 [ 0.17437117 -0.48871428  0.69365275]]","[[ 0.36852577  0.7374348   0.5660198 ]
 [ 0.79404783  0.066908   -0.6041617 ]
 [ 0.483401   -0.67209595  0.5609014 ]]"
20200224-000058.164691,13,[1.5883911  1.5131625  0.71175873],"[[ 0.10167432  0.5037889   0.69671506]
 [ 0.6759739   0.52795213 -0.12158667]
 [ 0.71583134 -0.47155657 -0.12274327]
 [ 0.14250273 -0.4950732   0.6962318 ]]","[[ 0.39411202  0.722197    0.56842536]
 [ 0.8018524   0.03203899 -0.59666276]
 [ 0.4491197  -0.69094515  0.5664684 ]]"
20200224-000058.164691,14,[1.5747741  1.5206285  0.70779085],"[[ 0.08580382  0.50454676  0.6983034 ]
 [ 0.6708957   0.5364651  -0.11204486]
 [ 0.72331977 -0.46250504 -0.11310526]
 [ 0.13908656 -0.49368694  0.6978721 ]]","[[ 0.37944883  0.7268199   0.57249594]
 [ 0.8071868   0.04235564 -0.5887746 ]
 [ 0.45218137 -0.6855209   0.57060754]]"
20200224-000058.164691,15,[1.5710101 1.52807   0.7028047],"[[ 0.07028139  0.5049539   0.6995881 ]
 [ 0.6666647   0.5438737  -0.10220268]
 [ 0.72968113 -0.4545069  -0.10329852]
 [ 0.13484833 -0.49259144  0.6996146 ]]","[[ 0.36644122  0.73078215  0.57591516]
 [ 0.81170374  0.05148379 -0.58179593]
 [ 0.45481646 -0.6806665   0.57431275]]"
20200224-000058.164691,16,[1.565644  1.5360202 0.6987978],"[[ 0.08532291  0.5015651   0.7005034 ]
 [ 0.69199955  0.51252455 -0.09437532]
 [ 0.70933247 -0.48771226 -0.09444464]
 [ 0.10346132 -0.49788338  0.70104825]]","[[ 0.39474815  0.7139338   0.5783358 ]
 [ 0.81764805  0.01413738 -0.57554495]
 [ 0.41907713 -0.7000703   0.57816595]]"
20200224-000058.164691,17,[1.5520277  1.5429054  0.69403905],"[[-0.0842936   0.4992086   0.7021318 ]
 [ 0.5004981   0.7023501  -0.08323877]
 [ 0.8266203  -0.24340911 -0.08447802]
 [ 0.24309504 -0.4452496   0.70210093]]","[[ 0.14891028  0.7983422   0.5835026 ]
 [ 0.7788477   0.26888824 -0.56665266]
 [ 0.6092798  -0.53884006  0.5817468 ]]"
20200224-000058.164691,18,[1.553508   1.5396883  0.69060576],"[[-0.42966282  0.26424703  0.7032905 ]
 [-0.18578133  0.8431338  -0.07485384]
 [ 0.7347601   0.45127907 -0.07718245]
 [ 0.49092042 -0.12508436  0.7027248 ]]","[[-0.4936847   0.64126116  0.5874177 ]
 [ 0.32393122  0.76246166 -0.5601078 ]
 [ 0.80705893  0.08623366  0.58414024]]"
20200224-000058.164691,19,[1.5633366 1.5286287 0.6871451],"[[-0.44170067  0.23754355  0.7048779 ]
 [-0.22077724  0.83588564 -0.0654552 ]
 [ 0.7151051   0.48207036 -0.07101284]
 [ 0.49475488 -0.11169828  0.7027233 ]]","[[-0.5186833   0.61610305  0.5927772 ]
 [ 0.29323077  0.77947336 -0.5535674 ]
 [ 0.8031085   0.11330561  0.5849602 ]]"
20200224-000058.164691,20,[1.5705916 1.5166253 0.6822528],"[[-0.465858    0.18080781 -0.7060359 ]
 [-0.30501872  0.8098753   0.0546663 ]
 [ 0.66214496  0.5535858   0.06119654]
 [ 0.5015016  -0.07038088 -0.70340604]]","[[-0.57968795  0.5539005  -0.59762555]
 [ 0.21337932  0.8110238   0.5447108 ]
 [ 0.786404    0.18824135 -0.58833164]]"
20200224-000058.164691,21,[1.5786598  1.5090317  0.67690223],"[[-0.4728621   0.15624069 -0.70726275]
 [-0.33002537  0.8006377   0.04413217]
 [ 0.6446901   0.57479286  0.05161209]
 [ 0.50185615 -0.06466424 -0.70368165]]","[[-0.59682006  0.5302829  -0.6021678 ]
 [ 0.1891427   0.82231146  0.5366836 ]
 [ 0.7797634   0.20640801 -0.59107095]]"
20200224-000058.164691,22,[1.5852152  1.5076013  0.67104053],"[[ 0.48402655  0.11748258 -0.707244  ]
 [ 0.37826595  0.7794366   0.03495336]
 [-0.6084778   0.6138343   0.04113307]
 [-0.502382   -0.04340447 -0.7049055 ]]","[[ 0.6303476   0.4872834  -0.6043317 ]
 [-0.13923669  0.83680516  0.5295001 ]
 [-0.7637245   0.24962407 -0.5953258 ]]"
20200224-000058.164691,23,[1.5928441  1.5120928  0.66536576],"[[ 0.4864002   0.10501952  0.7075842 ]
 [ 0.3851101   0.7763921  -0.02672381]
 [-0.6030806   0.6196501  -0.03281172]
 [-0.5013967  -0.04711081  0.70536065]]","[[ 0.6352999   0.47808152  0.6064915 ]
 [-0.13228178  0.8411008  -0.52445287]
 [-0.7608518   0.2529571   0.59759295]]"
20200224-000058.164691,24,[1.6000957 1.5018762 0.6605102],"[[ 0.4929217   0.06949524  0.70762175]
 [ 0.42640564  0.7545836  -0.01789544]
 [-0.56887394  0.65184593 -0.02275987]
 [-0.501586   -0.02951378  0.70599824]]","[[ 0.6618173   0.4368314   0.6092423 ]
 [-0.08719555  0.852025   -0.51618826]
 [-0.7445769   0.28849915  0.6019746 ]]"
20200224-000058.164691,25,[1.6079439  1.4935396  0.65631753],"[[ 0.49475998  0.0530894   0.70776993]
 [ 0.4390997   0.7474037  -0.00983874]
 [-0.5578263   0.66160405 -0.01456776]
 [-0.50123215 -0.02914586  0.7062242 ]]","[[ 0.66959924  0.42056137  0.61218065]
 [-0.07317298  0.857583   -0.50911397]
 [-0.73910934  0.2961072   0.6050108 ]]"
20200224-000058.164691,26,[1.616822  1.4888375 0.6516593],"[[ 0.49306697  0.05653332 -0.7083827 ]
 [ 0.4212044   0.7580048   0.00083725]
 [-0.5733713   0.6479683   0.00779697]
 [-0.50071645 -0.048684   -0.705785  ]]","[[ 0.65793353  0.43273824 -0.61632884]
 [-0.0940203   0.85921264  0.5029055 ]
 [-0.74718386  0.27293098 -0.60599107]]"
20200224-000058.164691,27,[1.6254619  1.4787793  0.64681846],"[[-4.9349821e-01  4.6995025e-02 -7.0864666e-01]
 [-4.2178226e-01  7.5776821e-01 -8.7094316e-03]
 [ 5.7287127e-01  6.4831525e-01 -6.4289162e-04]
 [ 5.0037748e-01 -5.7149418e-02 -7.0550925e-01]]","[[-0.65791315  0.42691955 -0.62039506]
 [ 0.09389133  0.8638665   0.49489298]
 [ 0.747218    0.26734683 -0.60843325]]"
20200224-000058.164691,28,[1.633922  1.4720309 0.640771 ],"[[-0.4950409   0.03113444 -0.70847625]
 [-0.43109435  0.752297   -0.01849796]
 [ 0.5648451   0.655273   -0.01055578]
 [ 0.5000422  -0.06080242 -0.70541346]]","[[-0.66376156  0.4129679  -0.62360084]
 [ 0.08368731  0.86952394  0.48674896]
 [ 0.74324745  0.27089778 -0.6117168 ]]"
20200224-000058.164691,29,[1.6419218 1.4695348 0.6362369],"[[-0.49576747  0.02062987 -0.7085019 ]
 [-0.43644193  0.7488367  -0.02559187]
 [ 0.5602174   0.6592771  -0.01783156]
 [ 0.49988964 -0.0645887  -0.7050194 ]]","[[-0.66691977  0.40432906 -0.62588817]
 [ 0.07780746  0.8731694   0.48116645]
 [ 0.7410558   0.27220047 -0.6137938 ]]"
20200224-000058.164691,30,[1.6506791 1.4752021 0.6325828],"[[-0.4962723   0.01503217 -0.70830494]
 [-0.43805963  0.7477037  -0.03010205]
 [ 0.55879354  0.6603631  -0.02245966]
 [ 0.49956733 -0.06807487 -0.7049069 ]]","[[-0.66801864  0.40121508 -0.6267197 ]
 [ 0.07605907  0.87460387  0.47883528]
 [ 0.7402474   0.2722031  -0.61476773]]"
20200224-000058.164691,31,[1.6580465  1.4735729  0.62814087],"[[ 0.4983838  -0.00626579 -0.7071277 ]
 [ 0.46019852  0.73384714 -0.03566169]
 [-0.53886825  0.67662185 -0.03053872]
 [-0.49945167 -0.06010077 -0.70552564]]","[[ 0.6821669   0.37646767 -0.62683386]
 [-0.05010898  0.8793253   0.47357816]
 [-0.7294777   0.29164937 -0.6187107 ]]"
20200224-000058.164691,32,[1.6663423 1.4711515 0.6236698],"[[ 0.49877003 -0.01514364 -0.7067243 ]
 [ 0.46338806  0.7314737  -0.04235146]
 [-0.5359625   0.67862236 -0.03738311]
 [-0.49924397 -0.06472435 -0.70523065]]","[[ 0.68406135  0.3697735  -0.62875116]
 [-0.04650692  0.8823385   0.46831214]
 [-0.7279406   0.29111284 -0.62077063]]"
20200224-000058.164691,33,[1.675256   1.464259   0.61972904],"[[-0.4982369  -0.01474618 -0.70683855]
 [-0.45217663  0.73824155 -0.05029592]
 [ 0.54625416  0.66973966 -0.04312443]
 [ 0.4989012  -0.07893259 -0.7042652 ]]","[[-0.67674875  0.3765624  -0.6326231 ]
 [ 0.06026744  0.8847443   0.4621638 ]
 [ 0.7337431   0.27464214 -0.6214441 ]]"
20200224-000058.164691,34,[1.683587   1.4581795  0.61584705],"[[-0.49862337 -0.02420721 -0.7063197 ]
 [-0.45642954  0.7351225  -0.05686986]
 [ 0.54242456  0.6724289  -0.04987711]
 [ 0.4988211  -0.08275624 -0.70383984]]","[[-0.6792504   0.36840263 -0.63474256]
 [ 0.05543376  0.88816553  0.45616782]
 [ 0.7318099   0.27466604 -0.6237089 ]]"
20200224-000058.164691,35,[1.6912853  1.4588374  0.61220384],"[[-0.49909955 -0.03514792 -0.7058046 ]
 [-0.4655349   0.7287254  -0.06128164]
 [ 0.5340963   0.6789651  -0.05576803]
 [ 0.49891654 -0.08203382 -0.703544  ]]","[[-0.68480426  0.35702258 -0.6352779 ]
 [ 0.0445625   0.8906488   0.45250297]
 [ 0.72736335  0.2815663  -0.6258298 ]]"
20200224-000058.164691,36,[1.6997818 1.451574  0.6077185],"[[-0.499604   -0.04904022 -0.7047953 ]
 [-0.47533986  0.7215747  -0.06797573]
 [ 0.52490693  0.6855983  -0.06394959]
 [ 0.49891958 -0.08294421 -0.7032449 ]]","[[-0.69081134  0.34250945 -0.6367629 ]
 [ 0.03275573  0.89460146  0.44566265]
 [ 0.7222927   0.28701115 -0.6292201 ]]"
20200224-000058.164691,37,[1.7089075  1.4531838  0.60482687],"[[-0.4997547  -0.05384967 -0.7043605 ]
 [-0.47668308  0.7202917  -0.07179573]
 [ 0.52362627  0.68621504 -0.06796754]
 [ 0.4988331  -0.08596188 -0.70292395]]","[[-0.691609    0.33932176 -0.6376032 ]
 [ 0.03118641  0.89598036  0.44299772]
 [ 0.7215986   0.28649664 -0.6302503 ]]"
20200224-000058.164691,38,[1.7170056  1.4496744  0.60174423],"[[-0.49996153 -0.06386913 -0.70350343]
 [-0.4840477   0.7147554  -0.07628405]
 [ 0.5166264   0.691098   -0.07376335]
 [ 0.49883193 -0.08619288 -0.7027251 ]]","[[-0.696122    0.32863104 -0.6382912 ]
 [ 0.02212912  0.8984794   0.43845764]
 [ 0.71758235  0.2910951  -0.6327237 ]]"
20200224-000058.164691,39,[1.7255908 1.4519618 0.5989343],"[[-0.49999377 -0.06777966 -0.703098  ]
 [-0.4844175   0.71411973 -0.07995698]
 [ 0.5163091   0.6909469  -0.077429  ]
 [ 0.4987694  -0.08961965 -0.70232844]]","[[-0.6963255   0.3266695  -0.63907593]
 [ 0.02172524  0.8996027   0.4361688 ]
 [ 0.71739733  0.2898313  -0.6335132 ]]"
20200224-000058.164691,40,[1.7339485 1.4527571 0.5954729],"[[-0.49978057 -0.0689256  -0.70312244]
 [-0.47940248  0.71691763 -0.08510529]
 [ 0.52117777  0.686832   -0.08145224]
 [ 0.49876484 -0.09767554 -0.70124316]]","[[-0.69296753  0.32972452 -0.64115363]
 [ 0.02808068  0.9009631   0.43298626]
 [ 0.7204218   0.28204137 -0.633597  ]]"
20200224-000058.164691,41,[1.7426832  1.4504273  0.59079343],"[[-0.50012964 -0.07986727 -0.7017435 ]
 [-0.48611352  0.7116458  -0.09083261]
 [ 0.5147019   0.6908624  -0.08848007]
 [ 0.49864438 -0.09945299 -0.7010544 ]]","[[-0.6973068   0.31914544 -0.6418018 ]
 [ 0.01973259  0.9036127   0.4278958 ]
 [ 0.7165012   0.28571016 -0.63639283]]"
20200224-000058.164691,42,[1.7518642 1.4481314 0.5860008],"[[-0.5001518  -0.08331509 -0.701186  ]
 [-0.48169604  0.71387625 -0.09778884]
 [ 0.51898116  0.68674195 -0.09424394]
 [ 0.49847314 -0.10874192 -0.69992375]]","[[-0.6944872   0.32022005 -0.6443189 ]
 [ 0.02539022  0.9058522   0.42283243]
 [ 0.71905714  0.27729234 -0.6372332 ]]"
20200224-000058.164691,43,[1.7608813  1.4445885  0.58309114],"[[-0.49992394 -0.07866198 -0.70145565]
 [-0.46742558  0.7228529  -0.10429832]
 [ 0.5325441   0.67543983 -0.09702279]
 [ 0.49798253 -0.12278908 -0.6983324 ]]","[[-0.6852315   0.33200815 -0.64825016]
 [ 0.04341304  0.9070923   0.41868725]
 [ 0.72703034  0.25875515 -0.6359818 ]]"
20200224-000058.164691,44,[1.7696372 1.4425665 0.5809228],"[[-0.4999802  -0.08339044 -0.700872  ]
 [-0.46910933  0.7212362  -0.10783364]
 [ 0.5310056   0.6761423  -0.10072411]
 [ 0.4979854  -0.1252853  -0.6978577 ]]","[[-0.6861909   0.32810983 -0.64921963]
 [ 0.04145084  0.90868115  0.4154282 ]
 [ 0.7262397   0.25815234 -0.6371291 ]]"
20200224-000058.164691,45,[1.7779238  1.4411035  0.57875454],"[[-0.5001849  -0.09425849 -0.69962573]
 [-0.4803533   0.7131589  -0.11000307]
 [ 0.520404    0.6839402  -0.10565283]
 [ 0.4982525  -0.12143172 -0.6980405 ]]","[[-0.69334817  0.31444126 -0.64837873]
 [ 0.02745241  0.91064566  0.4122753 ]
 [ 0.7200798   0.2680508  -0.6400267 ]]"
20200224-000058.164691,46,[1.786838   1.4467317  0.57521945],"[[-0.5004928  -0.1012032  -0.69846135]
 [-0.48559433  0.7091423  -0.11273232]
 [ 0.51534617  0.6871435  -0.10975064]
 [ 0.4981204  -0.12128129 -0.6981395 ]]","[[-0.6968861   0.30799267 -0.64768094]
 [ 0.02085524  0.9114125   0.41096553]
 [ 0.7168787   0.2728886  -0.64157385]]"
20200224-000058.164691,47,[1.7957155  1.442499   0.57180965],"[[-0.50049084 -0.10693334 -0.6976083 ]
 [-0.4864099   0.7077396  -0.11789847]
 [ 0.5145913   0.68688357 -0.11497493]
 [ 0.49810657 -0.12594067 -0.6972976 ]]","[[-0.69733095  0.30380574 -0.64917797]
 [ 0.01989274  0.91357946  0.4061736 ]
 [ 0.7164732   0.27032337 -0.6431107 ]]"
20200224-000058.164691,48,[1.8046396 1.4383836 0.5684585],"[[-0.5005143  -0.11265694 -0.6967011 ]
 [-0.48739877  0.706195   -0.12289258]
 [ 0.5136671   0.68673056 -0.12014612]
 [ 0.49807096 -0.13038038 -0.6964699 ]]","[[-0.69788593  0.29951447 -0.6505739 ]
 [ 0.01873869  0.9156827   0.40146527]
 [ 0.71596384  0.2679861  -0.64465445]]"
20200224-000058.164691,49,[1.8130352  1.436067   0.56580204],"[[-0.5003559  -0.1254925  -0.6950035 ]
 [-0.50061405  0.69607246 -0.12505543]
 [ 0.50069976  0.6956536  -0.1261402 ]
 [ 0.49832726 -0.12570274 -0.6967214 ]]","[[-0.70624024  0.28274238 -0.6490623 ]
 [ 0.00169132  0.9174617   0.39782128]
 [ 0.7079703   0.27985957 -0.6484265 ]]"
20200224-000058.164691,50,[1.8217772 1.440596  0.5617857],"[[-0.5003461  -0.129359   -0.694303  ]
 [-0.5005808   0.6953805  -0.12895975]
 [ 0.5007263   0.69491816 -0.13001727]
 [ 0.4983427  -0.12961768 -0.6959942 ]]","[[-0.7062206   0.28149867 -0.6496236 ]
 [ 0.00171607  0.91823614  0.39602986]
 [ 0.7079897   0.27856967 -0.64896035]]"
20200224-000058.164691,51,[1.8307893 1.4367775 0.5585785],"[[-0.50030357 -0.13406311 -0.6934247 ]
 [-0.5004934   0.69455045 -0.13377391]
 [ 0.5008499   0.6939349  -0.13475622]
 [ 0.4983501  -0.13446642 -0.69505966]]","[[-0.70614916  0.27845445 -0.6510122 ]
 [ 0.00183514  0.9201432   0.3915782 ]
 [ 0.708061    0.27531794 -0.6502693 ]]"
20200224-000058.164691,52,[1.8402425 1.4314846 0.5548163],"[[ 0.5001846  -0.14211878  0.6920218 ]
 [ 0.50426835  0.6907092   0.1387138 ]
 [-0.49707535  0.69557035  0.14088866]
 [-0.49844277 -0.13749564  0.6942732 ]]","[[ 0.70854384  0.27049717  0.6517644 ]
 [ 0.00315136  0.92239285 -0.3862401 ]
 [-0.70565975  0.27572194  0.6527034 ]]"
20200224-000058.164691,53,[1.8485904 1.4417996 0.5512883],"[[ 0.50018466 -0.14685264  0.69103295]
 [ 0.5079886   0.6876552   0.14030173]
 [-0.49330664  0.69769615  0.14357516]
 [-0.49840897 -0.1370575   0.6943883 ]]","[[ 0.71104777  0.266899    0.65051997]
 [ 0.00808529  0.92199457 -0.3871187 ]
 [-0.7030974   0.2805195   0.65342414]]"
20200224-000058.164691,54,[1.8577299 1.4381088 0.5482672],"[[ 0.5001544  -0.15102875  0.69013035]
 [ 0.50759     0.68703836  0.1448207 ]
 [-0.49374494  0.6964623   0.14798512]
 [-0.4984116  -0.1418076   0.6934319 ]]","[[ 0.7108215   0.26434156  0.65181005]
 [ 0.00759531  0.92375386 -0.38291135]
 [-0.7033316   0.27713227  0.6546163 ]]"
20200224-000058.164691,55,[1.866271  1.4403646 0.5455221],"[[ 0.5004001  -0.151369    0.6896032 ]
 [ 0.5034947   0.68954957  0.14858113]
 [-0.49791837  0.69271564  0.15027015]
 [-0.49816737 -0.14749317  0.692669  ]]","[[ 0.7084115   0.26758388  0.65310955]
 [ 0.00219049  0.92450905 -0.38115412]
 [-0.7057964   0.27144462  0.6543466 ]]"
20200224-000058.164691,56,[1.8762802  1.4337829  0.54140204],"[[ 0.5003878  -0.15709226  0.6883235 ]
 [ 0.5032105   0.6884516   0.15455438]
 [-0.4981963   0.6912026   0.15613572]
 [-0.4981887  -0.15360749  0.6913359 ]]","[[ 0.7082568   0.2636705   0.65486646]
 [ 0.0018733   0.926927   -0.37523705]
 [-0.7059524   0.266991    0.6560084 ]]"
20200224-000058.164691,57,[1.8853683 1.4346757 0.5381751],"[[ 0.5002065  -0.16068047  0.687751  ]
 [ 0.503288    0.6874425   0.15813133]
 [-0.49812955  0.6905572   0.15981476]
 [-0.4983588  -0.15727401  0.6902552 ]]","[[ 0.70812225  0.26188877  0.6557263 ]
 [ 0.00197693  0.92793363 -0.37273982]
 [-0.7060871   0.26524168  0.65657294]]"
20200224-000058.164691,58,[1.8950902  1.4300904  0.53470814],"[[ 0.5000631  -0.16780193  0.68627155]
 [ 0.5066323   0.683847    0.16241017]
 [-0.494768    0.69181293  0.16533805]
 [-0.4984634  -0.15997054  0.68943316]]","[[ 0.7102653   0.25476745  0.65621424]
 [ 0.00642355  0.92982495 -0.3679463 ]
 [-0.70390505  0.26555464  0.6587857 ]]"
20200224-000058.164691,59,[1.903889   1.4287186  0.53248847],"[[ 0.5001488  -0.16856119  0.6858767 ]
 [ 0.50299704  0.68575364  0.1663005 ]
 [-0.49848363  0.6884057   0.16786242]
 [-0.49835646 -0.16560888  0.6882871 ]]","[[ 0.70793444  0.2567989   0.6579383 ]
 [ 0.00160096  0.9309712  -0.36508873]
 [-0.7062762   0.2595123   0.6586557 ]]"
20200224-000058.164691,60,[1.9136722  1.4242346  0.52917206],"[[ 0.5000054  -0.17527981  0.6843958 ]
 [ 0.50602174  0.6823918   0.17043974]
 [-0.49544662  0.68941045  0.17313941]
 [-0.49846685 -0.16831994  0.6874412 ]]","[[ 0.70991325  0.2500778   0.6583951 ]
 [ 0.00568433  0.9327715  -0.36042324]
 [-0.7042661   0.25961185  0.6607654 ]]"
20200224-000058.164691,61,[1.9229295 1.4216553 0.5264322],"[[-0.50020874 -0.17469428  0.6841504 ]
 [-0.49937302  0.6862494   0.1755832 ]
 [ 0.5021515   0.6836407   0.17568934]
 [ 0.49825877 -0.17657545  0.6857417 ]]","[[-0.70559675  0.25490582  0.66117793]
 [ 0.00314608  0.93417615 -0.35679814]
 [ 0.7086066   0.24967563  0.65995353]]"
20200224-000058.164691,62,[1.9327776 1.4260961 0.525368 ],"[[ 0.5000821  -0.17767026  0.68358815]
 [ 0.50253415  0.68374133  0.17585823]
 [-0.4989999   0.6856908   0.1771898 ]
 [-0.49837348 -0.17538282  0.68584603]]","[[ 0.707663    0.2515234   0.66026425]
 [ 0.00106923  0.93410826 -0.35698843]
 [-0.7065492   0.25333354  0.6607648 ]]"
20200224-000058.164691,63,[1.9421855 1.429986  0.5236654],"[[ 0.5000464  -0.1791907   0.6832035 ]
 [ 0.5024546   0.6833971   0.17747276]
 [-0.49910787  0.6852169   0.17873555]
 [-0.49838194 -0.1770225   0.6854121 ]]","[[ 0.7076004   0.25135761  0.6603946 ]
 [ 0.00096323  0.9342478  -0.35662305]
 [-0.7066122   0.25298277  0.6608318 ]]"
20200224-000058.164691,64,[1.9520985 1.4299474 0.5229004],"[[-0.5001543  -0.17867835  0.6831402 ]
 [-0.49935356  0.6852348   0.17963357]
 [ 0.5022177   0.68257374  0.17965952]
 [ 0.49826613 -0.18061206  0.6846702 ]]","[[-0.70556474  0.2537442   0.6616587 ]
 [ 0.00316829  0.9348154  -0.35512033]
 [ 0.7086385   0.24846412  0.66037655]]"
20200224-000058.164691,65,[1.9609506  1.4327848  0.52056694],"[[ 0.500193   -0.18302134  0.68194515]
 [ 0.5023408   0.68260086  0.18138587]
 [-0.4992587   0.6839804   0.18254447]
 [-0.49819803 -0.18091403  0.68463695]]","[[ 7.0770472e-01  2.4958523e-01  6.6095489e-01]
 [ 7.9971226e-04  9.3523949e-01 -3.5401493e-01]
 [-7.0650792e-01  2.5106660e-01  6.6167378e-01]]"
20200224-000058.164691,66,[1.9709541 1.4307069 0.5186304],"[[ 0.500073   -0.18794821  0.6808077 ]
 [ 0.50538456  0.67960757  0.18367003]
 [-0.49620685  0.6853761   0.18610759]
 [-0.49828932 -0.18184829  0.6842003 ]]","[[ 0.7097031   0.24412191  0.66085255]
 [ 0.00486392  0.9363233  -0.3511054 ]
 [-0.70448405  0.25239488  0.6633242 ]]"
20200224-000058.164691,67,[1.9804265  1.432379   0.51566124],"[[-0.50026697 -0.18691897  0.68071264]
 [-0.4992624   0.68320525  0.18798348]
 [ 0.50237244  0.680148    0.18785803]
 [ 0.49808797 -0.1889191   0.6826433 ]]","[[-0.705657    0.24962795  0.6631244 ]
 [ 0.00331311  0.9370369  -0.3492146 ]
 [ 0.7085459   0.24422875  0.6620536 ]]"
20200224-000058.164691,68,[1.9903003 1.4365234 0.511884 ],"[[ 0.50033665 -0.19199328  0.6792481 ]
 [ 0.50217724  0.68036664  0.190493  ]
 [-0.49945074  0.68126214  0.19155224]
 [-0.49802622 -0.19005723  0.68237996]]","[[ 7.0777237e-01  2.4546011e-01  6.6242564e-01]
 [ 5.7331432e-04  9.3749493e-01 -3.4799886e-01]
 [-7.0644033e-01  2.4668378e-01  6.6339231e-01]]"
20200224-000058.164691,69,[1.9998184 1.437944  0.5091612],"[[ 0.5002265  -0.19862084  0.6775221 ]
 [ 0.5078698   0.6755544   0.19211544]
 [-0.49372044  0.6844177   0.19553734]
 [-0.49807808 -0.18907225  0.6825102 ]]","[[ 0.71169806  0.23772062  0.6610407 ]
 [ 0.00823085  0.9381162  -0.34622282]
 [-0.7024375   0.2518471   0.6656987 ]]"
20200224-000058.164691,70,[2.0096693 1.4398613 0.5071365],"[[ 0.50016344 -0.19858862  0.67758006]
 [ 0.50474983  0.67710036  0.19486986]
 [-0.4968635   0.6817222   0.1969695 ]
 [-0.4981873  -0.1932675   0.68125874]]","[[ 0.7094814   0.2404063   0.6624506 ]
 [ 0.00408628  0.93859494 -0.34499663]
 [-0.7047124   0.2474756   0.6649333 ]]"
20200224-000058.164691,71,[2.019142 1.441363 0.5045  ],"[[ 0.500318   -0.20114648  0.67658615]
 [ 0.5044802   0.6766341   0.19764696]
 [-0.49714443  0.680628    0.1995748 ]
 [-0.49802515 -0.1960925   0.68068844]]","[[ 0.70949847  0.23943907  0.6627828 ]
 [ 0.00375682  0.93920976 -0.34332365]
 [-0.704697    0.24607763  0.6654683 ]]"
20200224-000058.164691,72,[2.029275  1.4434857 0.5024248],"[[ 0.50041777 -0.2012255   0.6763759 ]
 [ 0.50146544  0.67819035  0.20039329]
 [-0.5001794   0.67786765  0.2009835 ]
 [-0.49793077 -0.2001546   0.67967916]]","[[ 7.0750332e-01  2.4198292e-01  6.6399050e-01]
 [-2.5717178e-04  9.3963963e-01 -3.4216571e-01]
 [-7.0671004e-01  2.4191259e-01  6.6486031e-01]]"
20200224-000058.164691,73,[2.0389829 1.4409962 0.5001654],"[[ 0.5004044  -0.20440674  0.6754299 ]
 [ 0.5014962   0.6772234   0.20356359]
 [-0.50017446  0.6769338   0.20417903]
 [-0.4979181  -0.20333914  0.6787245 ]]","[[ 7.0751560e-01  2.3976025e-01  6.6478312e-01]
 [-2.3323606e-04  9.4076878e-01 -3.3904874e-01]
 [-7.0669764e-01  2.3972717e-01  6.6566449e-01]]"
20200224-000058.164691,74,[2.0478098  1.4478352  0.49794418],"[[-0.50050944 -0.20379415  0.6754286 ]
 [-0.49866757  0.67886037  0.20544907]
 [ 0.5030007   0.67453635  0.2047899 ]
 [ 0.49780676 -0.20644048  0.67797345]]","[[-0.7056208   0.24346378  0.6654506 ]
 [ 0.00400898  0.94047666 -0.33983463]
 [ 0.7085782   0.2371266   0.66459596]]"
20200224-000058.164691,75,[2.05813    1.4479406  0.49485275],"[[-0.5006275  -0.2053111   0.6747885 ]
 [-0.49606687  0.67970383  0.20925786]
 [ 0.50558627  0.67168754  0.20745137]
 [ 0.4976666  -0.21139053  0.6766356 ]]","[[-0.70385593  0.24467988  0.6668722 ]
 [ 0.00750724  0.94131327 -0.3374506 ]
 [ 0.71030295  0.23251012  0.6643859 ]]"
20200224-000058.164691,76,[2.067532   1.4533908  0.49218464],"[[-0.5006466  -0.20717639  0.67421865]
 [-0.49614397  0.6790749   0.2110537 ]
 [ 0.5054977   0.67118764  0.2093023 ]
 [ 0.4976606  -0.21317153  0.6760759 ]]","[[-0.70390755  0.2446278   0.66683686]
 [ 0.00741181  0.94129986 -0.33749023]
 [ 0.710253    0.23261948  0.6644011 ]]"
20200224-000058.164691,77,[2.0771546  1.454873   0.48982856],"[[-0.5008224  -0.20957603  0.6732355 ]
 [-0.49613488  0.6784508   0.21345286]
 [ 0.50551164  0.6703248   0.2116479 ]
 [ 0.4974787  -0.21551529  0.6755715 ]]","[[-0.7040817   0.24356195  0.6670432 ]
 [ 0.00742475  0.94181365 -0.3360538 ]
 [ 0.7100802   0.23165666  0.6649221 ]]"
20200224-000058.164691,78,[2.0875213  1.4551355  0.48687974],"[[-0.50067925 -0.2144314   0.67192197]
 [-0.49892718  0.6755086   0.21587376]
 [ 0.5027506   0.6713628   0.21530955]
 [ 0.49762863 -0.21674739  0.6749527 ]]","[[-0.70594674  0.23890677  0.6667555 ]
 [ 0.00369499  0.9426222  -0.3338411 ]
 [ 0.70825535  0.23321031  0.66632384]]"
20200224-000058.164691,79,[2.0971584  1.4607416  0.48425642],"[[-0.50047684 -0.21616007  0.67163837]
 [-0.49898013  0.6747834   0.2175965 ]
 [ 0.5027039   0.6709675   0.21707296]
 [ 0.49782553 -0.2185053   0.67411643]]","[[-0.7057895   0.23900175  0.6668879 ]
 [ 0.00361272  0.9425736  -0.33397955]
 [ 0.7084124   0.23330997  0.6661219 ]]"
20200224-000058.164691,80,[2.1076279 1.4565995 0.4818329],"[[-0.5005989  -0.21798055  0.67086613]
 [-0.49648926  0.6754083   0.22163725]
 [ 0.50518376  0.66806453  0.2199524 ]
 [ 0.49768364 -0.223602    0.6726341 ]]","[[-0.7040851   0.23919366  0.6686184 ]
 [ 0.0069882   0.9438512  -0.33029732]
 [ 0.71008134  0.22788501  0.66622305]]"
20200224-000058.164691,81,[2.1173365 1.458205  0.4796686],"[[-0.50040954 -0.22023453  0.6703932 ]
 [-0.496724    0.6744147   0.22371778]
 [ 0.50495756  0.6676428   0.22216582]
 [ 0.4978687  -0.22564352  0.67168874]]","[[-0.7040361   0.23813857  0.6690465 ]
 [ 0.00670485  0.9442882  -0.32905182]
 [ 0.71013254  0.22717845  0.6664096 ]]"
20200224-000058.164691,82,[2.1264548 1.4612268 0.4780593],"[[-0.50045097 -0.22341135  0.66929215]
 [-0.49927902  0.6722423   0.22462077]
 [ 0.5024407   0.6688475   0.22423021]
 [ 0.49781802 -0.22543617  0.67179966]]","[[-0.7059491   0.23493797  0.6681617 ]
 [ 0.00327841  0.94445515 -0.32862398]
 [ 0.70825505  0.22980127  0.6675075 ]]"
20200224-000058.164691,83,[2.1354027  1.4681426  0.47623268],"[[ 0.50030315 -0.22597605  0.6686449 ]
 [ 0.5018802   0.67010206  0.22487141]
 [-0.49984515  0.6704101   0.22570874]
 [-0.49796373 -0.22460833  0.671865  ]]","[[ 7.0769459e-01  2.3279610e-01  6.6706413e-01]
 [ 2.1765701e-04  9.4408470e-01 -3.2970330e-01]
 [-7.0651865e-01  2.3347448e-01  6.6807306e-01]]"
20200224-000058.164691,84,[2.145403  1.465651  0.4744279],"[[ 0.5002914  -0.22862126  0.6677519 ]
 [ 0.50189024  0.66920114  0.22751969]
 [-0.49985743  0.66951305  0.2283732 ]
 [-0.49795276 -0.22727595  0.6709601 ]]","[[ 7.0769686e-01  2.3087481e-01  6.6772896e-01]
 [ 2.1883968e-04  9.4502908e-01 -3.2698640e-01]
 [-7.0651627e-01  2.3155333e-01  6.6874349e-01]]"
20200224-000058.164691,85,[2.1553013  1.473502   0.47327062],"[[ 0.50015473 -0.23207764  0.6667477 ]
 [ 0.5068585   0.6656955   0.22650082]
 [-0.49486127  0.6728653   0.2296907 ]
 [-0.49804845 -0.22414728  0.6718536 ]]","[[ 0.7112033   0.22644974  0.66551536]
 [ 0.00693587  0.9443908  -0.32875258]
 [-0.7029523   0.2384258   0.6700831 ]]"
20200224-000058.164691,86,[2.166043   1.480044   0.47152263],"[[ 0.49995402 -0.23452158  0.666141  ]
 [ 0.50930977  0.6636271   0.22674686]
 [-0.4923803   0.67432064  0.23108363]
 [-0.4982079  -0.22336148  0.67189443]]","[[ 0.71281546  0.22433797  0.6645048 ]
 [ 0.01025935  0.9440264  -0.32971022]
 [-0.7012766   0.24183998  0.67061514]]"
20200224-000058.164691,87,[2.1768508 1.4821286 0.4701797],"[[ 0.4997711  -0.2374043   0.6653508 ]
 [ 0.51163185  0.66146487  0.22752766]
 [-0.49001834  0.67549217  0.23299243]
 [-0.4983413  -0.22319007  0.6717544 ]]","[[ 0.7143642   0.22122957  0.66388357]
 [ 0.01344608  0.9441965  -0.32910836]
 [-0.699645    0.24402985  0.6715254 ]]"
20200224-000058.164691,88,[2.1873534 1.4780166 0.4680073],"[[ 0.49992973 -0.23852587  0.66469514]
 [ 0.5085766   0.6626135   0.23143949]
 [-0.49314177  0.67224133  0.23538338]
 [-0.49822798 -0.22834249  0.6702316 ]]","[[ 0.712389    0.22222994  0.6656694 ]
 [ 0.0093845   0.94543636 -0.32567173]
 [-0.701722    0.23825197  0.671433  ]]"
20200224-000058.164691,89,[2.196227   1.4849758  0.46633923],"[[ 0.5000339  -0.23751892  0.6648723 ]
 [ 0.5059315   0.6642562   0.23285899]
 [-0.49582317  0.6701382   0.23542476]
 [-0.49815583 -0.23078999  0.6695499 ]]","[[ 0.7106071   0.22604911  0.66628784]
 [ 0.00583108  0.9450597  -0.32684594]
 [-0.7035651   0.23614423  0.6702481 ]]"
20200224-000058.164691,90,[2.2065766 1.4840895 0.4657279],"[[ 0.49970797 -0.24202864  0.6636796 ]
 [ 0.51067084  0.6603331   0.23306493]
 [-0.4910334   0.67297375  0.23800503]
 [-0.4983911  -0.22910397  0.66974896]]","[[ 0.71377885  0.21958698  0.6650574 ]
 [ 0.01226586  0.9455137  -0.3253516 ]
 [-0.700264    0.24038658  0.67219406]]"
20200224-000058.164691,91,[2.216488   1.4854555  0.46387935],"[[ 0.49950105 -0.24375848  0.66330945]
 [ 0.5105118   0.65966505  0.23496178]
 [-0.49119547  0.67231894  0.23984899]
 [-0.49860138 -0.23110808  0.66879433]]","[[ 0.7135018   0.21903232  0.6655375 ]
 [ 0.01208521  0.9458927  -0.32425505]
 [-0.7005492   0.23939969  0.6722488 ]]"
20200224-000058.164691,92,[2.2274795  1.4876703  0.46266365],"[[ 0.4993212  -0.24635822  0.66256344]
 [ 0.5126018   0.6577038   0.2356585 ]
 [-0.48906317  0.6733474   0.24157158]
 [-0.49873337 -0.23094726  0.6686685 ]]","[[ 0.7149154   0.21625465  0.66492844]
 [ 0.0149812   0.9460139  -0.32377952]
 [-0.69905037  0.24143648  0.67308015]]"
20200224-000058.164691,93,[2.23852    1.483532   0.46062422],"[[ 0.49917474 -0.25053662  0.66116744]
 [ 0.5144003   0.6553208   0.23817255]
 [-0.4872207   0.673504    0.2450313 ]
 [-0.49883142 -0.23276262  0.6679006 ]]","[[ 0.7161802   0.21174544  0.6650188 ]
 [ 0.01753354  0.9471048  -0.32044563]
 [-0.69769526  0.2411569   0.6745849 ]]"
20200224-000058.164691,94,[2.2473326 1.4905995 0.4590921],"[[ 0.49925587 -0.2494382   0.66141385]
 [ 0.51181895  0.65697885  0.23949388]
 [-0.48987073  0.6715087   0.24490213]
 [-0.49881044 -0.23502257  0.66723114]]","[[ 0.71443796  0.21561214  0.6656501 ]
 [ 0.01405665  0.94672316 -0.32174197]
 [-0.6995578   0.23922141  0.67334414]]"
20200224-000058.164691,95,[2.2573273 1.4919482 0.4573764],"[[ 0.49943367 -0.25095508  0.6605718 ]
 [ 0.5114205   0.6567504   0.24136986]
 [-0.49028358  0.67046905  0.24652572]
 [-0.49863538 -0.23700649  0.666791  ]]","[[ 0.7143808   0.2152522   0.6658277 ]
 [ 0.01356653  0.9470734  -0.3207306 ]
 [-0.69962555  0.23815677  0.6736507 ]]"
20200224-000058.164691,96,[2.2678463  1.4955243  0.45726502],"[[ 0.49938455 -0.2494174   0.6612196 ]
 [ 0.50889957  0.65838385  0.24216554]
 [-0.49283776  0.66879445  0.24603488]
 [-0.49874577 -0.23882137  0.66604173]]","[[ 0.7125228   0.21847816  0.66676724]
 [ 0.01019322  0.94696265 -0.32118183]
 [-0.701575    0.23564592  0.67250556]]"
20200224-000058.164691,97,[2.2781043 1.4993386 0.4566086],"[[ 0.49934304 -0.24983013  0.66107666]
 [ 0.50867933  0.6583371   0.24280846]
 [-0.49308488  0.668437    0.2465052 ]
 [-0.49876812 -0.23951954  0.6657754 ]]","[[ 0.7123692   0.21898013  0.66676706]
 [ 0.00991197  0.94684017 -0.32155177]
 [-0.7017352   0.2356725   0.6723291 ]]"
20200224-000058.164691,98,[2.2879086  1.5007052  0.45490882],"[[ 0.49940193 -0.24835768  0.66149086]
 [ 0.5038071   0.6610639   0.24583393]
 [-0.49801326  0.6645038   0.24695078]
 [-0.49875715 -0.244434    0.6640867 ]]","[[ 0.7089012   0.22382876  0.66884965]
 [ 0.00337314  0.94722205 -0.3205606 ]
 [-0.7052996   0.22950195  0.67073196]]"
20200224-000058.164691,99,[2.2979865 1.5019945 0.4532537],"[[ 0.499598   -0.24997674  0.66061646]
 [ 0.5036642   0.6606521   0.24757004]
 [-0.49815962  0.6636529   0.24860024]
 [-0.49855947 -0.24620165  0.66369665]]","[[ 0.7090019   0.2232222   0.66894585]
 [ 0.00319664  0.94755405 -0.3195797 ]
 [-0.70519966  0.22872095  0.67110395]]"
20200224-000058.164691,100,[2.3072853  1.505019   0.45204875],"[[ 0.49989516 -0.24946693  0.6603644 ]
 [ 0.50114334  0.66213125  0.24937016]
 [-0.5007046   0.66135156  0.24901775]
 [-0.49825156 -0.248923    0.6631166 ]]","[[ 7.0746899e-01  2.2586939e-01  6.6967958e-01]
 [-1.7486124e-04  9.4761145e-01 -3.1942546e-01]
 [-7.0674443e-01  2.2586648e-01  6.7044508e-01]]"
20200224-000058.164691,101,[2.3166313  1.508001   0.45086408],"[[-0.50019264 -0.2489796   0.660108  ]
 [-0.4986722   0.6635619   0.2511405 ]
 [ 0.50318515  0.65908474  0.24943942]
 [ 0.49793378 -0.2515988   0.6625452 ]]","[[-0.7059606   0.22845002  0.6703956 ]
 [ 0.00347664  0.94765705 -0.31927106]
 [ 0.7082426   0.22306205  0.6698027 ]]"
20200224-000058.164691,102,[2.3263438  1.5069121  0.44991982],"[[-0.50028694 -0.24921824  0.6598514 ]
 [-0.49645975  0.6644609   0.25341243]
 [ 0.5054145   0.6568838   0.25053445]
 [ 0.4977922  -0.25472724  0.6615217 ]]","[[-0.70441043  0.22977825  0.6715713 ]
 [ 0.00647953  0.9481932  -0.31762803]
 [ 0.7097634   0.21938899  0.6694059 ]]"
20200224-000058.164691,103,[2.3371835 1.5066502 0.4479473],"[[-0.5003648  -0.25280038  0.6584182 ]
 [-0.49868378  0.66220707  0.2549652 ]
 [ 0.5031947   0.6575275   0.2532414 ]
 [ 0.49773982 -0.25540432  0.6613224 ]]","[[-0.70612985  0.22605926  0.6710277 ]
 [ 0.00349229  0.9487692  -0.31595123]
 [ 0.708074    0.22075914  0.67074364]]"
20200224-000058.164691,104,[2.3474116  1.5078067  0.44642332],"[[-0.5003733  -0.2515307   0.65883595]
 [-0.4942787   0.66450465  0.25773326]
 [ 0.5075534   0.6539483   0.25363567]
 [ 0.49769908 -0.25984105  0.65968037]]","[[-0.7028779   0.23033407  0.67298526]
 [ 0.00937946  0.949039   -0.31501943]
 [ 0.7112486   0.2151079   0.6692191 ]]"
20200224-000058.164691,105,[2.3587298  1.5079427  0.44437656],"[[-0.50047797 -0.25234058  0.65837866]
 [-0.4922502   0.6650482   0.26039255]
 [ 0.5095503   0.65170544  0.25521567]
 [ 0.49756435 -0.26327726  0.65848184]]","[[-0.70143664  0.23148295  0.6740936 ]
 [ 0.0121217   0.9495264  -0.3134528 ]
 [ 0.71262854  0.21169613  0.66883874]]"
20200224-000058.164691,106,[2.3691971  1.5055846  0.44310635],"[[-0.5004619  -0.25459448  0.65754145]
 [-0.49253702  0.664024    0.2624029 ]
 [ 0.5092869   0.651095    0.25737908]
 [ 0.49756578 -0.26519632  0.65767753]]","[[-0.7015937   0.22961421  0.67456925]
 [ 0.01180352  0.9502762  -0.31118464]
 [ 0.7124796   0.21036296  0.6694179 ]]"
20200224-000058.164691,107,[2.3796885 1.5050806 0.4428495],"[[-0.50043714 -0.25575602  0.6571191 ]
 [-0.492712    0.66348064  0.26342025]
 [ 0.5091325   0.65080404  0.25847906]
 [ 0.4975754  -0.26615188  0.6572613 ]]","[[-0.7016849   0.22860594  0.67481685]
 [ 0.01160539  0.9506696  -0.30998847]
 [ 0.71239305  0.20968273  0.6697235 ]]"
20200224-000058.164691,108,[2.391113   1.5029806  0.44216853],"[[-0.50050414 -0.25612453  0.65686446]
 [-0.49081072  0.6641158   0.2655322 ]
 [ 0.51099765  0.6488551   0.25953126]
 [ 0.4974763  -0.2689569   0.65625125]]","[[-0.7003038   0.22933024  0.6760048 ]
 [ 0.01417772  0.9512724  -0.30802572]
 [ 0.71370435  0.20612736  0.669431  ]]"
20200224-000058.164691,109,[2.4025893  1.5033787  0.44021413],"[[-0.50059325 -0.25691664  0.6564328 ]
 [-0.48895687  0.6645443   0.2680158 ]
 [ 0.5128079   0.6467731   0.26100957]
 [ 0.4973487  -0.27213797  0.6550861 ]]","[[-0.6989568   0.2303776   0.6770418 ]
 [ 0.01669428  0.9516925  -0.3065986 ]
 [ 0.7149691   0.20299645  0.6690378 ]]"
20200224-000058.164691,110,[2.4131866  1.5066092  0.43978137],"[[-0.5005167  -0.25478405  0.6572847 ]
 [-0.48491094  0.6669213   0.26956418]
 [ 0.5167311   0.6438866   0.26030347]
 [ 0.4973261  -0.27515638  0.6538763 ]]","[[-0.6958531   0.23502286  0.67864054]
 [ 0.02206543  0.95148957 -0.30688927]
 [ 0.71784526  0.19857535  0.6672828 ]]"
20200224-000058.164691,111,[2.42266    1.5061226  0.43903133],"[[-0.5004518  -0.25781974  0.656247  ]
 [-0.4874506   0.6646573   0.27031085]
 [ 0.5143034   0.6450755   0.2624848 ]
 [ 0.49742553 -0.275023    0.65373844]]","[[-0.69762474  0.23136784  0.67807716]
 [ 0.01879062  0.9520057  -0.30550322]
 [ 0.716217    0.20038502  0.6684903 ]]"
20200224-000058.164691,112,[2.4328866  1.5078483  0.43768933],"[[-0.50027776 -0.25943992  0.65588135]
 [-0.48792043  0.6636737   0.27150157]
 [ 0.5138496   0.64497584  0.2639961 ]
 [ 0.49760875 -0.2761057   0.65300274]]","[[-0.697732    0.2305089   0.67825943]
 [ 0.01824794  0.9522268  -0.30484587]
 [ 0.7161267   0.20032395  0.6686053 ]]"
20200224-000058.164691,113,[2.443143   1.5137669  0.43605065],"[[-0.5005476  -0.26026183  0.6552637 ]
 [-0.4880232   0.66340536  0.27219594]
 [ 0.5137432   0.6446104   0.2648575 ]
 [ 0.4973464  -0.2768301   0.6529852 ]]","[[-0.69801176  0.2309953   0.677806  ]
 [ 0.01814762  0.95194453 -0.30573264]
 [ 0.7158565   0.20110445  0.6686604 ]]"
20200224-000058.164691,114,[2.4537385  1.5114726  0.43496594],"[[-0.50053316 -0.26243383  0.65443194]
 [-0.48842233  0.6623327   0.27402186]
 [ 0.51337034  0.64410454  0.2668964 ]
 [ 0.49735382 -0.27851987  0.65222514]]","[[-0.69824386  0.22908917  0.6782137 ]
 [ 0.01768795  0.9526431  -0.30357644]
 [ 0.7156415   0.19997412  0.66922927]]"
20200224-000058.164691,115,[2.463691   1.5169358  0.43351063],"[[-0.5005842  -0.26323166  0.65410346]
 [-0.4886046   0.6619139   0.27462557]
 [ 0.5131731   0.6439504   0.26769206]
 [ 0.49732766 -0.27911854  0.65197426]]","[[-0.69838107  0.22949396  0.6779356 ]
 [ 0.01746812  0.9523828  -0.30440456]
 [ 0.7155131   0.20074809  0.66913474]]"
20200224-000058.164691,116,[2.4760106  1.5114465  0.43165177],"[[-0.5005609  -0.26644477  0.65286076]
 [-0.48908904  0.6603464   0.2774162 ]
 [ 0.5126923   0.6431052   0.27071747]
 [ 0.49737054 -0.28171885  0.6507883 ]]","[[-0.698659    0.22642556  0.67868036]
 [ 0.01689037  0.9535556  -0.30074352]
