Timestamp,Epoch,s,u,v
20200223-162921.907664,0,[3.444815  1.5342257 1.4210113],"[[ 0.12241942  0.4572528  -0.88052195]
 [ 0.65531397  0.62932336  0.41761512]
 [ 0.531901   -0.4493352  -0.13957097]
 [ 0.5221667  -0.4392836  -0.17549515]]","[[ 0.41905957  0.66761684 -0.61536735]
 [ 0.49932334  0.39660355  0.77031296]
 [ 0.75833064 -0.63007426 -0.16715617]]"
20200223-162921.907664,1,[3.397299  1.5388905 1.421028 ],"[[ 0.1161389   0.44293055 -0.8886876 ]
 [ 0.6572173   0.63681203  0.4028979 ]
 [ 0.53424895 -0.44962415 -0.13558728]
 [ 0.51880133 -0.4428557  -0.17182438]]","[[ 0.41427574  0.66004944 -0.626666  ]
 [ 0.5001334   0.41016808  0.7626459 ]
 [ 0.7604224  -0.62936234 -0.16019008]]"
20200223-162921.907664,2,[3.3542771 1.542225  1.4206344],"[[ 0.10729878  0.42453006 -0.898752  ]
 [ 0.6581942   0.64735335  0.38390362]
 [ 0.53738886 -0.44924858 -0.13048105]
 [ 0.51621765 -0.44596383 -0.16684622]]","[[ 0.40824148  0.64986205 -0.64110726]
 [ 0.50123405  0.4273885   0.75239843]
 [ 0.76295704 -0.628505   -0.1512552 ]]"
20200223-162921.907664,3,[3.3100343 1.5472653 1.4201614],"[[ 0.10009807  0.41021347  0.9062287 ]
 [ 0.6602793   0.654043   -0.3684703 ]
 [ 0.53965145 -0.4493857   0.12732747]
 [ 0.5126287  -0.44945022  0.16360588]]","[[ 0.4029918   0.64215344  0.65210176]
 [ 0.50252986  0.4402379  -0.74407965]
 [ 0.7648931  -0.62755865  0.14528902]]"
20200223-162921.907664,4,[3.266548  1.5524522 1.4195577],"[[ 0.09276337  0.39702612  0.91288525]
 [ 0.6623222   0.6599374  -0.3537433 ]
 [ 0.54192185 -0.44933414  0.1249243 ]
 [ 0.5089649  -0.45271623  0.16093573]]","[[ 0.39759666  0.63516974  0.6621755 ]
 [ 0.5039189   0.4519401  -0.7360815 ]
 [ 0.7668002  -0.62634635  0.14038412]]"
20200223-162921.907664,5,[3.2218535 1.5572034 1.4183218],"[[ 0.08267265  0.3794834   0.9213026 ]
 [ 0.66437095  0.66789615 -0.33410555]
 [ 0.54439825 -0.4492428   0.12183543]
 [ 0.5053782  -0.45616674  0.15726146]]","[[ 0.3907116   0.62545186  0.6753922 ]
 [ 0.50596523  0.46701872 -0.7251848 ]
 [ 0.7689888  -0.6250631   0.13398717]]"
20200223-162921.907664,6,[3.1844938 1.5630343 1.4170419],"[[ 0.07414632  0.3669381   0.9271155 ]
 [ 0.6673163   0.6722461  -0.31878328]
 [ 0.5460622  -0.44956166  0.12090999]
 [ 0.50100654 -0.459713    0.15561198]]","[[ 0.3850818   0.61862576  0.68484604]
 [ 0.50847745  0.4770604  -0.71684325]
 [ 0.7701706  -0.62427205  0.13085002]]"
20200223-162921.907664,7,[3.1522908 1.5679449 1.4160283],"[[ 0.06632396  0.35701272  0.9315934 ]
 [ 0.66862845  0.67656934 -0.3062081 ]
 [ 0.54851526 -0.44873577  0.1205005 ]
 [ 0.49766222 -0.4619872   0.15443417]]","[[ 0.37958813  0.61351395  0.6924691 ]
 [ 0.5101932   0.48557013 -0.70987624]
 [ 0.77176136 -0.6227537   0.12869398]]"
20200223-162921.907664,8,[3.1211858 1.5728676 1.4148036],"[[ 0.05879813  0.3478984   0.93555874]
 [ 0.66948986  0.6806718  -0.29450214]
 [ 0.55121344 -0.4476083   0.12032555]
 [ 0.49445924 -0.46400386  0.15336348]]","[[ 0.37409434  0.60889477  0.69950044]
 [ 0.5116609   0.49356782 -0.7032739 ]
 [ 0.77347064 -0.62099767  0.12690666]]"
20200223-162921.907664,9,[3.086391  1.5771301 1.4129508],"[[ 0.04822331  0.33456013  0.9410302 ]
 [ 0.6698983   0.6869842  -0.2778753 ]
 [ 0.5542571  -0.44616246  0.11966757]
 [ 0.49164042 -0.46589828  0.1514155 ]]","[[ 0.36665964  0.60178757  0.70951563]
 [ 0.5135672   0.50498754 -0.69371206]
 [ 0.7757639  -0.6187402   0.12389974]]"
20200223-162921.907664,10,[3.0574954 1.5818367 1.410264 ],"[[ 0.03690752  0.32055676  0.94641817]
 [ 0.67089295  0.692685   -0.26009032]
 [ 0.5568522  -0.4451758   0.11944415]
 [ 0.48831964 -0.46824077  0.14959492]]","[[ 0.35924897  0.59390384  0.71987385]
 [ 0.51624185  0.51613617 -0.6834456 ]
 [ 0.7774538  -0.61715615  0.12117667]]"
20200223-162921.907664,11,[3.0235445 1.586838  1.4094138],"[[ 0.02982554  0.3152528   0.9484623 ]
 [ 0.67061955  0.69576645 -0.25167182]
 [ 0.5599212  -0.44312963  0.12091506]
 [ 0.48566255 -0.4692134   0.14986703]]","[[ 0.35321102  0.59220487  0.7242482 ]
 [ 0.516991    0.52164954 -0.67867666]
 [ 0.7797192  -0.614146    0.12191228]]"
20200223-162921.907664,12,[2.9858692 1.5931444 1.4078887],"[[ 0.02157667  0.30964947  0.95054406]
 [ 0.67203     0.69756544 -0.2418393 ]
 [ 0.5620678  -0.44211856  0.123418  ]
 [ 0.48165298 -0.4712223   0.15082319]]","[[ 0.34668332  0.59034723  0.7289039 ]
 [ 0.51894295  0.52661425 -0.6733319 ]
 [ 0.78135055 -0.61169237  0.12378822]]"
20200223-162921.907664,13,[2.951415  1.5999271 1.4062375],"[[ 0.0131433   0.30490416  0.95224345]
 [ 0.6740989   0.69845897 -0.23232594]
 [ 0.5636923  -0.4415529   0.12665166]
 [ 0.47714657 -0.47351843  0.15236937]]","[[ 0.34032455  0.58893776  0.733029  ]
 [ 0.5215065   0.53046346 -0.66831106]
 [ 0.7824386  -0.6097221   0.12660515]]"
20200223-162921.907664,14,[2.9177582 1.60682   1.4045023],"[[ 0.00459486  0.30075756  0.95365226]
 [ 0.67609406  0.6991496  -0.22317155]
 [ 0.56526387 -0.44094405  0.13026933]
 [ 0.47260192 -0.4757134   0.1541816 ]]","[[ 0.33384237  0.5879395   0.73680156]
 [ 0.52416223  0.5338697  -0.6635037 ]
 [ 0.7834562  -0.607709    0.12994727]]"
20200223-162921.907664,15,[2.8825433 1.6135064 1.4026499],"[[-0.00416787  0.2964978   0.9549968 ]
 [ 0.6772068   0.70054513 -0.21401437]
 [ 0.5672929  -0.439762    0.13381208]
 [ 0.46856374 -0.4774253   0.1557988 ]]","[[ 0.32677364  0.5870401   0.7406775 ]
 [ 0.5263491   0.537874   -0.6585197 ]
 [ 0.7849685  -0.60504174  0.133225  ]]"
20200223-162921.907664,16,[2.8443093 1.619682  1.400412 ],"[[-0.01503022  0.2897642   0.9569611 ]
 [ 0.67733324  0.70358735 -0.20193923]
 [ 0.5698348  -0.43795243  0.13724054]
 [ 0.46506152 -0.47874787  0.1568807 ]]","[[ 0.3178662   0.58484435  0.7462697 ]
 [ 0.5284565   0.5442143  -0.65158635]
 [ 0.7872073  -0.6014881   0.13607736]]"
20200223-162921.907664,17,[2.8108678 1.6265408 1.3983883],"[[-0.02410154  0.2865708   0.95774347]
 [ 0.678213    0.704707   -0.19339482]
 [ 0.57179    -0.43661904  0.14155367]
 [ 0.4609795  -0.48023877  0.15902424]]","[[ 0.31045923  0.584682    0.74950796]
 [ 0.53080106  0.5474669  -0.64693934]
 [ 0.78858423 -0.59868795  0.14038369]]"
20200223-162921.907664,18,[2.7754772 1.63332   1.3970731],"[[-0.03232865  0.28471234  0.9580604 ]
 [ 0.67826444  0.70603096 -0.18660864]
 [ 0.5741874  -0.43466994  0.1458918 ]
 [ 0.45740741 -0.48116696  0.16128626]]","[[ 0.302951    0.5856303   0.75183624]
 [ 0.532351    0.550358   -0.64320195]
 [ 0.7904577  -0.5950995   0.14502941]]"
20200223-162921.907664,19,[2.7427905 1.6398422 1.3936882],"[[-0.04487477  0.2779941   0.95953053]
 [ 0.678367    0.70882136 -0.17340267]
 [ 0.5762594  -0.43298686  0.15056978]
 [ 0.45357478 -0.4825082   0.16297665]]","[[ 0.29308388  0.5833336   0.75751156]
 [ 0.53535914  0.55631703 -0.6355329 ]
 [ 0.79214436 -0.5918051   0.1492454 ]]"
20200223-162921.907664,20,[2.7156236 1.6447897 1.3912401],"[[-0.05610715  0.27122343  0.9608788 ]
 [ 0.67574936  0.71359265 -0.16181706]
 [ 0.5797059  -0.42962545  0.15399992]
 [ 0.45183638 -0.48233357  0.16374335]]","[[ 0.283336    0.58109736  0.76291984]
 [ 0.5363782   0.56343853 -0.6283594 ]
 [ 0.7949963  -0.5872504   0.15204555]]"
20200223-162921.907664,21,[2.6900003 1.6502665 1.3899304],"[[-0.06441933  0.26837158  0.9611591 ]
 [ 0.6733494   0.71690494 -0.15498097]
 [ 0.5830401  -0.42627603  0.15765539]
 [ 0.45001712 -0.48198864  0.16522482]]","[[ 0.275371    0.58134013  0.7656465 ]
 [ 0.53673774  0.5677706  -0.62413895]
 [ 0.7975485  -0.5828212   0.15567963]]"
20200223-162921.907664,22,[2.6650524 1.6557684 1.3886336],"[[-0.07279471  0.26557258  0.96133846]
 [ 0.67065513  0.7203712  -0.14825034]
 [ 0.5864076  -0.42274147  0.16139118]
 [ 0.4483844  -0.4814827   0.16674148]]","[[ 0.2672129   0.58167076  0.76828146]
 [ 0.53693026  0.5721701  -0.6199413 ]
 [ 0.80018944 -0.5781699   0.15942544]]"
20200223-162921.907664,23,[2.6385543 1.6633644 1.3862685],"[[-0.08251721  0.26462898  0.96081233]
 [ 0.6713475   0.7206655  -0.14097022]
 [ 0.58765566 -0.42141402  0.16747336]
 [ 0.4440093  -0.48272416  0.17005749]]","[[ 0.25923273  0.58294827  0.77004534]
 [ 0.5399156   0.57361263 -0.6160031 ]
 [ 0.8008056  -0.57544756  0.16604368]]"
20200223-162921.907664,24,[2.6135817 1.6715851 1.3850727],"[[-0.08932558  0.26714575  0.9595042 ]
 [ 0.67251086  0.71961945 -0.13800338]
 [ 0.5887284  -0.42026612  0.17345276]
 [ 0.4394864  -0.4838976   0.17384058]]","[[ 0.25320974  0.586342    0.7694725 ]
 [ 0.5424019   0.572569   -0.6147885 ]
 [ 0.80105233 -0.5730337   0.17305294]]"
20200223-162921.907664,25,[2.5840905 1.6792722 1.3846902],"[[-0.09569556  0.26914698  0.95832735]
 [ 0.67155385  0.72040284 -0.13564003]
 [ 0.59110004 -0.417575    0.17861052]
 [ 0.43641526 -0.48395342  0.17694305]]","[[ 0.24614476  0.5898756   0.7690643 ]
 [ 0.5431157   0.5732554  -0.6135175 ]
 [ 0.8027691  -0.56870496  0.17926674]]"
20200223-162921.907664,26,[2.5542533 1.6858007 1.3816181],"[[-0.10865147  0.26403773  0.95836335]
 [ 0.66871667  0.72451204 -0.12429682]
 [ 0.59378505 -0.41403496  0.1843722 ]
 [ 0.43408814 -0.48367485  0.1791556 ]]","[[ 0.234167    0.5891773   0.7733277 ]
 [ 0.5446359   0.5794051  -0.60635096]
 [ 0.8053184  -0.56316936  0.18520954]]"
20200223-162921.907664,27,[2.5391107 1.6914104 1.3763559],"[[-0.12299556  0.25635836  0.95870996]
 [ 0.66587913  0.72886753 -0.11010001]
 [ 0.5959422  -0.41106826  0.18999854]
 [ 0.43165958 -0.48379254  0.180703  ]]","[[ 0.22272743  0.5860599   0.7790547 ]
 [ 0.54717654  0.58622986 -0.5974383 ]
 [ 0.8068399  -0.5593462   0.19010878]]"
20200223-162921.907664,28,[2.514211  1.6983418 1.3719356],"[[-0.13706948  0.25122586  0.9581541 ]
 [ 0.6634092   0.73227096 -0.09786645]
 [ 0.597789   -0.4080632   0.1968066 ]
 [ 0.4286597  -0.48389012  0.18338627]]","[[ 0.21047133  0.5851015   0.78317195]
 [ 0.5496375   0.59168416 -0.5897532 ]
 [ 0.8084559  -0.5545867   0.19706105]]"
20200223-162921.907664,29,[2.4985979 1.7052413 1.3705578],"[[-0.1441444   0.2518064   0.9569568 ]
 [ 0.66099936  0.7343117  -0.09455973]
 [ 0.6003264  -0.4046605   0.20178391]
 [ 0.4265098  -0.48335287  0.18594581]]","[[ 0.2033529   0.58744836  0.7832958 ]
 [ 0.55007863  0.59327203 -0.58774316]
 [ 0.80997616 -0.55039346  0.20249917]]"
20200223-162921.907664,30,[2.4755685 1.7135279 1.3688449],"[[-0.15222964  0.25328162  0.9553067 ]
 [ 0.6599837   0.7350876  -0.09077623]
 [ 0.60190725 -0.4021384   0.20803028]
 [ 0.4230312  -0.48350775  0.18939972]]","[[ 0.19538988  0.59046763  0.7830522 ]
 [ 0.55169535  0.5939526  -0.5855362 ]
 [ 0.8108361  -0.5464142   0.20970595]]"
20200223-162921.907664,31,[2.4648235 1.7204043 1.3645748],"[[-0.16273561  0.24941067  0.95458543]
 [ 0.65777093  0.73753166 -0.08176429]
 [ 0.60355777 -0.39967299  0.21340984]
 [ 0.42020607 -0.483842    0.19114909]]","[[ 0.18669847  0.58949906  0.7858974 ]
 [ 0.55357957  0.5977427  -0.57987374]
 [ 0.8115993  -0.5433183   0.21473701]]"
20200223-162921.907664,32,[2.439452  1.7276416 1.3626584],"[[-0.17329237  0.2475984   0.95319015]
 [ 0.6535708   0.74135107 -0.07509684]
 [ 0.60627335 -0.39514968  0.21950185]
 [ 0.41862625 -0.48264927  0.19392824]]","[[ 0.17537051  0.591063    0.7873309 ]
 [ 0.55356663  0.6021288  -0.57533044]
 [ 0.8141311  -0.5367361   0.22159714]]"
20200223-162921.907664,33,[2.4219184 1.7351418 1.3563002],"[[-0.18886213  0.24187398  0.9516913 ]
 [ 0.6506001   0.7445756  -0.06163919]
 [ 0.6071003  -0.39236465  0.22746088]
 [ 0.41530713 -0.48286057  0.19684067]]","[[ 0.16217634  0.58955306  0.7912813 ]
 [ 0.556596    0.6074973  -0.5666994 ]
 [ 0.8148004  -0.5323293   0.22962122]]"
20200223-162921.907664,34,[2.4016938 1.7421793 1.351338 ],"[[-0.20352492  0.23642223  0.9500276 ]
 [ 0.6455611   0.74921983 -0.04982481]
 [ 0.6089713  -0.38800567  0.23483318]
 [ 0.41350034 -0.48189807  0.19954665]]","[[ 0.14821172  0.58870393  0.79464537]
 [ 0.55762213  0.61386204 -0.55877656]
 [ 0.81675625 -0.52592903  0.23729275]]"
20200223-162921.907664,35,[2.3857071 1.7505467 1.3463281],"[[-0.21588951  0.23439729  0.94778615]
 [ 0.64340156  0.75095946 -0.0410169 ]
 [ 0.60952044 -0.3855258   0.24259658]
 [ 0.4097698  -0.48217     0.20289393]]","[[ 0.13741796  0.58938414  0.79607964]
 [ 0.56029856  0.61650956 -0.55315584]
 [ 0.8168119  -0.52205586  0.2455116 ]]"
20200223-162921.907664,36,[2.3636    1.7577118 1.3441427],"[[-0.22716534  0.23141736  0.94587183]
 [ 0.6368134   0.7562816  -0.03409661]
 [ 0.6125686  -0.37957573  0.24886462]
 [ 0.4094194  -0.48000678  0.20550025]]","[[ 0.12432652  0.59051275  0.7973944 ]
 [ 0.558786    0.62241197 -0.54805267]
 [ 0.81993973 -0.5137102   0.25258794]]"
20200223-162921.907664,37,[2.3468947 1.7666413 1.342503 ],"[[-0.23528807  0.23342876  0.9433788 ]
 [ 0.63495916  0.7573381  -0.03119324]
 [ 0.61352134 -0.37663317  0.25556195]
 [ 0.40627316 -0.4796847   0.20916839]]","[[ 0.11596471  0.59386635  0.7961627 ]
 [ 0.56009686  0.6228726  -0.546188  ]
 [ 0.82027054 -0.50926673  0.26039147]]"
20200223-162921.907664,38,[2.3334765 1.774338  1.3355815],"[[-0.2507929   0.22765212  0.9407805 ]
 [ 0.62992245  0.76131177 -0.01864459]
 [ 0.6142163  -0.37285358  0.2638578 ]
 [ 0.40378097 -0.4791236   0.21204558]]","[[ 0.10182052  0.5925043   0.79910654]
 [ 0.5617801   0.6286901  -0.5377285 ]
 [ 0.82099676 -0.5036739   0.26884353]]"
20200223-162921.907664,39,[2.3210673 1.7785597 1.3320216],"[[-0.26395592  0.21818514  0.93941283]
 [ 0.6177121   0.7708703  -0.00795955]
 [ 0.6190529  -0.3639302   0.26873314]
 [ 0.40685645 -0.47508803  0.21265562]]","[[ 0.08570605  0.5897926   0.802994  ]
 [ 0.5566367   0.640097   -0.5295577 ]
 [ 0.82632333 -0.49236223  0.27344003]]"
20200223-162921.907664,40,[2.312603  1.7849379 1.3287046],"[[-0.27355957  0.21305345  0.937832  ]
 [ 0.610144    0.7763123  -0.00102788]
 [ 0.6221266  -0.35802463  0.2734956 ]
 [ 0.40724483 -0.4730396   0.21370722]]","[[ 0.07462441  0.5888572   0.80478483]
 [ 0.55398655  0.64656365 -0.5244564 ]
 [ 0.8291744  -0.4849772   0.27796945]]"
20200223-162921.907664,41,[2.3000114 1.7907366 1.3284874],"[[-0.28103304  0.20974     0.93635833]
 [ 0.6004813   0.7831905   0.00200173]
 [ 0.6268027  -0.34973487  0.2775149 ]
 [ 0.40934223 -0.46936902  0.21497554]]","[[ 0.06317918  0.5897131   0.8051379 ]
 [ 0.54865986  0.6533736  -0.52160853]
 [ 0.83365506 -0.47470167  0.2822723 ]]"
20200223-162921.907664,42,[2.2922611 1.7997298 1.3289101],"[[-2.8476655e-01  2.1294875e-01  9.3449444e-01]
 [ 5.9748191e-01  7.8486121e-01  2.7016085e-04]
 [ 6.2896860e-01 -3.4555656e-01  2.8183174e-01]
 [ 4.0782675e-01 -4.6822712e-01  2.1746485e-01]]","[[ 0.05789782  0.59368485  0.8026121 ]
 [ 0.54746866  0.6534096  -0.52281386]
 [ 0.8348211  -0.4696747   0.28719285]]"
20200223-162921.907664,43,[2.285789  1.8049585 1.3238326],"[[-0.29724997  0.20333824  0.9327358 ]
 [ 0.58625764  0.7926393   0.01093424]
 [ 0.63240004 -0.33781055  0.28697383]
 [ 0.40989575 -0.4650382   0.2180142 ]]","[[ 0.04320283  0.5902589   0.8060571 ]
 [ 0.54288495  0.66343045 -0.5149138 ]
 [ 0.8386951  -0.459842    0.2917806 ]]"
20200223-162921.907664,44,[2.2816038 1.808989  1.324178 ],"[[-0.30306944  0.19806747  0.9319884 ]
 [ 0.5738252   0.8010704   0.01311784]
 [ 0.63827544 -0.32760412  0.2892626 ]
 [ 0.41409928 -0.46014217  0.21806537]]","[[ 0.03232778  0.5897978   0.80690384]
 [ 0.53476495  0.6718411  -0.51249987]
 [ 0.8443823  -0.4480718   0.29368395]]"
20200223-162921.907664,45,[2.2637148 1.8163788 1.3234358],"[[-0.3130215   0.19439119  0.9294605 ]
 [ 0.56210303  0.80865127  0.01678824]
 [ 0.64233863 -0.3176174   0.29515782]
 [ 0.4164846  -0.45542783  0.22068809]]","[[ 0.01705127  0.5910313   0.80646837]
 [ 0.52826554  0.6794912  -0.5091436 ]
 [ 0.84890807 -0.43471092  0.30063525]]"
20200223-162921.907664,46,[2.269045  1.8204093 1.3170353],"[[-0.32301018  0.18392463  0.92815936]
 [ 0.5523429   0.8144862   0.02725365]
 [ 0.6450289  -0.31162864  0.29905164]
 [ 0.4177558  -0.4535105   0.21987607]]","[[ 0.00632545  0.5858976   0.81036043]
 [ 0.5243748   0.68807703 -0.5015786 ]
 [ 0.8514641  -0.42810535  0.30287755]]"
20200223-162921.907664,47,[2.2565675 1.829246  1.3152283],"[[-0.33206096  0.18289956  0.9251533 ]
 [ 0.5450853   0.81865567  0.03006834]
 [ 0.64682525 -0.3050064   0.305618  ]
 [ 0.4174146  -0.4509126   0.22312598]]","[[-0.00557515  0.58794105  0.80888474]
 [ 0.52145624  0.69191957 -0.49933043]
 [ 0.85325986 -0.41901407  0.31044307]]"
20200223-162921.907664,48,[2.2512877 1.8343929 1.3115638],"[[-0.34234828  0.17459294  0.9229949 ]
 [ 0.53215396  0.82623196  0.03719153]
 [ 0.650428   -0.29554078  0.3106634 ]
 [ 0.42018276 -0.4466699   0.2240212 ]]","[[-0.0199584   0.585367    0.8105227 ]
 [ 0.51452744  0.7011043  -0.4936743 ]
 [ 0.8572416  -0.40718323  0.31518036]]"
20200223-162921.907664,49,[2.2511978 1.8347777 1.30839  ],"[[-0.3524762   0.15935634  0.9219302 ]
 [ 0.5121068   0.83778656  0.04694567]
 [ 0.65647554 -0.28185767  0.3134588 ]
 [ 0.42725486 -0.43963048  0.2226757 ]]","[[-0.03701436  0.5785112   0.8148342 ]
 [ 0.5017102   0.71593916 -0.48550782]
 [ 0.8642434  -0.39083982  0.31674495]]"
20200223-162921.907664,50,[2.2372627 1.8401271 1.3058114],"[[-0.36493316  0.14855668  0.9188738 ]
 [ 0.49256068  0.8484251   0.05427784]
 [ 0.66099775 -0.26737756  0.31975377]
 [ 0.43276945 -0.4319888   0.22468291]]","[[-0.05784652  0.5753751   0.8158415 ]
 [ 0.4894631   0.72859526 -0.4791395 ]
 [ 0.8701033  -0.37160766  0.32377154]]"
20200223-162921.907664,51,[2.2297328 1.8502173 1.3022556],"[[-0.37396717  0.1479029   0.9153284 ]
 [ 0.4867159   0.85100126  0.05697878]
 [ 0.66134864 -0.26209015  0.3269334 ]
 [ 0.4311317  -0.430384    0.22812818]]","[[-0.06857242  0.5771685   0.813741  ]
 [ 0.4878396   0.73089087 -0.47729543]
 [ 0.87023586 -0.3642457   0.33168453]]"
20200223-162921.907664,52,[2.226436  1.8570278 1.3011026],"[[-0.38073665  0.14414948  0.9131251 ]
 [ 0.4755968   0.85660726  0.05856692]
 [ 0.6641718  -0.25282416  0.33147544]
 [ 0.4332704  -0.42605752  0.22999327]]","[[-0.0799975   0.57718825  0.81268346]
 [ 0.48090827  0.7364835  -0.4757305 ]
 [ 0.8731139  -0.35276884  0.33649147]]"
20200223-162921.907664,53,[2.215988  1.8602866 1.2966065],"[[-0.39515805  0.12667088  0.90957665]
 [ 0.4492129   0.8694231   0.06943578]
 [ 0.66882545 -0.23469365  0.33809265]
 [ 0.44128317 -0.41590542  0.23139346]]","[[-0.10543191  0.56965107  0.8150964 ]
 [ 0.46360442  0.75329614 -0.46649367]
 [ 0.8797474  -0.32869896  0.3435142 ]]"
20200223-162921.907664,54,[2.2183928 1.8656614 1.2894961],"[[-0.40485892  0.1152499   0.90681225]
 [ 0.43632102  0.87462234  0.07881542]
 [ 0.67030853 -0.22688723  0.34330785]
 [ 0.4431698  -0.41264483  0.2315589 ]]","[[-0.11843012  0.5639229   0.81729156]
 [ 0.45665342  0.7618106  -0.45946985]
 [ 0.8817266  -0.3188039   0.34773853]]"
20200223-162921.907664,55,[2.2193549 1.8741828 1.287356 ],"[[-0.40994453  0.11561922  0.90446687]
 [ 0.43267646  0.875844    0.07915443]
 [ 0.6706857  -0.2231637   0.34799975]
 [ 0.44149444 -0.41198003  0.23360336]]","[[-0.12420332  0.5655509   0.81530714]
 [ 0.4556529   0.7624205  -0.45945138]
 [ 0.8814499  -0.31443167  0.3523901 ]]"
20200223-162921.907664,56,[2.21863   1.878735  1.2844157],"[[-0.41768554  0.10632127  0.902054  ]
 [ 0.41735697  0.8822585   0.08412367]
 [ 0.67328566 -0.21223107  0.35249186]
 [ 0.44501436 -0.4065389   0.23445895]]","[[-0.13799632  0.5615687   0.8158417 ]
 [ 0.44558898  0.77085286 -0.45523208]
 [ 0.884538   -0.30070975  0.35660377]]"
20200223-162921.907664,57,[2.2179933 1.8830752 1.2808344],"[[-0.4260273   0.09460417  0.8994452 ]
 [ 0.39824194  0.8899679   0.08972746]
 [ 0.67632055 -0.19870701  0.35720763]
 [ 0.4499935  -0.39940313  0.23526633]]","[[-0.15425576  0.55620396  0.8166041 ]
 [ 0.43246725  0.7811269  -0.4503473 ]
 [ 0.8883564  -0.2836859   0.36103338]]"
20200223-162921.907664,58,[2.2135506 1.8869861 1.2745026],"[[-0.43803856  0.07706644  0.89533186]
 [ 0.37334648  0.89912313  0.09981345]
 [ 0.6786472  -0.18249184  0.3639542 ]
 [ 0.45626    -0.39030135  0.23654991]]","[[-0.17664582  0.5471992   0.81815004]
 [ 0.41561034  0.79495203 -0.44194964]
 [ 0.89222443 -0.26196307  0.3678465 ]]"
20200223-162921.907664,59,[2.2151375 1.8896216 1.269337 ],"[[-0.44579357  0.06123569  0.89271426]
 [ 0.3523089   0.9061203   0.1081769 ]
 [ 0.6811184  -0.16900867  0.36816886]
 [ 0.46176255 -0.3829261   0.23624268]]","[[-0.19290571  0.5383677   0.82033384]
 [ 0.4006624   0.80638134 -0.43499297]
 [ 0.895688   -0.2447644   0.37125918]]"
20200223-162921.907664,60,[2.2163718 1.8982314 1.2669045],"[[-0.45017713  0.05850272  0.8906848 ]
 [ 0.34431443  0.908587    0.10857715]
 [ 0.68209594 -0.16233402  0.37212065]
 [ 0.4620964  -0.3803875   0.23752467]]","[[-0.20040974  0.5380457   0.8187446 ]
 [ 0.39542174  0.8090293  -0.4348713 ]
 [ 0.89636904 -0.236597    0.3748924 ]]"
20200223-162921.907664,61,[2.2210445 1.9031217 1.260094 ],"[[-0.45705968  0.04660605  0.8878654 ]
 [ 0.3301204   0.9124004   0.11609533]
 [ 0.68292075 -0.15385085  0.37664238]
 [ 0.4644744  -0.37640896  0.23739773]]","[[-0.21200152  0.53133357  0.8202074 ]
 [ 0.3862291   0.8165121  -0.4291099 ]
 [ 0.8977098  -0.22581598  0.37831828]]"
20200223-162921.907664,62,[2.2167838 1.9077492 1.2557191],"[[-0.46588975  0.03064635  0.88395345]
 [ 0.30402797  0.92009723  0.12222781]
 [ 0.6847018  -0.13597862  0.38282135]
 [ 0.470847   -0.36604849  0.2390281 ]]","[[-0.23309451  0.5226685   0.8200516 ]
 [ 0.36684042  0.8282384  -0.42361435]
 [ 0.9006081  -0.20208587  0.38479382]]"
20200223-162921.907664,63,[2.2117085 1.9141086 1.2539853],"[[-0.4729168   0.01885845  0.8805405 ]
 [ 0.2800841   0.92688113  0.12433414]
 [ 0.68619573 -0.11832167  0.38845095]
 [ 0.47648516 -0.35571826  0.24144478]]","[[-0.2522997   0.5166198   0.8181985 ]
 [ 0.3482969   0.837364   -0.42132026]
 [ 0.9027925  -0.17867698  0.39120373]]"
20200223-162921.907664,64,[2.2120059 1.9188364 1.2524691],"[[-0.47665167  0.00746967  0.8786858 ]
 [ 0.25910786  0.93214977  0.12622988]
 [ 0.6882272  -0.10285809  0.39179137]
 [ 0.481674   -0.3470755   0.24181984]]","[[-0.26642117  0.5101232   0.8177984 ]
 [ 0.33134198  0.84522766 -0.41928878]
 [ 0.9051146  -0.15926354  0.39421174]]"
20200223-162921.907664,65,[2.2150688 1.927129  1.2507082],"[[-0.48037773  0.00564425  0.8766588 ]
 [ 0.25196373  0.9336862   0.12549634]
 [ 0.6883632  -0.09663177  0.3956088 ]
 [ 0.48156792 -0.34476116  0.2433391 ]]","[[-0.27306956  0.5099871   0.81568766]
 [ 0.32664755  0.84669095 -0.42001867]
 [ 0.90483946 -0.15174809  0.39779165]]"
20200223-162921.907664,66,[2.2215083 1.9313438 1.2440287],"[[-0.48519218 -0.00685608  0.8739837 ]
 [ 0.23720917  0.9361205   0.1322965 ]
 [ 0.68847847 -0.08801925  0.39956835]
 [ 0.48406386 -0.34041697  0.2428895 ]]","[[-0.28340864  0.5021518   0.8170209 ]
 [ 0.3161502   0.8532472  -0.41475078]
 [ 0.90538865 -0.14075734  0.40057305]]"
20200223-162921.907664,67,[2.2200189 1.9343834 1.2396774],"[[-0.49153697 -0.02622287  0.8700574 ]
 [ 0.20656957  0.9420117   0.13821639]
 [ 0.68875533 -0.06752733  0.4052917 ]
 [ 0.49126023 -0.32766873  0.24420303]]","[[-0.30498606  0.48965606  0.8168358 ]
 [ 0.29176283  0.8644977  -0.4092901 ]
 [ 0.90656394 -0.11349452  0.40652314]]"
20200223-162921.907664,68,[2.2206128 1.9402982 1.2407614],"[[-0.4939817  -0.03426609  0.8683867 ]
 [ 0.18582816  0.9461137   0.13604231]
 [ 0.6896177  -0.05085426  0.40859747]
 [ 0.49586043 -0.31797534  0.24585657]]","[[-0.318657    0.48480934  0.8145046 ]
 [ 0.27433506  0.8696943  -0.41033182]
 [ 0.9073026  -0.09269205  0.4101344 ]]"
20200223-162921.907664,69,[2.2220497 1.945993  1.2346513],"[[-0.4995969  -0.04994506  0.86439496]
 [ 0.16189972  0.94922495  0.14123723]
 [ 0.6884901  -0.03526364  0.4144609 ]
 [ 0.50017273 -0.30859953  0.2471754 ]]","[[-0.33579051  0.47440168  0.81374925]
 [ 0.2556209   0.877386   -0.4060197 ]
 [ 0.90658855 -0.07167373  0.41588482]]"
20200223-162921.907664,70,[2.2275774 1.9482414 1.2320812],"[[-0.5017776  -0.0639962   0.86220133]
 [ 0.14003721  0.9517564   0.1448756 ]
 [ 0.6881798  -0.02063457  0.4175859 ]
 [ 0.5049927  -0.29939604  0.24747112]]","[[-0.3488007   0.46446082  0.8140112 ]
 [ 0.23755565  0.8840098  -0.40260908]
 [ 0.9065901  -0.05294267  0.4186785 ]]"
20200223-162921.907664,71,[2.2375755 1.9497745 1.2304676],"[[-0.5018936  -0.07159772  0.8615301 ]
 [ 0.12958705  0.9524195   0.14726427]
 [ 0.6886788  -0.01352233  0.41879183]
 [ 0.5069829  -0.29595307  0.24635907]]","[[-0.35334432  0.45902887  0.8151322 ]
 [ 0.22906281  0.8872681  -0.40035683]
 [ 0.907016   -0.04525271  0.41865766]]"
20200223-162921.907664,72,[2.2426548 1.9510999 1.2273632],"[[-5.03178716e-01 -8.61034766e-02  8.59444618e-01]
 [ 1.08359285e-01  9.53932106e-01  1.51503652e-01]
 [ 6.88151538e-01  4.08027438e-04  4.21776533e-01]
 [ 5.11387527e-01 -2.87401855e-01  2.45980054e-01]]","[[-0.36519575  0.44833562  0.81586   ]
 [ 0.21124248  0.89344007 -0.39641115]
 [ 0.906647   -0.02757666  0.42098793]]"
20200223-162921.907664,73,[2.246188  1.9543167 1.2266238],"[[-0.50455016 -0.09598161  0.8575858 ]
 [ 0.08994664  0.95521176  0.15218233]
 [ 0.6874038   0.01386052  0.42494422]
 [ 0.51460147 -0.27958235  0.24659579]]","[[-0.37616438  0.4409407   0.8149059 ]
 [ 0.19574948  0.897471   -0.39525723]
 [ 0.9056393  -0.0108358   0.42391056]]"
20200223-162921.907664,74,[2.2484384 1.9550873 1.2222904],"[[-0.5069735  -0.11606053  0.8536621 ]
 [ 0.05969848  0.95622426  0.1576904 ]
 [ 0.6846672   0.03323532  0.43020624]
 [ 0.5202352  -0.26657152  0.24762274]]","[[-0.39440903  0.4252593   0.814614  ]
 [ 0.170278    0.9049456  -0.38997293]
 [ 0.90302104  0.015098    0.429331  ]]"
20200223-162921.907664,75,[2.2537591 1.9570731 1.2208465],"[[-0.5074552  -0.12826127  0.85162276]
 [ 0.03844406  0.95657456  0.15907924]
 [ 0.6830193   0.04821341  0.4334316 ]
 [ 0.523924   -0.2572743   0.24813272]]","[[-0.40612596  0.41540062  0.81394356]
 [ 0.1520257   0.90900826 -0.38806245]
 [ 0.9010827   0.03386183  0.43232337]]"
20200223-162921.907664,76,[2.2646425 1.9572704 1.2185762],"[[-0.5072093  -0.13452265  0.85079414]
 [ 0.03152163  0.9558438   0.16187988]
 [ 0.68299097  0.05258699  0.43481836]
 [ 0.5246606  -0.25593162  0.24673265]]","[[-0.40845257  0.41048646  0.8152713 ]
 [ 0.14664055  0.9110826  -0.38525984]
 [ 0.90092343  0.03780852  0.43232796]]"
20200223-162921.907664,77,[2.26827   1.9575179 1.2142049],"[[-0.50843626 -0.15320493  0.8468911 ]
 [ 0.00414818  0.9549948   0.16708578]
 [ 0.6793875   0.06971322  0.43991718]
 [ 0.52906346 -0.24424052  0.2476505 ]]","[[-0.42418528  0.39500582  0.8148849 ]
 [ 0.12327868  0.91666436 -0.38016987]
 [ 0.8971451   0.0608045   0.43753123]]"
20200223-162921.907664,78,[2.2755036 1.963079  1.210609 ],"[[-0.5093853  -0.15960991  0.8451299 ]
 [-0.00536242  0.9542694   0.16869818]
 [ 0.6780916   0.07600314  0.442611  ]
 [ 0.52980155 -0.24107671  0.24777305]]","[[-0.42948872  0.39028245  0.8143826 ]
 [ 0.11558711  0.9181313  -0.37904438]
 [ 0.8956444   0.0686632   0.43943864]]"
20200223-162921.907664,79,[2.2876396 1.9621947 1.2069035],"[[-0.5086348  -0.16554114  0.8444315 ]
 [-0.0078544   0.95288634  0.1736317 ]
 [ 0.67858267  0.07626869  0.44340122]
 [ 0.5298621  -0.24245998  0.24532183]]","[[-0.42863625  0.38583553  0.8169465 ]
 [ 0.11400022  0.9200954  -0.37473786]
 [ 0.89625573  0.06749406  0.43837166]]"
20200223-162921.907664,80,[2.2930808 1.9691795 1.2051183],"[[-0.50908864 -0.17100595  0.8430616 ]
 [-0.01969491  0.95239437  0.17271513]
 [ 0.6770589   0.08541244  0.44599932]
 [ 0.5310672  -0.23750113  0.24597052]]","[[-0.43525767  0.38164717  0.81541175]
 [ 0.10381149  0.92093915 -0.3756251 ]
 [ 0.89430076  0.07884455  0.44046527]]"
20200223-162921.907664,81,[2.2999914 1.9718088 1.1977495],"[[-0.5108263  -0.18546702  0.83893824]
 [-0.03720367  0.95033526  0.17872602]
 [ 0.67357063  0.09479245  0.45106724]
 [ 0.5328933  -0.23125607  0.2465321 ]]","[[-0.4455921   0.369913    0.81523734]
 [ 0.08951318  0.92448586 -0.3705583 ]
 [ 0.8907497   0.09214333  0.44505572]]"
20200223-162921.907664,82,[2.3080184 1.9764264 1.1934004],"[[-0.5109642  -0.19309814  0.8371215 ]
 [-0.04750973  0.94894576  0.18101701]
 [ 0.6720615   0.10132071  0.45373437]
 [ 0.5338461  -0.22792327  0.24614148]]","[[-0.45062834  0.36399466  0.8151331 ]
 [ 0.08084311  0.9259853  -0.3688029 ]
 [ 0.88904357  0.10029513  0.4467016 ]]"
20200223-162921.907664,83,[2.313481  1.9755398 1.1893406],"[[-0.5104933  -0.20984577  0.83336985]
 [-0.07115752  0.9461254   0.185676  ]
 [ 0.667738    0.11559975  0.45833364]
 [ 0.53708446 -0.21782623  0.24687941]]","[[-0.46308857  0.34908003  0.8146732 ]
 [ 0.06008052  0.9294215  -0.3640967 ]
 [ 0.8842735   0.11966307  0.45137727]]"
20200223-162921.907664,84,[2.3217442 1.9754146 1.1863035],"[[-0.50999886 -0.21918985  0.831258  ]
 [-0.08288495  0.94399744  0.18894523]
 [ 0.6657928   0.12262151  0.46113244]
 [ 0.53828573 -0.213983    0.24630566]]","[[-0.4684894   0.34088954  0.81505316]
 [ 0.05003866  0.9313176  -0.36075413]
 [ 0.88205093  0.12822533  0.45337015]]"
20200223-162921.907664,85,[2.3296335 1.9759265 1.1843566],"[[-0.5098242  -0.2266071   0.8293724 ]
 [-0.09281139  0.9421746   0.19115987]
 [ 0.6639544   0.12875083  0.4636725 ]
 [ 0.5391012  -0.21066542  0.2461848 ]]","[[-0.47330582  0.33425435  0.81501883]
 [ 0.04163491  0.9326678  -0.3583257 ]
 [ 0.87991375  0.13566439  0.4553537 ]]"
20200223-162921.907664,86,[2.3355503 1.9788074 1.185712 ],"[[-0.5079692  -0.23518561  0.8281237 ]
 [-0.11166941  0.9400614   0.18920997]
 [ 0.6604963   0.14306465  0.46606973]
 [ 0.5415175  -0.20125787  0.24736582]]","[[-0.48238102  0.3256793   0.8131676 ]
 [ 0.02427325  0.93292767 -0.35924488]
 [ 0.8756251   0.15355465  0.45793176]]"
20200223-162921.907664,87,[2.3461323 1.9819697 1.1796316],"[[-0.50895244 -0.24077643  0.82590044]
 [-0.11496983  0.9383462   0.19326694]
 [ 0.6595891   0.14364702  0.4688286 ]
 [ 0.5410093  -0.20223364  0.2464464 ]]","[[-0.48396572  0.32169816  0.81381035]
 [ 0.02235844  0.9342187  -0.3559991 ]
 [ 0.87480134  0.1540958   0.45932254]]"
20200223-162921.907664,88,[2.3530917 1.9781612 1.1798097],"[[-0.50673735 -0.2516576   0.8240157 ]
 [-0.13109194  0.9352238   0.19546333]
 [ 0.65661573  0.15422443  0.47138977]
 [ 0.5430356  -0.19554925  0.24613741]]","[[-0.49086112  0.31082824  0.8139049 ]
 [ 0.00757897  0.93568176 -0.35276368]
 [ 0.87120473  0.16698937  0.46164563]]"
20200223-162921.907664,89,[2.3619394 1.9730346 1.1783634],"[[-0.50506634 -0.26203898  0.8218036 ]
 [-0.14283027  0.9320969   0.19980364]
 [ 0.6543506   0.16063273  0.4738641 ]
 [ 0.54436463 -0.19164626  0.24529524]]","[[-0.49544057  0.30075252  0.81491506]
 [-0.00292726  0.93756515 -0.34779736]
 [ 0.86863697  0.17469844  0.46362734]]"
20200223-162921.907664,90,[2.370953  1.9727831 1.1757658],"[[-0.50365764 -0.27006793  0.82006615]
 [-0.15258914  0.9294809   0.20267601]
 [ 0.65241563  0.16631918  0.47598198]
 [ 0.5453436  -0.18832596  0.24465433]]","[[-0.49911922  0.29336584  0.8153628 ]
 [-0.011699    0.93858105 -0.34486088]
 [ 0.8664545   0.18166558  0.46503165]]"
20200223-162921.907664,91,[2.381766  1.9689268 1.1753641],"[[-0.5025693  -0.27369678  0.8195241 ]
 [-0.15379743  0.9280186   0.205769  ]
 [ 0.6529793   0.1666224   0.47668406]
 [ 0.5453334  -0.19002263  0.24251118]]","[[-0.4979424   0.2900296   0.81727374]
 [-0.01252831  0.9399128  -0.34118438]
 [ 0.86711955  0.1801292   0.4643889 ]]"
20200223-162921.907664,92,[2.3925612 1.9722708 1.1697043],"[[-0.5026609  -0.27896604  0.8176843 ]
 [-0.15735798  0.9262293   0.20930064]
 [ 0.6521515   0.1675485   0.47876468]
 [ 0.5452238  -0.19027562  0.24159957]]","[[-0.49908388  0.28622422  0.8179188 ]
 [-0.01513538  0.94085217 -0.33847928]
 [ 0.86642146  0.18130901  0.465232  ]]"
20200223-162921.907664,93,[2.401741  1.972089  1.1671991],"[[-0.5013115  -0.2863221   0.8159676 ]
 [-0.16621429  0.9236349   0.21193953]
 [ 0.6502967   0.17267473  0.48083016]
 [ 0.5460532  -0.18735354  0.24100058]]","[[-0.50235265  0.2794056   0.81827545]
 [-0.02310566  0.94167614 -0.3357265 ]
 [ 0.86435425  0.1875598   0.46659756]]"
20200223-162921.907664,94,[2.4088907 1.9761868 1.1630089],"[[-0.5015839  -0.29462135  0.81284255]
 [-0.1785881   0.9206187   0.21337663]
 [ 0.6463901   0.17996377  0.48479962]
 [ 0.5465351  -0.18240814  0.24233668]]","[[-0.5093646   0.27164108  0.816553  ]
 [-0.03379859  0.94182545 -0.33439872]
 [ 0.85988694  0.19792926  0.47055146]]"
20200223-162921.907664,95,[2.4162517 1.9751165 1.1602864],"[[-0.5007794  -0.30516267  0.80945086]
 [-0.19275849  0.91674995  0.2162531 ]
 [ 0.6421375   0.18777134  0.48863977]
 [ 0.5474702  -0.17659926  0.24342348]]","[[-0.5165385   0.26104695  0.8155016 ]
 [-0.04644769  0.9424505  -0.33110398]
 [ 0.8550035   0.20890607  0.4746868 ]]"
20200223-162921.907664,96,[2.426114  1.9777482 1.1616046],"[[-0.5007565  -0.30436018  0.80976546]
 [-0.19375242  0.9164563   0.21446171]
 [ 0.6422024   0.19002816  0.4891238 ]
 [ 0.5470643  -0.17709254  0.24299008]]","[[-0.5165484   0.26166636  0.81529653]
 [-0.04696987  0.9420696  -0.3321125 ]
 [ 0.8549687   0.2098466   0.47433412]]"
20200223-162921.907664,97,[2.435965  1.9851891 1.1618099],"[[-0.5007868  -0.30210376  0.81058764]
 [-0.19443221  0.9166134   0.21123669]
 [ 0.6423508   0.1927328   0.48924547]
 [ 0.5466206  -0.17722076  0.24282947]]","[[-0.5164222   0.26417935  0.81456584]
 [-0.04728386  0.9409762  -0.33515394]
 [ 0.85502756  0.21159671  0.47344956]]"
20200223-162921.907664,98,[2.4427578 1.9844178 1.1596072],"[[-0.49906656 -0.31362697  0.8072695 ]
 [-0.21179363  0.9118782   0.21302004]
 [ 0.6370959   0.20333351  0.49336573]
 [ 0.5478909  -0.16962072  0.24398364]]","[[-0.52481365  0.25217837  0.8130046 ]
 [-0.0632434   0.9409168  -0.33267945]
 [ 0.84886444  0.22601189  0.4778574 ]]"
20200223-162921.907664,99,[2.4553046 1.9798671 1.1577815],"[[-0.49892578 -0.31552863  0.8066104 ]
 [-0.20737268  0.9112365   0.21774949]
 [ 0.639135    0.19893867  0.49373883]
 [ 0.54733527 -0.17468005  0.24122007]]","[[-0.5210816   0.25108892  0.81573784]
 [-0.05865187  0.9429549  -0.32771316]
 [ 0.8514891   0.21860991  0.47662973]]"
20200223-162921.907664,100,[2.4646604 1.985776  1.1563438],"[[-0.49846545 -0.3190172   0.8055247 ]
 [-0.21561758  0.9092982   0.21621625]
 [ 0.6365584   0.20531224  0.49573922]
 [ 0.5475718  -0.17103039  0.24212229]]","[[-0.5251136   0.24768561  0.8141914 ]
 [-0.06599209  0.94197875 -0.3291216 ]
 [ 0.8484697   0.2265564   0.4783006 ]]"
20200223-162921.907664,101,[2.472299  1.9873052 1.1563126],"[[-0.49787605 -0.32315558  0.80423945]
 [-0.22316545  0.9070795   0.21578503]
 [ 0.63426185  0.21083514  0.4978508 ]
 [ 0.54774874 -0.16830201  0.24244605]]","[[-0.5287027   0.24316554  0.8132305 ]
 [-0.07276307  0.94157577 -0.32884747]
 [ 0.84568256  0.23303565  0.48012006]]"
20200223-162921.907664,102,[2.4808388 1.9832472 1.1565912],"[[-0.49616784 -0.3302226   0.80242497]
 [-0.23229803  0.9037739   0.21768802]
 [ 0.63175553  0.21641865  0.50013506]
 [ 0.548398   -0.16525322  0.24205573]]","[[-0.53218704  0.23538914  0.81324595]
 [-0.08127722  0.9419305  -0.32582384]
 [ 0.8427164   0.23949759  0.48215142]]"
20200223-162921.907664,103,[2.4886115 1.989556  1.1554898],"[[-0.49552858 -0.33285567  0.8017311 ]
 [-0.2395091   0.90192074  0.21574791]
 [ 0.62945217  0.2224128   0.5018019 ]
 [ 0.5485221  -0.16210754  0.24264108]]","[[-0.5355502   0.23275834  0.8117941 ]
 [-0.0878415   0.9407004  -0.32766852]
 [ 0.8399227   0.24679218  0.4833463 ]]"
20200223-162921.907664,104,[2.4986846 1.9893583 1.1528369],"[[-0.49511987 -0.33765385  0.79997396]
 [-0.24374703  0.89970845  0.21812251]
 [ 0.6281743   0.22430757  0.5039101 ]
 [ 0.5484898  -0.16186643  0.24194853]]","[[-0.5370872   0.22828469  0.812049  ]
 [-0.09141437  0.94126123 -0.32507032]
 [ 0.83855873  0.24882406  0.48467085]]"
20200223-162921.907664,105,[2.5079355 1.9949905 1.1498852],"[[-0.4958113  -0.3393132   0.79883873]
 [-0.24614665  0.89861673  0.21804859]
 [ 0.6271464   0.22603582  0.5057544 ]
 [ 0.547969   -0.16205567  0.24191725]]","[[-0.5385816   0.22725923  0.81134635]
 [-0.09303561  0.94101024 -0.32533652]
 [ 0.83742106  0.25070432  0.48566762]]"
20200223-162921.907664,106,[2.513025  2.001137  1.1500384],"[[-0.49502778 -0.34542826  0.79670954]
 [-0.26153344  0.8947208   0.21456073]
 [ 0.6212116   0.23747373  0.50928724]
 [ 0.5483097  -0.15414424  0.24463013]]","[[-0.5470708   0.21980652  0.8077119 ]
 [-0.10721899  0.93856114 -0.3280355 ]
 [ 0.8301914   0.26606068  0.48989186]]"
20200223-162921.907664,107,[2.5225787 2.0014684 1.1484947],"[[-0.49503767 -0.34867686  0.79529005]
 [-0.2644085   0.8930929   0.21607217]
 [ 0.62019765  0.23876885  0.5110199 ]
 [ 0.5480698  -0.15426992  0.24430534]]","[[-0.54829586  0.2166833   0.80772513]
 [-0.10950851  0.9389305  -0.32621694]
 [ 0.82908344  0.26731616  0.4910831 ]]"
20200223-162921.907664,108,[2.5318127 2.0016172 1.1477442],"[[-0.49323407 -0.3538524   0.79412585]
 [-0.2721463   0.8901489   0.21665841]
 [ 0.61783993  0.24397139  0.51268965]
 [ 0.54857105 -0.1513325   0.24407515]]","[[-0.5509569   0.21110095  0.8073927 ]
 [-0.11692605  0.93840766 -0.32514524]
 [ 0.82630175  0.27354625  0.49233896]]"
20200223-162921.907664,109,[2.54243   1.9962752 1.1464572],"[[-0.49232543 -0.35947162  0.792168  ]
 [-0.27561918  0.8876551   0.22052161]
 [ 0.6169128   0.24462065  0.5145766 ]
 [ 0.54869723 -0.1516899   0.24300401]]","[[-0.55170494  0.2053112   0.8083743 ]
 [-0.1200444   0.9395887  -0.32056585]
 [ 0.82535523  0.2738986   0.4937293 ]]"
20200223-162921.907664,110,[2.5517056 1.9920802 1.146781 ],"[[-0.49093273 -0.36514595  0.7904398 ]
 [-0.28217447  0.8845874   0.22235638]
 [ 0.61479867  0.24835077  0.51665413]
 [ 0.54898596 -0.1499853   0.24255195]]","[[-0.5540158   0.198808    0.8084195 ]
 [-0.1262201   0.93978244 -0.31761256]
 [ 0.8228822   0.27800116  0.49556068]]"
20200223-162921.907664,111,[2.562402  1.9869746 1.1455   ],"[[-0.49013215 -0.37046754  0.7884629 ]
 [-0.28519014  0.8821806   0.22616528]
 [ 0.6139823   0.24867645  0.51851565]
 [ 0.54905653 -0.1505708   0.24148999]]","[[-0.5546018   0.19329679  0.80935353]
 [-0.12890792  0.94094527 -0.3130576 ]
 [ 0.8220705   0.27795437  0.49693242]]"
20200223-162921.907664,112,[2.571826  1.985519  1.1427814],"[[-0.48970017 -0.37765387  0.7853288 ]
 [-0.29312345  0.87863     0.22874747]
 [ 0.6106306   0.25196427  0.52173996]
 [ 0.5490018  -0.14799076  0.24232416]]","[[-0.5586156   0.18558222  0.8083985 ]
 [-0.13600262  0.94096094 -0.3099941 ]
 [ 0.81820047  0.28311178  0.50039566]]"
20200223-162921.907664,113,[2.5811942 1.9891852 1.1388388],"[[-0.4897233  -0.3831311   0.7826646 ]
 [-0.30057985  0.8755973   0.22956732]
 [ 0.6072319   0.25576594  0.5248477 ]
 [ 0.5487188  -0.14533943  0.24345456]]","[[-0.56274176  0.18000941  0.8067952 ]
 [-0.14253983  0.94025165 -0.30920762]
 [ 0.8142507   0.28900445  0.50346035]]"
20200223-162921.907664,114,[2.5898569 1.9953142 1.1379741],"[[-0.48898605 -0.3847837   0.78231585]
 [-0.30612543  0.8738217   0.22743177]
 [ 0.60509306  0.26069278  0.5260719 ]
 [ 0.5486732  -0.14288701  0.24393708]]","[[-0.5651344   0.17819776  0.80552405]
 [-0.14769322  0.9387675  -0.31129146]
 [ 0.8116713   0.29489192  0.5042111 ]]"
20200223-162921.907664,115,[2.5985093 1.9969279 1.1381031],"[[-0.488643   -0.3871847   0.7813478 ]
 [-0.31061685  0.87191814  0.2267569 ]
 [ 0.60324544  0.2641485   0.5277213 ]
 [ 0.5484896  -0.14167796  0.24410503]]","[[-0.5672307   0.17525911  0.8046949 ]
 [-0.15174587  0.93812305 -0.3112851 ]
 [ 0.8094584   0.29867956  0.5055372 ]]"
20200223-162921.907664,116,[2.6096394 1.999717  1.1393615],"[[-0.48838297 -0.38609254  0.78205174]
 [-0.31056342  0.87183124  0.22539671]
 [ 0.60361326  0.26560274  0.5275612 ]
 [ 0.5483463  -0.14247079  0.24345525]]","[[-0.56653166  0.17641307  0.8049351 ]
 [-0.15156594  0.9378425  -0.3122171 ]
 [ 0.8099815   0.2988816   0.5045792 ]]"
20200223-162921.907664,117,[2.6184952 1.9987931 1.138259 ],"[[-0.48742417 -0.3929764   0.7792292 ]
 [-0.3205163   0.86771023  0.22610539]
 [ 0.5992      0.271105    0.5307982 ]
 [ 0.54831207 -0.13838284  0.24480833]]","[[-0.57146007  0.16825013  0.80319697]
 [-0.16081765  0.9368182  -0.31065938]
 [ 0.8047181   0.30669764  0.50829655]]"
