Timestamp,Epoch,s,u,v
20200220-141031.648084,0,[2.041612   0.84925425 0.26547864],"[[ 0.43372887 -0.2815741   0.7955817 ]
 [ 0.4516797  -0.43927512 -0.09596045]
 [-0.54912955 -0.8201884  -0.05124594]
 [ 0.5534634  -0.23461567 -0.59599966]]","[[ 0.7142159  -0.00207654  0.6999225 ]
 [-0.69914675  0.04504808  0.7135578 ]
 [ 0.0330119   0.9989828  -0.03072223]]"
20200220-141031.648084,1,[2.0398345  0.84829503 0.2644035 ],"[[ 0.4334187  -0.28537914  0.78623503]
 [ 0.4517396  -0.4373699  -0.07765447]
 [-0.5513174  -0.8193372  -0.05615862]
 [ 0.5514785  -0.23654397 -0.61045104]]","[[ 0.71178293 -0.00557631  0.7023775 ]
 [-0.7016543   0.04040543  0.71137094]
 [ 0.03234668  0.9991679  -0.02484725]]"
20200220-141031.648084,2,[2.0358715  0.84750116 0.26309818],"[[ 0.43271655 -0.28942785  0.7763514 ]
 [ 0.4516362  -0.43577066 -0.05886427]
 [-0.55392486 -0.8181535  -0.06109523]
 [ 0.5494982  -0.2386641  -0.6245644 ]]","[[ 0.7083258  -0.00840368  0.70583576]
 [-0.7051944   0.03581936  0.70810866]
 [ 0.03123331  0.999323   -0.01944554]]"
20200220-141031.648084,3,[2.0355628  0.84661627 0.2612395 ],"[[ 0.4326553  -0.29346702  0.76555485]
 [ 0.4516905  -0.4338269  -0.04022454]
 [-0.55578685 -0.8173886  -0.06605849]
 [ 0.54761857 -0.23989017 -0.6387052 ]]","[[ 0.70690846 -0.0124008   0.7071965 ]
 [-0.7066175   0.03169919  0.7068855 ]
 [ 0.0311835   0.9994206  -0.0136458 ]]"
20200220-141031.648084,4,[2.0353334  0.8457628  0.25961676],"[[-0.4327289  -0.29729167  0.75419176]
 [-0.45183936 -0.43186018 -0.0214165 ]
 [ 0.55739665 -0.8167535  -0.07075559]
 [-0.5457985  -0.24089028 -0.65248   ]]","[[-0.7055566  -0.01629269  0.7084663 ]
 [ 0.7079762   0.02749567  0.7057008 ]
 [-0.03097752  0.9994891  -0.00786491]]"
20200220-141031.648084,5,[2.0340788 0.8444929 0.2577388],"[[-0.4324282  -0.3019655   0.74210674]
 [-0.45184472 -0.43016112 -0.00270801]
 [ 0.55936223 -0.81576425 -0.07615335]
 [-0.5440184  -0.24146834 -0.6659363 ]]","[[-7.0312345e-01 -2.1375339e-02  7.1074653e-01]
 [ 7.1042633e-01  2.1335533e-02  7.0344818e-01]
 [-3.0200597e-02  9.9954391e-01  1.8409002e-04]]"
20200220-141031.648084,6,[2.0331311  0.84384274 0.25686797],"[[-0.43221152 -0.30556637  0.72979313]
 [-0.45171437 -0.4287115   0.01675764]
 [ 0.56150687 -0.8147202  -0.08005413]
 [-0.5420862  -0.24303602 -0.6787583 ]]","[[-0.7008215  -0.02452737  0.7129149 ]
 [ 0.7127201   0.01746854  0.701231  ]
 [-0.02965293  0.99954647  0.00523882]]"
20200220-141031.648084,7,[2.0332513  0.8432165  0.25664446],"[[-0.43249893 -0.3086099   0.7168343 ]
 [-0.45181677 -0.42696992  0.03641077]
 [ 0.56303114 -0.81410265 -0.08337171]
 [-0.5401871  -0.24432166 -0.6912828 ]]","[[-0.69960636 -0.02790922  0.71398324]
 [ 0.7139211   0.01388927  0.7000883 ]
 [-0.02945563  0.9995139   0.01020796]]"
20200220-141031.648084,8,[2.030311   0.84299624 0.25573477],"[[-0.4317288  -0.31225324  0.70393413]
 [-0.45111057 -0.42629904  0.05602638]
 [ 0.56617105 -0.8123208  -0.08649665]
 [-0.5381076  -0.24678311 -0.70274913]]","[[-0.6962336  -0.02953246  0.7172076 ]
 [ 0.71723056  0.01170215  0.69673765]
 [-0.02896925  0.99949527  0.01303415]]"
20200220-141031.648084,9,[2.029751   0.84235066 0.25465798],"[[-0.43146384 -0.31610894  0.69002724]
 [-0.4507485  -0.42523053  0.07542302]
 [ 0.56847847 -0.8110136  -0.09009515]
 [-0.5361874  -0.24801433 -0.71418273]]","[[-0.69395757 -0.03300991  0.71925884]
 [ 0.71944624  0.00794089  0.6945028 ]
 [-0.02863703  0.9994236   0.01823822]]"
20200220-141031.648084,10,[2.0331862 0.8421238 0.2550953],"[[-0.43251392 -0.31803864  0.67593503]
 [-0.45111814 -0.42326415  0.0947684 ]
 [ 0.56918    -0.81095904 -0.09184781]
 [-0.53428304 -0.2490879  -0.7250483 ]]","[[-0.694981   -0.03563358  0.7181447 ]
 [ 0.7184215   0.00660642  0.69557667]
 [-0.02953026  0.99934316  0.0210086 ]]"
20200220-141031.648084,11,[2.0314624  0.8419318  0.25530544],"[[-0.4322917  -0.3210177   0.66163087]
 [-0.45059896 -0.42236817  0.11438299]
 [ 0.57168144 -0.80957943 -0.09388418]
 [-0.532226   -0.25126466 -0.7350828 ]]","[[-0.6927247  -0.03745031  0.7202291 ]
 [ 0.7206021   0.00478623  0.6933323 ]
 [-0.0294127   0.99928695  0.02367124]]"
20200220-141031.648084,12,[2.0298896  0.8417547  0.25570473],"[[-0.43209532 -0.3239281   0.6471551 ]
 [-0.45003724 -0.4215529   0.1336049 ]
 [ 0.5741865  -0.8081693  -0.09563663]
 [-0.53015983 -0.2534283  -0.74444175]]","[[-0.69049025 -0.03923023  0.7222771 ]
 [ 0.72274697  0.00306577  0.6911058 ]
 [-0.02932658  0.99922544  0.02623666]]"
20200220-141031.648084,13,[2.032552   0.8415673  0.25704956],"[[-0.4327703  -0.32593423  0.6324829 ]
 [-0.45004866 -0.42010674  0.15226755]
 [ 0.5755481  -0.8076073  -0.09657282]
 [-0.5281196  -0.2550442  -0.753295  ]]","[[-0.69047415 -0.04149057  0.7221661 ]
 [ 0.72273713  0.00175435  0.69112086]
 [-0.02994193  0.9991375   0.02877545]]"
20200220-141031.648084,14,[2.0324829  0.8407392  0.25685602],"[[-0.4327688  -0.32959253  0.61716586]
 [-0.44969118 -0.41939196  0.1700197 ]
 [ 0.57751685 -0.8063568  -0.09933244]
 [-0.52627313 -0.25547636 -0.7617958 ]]","[[-0.6883188  -0.04602206  0.72394705]
 [ 0.7248117  -0.00316251  0.6889398 ]
 [-0.02941695  0.99893534  0.03553414]]"
20200220-141031.648084,15,[2.0323956  0.8402194  0.25851318],"[[-0.43272254 -0.33251497  0.6020106 ]
 [-0.44910488 -0.4187692   0.18807259]
 [ 0.5799189  -0.8049217  -0.10063826]
 [-0.52416617 -0.25723004 -0.7694697 ]]","[[-0.6860988  -0.04934993  0.7258327 ]
 [ 0.72692215 -0.00645847  0.68668956]
 [-0.02920031  0.9987607   0.04030469]]"
20200220-141031.648084,16,[2.034591   0.83975786 0.2590724 ],"[[-0.43304753 -0.33536446  0.58662486]
 [-0.44881585 -0.4179896   0.20531762]
 [ 0.58167183 -0.80387586 -0.10214169]
 [-0.5221994  -0.25806767 -0.7767131 ]]","[[-0.68509203 -0.05280662  0.72654   ]
 [ 0.7278634  -0.00937817  0.68565816]
 [-0.02939368  0.9985607   0.04486091]]"
20200220-141031.648084,17,[2.0353944  0.8389672  0.26071143],"[[-0.4334077  -0.33836192  0.5707006 ]
 [-0.44851494 -0.4173004   0.22247466]
 [ 0.58344716 -0.8027772  -0.10367509]
 [-0.5201746  -0.25869    -0.783618  ]]","[[-0.68394107 -0.05791596  0.7272348 ]
 [ 0.7289409  -0.01395386  0.6844345 ]
 [-0.02949195  0.9982239   0.05176093]]"
20200220-141031.648084,18,[2.035747   0.83862466 0.2619919 ],"[[-0.4334437  -0.34115118  0.55533105]
 [-0.44790256 -0.41689247  0.2392135 ]
 [ 0.58569396 -0.80136055 -0.10460816]
 [-0.5181435  -0.260073   -0.7895832 ]]","[[-0.681853   -0.06077284  0.7289604 ]
 [ 0.730903   -0.01671275  0.6822767 ]
 [-0.02928097  0.9980117   0.05581469]]"
20200220-141031.648084,19,[2.0394647  0.83825976 0.26319358],"[[-0.4345602  -0.34309414  0.5395101 ]
 [-0.44822478 -0.41563565  0.25538102]
 [ 0.5863016  -0.80114603 -0.10522082]
 [-0.51623887 -0.26018947 -0.79538554]]","[[-0.6830725  -0.06446797  0.7274998 ]
 [ 0.72972375 -0.01898232  0.6834784 ]
 [-0.03025283  0.99773926  0.0600101 ]]"
20200220-141031.648084,20,[2.0399187  0.8379568  0.26476428],"[[-0.43461487 -0.34577155  0.5241814 ]
 [-0.44755897 -0.4153728   0.2712677 ]
 [ 0.58856493 -0.7996869  -0.10580456]
 [-0.51419085 -0.26154962 -0.80028325]]","[[-0.6809927  -0.06726539  0.72919434]
 [ 0.7316724  -0.02160688  0.681314  ]
 [-0.03007323  0.9975011   0.06393035]]"
20200220-141031.648084,21,[2.0384908  0.8379107  0.26690966],"[[-0.43413246 -0.34855354  0.5091219 ]
 [-0.44628784 -0.41549996  0.287314  ]
 [ 0.59185773 -0.7975251  -0.10567138]
 [-0.5119185  -0.26424214 -0.8044122 ]]","[[-0.6777163  -0.06860399  0.7321162 ]
 [ 0.73471504 -0.0226812   0.6779966 ]
 [-0.02990799  0.9973861   0.0657758 ]]"
20200220-141031.648084,22,[2.0373526  0.8378673  0.26922917],"[[-0.4336944  -0.35127574  0.4942724 ]
 [-0.44497997 -0.41564983  0.30279073]
 [ 0.5951117  -0.79536337 -0.10537962]
 [-0.50965095 -0.26690418 -0.80802685]]","[[-0.67448735 -0.06993347  0.73496675]
 [ 0.73768604 -0.02369932  0.67472786]
 [-0.02976785  0.9972701   0.06757385]]"
20200220-141031.648084,23,[2.036444   0.83755916 0.27083254],"[[-0.43332502 -0.35443726  0.47901648]
 [-0.44370478 -0.41606593  0.31754485]
 [ 0.5981766  -0.7931942  -0.10589784]
 [-0.5074842  -0.268527   -0.8114765 ]]","[[-0.6713058  -0.07287043  0.73758966]
 [ 0.7405929  -0.02632753  0.6714381 ]
 [-0.02950907  0.99699396  0.07164115]]"
20200220-141031.648084,24,[2.0375705 0.8375376 0.2729987],"[[-0.433356   -0.35675308  0.4644017 ]
 [-0.44274876 -0.41593438  0.33187145]
 [ 0.60070956 -0.7915264  -0.10534105]
 [-0.5052964  -0.2705776  -0.814307  ]]","[[-0.669344   -0.07423873  0.7392343 ]
 [ 0.74235773 -0.02701561  0.669459  ]
 [-0.02972892  0.9968746   0.07319441]]"
20200220-141031.648084,25,[2.0373666  0.83728266 0.2753157 ],"[[-0.4335411  -0.35921517  0.4494871 ]
 [-0.44193786 -0.4158769   0.3456714 ]
 [ 0.602894   -0.7900264  -0.10529282]
 [-0.5032416  -0.2717898  -0.81693715]]","[[-0.6673427  -0.07709152  0.74075013]
 [ 0.7441617  -0.02946975  0.6673492 ]
 [-0.02961724  0.99658847  0.07703497]]"
20200220-141031.648084,26,[2.0406156 0.8369647 0.2785887],"[[-0.4344755  -0.36088222  0.43495587]
 [-0.4419     -0.41520923  0.35850254]
 [ 0.6039508  -0.7894259  -0.10473083]
 [-0.50119764 -0.2723456  -0.81934196]]","[[-0.6675656  -0.08067898  0.740167  ]
 [ 0.7439399  -0.03200081  0.6674802 ]
 [-0.03016568  0.99622643  0.08138292]]"
20200220-141031.648084,27,[2.0440562  0.83625436 0.28014284],"[[-0.43540052 -0.36340484  0.4196657 ]
 [-0.44188333 -0.41535193  0.37019882]
 [ 0.6049075  -0.78865474 -0.10589728]
 [-0.49925178 -0.27100438 -0.8219607 ]]","[[-0.6678773  -0.08738286  0.7391239 ]
 [ 0.74363846 -0.03740203  0.66753495]
 [-0.03068639  0.9954724   0.08996125]]"
20200220-141031.648084,28,[2.0457237  0.83625    0.28327447],"[[-0.43587098 -0.36514667  0.4056885 ]
 [-0.4413201  -0.41496012  0.38275468]
 [ 0.606755   -0.78749186 -0.10473569]
 [-0.4970932  -0.27264032 -0.823375  ]]","[[-0.66700435 -0.08893959  0.7397261 ]
 [ 0.7444018  -0.0380263   0.6666482 ]
 [-0.03116238  0.99531084  0.0915705 ]]"
20200220-141031.648084,29,[2.0454159  0.83625776 0.28634894],"[[-0.43552354 -0.36765292  0.39229673]
 [-0.43976814 -0.4154117   0.39493993]
 [ 0.6100217  -0.78518504 -0.10372084]
 [-0.49477017 -0.27522588 -0.824238  ]]","[[-0.6638285  -0.09012097  0.7424354 ]
 [ 0.7472358  -0.03856654  0.66343915]
 [-0.03115663  0.9951839   0.09294315]]"
20200220-141031.648084,30,[2.0470765  0.8360769  0.28809175],"[[-0.4356799  -0.37008667  0.3787869 ]
 [-0.43875986 -0.41591075  0.40591732]
 [ 0.61236745 -0.7834522  -0.10354283]
 [-0.49262455 -0.27614623 -0.8252458 ]]","[[-0.66200817 -0.09289702  0.7437174 ]
 [ 0.74884045 -0.04046419  0.661514  ]
 [-0.03135876  0.99485314  0.09635264]]"
20200220-141031.648084,31,[2.0473752  0.8358949  0.29099575],"[[-0.43573278 -0.37252933  0.36519215]
 [-0.43761116 -0.41639853  0.41705197]
 [ 0.61496973 -0.7815468  -0.10300356]
 [-0.49035275 -0.2775223  -0.82588875]]","[[-0.6600012  -0.09584154  0.74512607]
 [ 0.7505971  -0.04232125  0.65940356]
 [-0.03166359  0.99449664  0.09987047]]"
20200220-141031.648084,32,[2.049203   0.8357459  0.29385868],"[[-0.43602723 -0.3746238   0.35243574]
 [-0.4366684  -0.41673517  0.4272353 ]
 [ 0.61712027 -0.7799805  -0.10239397]
 [-0.48822483 -0.27860218 -0.8263019 ]]","[[-0.6581912  -0.09844119  0.7463871 ]
 [ 0.7521833  -0.04424881  0.6574665 ]
 [-0.03169505  0.99415857  0.10317001]]"
20200220-141031.648084,33,[2.05271    0.8353626  0.29776165],"[[-0.43694615 -0.37633723  0.33930284]
 [-0.4365166  -0.41684934  0.43666625]
 [ 0.618251   -0.77917236 -0.10205466]
 [-0.48610407 -0.27838337 -0.82691044]]","[[-0.65846115 -0.10358172  0.7454528 ]
 [ 0.75191957 -0.04797645  0.657507  ]
 [-0.03234152  0.9934632   0.10947578]]"
20200220-141031.648084,34,[2.0548072 0.8352294 0.3003395],"[[-0.4375329  -0.37817097  0.32674494]
 [-0.4359397  -0.41712192  0.44597042]
 [ 0.6198969  -0.7779718  -0.10149863]
 [-0.4839931  -0.27884722 -0.8270709 ]]","[[-0.6577585  -0.10657213  0.7456514 ]
 [ 0.75251466 -0.04987769  0.656684  ]
 [-0.03279285  0.993053    0.11300459]]"
20200220-141031.648084,35,[2.0582728  0.8350925  0.30377287],"[[-0.4381086  -0.37992054  0.31470352]
 [-0.43533492 -0.4174057   0.45479125]
 [ 0.6216202  -0.7767265  -0.10071295]
 [-0.48180178 -0.27951533 -0.8270331 ]]","[[-0.6570005  -0.10967236  0.7458702 ]
 [ 0.75315714 -0.05186968  0.6557924 ]
 [-0.03323426  0.99261355  0.11667895]]"
20200220-141031.648084,36,[2.060443   0.83498645 0.3059237 ],"[[-0.4383425  -0.38207155  0.30276504]
 [-0.4342527  -0.4181475   0.46343595]
 [ 0.623917   -0.77496797 -0.10023612]
 [-0.479592   -0.28035447 -0.82674867]]","[[-0.6552714  -0.11224995  0.7470071 ]
 [ 0.75464994 -0.05341123  0.65395   ]
 [-0.03350729  0.9922435   0.11970828]]"
20200220-141031.648084,37,[2.0626626  0.8350294  0.30909592],"[[-0.43854666 -0.38389432  0.2917258 ]
 [-0.4331077  -0.4184213   0.47206327]
 [ 0.6263176  -0.7732341  -0.09878362]
 [-0.47730553 -0.2822364  -0.826011  ]]","[[-0.6534878  -0.11315616  0.74843127]
 [ 0.7561793  -0.05336353  0.6521849 ]
 [-0.03385982  0.9921432   0.12043877]]"
20200220-141031.648084,38,[2.066277   0.83505434 0.313804  ],"[[-0.43910822 -0.38527095  0.28103745]
 [-0.43242607 -0.41826338  0.48027417]
 [ 0.6281138  -0.7720191  -0.09697926]
 [-0.4750418  -0.28391632 -0.8251966 ]]","[[-0.6527015  -0.11457675  0.7489011 ]
 [ 0.7568347  -0.05374913  0.65139264]
 [-0.03438167  0.99195945  0.12179777]]"
20200220-141031.648084,39,[2.068664   0.8350948  0.31712326],"[[-0.43933854 -0.387055    0.2706072 ]
 [-0.43125668 -0.4185459   0.48822358]
 [ 0.6304777  -0.7702873  -0.09548796]
 [-0.4727551  -0.28577164 -0.8241918 ]]","[[-0.6509576  -0.1154527   0.7502833 ]
 [ 0.7583187  -0.05366427  0.64967144]
 [-0.0347429   0.99186236  0.12248308]]"
20200220-141031.648084,40,[2.0725577  0.83513415 0.32115138],"[[-0.4407384  -0.38758758  0.260066  ]
 [-0.43174675 -0.41766682  0.4955227 ]
 [ 0.6307008  -0.7703446  -0.09360453]
 [-0.4707028  -0.28618065 -0.8234449 ]]","[[-0.6526413  -0.11698788  0.748581  ]
 [ 0.7568242  -0.05406606  0.6513786 ]
 [-0.03573057  0.99166065  0.12382498]]"
20200220-141031.648084,41,[2.0750825  0.8351805  0.32410124],"[[-0.4413815  -0.38893935  0.24997132]
 [-0.43116683 -0.4176173   0.5027085 ]
 [ 0.63228464 -0.76923805 -0.09205806]
 [-0.46850184 -0.28739303 -0.8223892 ]]","[[-0.6521151  -0.11790192  0.74889594]
 [ 0.75724953 -0.05397432  0.65089166]
 [-0.03632024  0.99155736  0.12447865]]"
20200220-141031.648084,42,[2.0789945  0.83505446 0.32742506],"[[-0.44242892 -0.39004084  0.23968528]
 [-0.43116462 -0.41770685  0.50902736]
 [ 0.6331214  -0.76866513 -0.09112331]
 [-0.46638086 -0.28730312 -0.8216682 ]]","[[-0.6526756  -0.12094021  0.7479226 ]
 [ 0.75673383 -0.05586135  0.651332  ]
 [-0.03699226  0.9910867   0.1279789 ]]"
20200220-141031.648084,43,[2.0814557  0.8350921  0.33150682],"[[-0.44302166 -0.39138457  0.23008859]
 [-0.43050107 -0.4176778   0.51579374]
 [ 0.634796   -0.7674808  -0.0894649 ]
 [-0.4641496  -0.288681   -0.8203732 ]]","[[-0.65198463 -0.12216889  0.74832547]
 [ 0.7573027  -0.05606364  0.65065336]
 [-0.03753576  0.9909247   0.12907146]]"
20200220-141031.648084,44,[2.0838566  0.8349628  0.33585647],"[[-0.44322503 -0.39332128  0.22070047]
 [-0.42921603 -0.4186365   0.52184945]
 [ 0.6372128  -0.76556474 -0.08870716]
 [-0.461828   -0.28974503 -0.8192043 ]]","[[-0.6500163  -0.12525687  0.74952614]
 [ 0.7589822  -0.05801747  0.6485213 ]
 [-0.03774612  0.99042654  0.13278003]]"
20200220-141031.648084,45,[2.0866692  0.83501047 0.3382115 ],"[[-0.4435433  -0.39495447  0.21201016]
 [-0.42809388 -0.4190069   0.527879  ]
 [ 0.6394039  -0.7639053  -0.08724139]
 [-0.45952982 -0.29136387 -0.81779224]]","[[-0.6484903  -0.12559044  0.75079113]
 [ 0.7602655  -0.05740656  0.6470708 ]
 [-0.03816559  0.9904199   0.13270968]]"
20200220-141031.648084,46,[2.0881371  0.8350463  0.34121373],"[[-0.44343507 -0.3970683   0.20351231]
 [-0.4262833  -0.41979036  0.5340152 ]
 [ 0.6423934  -0.76154417 -0.08591289]
 [-0.45714164 -0.2935355  -0.81610644]]","[[-0.64565367 -0.12609655  0.7531475 ]
 [ 0.7626671  -0.05695856  0.64427835]
 [-0.03834308  0.9903814   0.13294518]]"
20200220-141031.648084,47,[2.0910068  0.8349698  0.34429067],"[[-0.44405898 -0.39854693  0.19451086]
 [-0.42561623 -0.42039478  0.5392863 ]
 [ 0.6440286  -0.76026016 -0.08503795]
 [-0.45485142 -0.29399484 -0.8149259 ]]","[[-0.6451872  -0.12861688  0.753121  ]
 [ 0.7630275  -0.05812423  0.6437475 ]
 [-0.03902223  0.9899896   0.1356392 ]]"
20200220-141031.648084,48,[2.093854   0.83490086 0.3473403 ],"[[-0.44475737 -0.3999335   0.1858127 ]
 [-0.42502618 -0.4211164   0.5440769 ]
 [ 0.6455065  -0.7590781  -0.08438533]
 [-0.4526204  -0.29413384 -0.8138383 ]]","[[-0.6447063  -0.13142365  0.7530483 ]
 [ 0.7634069  -0.0597303   0.6431503 ]
 [-0.03954536  0.9895252   0.13883822]]"
20200220-141031.648084,49,[2.098218   0.83484256 0.3502174 ],"[[-0.44550598 -0.40118265  0.17775922]
 [-0.4245105  -0.42177814  0.5483841 ]
 [ 0.646898   -0.75797755 -0.08361386]
 [-0.45037606 -0.29432246 -0.8128256 ]]","[[-0.6443683  -0.13388272  0.7529046 ]
 [ 0.7636641  -0.06104512  0.6427216 ]
 [-0.04008817  0.9891152   0.1415769 ]]"
20200220-141031.648084,50,[2.1013756 0.8348821 0.3526987],"[[-0.44588986 -0.40268365  0.17028488]
 [-0.42340526 -0.42212364  0.553314  ]
 [ 0.6489647  -0.7563749  -0.08209564]
 [-0.44805762 -0.2958966  -0.8112382 ]]","[[-0.64295375 -0.13404076  0.75408465]
 [ 0.7648331  -0.06029036  0.6414012 ]
 [-0.04050986  0.98914003  0.14128271]]"
20200220-141031.648084,51,[2.1056294  0.8349252  0.35633743],"[[-0.4469843  -0.4033478   0.16276972]
 [-0.4234588  -0.42174876  0.5577901 ]
 [ 0.6496768  -0.75595695 -0.08028368]
 [-0.4458787  -0.29659283 -0.8098954 ]]","[[-0.64373726 -0.13488679  0.75326484]
 [ 0.7641311  -0.0601727   0.6422484 ]
 [-0.04130485  0.98903227  0.14180663]]"
20200220-141031.648084,52,[2.10843    0.83496624 0.36025342],"[[-0.4480358  -0.40409768  0.15501454]
 [-0.42346206 -0.42147222  0.5623296 ]
 [ 0.65044296 -0.75547403 -0.07860225]
 [-0.44369766 -0.2971957  -0.80844134]]","[[-0.644399   -0.13608994  0.75248206]
 [ 0.76353085 -0.0603621   0.642944  ]
 [-0.04207681  0.98885584  0.14280617]]"
20200220-141031.648084,53,[2.111292   0.83490855 0.36413914],"[[-0.44900236 -0.40505546  0.14701603]
 [-0.42336893 -0.42187965  0.5662996 ]
 [ 0.65136474 -0.75477403 -0.07768131]
 [-0.44145185 -0.2970918  -0.8072526 ]]","[[-0.6450038  -0.1390125   0.751429  ]
 [ 0.7629728  -0.06191316  0.64345884]
 [-0.0429255   0.9883532   0.145997  ]]"
20200220-141031.648084,54,[2.114175   0.83485734 0.3680741 ],"[[-0.4499615  -0.4060023   0.1391193 ]
 [-0.42327747 -0.42232603  0.5701297 ]
 [ 0.65228456 -0.7540698  -0.07679252]
 [-0.43919876 -0.2969535  -0.80604035]]","[[-0.6455988  -0.14195912  0.7503666 ]
 [ 0.7624214  -0.06349676  0.6439578 ]
 [-0.04376984  0.9878338   0.14922608]]"
20200220-141031.648084,55,[2.1182656  0.83483815 0.37203357],"[[-0.45167875 -0.40598515  0.1312328 ]
 [-0.42452398 -0.422038    0.5733342 ]
 [ 0.6516851  -0.75470316 -0.07564542]
 [-0.43711782 -0.29577532 -0.8051976 ]]","[[-0.64859843 -0.14508873  0.74717414]
 [ 0.7597984  -0.06536365  0.64686453]
 [-0.04501471  0.9872573   0.15263297]]"
20200220-141031.648084,56,[2.122585   0.8347506  0.37518495],"[[-0.45303735 -0.4064654   0.12337213]
 [-0.42516235 -0.42294112  0.57579404]
 [ 0.65177226 -0.7546278  -0.07564741]
 [-0.43495658 -0.29401293 -0.8046851 ]]","[[-0.65043056 -0.14979084  0.7446493 ]
 [ 0.75817144 -0.06866311  0.6484298 ]
 [-0.04599891  0.9863306   0.15822776]]"
20200220-141031.648084,57,[2.1255012  0.8346959  0.37946275],"[[-0.45365265 -0.40769696  0.11641781]
 [-0.42446834 -0.42396712  0.57896346]
 [ 0.6533229  -0.7533392  -0.07511728]
 [-0.43266025 -0.29413453 -0.8034959 ]]","[[-0.649729   -0.15291856  0.7446262 ]
 [ 0.7587458  -0.07060962  0.6475487 ]
 [-0.04644443  0.98571324  0.16190344]]"
20200220-141031.648084,58,[2.1297932  0.83475125 0.3838941 ],"[[-0.45502523 -0.40785274  0.10995489]
 [-0.42515662 -0.42342952  0.5821007 ]
 [ 0.65334916 -0.7534978  -0.07327843]
 [-0.43049842 -0.2942869  -0.8023086 ]]","[[-0.651526   -0.15411271  0.7428077 ]
 [ 0.7571443  -0.07092291  0.6493862 ]
 [-0.04739659  0.98550457  0.16289371]]"
20200220-141031.648084,59,[2.13153   0.8346792 0.3880448],"[[-0.45486733 -0.4100097   0.10364212]
 [-0.42307344 -0.4253103   0.5853265 ]
 [ 0.65643495 -0.7508299  -0.07309666]
 [-0.42801625 -0.2953939  -0.8008172 ]]","[[-0.6484027  -0.15699342  0.7449342 ]
 [ 0.75981694 -0.07245479  0.64608717]
 [-0.04745739  0.9849383   0.16626614]]"
20200220-141031.648084,60,[2.1345918 0.8346267 0.3921587],"[[-0.45551208 -0.41124517  0.09673799]
 [-0.42237177 -0.4270582   0.58757985]
 [ 0.657933   -0.74948317 -0.07345787]
 [-0.42571735 -0.29457378 -0.7999973 ]]","[[-0.64771396 -0.16161405  0.74454534]
 [ 0.7603792  -0.07574195  0.64504784]
 [-0.04785549  0.98394316  0.17194702]]"
20200220-141031.648084,61,[2.137652   0.83462834 0.3960917 ],"[[-0.45644325 -0.41201088  0.09010994]
 [-0.42230943 -0.42774957  0.59017026]
 [ 0.65880835 -0.7487847  -0.07273785]
 [-0.42342257 -0.29427662 -0.79892975]]","[[-0.6483074  -0.16440207  0.7434176 ]
 [ 0.7598201  -0.07725414  0.6455272 ]
 [-0.04869393  0.9833636   0.17500041]]"
20200220-141031.648084,62,[2.1407816  0.8346045  0.40035823],"[[-0.45705914 -0.41314748  0.08391018]
 [-0.4216031  -0.42897096  0.5925572 ]
 [ 0.6603274  -0.74748045 -0.07238518]
 [-0.4210888  -0.2942218  -0.7978694 ]]","[[-0.64762014 -0.16753799  0.7433164 ]
 [ 0.76037675 -0.07917652  0.6446382 ]
 [-0.04914818  0.98268116  0.17866829]]"
20200220-141031.648084,63,[2.1453185  0.83458817 0.4035325 ],"[[-0.4583503  -0.41344717  0.07706223]
 [-0.42227563 -0.42997304  0.59414566]
 [ 0.6604444  -0.74738586 -0.07229695]
 [-0.41882178 -0.29257333 -0.7973865 ]]","[[-0.64954287 -0.17168638  0.7406874 ]
 [ 0.7586616  -0.08194836  0.6463103 ]
 [-0.05026456  0.9817374   0.18348087]]"
20200220-141031.648084,64,[2.1486459  0.83456063 0.4082392 ],"[[-0.4585601  -0.41503847  0.07146779]
 [-0.4208131  -0.43164822  0.5964031 ]
 [ 0.66277826 -0.74533707 -0.07209662]
 [-0.41637024 -0.2930801  -0.7962399 ]]","[[-0.6475907  -0.17477356  0.74167436]
 [ 0.7603115  -0.08366545  0.6441482 ]
 [-0.05052752  0.98104775  0.18706323]]"
20200220-141031.648084,65,[2.1521025  0.83453757 0.4129477 ],"[[-0.45878068 -0.4165979   0.06608615]
 [-0.41934544 -0.4333427   0.5984897 ]
 [ 0.6650831  -0.74329686 -0.07193293]
 [-0.41392574 -0.29354724 -0.7951531 ]]","[[-0.6456673  -0.17783983  0.7426217 ]
 [ 0.7619275  -0.0853433   0.64201504]
 [-0.05079805  0.9803518   0.19060442]]"
20200220-141031.648084,66,[2.155622   0.834555   0.41756043],"[[-0.4591162  -0.41800243  0.06105501]
 [-0.41796958 -0.43490767  0.60038435]
 [ 0.6671741  -0.74143714 -0.0717566 ]
 [-0.41157347 -0.29393968 -0.79414237]]","[[-0.64381945 -0.18060194  0.7435589 ]
 [ 0.7634801  -0.08692896  0.6399545 ]
 [-0.05094022  0.97970736  0.19385248]]"
20200220-141031.648084,67,[2.1594112 0.8345264 0.4211428],"[[-0.45942765 -0.41937613  0.0566847 ]
 [-0.41666624 -0.4354285   0.6029433 ]
 [ 0.6692706  -0.73968595 -0.07028068]
 [-0.4091365  -0.29561955 -0.7926583 ]]","[[-0.6422231  -0.18070273  0.7449135 ]
 [ 0.76479685 -0.08597551  0.6385094 ]
 [-0.05133606  0.9797729   0.19341636]]"
20200220-141031.648084,68,[2.1608808  0.83448017 0.42484197],"[[-0.4589161  -0.421855    0.05236483]
 [-0.4137476  -0.43687618  0.60602856]
 [ 0.6730038  -0.7363775  -0.06934591]
 [-0.40654022 -0.2982048  -0.7906823 ]]","[[-0.63802963 -0.18101217  0.7484337 ]
 [ 0.76829696 -0.08481751  0.6344494 ]
 [-0.05136277  0.9798168   0.19318715]]"
20200220-141031.648084,69,[2.1655734  0.8345072  0.42963904],"[[-0.45995203 -0.4223139   0.047141  ]
 [-0.4138031  -0.4379232   0.60714966]
 [ 0.67362946 -0.7358296  -0.06906218]
 [-0.404271   -0.2973707  -0.790176  ]]","[[-0.6386761  -0.18439531  0.74705523]
 [ 0.767717   -0.08709505  0.6348427 ]
 [-0.05199721  0.97898567  0.1971889 ]]"
20200220-141031.648084,70,[2.1700356 0.834565  0.4340161],"[[-0.46129254 -0.42235228  0.04168557]
 [-0.4145736  -0.43847662  0.6082398 ]
 [ 0.67359334 -0.7359214  -0.06840371]
 [-0.40200752 -0.29627055 -0.789701  ]]","[[-0.6406204  -0.18732655  0.74465716]
 [ 0.7660264  -0.08897647  0.6366213 ]
 [-0.0529991   0.97825956  0.20049725]]"
20200220-141031.648084,71,[2.1748936 0.8345679 0.4376175],"[[-0.46239054 -0.4226584   0.03745078]
 [-0.41482767 -0.43825883  0.6099455 ]
 [ 0.6740448  -0.735664   -0.06667054]
 [-0.39972118 -0.2967953  -0.78874505]]","[[-0.64155006 -0.18759072  0.74378973]
 [ 0.7651959  -0.08856795  0.63767606]
 [-0.0537462   0.97824603  0.20036438]]"
20200220-141031.648084,72,[2.1765327  0.83454293 0.44099855],"[[-0.4619864  -0.42502105  0.0331674 ]
 [-0.41191375 -0.44067907  0.6118606 ]
 [ 0.67757666 -0.7323726  -0.06704018]
 [-0.39722258 -0.297976   -0.78742135]]","[[-0.6373456  -0.1899318   0.74680424]
 [ 0.76871437 -0.08934738  0.63332105]
 [-0.0535628   0.97772354  0.20294842]]"
20200220-141031.648084,73,[2.1807086  0.8345459  0.44433978],"[[-0.4622934  -0.4263746   0.02888111]
 [-0.41055897 -0.44233295  0.6130803 ]
 [ 0.67962086 -0.730479   -0.06692997]
 [-0.3947679  -0.29823807 -0.7866502 ]]","[[-0.6357319  -0.19226192  0.7475831 ]
 [ 0.7700257  -0.09032698  0.63158655]
 [-0.05390314  0.9771778   0.20547038]]"
20200220-141031.648084,74,[2.183926   0.8344601  0.44716182],"[[-0.4622771  -0.42818964  0.02542199]
 [-0.4085268  -0.4431067   0.6154053 ]
 [ 0.6823159  -0.72807443 -0.06561443]
 [-0.39223763 -0.30036262 -0.7850632 ]]","[[-0.63305455 -0.19187777  0.7499498 ]
 [ 0.7722123  -0.0887886   0.62913007]
 [-0.05412908  0.9773943   0.20437841]]"
20200220-141031.648084,75,[2.1889637  0.83443034 0.44918957],"[[-0.46342435 -0.42841765  0.02107874]
 [-0.40895647 -0.44351238  0.61627996]
 [ 0.6826297  -0.7278641  -0.06460167]
 [-0.38988405 -0.29994896 -0.78458995]]","[[-0.63432103 -0.19317085  0.7485466 ]
 [ 0.77111155 -0.08922419  0.6304174 ]
 [-0.0549898   0.9770999   0.20555307]]"
20200220-141031.648084,76,[2.192433   0.8344674  0.45289078],"[[-0.46439624 -0.4288736   0.01615882]
 [-0.40903595 -0.44453773  0.6171583 ]
 [ 0.6832695  -0.72728837 -0.06423011]
 [-0.38751578 -0.2991741  -0.78404665]]","[[-0.63514245 -0.195888    0.7471426 ]
 [ 0.77037483 -0.09074394  0.6311007 ]
 [-0.05582639  0.9764186   0.20854251]]"
20200220-141031.648084,77,[2.1979692  0.8343884  0.45548445],"[[-0.46522754 -0.42949718  0.0131463 ]
 [-0.40875646 -0.4442978   0.61863047]
 [ 0.6842112  -0.72656107 -0.06229236]
 [-0.38514474 -0.30040047 -0.7830986 ]]","[[-0.63516325 -0.19511029  0.7473285 ]
 [ 0.7703168  -0.08937901  0.63136643]
 [-0.05639064  0.9767001   0.20706698]]"
20200220-141031.648084,78,[2.2023904  0.83433205 0.45708844],"[[-0.46577102 -0.43052927  0.00962738]
 [-0.40774584 -0.44546416  0.61953825]
 [ 0.68577456 -0.7251114  -0.06183908]
 [-0.38277116 -0.3006985  -0.7824674 ]]","[[-0.6339337  -0.19625096  0.7480733 ]
 [ 0.77131385 -0.08965135  0.6301091 ]
 [-0.05659373  0.9764467   0.2082041 ]]"
20200220-141031.648084,79,[2.205983   0.83439064 0.4607412 ],"[[-0.46664947 -0.43103835  0.00416832]
 [-0.40773317 -0.44751343  0.6196762 ]
 [ 0.6865484  -0.72430724 -0.06253912]
 [-0.3803202  -0.29885888 -0.7823509 ]]","[[-0.63471127 -0.20090954  0.74617505]
 [ 0.7706064  -0.09269775  0.6305341 ]
 [-0.05751157  0.9752141   0.2136585 ]]"
20200220-141031.648084,80,[2.2110832 0.8344497 0.4640858],"[[-4.6772224e-01 -4.3124121e-01  3.8655999e-06]
 [-4.0799451e-01 -4.4858921e-01  6.1986458e-01]
 [ 6.8693811e-01 -7.2394538e-01 -6.2290307e-02]
 [-3.7801120e-01 -2.9782876e-01 -7.8223276e-01]]","[[-0.6356482  -0.20352052  0.74466825]
 [ 0.7697818  -0.09437712  0.6312915 ]
 [-0.05820113  0.9745114   0.21665706]]"
20200220-141031.648084,81,[2.2163107  0.8344978  0.46580487],"[[-0.46878502 -0.43139878 -0.00461686]
 [-0.40835613 -0.45031765  0.6194878 ]
 [ 0.6873099  -0.72354007 -0.06272244]
 [-0.375621   -0.2959712  -0.7824831 ]]","[[-0.6367794  -0.20712477  0.7427054 ]
 [ 0.7687845  -0.09683494  0.632134  ]
 [-0.05901076  0.9735103   0.22089685]]"
20200220-141031.648084,82,[2.2207975  0.83448416 0.4688882 ],"[[-0.46924394 -0.4324654  -0.00796805]
 [-0.40717942 -0.45180357  0.6200887 ]
 [ 0.6889881  -0.72193396 -0.06259062]
 [-0.37324312 -0.29607254 -0.7819906 ]]","[[-0.63531834 -0.20901138  0.743428  ]
 [ 0.769981   -0.09769605  0.6305435 ]
 [-0.05916077  0.97302103  0.22300284]]"
20200220-141031.648084,83,[2.2243178  0.83453405 0.47104385],"[[-0.46924466 -0.43410873 -0.01209396]
 [-0.4050456  -0.45498788  0.62014353]
 [ 0.6915939  -0.71928227 -0.06408361]
 [-0.37073582 -0.29524356 -0.78177303]]","[[-0.63247323 -0.21314967  0.7446778 ]
 [ 0.7723209  -0.10012866  0.62729156]
 [-0.05914338  0.97187537  0.22794862]]"
20200220-141031.648084,84,[2.2279904 0.8345916 0.4746743],"[[-0.4702097  -0.4344128  -0.01651967]
 [-0.40519014 -0.45614353  0.6204786 ]
 [ 0.6921317  -0.71876705 -0.06385586]
 [-0.36834425 -0.29426688 -0.78144497]]","[[-0.6333521  -0.21580893  0.7431634 ]
 [ 0.77153736 -0.10168434  0.62800527]
 [-0.05996105  0.9711266   0.23090662]]"
20200220-141031.648084,85,[2.2326405  0.83471453 0.47900957],"[[-0.47054178 -0.43550873 -0.02085209]
 [-0.40370294 -0.45944527  0.6198848 ]
 [ 0.6940474  -0.716722   -0.06570631]
 [-0.3659408  -0.29249173 -0.78165895]]","[[-0.631538   -0.2212665   0.74310225]
 [ 0.7730174  -0.10547957  0.62555414]
 [-0.0600321   0.9694922   0.23765723]]"
20200220-141031.648084,86,[2.2367978  0.83480346 0.48296842],"[[-0.47129735 -0.43607578 -0.0246775 ]
 [-0.40315747 -0.46111676  0.6199211 ]
 [ 0.6950657  -0.71568114 -0.06600655]
 [-0.3636298  -0.29156378 -0.7814934 ]]","[[-0.6311469  -0.22420542  0.74255335]
 [ 0.7733112  -0.10738415  0.6248667 ]
 [-0.06036004  0.96860754  0.24115574]]"
20200220-141031.648084,87,[2.2417836  0.83466554 0.486363  ],"[[-0.47169316 -0.43724692 -0.02704224]
 [-0.40197304 -0.46144557  0.62119776]
 [ 0.69677234 -0.7141292  -0.06449766]
 [-0.36115256 -0.2930907  -0.7805268 ]]","[[-0.6298136  -0.22376199  0.74381804]
 [ 0.77437085 -0.10604442  0.62378234]
 [-0.06070103  0.9688576   0.24006297]]"
20200220-141031.648084,88,[2.2455056 0.8346727 0.4900744],"[[-0.47276345 -0.43741477 -0.03048037]
 [-0.40229273 -0.46163356  0.621861  ]
 [ 0.6970617  -0.7139304  -0.06329142]
 [-0.35883176 -0.29302868 -0.77997047]]","[[-0.63080466 -0.22450356  0.7427543 ]
 [ 0.773508   -0.10618269  0.6248285 ]
 [-0.06140859  0.9686709   0.2406358 ]]"
20200220-141031.648084,89,[2.2505548  0.83446527 0.49176046],"[[-0.4732496  -0.43848434 -0.0323735 ]
 [-0.40136072 -0.46141356  0.6232263 ]
 [ 0.6985467  -0.71262836 -0.06121103]
 [-0.3563381  -0.29493985 -0.77896965]]","[[-0.62977177 -0.2228696   0.7441214 ]
 [ 0.77431977 -0.10393286  0.6242008 ]
 [-0.06177676  0.96929204  0.23802634]]"
20200220-141031.648084,90,[2.256625   0.83425075 0.49265197],"[[-0.47419998 -0.4389034  -0.03414655]
 [-0.4014659  -0.46047357  0.62435424]
 [ 0.6990648  -0.7123104  -0.05859665]
 [-0.35393256 -0.29654968 -0.7781919 ]]","[[-0.6302277  -0.2205965   0.74441284]
 [ 0.7739051  -0.10152107  0.62511164]
 [-0.06232388  0.9700673   0.23470214]]"
20200220-141031.648084,91,[2.2620142  0.83434194 0.49739888],"[[-0.47521454 -0.438966   -0.03803565]
 [-0.40167004 -0.46213236  0.6237419 ]
 [ 0.69942707 -0.71188855 -0.05899129]
 [-0.3516163  -0.29488498 -0.7784721 ]]","[[-0.6310499  -0.22426076  0.742619  ]
 [ 0.77318573 -0.10417489  0.62556475]
 [-0.0629274   0.9689451   0.23913483]]"
20200220-141031.648084,92,[2.2665644  0.8342985  0.49993148],"[[-0.47587645 -0.43962738 -0.04143822]
 [-0.40124202 -0.46324825  0.62401074]
 [ 0.7004807  -0.7108573  -0.05850933]
 [-0.3491036  -0.29463658 -0.77811974]]","[[-0.63096726 -0.22584735  0.7422084 ]
 [ 0.7732016  -0.10468899  0.6254593 ]
 [-0.06355729  0.968521    0.24068086]]"
20200220-141031.648084,93,[2.271789  0.8342411 0.5029914],"[[-0.47622585 -0.44070095 -0.04441089]
 [-0.39999187 -0.46501163  0.62406284]
 [ 0.7022031  -0.70910645 -0.05859636]
 [-0.3465928  -0.29447418 -0.77790713]]","[[-0.62955797 -0.22802907  0.7427377 ]
 [ 0.7743273  -0.10561333  0.62390935]
 [-0.06382647  0.9679093   0.2430589 ]]"
20200220-141031.648084,94,[2.2773063  0.8341813  0.50640583],"[[-0.47738516 -0.44069377 -0.04690981]
 [-0.40057907 -0.46471953  0.624458  ]
 [ 0.7022145  -0.7091972  -0.05690169]
 [-0.34428814 -0.29472664 -0.7775692 ]]","[[-0.6308173  -0.22792459  0.7417007 ]
 [ 0.7732465  -0.10520636  0.625317  ]
 [-0.06449354  0.9679781   0.24260788]]"
20200220-141031.648084,95,[2.2819138  0.83406717 0.50904953],"[[-0.47813937 -0.4413107  -0.04926112]
 [-0.4002902  -0.46469575  0.6252656 ]
 [ 0.70305324 -0.708456   -0.05526333]
 [-0.34185842 -0.2956229  -0.77689224]]","[[-0.63082314 -0.22745717  0.7418392 ]
 [ 0.77319765 -0.10415422  0.6255536 ]
 [-0.06502101  0.968202    0.24157222]]"
20200220-141031.648084,96,[2.285527   0.83417094 0.5121125 ],"[[-0.4784092  -0.44236413 -0.05345552]
 [-0.3988088  -0.46798098  0.62449855]
 [ 0.7049214  -0.70640355 -0.05707266]
 [-0.33935547 -0.2937716  -0.7771016 ]]","[[-0.62920856 -0.23227242  0.7417184 ]
 [ 0.77449125 -0.10723188  0.62342995]
 [-0.06526974  0.96672165  0.24736415]]"
20200220-141031.648084,97,[2.2900836 0.8341881 0.5143589],"[[-0.4792516  -0.44269302 -0.05647315]
 [-0.39857024 -0.46931607  0.62409765]
 [ 0.7056056  -0.70567465 -0.05704581]
 [-0.33701718 -0.292897   -0.7772122 ]]","[[-0.6291861  -0.23424384  0.7411172 ]
 [ 0.774481   -0.10846188  0.62322974]
 [-0.06560475  0.9661086   0.24966009]]"
20200220-141031.648084,98,[2.2945745  0.83417875 0.51813585],"[[-0.47924784 -0.4442633  -0.05917146]
 [-0.39634278 -0.47172582  0.6241124 ]
 [ 0.7080441  -0.7031092  -0.05777006]
 [-0.33452567 -0.29281774 -0.7769459 ]]","[[-0.6263758  -0.23687793  0.74265903]
 [ 0.7767606  -0.10955604  0.620194  ]
 [-0.0655475   0.9653428   0.2526207 ]]"
20200220-141031.648084,99,[2.2983809  0.8342201  0.52116895],"[[-0.47962335 -0.44523308 -0.0623158 ]
 [-0.39503324 -0.47389576  0.62379616]
 [ 0.7096687  -0.70135736 -0.05843096]
 [-0.33208537 -0.29204127 -0.776905  ]]","[[-0.6248872  -0.23965527  0.74302197]
 [ 0.7779456  -0.11104763  0.618441  ]
 [-0.06570181  0.9644863   0.25583097]]"
20200220-141031.648084,100,[2.303275  0.8343569 0.5253237],"[[-0.4809767  -0.4446335  -0.06629346]
 [-0.39622194 -0.47513512  0.6227429 ]
 [ 0.7091646  -0.7018126  -0.05854309]
 [-0.32978067 -0.28983903 -0.77741194]]","[[-0.62718153 -0.24285436  0.74004406]
 [ 0.7760182  -0.11356188  0.6204026 ]
 [-0.06662668  0.9633926   0.2596833 ]]"
20200220-141031.648084,101,[2.3072124  0.83461225 0.5283335 ],"[[-0.48199588 -0.4443631  -0.07099973]
 [-0.39652172 -0.47810334  0.6209119 ]
 [ 0.7093909  -0.70136994 -0.06042703]
 [-0.32743746 -0.28642416 -0.7783162 ]]","[[-0.6281334  -0.24825439  0.73744035]
 [ 0.77519566 -0.11776713  0.620647  ]
 [-0.06723209  0.96150947  0.2664192 ]]"
20200220-141031.648084,102,[2.3121543 0.8346588 0.5325369],"[[-0.48341712 -0.44374833 -0.07396097]
 [-0.39784348 -0.47818565  0.62047607]
 [ 0.70871025 -0.70210207 -0.05935276]
 [-0.32520464 -0.28544563 -0.7784706 ]]","[[-0.6304713  -0.24931924  0.73508215]
 [ 0.77322304 -0.11869272  0.6229271 ]
 [-0.06805881  0.96112025  0.26761174]]"
20200220-141031.648084,103,[2.3171656 0.8348662 0.5364693],"[[-0.48477462 -0.4429401  -0.0781248 ]
 [-0.39905834 -0.48002684  0.6187869 ]
 [ 0.7081395  -0.70255476 -0.06018   ]
 [-0.32293147 -0.28248078 -0.7793448 ]]","[[-0.63264227 -0.2533775   0.73182225]
 [ 0.77137893 -0.12217079  0.6245392 ]
 [-0.06883688  0.95962185  0.27274045]]"
20200220-141031.648084,104,[2.320863   0.83523965 0.5387531 ],"[[-0.4850709  -0.4435121  -0.08308111]
 [-0.39756027 -0.4850648   0.61628073]
 [ 0.7098893  -0.70037365 -0.06399862]
 [-0.3204823  -0.2783629  -0.7805125 ]]","[[-0.63093966 -0.26083136  0.7306723 ]
 [ 0.7727658  -0.12763512  0.62172526]
 [-0.068906    0.9569099   0.28209165]]"
20200220-141031.648084,105,[2.3264558 0.835193  0.5413978],"[[-0.48550254 -0.44434288 -0.08538988]
 [-0.3964279  -0.48670238  0.615867  ]
 [ 0.7113183  -0.6988426  -0.06407517]
 [-0.31805414 -0.27802688 -0.7805834 ]]","[[-0.6296287  -0.26252562  0.7311961 ]
 [ 0.77382326 -0.12829416  0.6202725 ]
 [-0.06902925  0.95635813  0.28392616]]"
20200220-141031.648084,106,[2.3315408  0.8352455  0.54562324],"[[-0.4869137  -0.4436349  -0.08836711]
 [-0.39779463 -0.48692852  0.61521417]
 [ 0.7105896  -0.6996098  -0.06318214]
 [-0.3158116  -0.27682975 -0.78083974]]","[[-0.6319711  -0.2637032   0.72874767]
 [ 0.7718386  -0.12942322  0.6225068 ]
 [-0.06984019  0.9558819   0.285328  ]]"
20200220-141031.648084,107,[2.3365483  0.83527595 0.54772025],"[[-0.48755535 -0.44399688 -0.09122643]
 [-0.39742166 -0.48854694  0.61443526]
 [ 0.71145284 -0.6986503  -0.06330737]
 [-0.31333733 -0.2758196  -0.78111416]]","[[-0.6318704  -0.26576883  0.7280843 ]
 [ 0.7718763  -0.1305305   0.6222287 ]
 [-0.0703318   0.955159    0.28761905]]"
20200220-141031.648084,108,[2.3414738  0.83493495 0.55008346],"[[-0.48751867 -0.44581875 -0.09226305]
 [-0.39538458 -0.48881215  0.61573505]
 [ 0.7137564  -0.6963755  -0.06154103]
 [-0.31072235 -0.2781538  -0.7801095 ]]","[[-0.6294071  -0.2643994   0.73071176]
 [ 0.7738731  -0.12798744  0.62027395]
 [-0.07047811  0.95588297  0.28516778]]"
20200220-141031.648084,109,[2.3466365  0.834987   0.55229634],"[[-0.48891222 -0.44499308 -0.09560961]
 [-0.3969168  -0.48944756  0.6146328 ]
 [ 0.712975   -0.697162   -0.0610132 ]
 [-0.30836418 -0.27638263 -0.7806169 ]]","[[-0.6319926  -0.2661336   0.7278451 ]
 [ 0.77167714 -0.12956253  0.62267816]
 [-0.07141412  0.9551893   0.28725174]]"
20200220-141031.648084,110,[2.351917   0.83516175 0.55624557],"[[-0.49019694 -0.44415754 -0.09948587]
 [-0.39817423 -0.49101183  0.612986  ]
 [ 0.71239907 -0.6976428  -0.06150628]
 [-0.30602536 -0.27372634 -0.78138834]]","[[-0.63426876 -0.2694448   0.7246398 ]
 [ 0.7697228  -0.1324083   0.62449574]
 [-0.07231881  0.9538698   0.29138026]]"
20200220-141031.648084,111,[2.356112   0.83499146 0.5595796 ],"[[-0.49042606 -0.44537506 -0.10139638]
 [-0.39680484 -0.49187303  0.61347514]
 [ 0.7140855  -0.6959137  -0.06060341]
 [-0.30349585 -0.27460235 -0.78082925]]","[[-0.63280946 -0.26967677  0.7258283 ]
 [ 0.77089405 -0.13150042  0.62324166]
 [-0.07262707  0.95392984  0.29110685]]"
20200220-141031.648084,112,[2.3630276  0.83477664 0.5594787 ],"[[-0.4912436  -0.44564855 -0.10272762]
 [-0.39696398 -0.4918125   0.613281  ]
 [ 0.7144875  -0.6955678  -0.058901  ]
 [-0.30101004 -0.27514258 -0.7809381 ]]","[[-0.63323885 -0.26890212  0.72574127]
 [ 0.77049637 -0.13045894  0.6239519 ]
 [-0.07310256  0.9542916   0.28979972]]"
20200220-141031.648084,113,[2.3683112 0.8348218 0.5635866],"[[-0.49261504 -0.44486144 -0.10552622]
 [-0.39838853 -0.49209923  0.61237746]
 [ 0.71369576 -0.6963812  -0.05807545]
 [-0.2987557  -0.27384278 -0.7813358 ]]","[[-0.6355925  -0.27009577  0.723236  ]
 [ 0.76847905 -0.13166355  0.62618256]
 [-0.07390542  0.95378864  0.29124728]]"
20200220-141031.648084,114,[2.3741915  0.83476573 0.56617707],"[[-0.49301195 -0.44563544 -0.10760168]
 [-0.3972513  -0.49384502  0.6116588 ]
 [ 0.71506673 -0.69486064 -0.05828346]
 [-0.2963279  -0.27330416 -0.78160006]]","[[-0.63429976 -0.27187124  0.7237056 ]
 [ 0.76953703 -0.13242958  0.6247201 ]
 [-0.07400337  0.95317817  0.29321507]]"
20200220-141031.648084,115,[2.3783202 0.8346797 0.5689686],"[[-0.49254125 -0.44776845 -0.10978001]
 [-0.39400762 -0.49677598  0.61151046]
 [ 0.7182599  -0.6913578  -0.05933091]
 [-0.29370725 -0.27338976 -0.7813343 ]]","[[-0.63024133 -0.27431253  0.72632545]
 [ 0.77288675 -0.1327781   0.6204967 ]
 [-0.07376987  0.95243     0.29569474]]"
20200220-141031.648084,116,[2.3827999  0.83479416 0.5721454 ],"[[-0.4934346  -0.44748813 -0.11350483]
 [-0.3944072  -0.49867067  0.6101224 ]
 [ 0.71842605 -0.69104725 -0.05997101]
 [-0.29125476 -0.27117515 -0.7818382 ]]","[[-0.63131225 -0.2774206   0.7242117 ]
 [ 0.771941   -0.13506639  0.62117964]
 [-0.07451139  0.9512071   0.29942143]]"
