Timestamp,Epoch,s,u,v
20200223-185557.883819,0,[1.1461327  0.7497987  0.20708773],"[[ 0.35093158  0.07865196  0.407117  ]
 [ 0.37154186 -0.69223064  0.5163455 ]
 [-0.8418316  -0.12716827  0.51162803]
 [-0.17356096 -0.7060164  -0.55306435]]","[[ 0.41004258 -0.58937514  0.69606197]
 [ 0.847205   -0.0365284  -0.530009  ]
 [ 0.3378001   0.8070334   0.48434332]]"
20200223-185557.883819,1,[1.1446608  0.74951124 0.20970602],"[[ 0.34769398  0.07741464  0.39204234]
 [ 0.37179902 -0.69474363  0.5201668 ]
 [-0.8411078  -0.12197608  0.51340866]
 [-0.18278962 -0.70459896 -0.55869573]]","[[ 0.40608117 -0.59104425  0.69696844]
 [ 0.8479496  -0.04064453 -0.52851635]
 [ 0.34070444  0.8056147   0.48467076]]"
20200223-185557.883819,2,[1.1455275  0.7496813  0.21270263],"[[ 0.34492752  0.07708747  0.37700984]
 [ 0.37538812 -0.69600284  0.5225836 ]
 [-0.8391777  -0.12081987  0.51611316]
 [-0.18944556 -0.70359135 -0.5642675 ]]","[[ 0.4046025  -0.59261465  0.6964948 ]
 [ 0.84819454 -0.0415212  -0.5280553 ]
 [ 0.3418526   0.8044154   0.48585287]]"
20200223-185557.883819,3,[1.1475718  0.75012094 0.21590021],"[[ 0.34241065  0.07723002  0.36220995]
 [ 0.3806394  -0.69661903  0.5240936 ]
 [-0.83662695 -0.12174141  0.519281  ]
 [-0.19473967 -0.7028058  -0.56962854]]","[[ 0.40442488 -0.59413123  0.69530463]
 [ 0.84817874 -0.04072382 -0.5281425 ]
 [ 0.3421014   0.80333656  0.48745978]]"
20200223-185557.883819,4,[1.1443903  0.74979997 0.21875402],"[[ 0.33905068  0.07574175  0.34818265]
 [ 0.379891   -0.6996304   0.5268261 ]
 [-0.83602595 -0.1157946   0.52101105]
 [-0.20442216 -0.7009796  -0.57425636]]","[[ 0.3995014  -0.5961347   0.69643545]
 [ 0.84920526 -0.04551734 -0.5260978 ]
 [ 0.34532502  0.8015933   0.48805633]]"
20200223-185557.883819,5,[1.145597   0.7494     0.22182868],"[[ 0.33670676  0.07493826  0.33409104]
 [ 0.38071892 -0.701979    0.52875763]
 [-0.83438104 -0.11127275  0.52388936]
 [-0.21328314 -0.6994484  -0.57822025]]","[[ 0.39678174 -0.59740084  0.6969049 ]
 [ 0.8492449  -0.04921114 -0.52570105]
 [ 0.34834972  0.8004314   0.4878136 ]]"
20200223-185557.883819,6,[1.1415013 0.7493035 0.2249476],"[[ 0.33319488  0.07365821  0.32064846]
 [ 0.38070694 -0.7047513   0.53053844]
 [-0.833483   -0.10654838  0.5257643 ]
 [-0.22214828 -0.6975295  -0.5824823 ]]","[[ 0.3920394  -0.59956706  0.6977283 ]
 [ 0.8504268  -0.0530375  -0.5234133 ]
 [ 0.3508272   0.79856527  0.48909503]]"
20200223-185557.883819,7,[1.1400422  0.7497525  0.22814928],"[[ 0.32999676  0.07336307  0.30744982]
 [ 0.38431084 -0.7060483   0.53106344]
 [-0.83160263 -0.1065421   0.5281342 ]
 [-0.227694   -0.69624895 -0.5869589 ]]","[[ 0.39003837 -0.60178757  0.6969375 ]
 [ 0.85118425 -0.05306049 -0.5221783 ]
 [ 0.35122025  0.79689187  0.4915364 ]]"
20200223-185557.883819,8,[1.1408724  0.7496245  0.23121613],"[[ 0.3274186   0.07293595  0.29438028]
 [ 0.38610914 -0.70792     0.53190476]
 [-0.82980293 -0.1040034   0.5307616 ]
 [-0.23482628 -0.6947753  -0.5905163 ]]","[[ 0.38786975 -0.60326767  0.69686806]
 [ 0.8513776  -0.05518617 -0.52164215]
 [ 0.35314727  0.7956272   0.49220362]]"
20200223-185557.883819,9,[1.1386851  0.7498425  0.23424053],"[[ 0.32411957  0.07244354  0.28190622]
 [ 0.38802326 -0.70972204  0.532492  ]
 [-0.82840174 -0.10231777  0.532698  ]
 [-0.24111214 -0.6932376  -0.59431803]]","[[ 0.38490254 -0.6052867   0.6967625 ]
 [ 0.85229504 -0.0565999  -0.5199901 ]
 [ 0.3541798   0.79399276  0.49409747]]"
20200223-185557.883819,10,[1.1321999  0.7494176  0.23754403],"[[ 0.32038096  0.07053418  0.26962617]
 [ 0.38518202 -0.713736    0.53366053]
 [-0.8280143  -0.09481994  0.5342651 ]
 [-0.25175983 -0.69037306 -0.5975521 ]]","[[ 0.37780938 -0.6078835   0.6983823 ]
 [ 0.85385275 -0.06293578 -0.5166958 ]
 [ 0.35804415  0.7915283   0.49526525]]"
20200223-185557.883819,11,[1.1321799  0.74894875 0.2409804 ],"[[ 0.31800136  0.06967644  0.25730124]
 [ 0.385049   -0.7165475   0.5339247 ]
 [-0.8262052  -0.08991941  0.53725564]
 [-0.26076236 -0.6882001  -0.6000642 ]]","[[ 0.37432668 -0.6093921   0.69894266]
 [ 0.8540134  -0.06712616 -0.5159024 ]
 [ 0.36130416  0.7900224   0.49530187]]"
20200223-185557.883819,12,[1.1322693  0.74847424 0.24440438],"[[ 0.31563693  0.0688699   0.24531342]
 [ 0.38486034 -0.7193383   0.53398836]
 [-0.8243637  -0.08512307  0.5402161 ]
 [-0.26959312 -0.68597645 -0.6023656 ]]","[[ 0.37090257 -0.610869    0.6994787 ]
 [ 0.8541414  -0.07124949 -0.51513696]
 [ 0.3645186   0.78851944  0.49534193]]"
20200223-185557.883819,13,[1.1316907  0.7483182  0.24772733],"[[ 0.31300977  0.06830726  0.23383829]
 [ 0.38567016 -0.72167206  0.5336327 ]
 [-0.8225615  -0.0821334   0.54281646]
 [-0.27690446 -0.68394285 -0.6049019 ]]","[[ 0.3678421  -0.6126725   0.69951767]
 [ 0.8545426  -0.07390955 -0.51409584]
 [ 0.36667335  0.7868737   0.49636757]]"
20200223-185557.883819,14,[1.1260753  0.7484787  0.25118002],"[[ 0.30934203  0.06729378  0.22287968]
 [ 0.38551947 -0.72451687  0.5331795 ]
 [-0.8214898  -0.07883114  0.5445351 ]
 [-0.28431755 -0.68141955 -0.60788625]]","[[ 0.36256924 -0.6154129   0.6998646 ]
 [ 0.85605335 -0.07692992 -0.5111307 ]
 [ 0.36839697  0.78444165  0.49893388]]"
20200223-185557.883819,15,[1.122725   0.74867433 0.25450185],"[[ 0.30605474  0.06666246  0.21211575]
 [ 0.38618827 -0.7269204   0.53244853]
 [-0.8201143  -0.07654691  0.54645926]
 [-0.29086375 -0.67917866 -0.6106455 ]]","[[ 0.35850203 -0.61784965  0.69981307]
 [ 0.8571515  -0.07911476 -0.5089523 ]
 [ 0.3698215   0.7823062   0.5012278 ]]"
20200223-185557.883819,16,[1.1213931  0.7481251  0.25820288],"[[ 0.30357853  0.06569116  0.20130584]
 [ 0.38494337 -0.7302035   0.5317461 ]
 [-0.8182877  -0.0710885   0.54938614]
 [-0.3001067  -0.6763385  -0.612288  ]]","[[ 0.35399014 -0.61958885  0.7005717 ]
 [ 0.85751116 -0.08398274 -0.5075644 ]
 [ 0.37331718  0.78042084  0.5015753 ]]"
20200223-185557.883819,17,[1.1202189 0.7482367 0.2619425],"[[ 0.30097866  0.06540878  0.19095057]
 [ 0.38661623 -0.73234266  0.5301445 ]
 [-0.8160769  -0.06958517  0.5523327 ]
 [-0.3065265  -0.67420626 -0.61433977]]","[[ 0.351236   -0.62163687  0.7001436 ]
 [ 0.8580472  -0.08553851 -0.5063975 ]
 [ 0.37468457  0.7786212   0.50334954]]"
20200223-185557.883819,18,[1.122421   0.7481636  0.26514238],"[[ 0.29895452  0.06553207  0.1807603 ]
 [ 0.38842213 -0.7340245   0.52886224]
 [-0.813806   -0.06827214  0.5551438 ]
 [-0.31220922 -0.6724976  -0.61599207]]","[[ 0.34999526 -0.62289476  0.6996467 ]
 [ 0.8578778  -0.0868395  -0.5064629 ]
 [ 0.37623003  0.7774709   0.5039742 ]]"
20200223-185557.883819,19,[1.1256645  0.7476874  0.26855013],"[[ 0.29733709  0.06557672  0.17063536]
 [ 0.38952205 -0.73601454  0.5275256 ]
 [-0.8112222  -0.06565376  0.5584926 ]
 [-0.31903273 -0.67057586 -0.61699796]]","[[ 0.34877503 -0.6237067   0.6995329 ]
 [ 0.8573213  -0.08921695 -0.506992  ]
 [ 0.3786243   0.7765505   0.5036003 ]]"
20200223-185557.883819,20,[1.1269422  0.7471821  0.27213517],"[[ 0.2954762   0.06524124  0.1609675 ]
 [ 0.38952148 -0.7385711   0.52606833]
 [-0.8088763  -0.06203564  0.5616677 ]
 [-0.3266287  -0.66813767 -0.61795723]]","[[ 0.34618706 -0.62494725  0.69971097]
 [ 0.8571266  -0.0925431  -0.50672454]
 [ 0.3814296   0.77516234  0.5036217 ]]"
20200223-185557.883819,21,[1.1243514  0.7473807  0.27554306],"[[ 0.2925222   0.06494624  0.1517394 ]
 [ 0.3902567  -0.74083143  0.5243751 ]
 [-0.80727035 -0.0605115   0.56367785]
 [-0.33233288 -0.66579956 -0.61989766]]","[[ 0.3426434  -0.62724185  0.699402  ]
 [ 0.85803926 -0.09422688 -0.5048665 ]
 [ 0.3825758   0.77310354  0.505912  ]]"
20200223-185557.883819,22,[1.1248585  0.74790156 0.27899805],"[[ 0.29012248  0.06536454  0.14270127]
 [ 0.3937772  -0.7420233   0.5218078 ]
 [-0.8048744  -0.06209655  0.5663476 ]
 [-0.3360736  -0.66428363 -0.621774  ]]","[[ 0.34178203 -0.62936884  0.697911  ]
 [ 0.8584042  -0.09320976 -0.50443447]
 [ 0.3825275   0.7714964   0.5083955 ]]"
20200223-185557.883819,23,[1.1251029  0.7483846  0.28305215],"[[ 0.28792876  0.06563875  0.1338796 ]
 [ 0.39721838 -0.74357957  0.51859736]
 [-0.8019677  -0.06321689  0.5698078 ]
 [-0.34082642 -0.6624083  -0.6232595 ]]","[[ 0.34071705 -0.6316082   0.6964073 ]
 [ 0.8586501  -0.09264605 -0.50412   ]
 [ 0.3829256   0.76973236  0.51076436]]"
20200223-185557.883819,24,[1.1229974  0.74787724 0.28639033],"[[ 0.28547135  0.0648897   0.12542503]
 [ 0.3949957  -0.74685144  0.51731914]
 [-0.8005872  -0.058262    0.5718036 ]
 [-0.34863263 -0.6592476  -0.62425154]]","[[ 0.33573675 -0.6334058   0.6971927 ]
 [ 0.85924464 -0.09735006 -0.50221705]
 [ 0.38597903  0.76767176  0.5115666 ]]"
20200223-185557.883819,25,[1.1231766  0.7474223  0.28955504],"[[ 0.28343067  0.06455924  0.11714043]
 [ 0.39391845 -0.74951094  0.515846  ]
 [-0.7988687  -0.054586    0.573996  ]
 [-0.35539335 -0.6565714  -0.6250682 ]]","[[ 0.33229598 -0.6348219   0.6975535 ]
 [ 0.85941917 -0.10088743 -0.50121903]
 [ 0.38855916  0.76604396  0.51205343]]"
20200223-185557.883819,26,[1.1223338  0.7464936  0.29309714],"[[ 0.28142238  0.06374729  0.10900418]
 [ 0.39087972 -0.753085    0.51445967]
 [-0.79710716 -0.04842141  0.57649297]
 [-0.36418998 -0.6530348  -0.62538415]]","[[ 0.32730216 -0.6361703   0.69868505]
 [ 0.8595632  -0.10665253 -0.49977624]
 [ 0.39245927  0.7641418   0.5119209 ]]"
20200223-185557.883819,27,[1.1235101  0.7463847  0.29647085],"[[ 0.27954885  0.06385943  0.10108753]
 [ 0.39167827 -0.755113    0.5121637 ]
 [-0.7948749  -0.04701587  0.5790987 ]
 [-0.3696139  -0.6507811  -0.6261905 ]]","[[ 0.32532147 -0.6376851   0.69822913]
 [ 0.85959756 -0.1082527  -0.49937284]
 [ 0.39402774  0.76265275  0.5129356 ]]"
20200223-185557.883819,28,[1.1247268 0.7462374 0.299887 ],"[[ 0.27767336  0.06397965  0.09326994]
 [ 0.39249125 -0.75717926  0.5097009 ]
 [-0.7925937  -0.04571572  0.5817355 ]
 [-0.37502396 -0.64845675 -0.62696844]]","[[ 0.32337415 -0.6393028   0.69765407]
 [ 0.85959005 -0.10979769 -0.49904838]
 [ 0.39564383  0.76107585  0.5140324 ]]"
20200223-185557.883819,29,[1.1251086  0.7465045  0.30307806],"[[ 0.27551237  0.06431803  0.08575975]
 [ 0.39414006 -0.7588149   0.5071157 ]
 [-0.79063    -0.04595072  0.5838308 ]
 [-0.37901318 -0.6464919  -0.6281882 ]]","[[ 0.3216393  -0.6412388   0.6966786 ]
 [ 0.8599769  -0.11005287 -0.49832526]
 [ 0.39621696  0.75940853  0.5160532 ]]"
20200223-185557.883819,30,[1.1227348  0.7464202  0.30622318],"[[ 0.27300936  0.06391791  0.07857025]
 [ 0.39254773 -0.76167154  0.50520366]
 [-0.7894459  -0.04295351  0.5852316 ]
 [-0.38489893 -0.643371   -0.6293645 ]]","[[ 0.31693664 -0.64344543  0.6967993 ]
 [ 0.860806   -0.11330222 -0.49616113]
 [ 0.39820147  0.7570606   0.517972  ]]"
20200223-185557.883819,31,[1.1245654  0.74552107 0.3095714 ],"[[ 0.27165002  0.06378776  0.07136038]
 [ 0.39103776 -0.7643152   0.50338894]
 [-0.7872168  -0.0387866   0.5879037 ]
 [-0.3918999  -0.640507   -0.62918705]]","[[ 0.3141184  -0.644145    0.6974287 ]
 [ 0.86044455 -0.11728329 -0.49586278]
 [ 0.40120426  0.7558583   0.5174102 ]]"
20200223-185557.883819,32,[1.1272037 0.7449941 0.3131335],"[[ 0.27038458  0.06403094  0.06430916]
 [ 0.39142695 -0.76639104  0.5008126 ]
 [-0.7845133  -0.03677901  0.59100574]
 [-0.3977638  -0.63811624 -0.6290973 ]]","[[ 0.3127039  -0.64503855  0.69723856]
 [ 0.85999376 -0.11938362 -0.49614352]
 [ 0.40327057  0.75476676  0.5173973 ]]"
20200223-185557.883819,33,[1.1278667 0.7453674 0.3163262],"[[ 0.2684623   0.064467    0.05756994]
 [ 0.39309078 -0.76800066  0.4978601 ]
 [-0.7825212  -0.037444    0.5930442 ]
 [-0.4013333  -0.63609535 -0.6301748 ]]","[[ 0.31121165 -0.64707756  0.69601613]
 [ 0.86030155 -0.11934184 -0.49561986]
 [ 0.4037682   0.75302625  0.5195412 ]]"
20200223-185557.883819,34,[1.126844   0.7448439  0.31964347],"[[ 0.2665138   0.06414428  0.05100653]
 [ 0.390929   -0.77095044  0.49584845]
 [-0.78093165 -0.03362428  0.5949003 ]
 [-0.4077874  -0.6327641  -0.63057613]]","[[ 0.3068551  -0.6486491   0.6964872 ]
 [ 0.8606658  -0.12329707 -0.4940166 ]
 [ 0.40631822  0.75103414  0.5204357 ]]"
20200223-185557.883819,35,[1.1314118  0.745186   0.32303315],"[[ 0.26541376  0.06522644  0.04443377]
 [ 0.3951142  -0.7716499   0.49205598]
 [-0.77782035 -0.03644263  0.5980764 ]
 [-0.4104089  -0.6316434  -0.63103974]]","[[ 0.3084865  -0.6500992   0.6944114 ]
 [ 0.86010474 -0.12115753 -0.49552062]
 [ 0.40627065  0.750128    0.5217779 ]]"
20200223-185557.883819,36,[1.135625   0.74434185 0.32603708],"[[ 0.2645817   0.06567954  0.03798695]
 [ 0.3950664  -0.7733639   0.49006864]
 [-0.77531326 -0.03406892  0.60073084]
 [-0.41570213 -0.62962985 -0.6304858 ]]","[[ 0.30776316 -0.65020365  0.69463456]
 [ 0.8593554  -0.12341352 -0.49626353]
 [ 0.40839955  0.7496697   0.52077377]]"
20200223-185557.883819,37,[1.1403196  0.74469507 0.32939136],"[[ 0.26355094  0.06678324  0.0317721 ]
 [ 0.39921457 -0.7740298   0.48617238]
 [-0.7722001  -0.03699039  0.6038363 ]
 [-0.41818103 -0.62852967 -0.6308791 ]]","[[ 0.30945423 -0.65167755  0.6924986 ]
 [ 0.8587833  -0.12118306 -0.49780095]
 [ 0.40832484  0.74875283  0.52214926]]"
20200223-185557.883819,38,[1.1449827  0.74511313 0.33271608],"[[ 0.2625404   0.0678858   0.025733  ]
 [ 0.40324005 -0.774708    0.48224974]
 [-0.7691207  -0.03987977  0.6068548 ]
 [-0.42062303 -0.6273984  -0.63126874]]","[[ 0.31109706 -0.6531708   0.69035256]
 [ 0.8582127  -0.11898161 -0.49931422]
 [ 0.4082767   0.74780434  0.52354467]]"
20200223-185557.883819,39,[1.147521   0.74618673 0.3363402 ],"[[ 0.26098442  0.06903695  0.02003826]
 [ 0.40848014 -0.7753001   0.4773038 ]
 [-0.7661155  -0.04491485  0.6097176 ]
 [-0.42201722 -0.62619996 -0.63247454]]","[[ 0.3123996  -0.6559126   0.68715745]
 [ 0.8582641  -0.11516708 -0.50011945]
 [ 0.40717253  0.7459997   0.52696794]]"
20200223-185557.883819,40,[1.1492842  0.7476696  0.33977968],"[[ 0.25916535 -0.07028048  0.01456449]
 [ 0.41433337  0.77565145  0.47206518]
 [-0.76339424  0.05125615  0.61208135]
 [-0.4223629   0.62513864 -0.6342707 ]]","[[ 0.31366512  0.65925294  0.68337405]
 [ 0.8586569   0.11031381 -0.5005392 ]
 [ 0.4053674  -0.7437854   0.5314704 ]]"
20200223-185557.883819,41,[1.1530957  0.74755543 0.34347323],"[[ 0.2582043  -0.07099941  0.0089497 ]
 [ 0.41635206  0.77717453  0.4681986 ]
 [-0.7602152   0.05179426  0.6153457 ]
 [-0.42667818  0.62311846 -0.63408184]]","[[ 0.3138283   0.6605585   0.6820369 ]
 [ 0.8580474   0.11025215 -0.5015969 ]
 [ 0.4065301  -0.7426352   0.5321902 ]]"
20200223-185557.883819,42,[1.1535921  0.74661183 0.34686217],"[[ 0.2570078  -0.07076165  0.00372322]
 [ 0.41358095  0.78027064  0.46596754]
 [-0.75834066  0.04746184  0.61751837]
 [-0.43337908  0.6196113  -0.633665  ]]","[[ 0.3099394   0.66165483  0.68275213]
 [ 0.85802794  0.11467407 -0.50063753]
 [ 0.4095432  -0.7409878   0.5321764 ]]"
20200223-185557.883819,43,[1.1555606  0.747383   0.35014743],"[[ 0.25554076 -0.07166991 -0.00142636]
 [ 0.4168186   0.78132784  0.46164396]
 [-0.7558856   0.05066627  0.6197045 ]
 [-0.43542877  0.61791855 -0.6347042 ]]","[[ 0.3100278   0.6641691   0.68026626]
 [ 0.8581479   0.11249193 -0.50092655]
 [ 0.4092244  -0.7390703   0.53507984]]"
20200223-185557.883819,44,[1.1579622 0.7472565 0.3533312],"[[ 0.25438735 -0.07229141 -0.00655843]
 [ 0.41783294  0.7828929   0.45842144]
 [-0.7535547   0.05079073  0.6219358 ]
 [-0.43915612  0.61585146 -0.6348248 ]]","[[ 0.30916408  0.6655492   0.67930996]
 [ 0.85801417  0.11286347 -0.50107235]
 [ 0.41015753 -0.7377711   0.5361573 ]]"
20200223-185557.883819,45,[1.1564528  0.7470639  0.35704175],"[[ 0.2527379  -0.07217663 -0.01120514]
 [ 0.41628304  0.78590614  0.45501333]
 [-0.7517696   0.04887596  0.6239033 ]
 [-0.44460502  0.6121705  -0.6352811 ]]","[[ 0.30502963  0.6679528   0.6788194 ]
 [ 0.85859305  0.11551196 -0.49947432]
 [ 0.41203701 -0.7351842   0.53826517]]"
20200223-185557.883819,46,[1.155289  0.7470075 0.3599603],"[[ 0.25109524 -0.07218947 -0.01584424]
 [ 0.41451627  0.7885188   0.45243526]
 [-0.75073224  0.04710371  0.62486917]
 [-0.44891948  0.6089402  -0.6360741 ]]","[[ 0.30098423  0.67011434  0.6784953 ]
 [ 0.8593055   0.11794256 -0.4976784 ]
 [ 0.4135248  -0.73282796  0.5403339 ]]"
20200223-185557.883819,47,[1.1538873  0.7468077  0.36363706],"[[ 0.24945787 -0.0721366  -0.02037619]
 [ 0.41285008  0.7915252   0.44899243]
 [-0.7490039   0.04526342  0.62672794]
 [-0.454223    0.6051737  -0.6365552 ]]","[[ 0.29679137  0.6725171   0.6779643 ]
 [ 0.8598745   0.12059909 -0.49605605]
 [ 0.41536805 -0.73018926  0.5424876 ]]"
20200223-185557.883819,48,[1.1560111  0.7463611  0.36644882],"[[ 0.24851903 -0.07251954 -0.02501381]
 [ 0.41200635  0.7934972   0.4465384 ]
 [-0.74726814  0.04373393  0.6283152 ]
 [-0.4583441   0.60265285 -0.6365516 ]]","[[ 0.29477614  0.6736099   0.6777586 ]
 [ 0.8598085   0.12249961 -0.49570462]
 [ 0.41693667 -0.72886443  0.54306567]]"
20200223-185557.883819,49,[1.1578021  0.7458178  0.37003997],"[[ 0.24756336 -0.07282598 -0.02951635]
 [ 0.41120526  0.7958989   0.4432162 ]
 [-0.7448526   0.04210772  0.63077646]
 [-0.4634839   0.5995564  -0.6362459 ]]","[[ 0.29259482  0.67496693  0.67735374]
 [ 0.8596065   0.12463877 -0.49552172]
 [ 0.4188853  -0.72724473  0.54373723]]"
20200223-185557.883819,50,[1.1595318  0.74707574 0.37292954],"[[ 0.24621291 -0.07396223 -0.03365834]
 [ 0.41506135  0.79662496  0.4384531 ]
 [-0.7428663   0.0470533   0.63222176]
 [-0.46395412  0.598084   -0.6379042 ]]","[[ 0.2928874   0.6781389   0.6740511 ]
 [ 0.8600968   0.12108938 -0.49555135]
 [ 0.417673   -0.7248898   0.54779947]]"
20200223-185557.883819,51,[1.163113   0.74749273 0.37628555],"[[ 0.24540769 -0.07498378 -0.03790663]
 [ 0.41788715  0.79775006  0.43384793]
 [-0.7400323   0.04987421  0.63470405]
 [-0.46636638  0.5962252  -0.6383492 ]]","[[ 0.29355314  0.6802605   0.67161906]
 [ 0.85977685  0.11922874 -0.4965565 ]
 [ 0.41786405 -0.7232082   0.5498722 ]]"
20200223-185557.883819,52,[1.1668056 0.7478685 0.3796003],"[[ 0.24457304 -0.07604422 -0.04211792]
 [ 0.4206392   0.79883516  0.4293079 ]
 [-0.73723155  0.05261775  0.6371186 ]
 [-0.4687609   0.59439987 -0.6387499 ]]","[[ 0.2942211   0.68228173  0.66927266]
 [ 0.85947     0.11740486 -0.49752146]
 [ 0.41802552 -0.721601    0.5518577 ]]"
20200223-185557.883819,53,[1.1698452  0.7478926  0.38261133],"[[ 0.24384646 -0.07680545 -0.04617822]
 [ 0.4216088   0.8003213   0.4257086 ]
 [-0.7349886   0.05346274  0.6390256 ]
 [-0.47178018  0.59222335 -0.6389725 ]]","[[ 0.2936599   0.6838969   0.66786885]
 [ 0.85927105  0.11726487 -0.4978978 ]
 [ 0.4188283  -0.7200931   0.55321676]]"
20200223-185557.883819,54,[1.1710242  0.7478292  0.38587323],"[[ 0.24289946 -0.07722564 -0.04994966]
 [ 0.42128792  0.8025266   0.42198157]
 [-0.73304385  0.05339645  0.6407814 ]
 [-0.47556546  0.5891822  -0.63940245]]","[[ 0.29143244  0.6860421   0.6666434 ]
 [ 0.85943234  0.11823604 -0.4973895 ]
 [ 0.42005137 -0.7178904   0.55514896]]"
20200223-185557.883819,55,[1.1767877  0.7483065  0.38883314],"[[ 0.2424442  -0.07867491 -0.05400263]
 [ 0.42535436  0.80283046  0.4173863 ]
 [-0.7299747   0.0574024   0.64318156]
 [-0.47689793  0.5881991  -0.6396798 ]]","[[ 0.29390097  0.68768257  0.6638638 ]
 [ 0.85874254  0.11502646 -0.49932986]
 [ 0.41974226 -0.71684164  0.5567359 ]]"
20200223-185557.883819,56,[1.1784164 0.7495299 0.3924112],"[[ 0.24120753 -0.07982016 -0.05748438]
 [ 0.4290115   0.80398345  0.4114573 ]
 [-0.7273382   0.0624442   0.64523137]
 [-0.47827584  0.58595246 -0.64115125]]","[[ 0.29406258  0.6912667   0.660059  ]
 [ 0.8590501   0.1115898  -0.49958083]
 [ 0.4189994  -0.7139316   0.5610183 ]]"
20200223-185557.883819,57,[1.1817075  0.7494937  0.39520547],"[[ 0.24061455 -0.0806324  -0.06118052]
 [ 0.42975253  0.8053556   0.40806815]
 [-0.7252766   0.06320573  0.64685756]
 [-0.4810317   0.5838715  -0.6413367 ]]","[[ 0.29350853  0.69271266  0.65878844]
 [ 0.8588837   0.11149086 -0.49988872]
 [ 0.41972804 -0.7125441   0.5622361 ]]"
20200223-185557.883819,58,[1.1870247 0.7495548 0.3977481],"[[ 0.24036582 -0.08180714 -0.06491238]
 [ 0.43196538  0.8059484   0.40460825]
 [-0.722831    0.06521007  0.6486394 ]
 [-0.48285136  0.5826684  -0.64136195]]","[[ 0.2948016   0.69375473  0.65711206]
 [ 0.85830915  0.1100039  -0.5012032 ]
 [ 0.4199969  -0.7117608   0.5630268 ]]"
20200223-185557.883819,59,[1.19328    0.74912935 0.40052426],"[[ 0.24034347 -0.08296604 -0.06871367]
 [ 0.4338083   0.8066386   0.4013009 ]
 [-0.71994376  0.06624302  0.65094787]
 [-0.48551676  0.5814318  -0.6407053 ]]","[[ 0.29639536  0.69415957  0.65596676]
 [ 0.8573575   0.10924203 -0.50299543]
 [ 0.42081818 -0.7114834   0.56276417]]"
20200223-185557.883819,60,[1.1976677  0.7496807  0.40276366],"[[ 0.23984973 -0.08415788 -0.07221203]
 [ 0.43619123  0.80714846  0.39771897]
 [-0.71805406  0.06915478  0.652019  ]
 [-0.4864235   0.58021265 -0.64146435]]","[[ 0.2972443   0.6958795   0.6537564 ]
 [ 0.85719734  0.10708784 -0.50373095]
 [ 0.42054546 -0.7101294   0.5646749 ]]"
20200223-185557.883819,61,[1.202171   0.75016767 0.404949  ],"[[ 0.23940703 -0.08535154 -0.07562336]
 [ 0.43857858  0.80760825  0.39417696]
 [-0.7161752   0.07207724  0.6530495 ]
 [-0.48726395  0.5790415  -0.6422087 ]]","[[ 0.29812983  0.6975623   0.65155625]
 [ 0.8570321   0.10491297 -0.50446945]
 [ 0.42025548 -0.708802    0.5665557 ]]"
20200223-185557.883819,62,[1.2062887 0.7505894 0.4080269],"[[ 0.23882927 -0.08652988 -0.07893203]
 [ 0.4410386   0.80857444  0.3894472 ]
 [-0.7135214   0.07513032  0.65498126]
 [-0.48921597  0.5771267  -0.6427288 ]]","[[ 0.29887056  0.69969016  0.64892995]
 [ 0.8567141   0.10282713 -0.5054378 ]
 [ 0.42037746 -0.70700794  0.5687025 ]]"
20200223-185557.883819,63,[1.2080599  0.75058377 0.41021788],"[[ 0.2382697  -0.08712187 -0.08203983]
 [ 0.44040817  0.8101208   0.38695943]
 [-0.71256787  0.07509499  0.6554468 ]
 [-0.49144202  0.57486963 -0.64336735]]","[[ 0.2969441   0.7012401   0.64814097]
 [ 0.85707253  0.10353708 -0.5046851 ]
 [ 0.42101195 -0.70536697  0.5702689 ]]"
20200223-185557.883819,64,[1.210589   0.75099576 0.41270384],"[[ 0.23760761 -0.08807169 -0.08513626]
 [ 0.44156972  0.8112238   0.38331598]
 [-0.7109884   0.07713898  0.65633434]
 [-0.4930056   0.57289517 -0.6442406 ]]","[[ 0.2962962   0.7032929   0.64621013]
 [ 0.8572904   0.10241713 -0.50454354]
 [ 0.42102492 -0.7034841   0.5725804 ]]"
20200223-185557.883819,65,[1.212116   0.7509656  0.41566002],"[[ 0.23696053 -0.08862828 -0.08804584]
 [ 0.44088286  0.81330365  0.3796815 ]
 [-0.70941037  0.07727884  0.65753824]
 [-0.49619412  0.56983316 -0.64477366]]","[[ 0.29410243  0.7053792   0.6449371 ]
 [ 0.85754     0.10322654 -0.5039537 ]
 [ 0.42205313 -0.70127344  0.5745317 ]]"
20200223-185557.883819,66,[1.2162004  0.7514948  0.41874477],"[[ 0.23655985 -0.08987858 -0.09099124]
 [ 0.44342613  0.81420004  0.3747613 ]
 [-0.7067336   0.08065943  0.6593782 ]
 [-0.49793628  0.5678863  -0.64536476]]","[[ 0.29505154  0.70758     0.6420868 ]
 [ 0.8571818   0.1008612  -0.50504106]
 [ 0.42211848 -0.6993982   0.57676536]]"
20200223-185557.883819,67,[1.2165477  0.75193995 0.42155012],"[[ 0.23573036 -0.09053827 -0.09368703]
 [ 0.44317725  0.8161172   0.37084812]
 [-0.70553994  0.08190255  0.6600541 ]
 [-0.50023884  0.56484324 -0.6465472 ]]","[[ 0.29273385  0.7102557   0.6401905 ]
 [ 0.8577573   0.10081905 -0.5040718 ]
 [ 0.4225632  -0.6966868   0.5797138 ]]"
20200223-185557.883819,68,[1.2195349  0.75143564 0.42391407],"[[ 0.23555563 -0.09118805 -0.09662071]
 [ 0.44231308  0.8176377   0.36849546]
 [-0.70416945  0.08117206  0.6609728 ]
 [-0.5030089   0.5626404  -0.6465215 ]]","[[ 0.29132795  0.7111249   0.6398666 ]
 [ 0.8577215   0.10201483 -0.5038918 ]
 [ 0.42360586 -0.6956251   0.5802274 ]]"
20200223-185557.883819,69,[1.2233578  0.7514515  0.42649454],"[[ 0.2353288  -0.0921437  -0.09943809]
 [ 0.44306922  0.8187993   0.364962  ]
 [-0.7022556   0.08249149  0.6622021 ]
 [-0.5051202   0.56060004 -0.64684093]]","[[ 0.29104793  0.7126362   0.638311  ]
 [ 0.8575668   0.10143866 -0.5042712 ]
 [ 0.42411125 -0.69416153  0.5816094 ]]"
20200223-185557.883819,70,[1.2263217  0.75237125 0.43010348],"[[ 0.23457246 -0.09350397 -0.10200709]
 [ 0.445973    0.82000375  0.3586377 ]
 [-0.69935876  0.08714632  0.6641648 ]
 [-0.5069329   0.5579031  -0.64796513]]","[[ 0.2915764   0.71592057  0.6343824 ]
 [ 0.8574708   0.09830577 -0.5050542 ]
 [ 0.423942   -0.69122624  0.5852175 ]]"
20200223-185557.883819,71,[1.2327695  0.7529864  0.43267196],"[[ 0.23451838 -0.09511749 -0.10484992]
 [ 0.44963503  0.82006913  0.3538561 ]
 [-0.6964887   0.09150769  0.6658015 ]
 [-0.50767416  0.5568355  -0.64846027]]","[[ 0.2941573   0.71766615  0.6312107 ]
 [ 0.8567446   0.09473059 -0.5069664 ]
 [ 0.42362756 -0.68991417  0.5869909 ]]"
20200223-185557.883819,72,[1.2364731  0.7530211  0.43530145],"[[ 0.23431222 -0.09613772 -0.10752009]
 [ 0.45040742  0.8212205   0.35013953]
 [-0.6945485   0.09301067  0.66697645]
 [-0.50973856  0.5547101  -0.6488332 ]]","[[ 0.29396886  0.7192596   0.6294823 ]
 [ 0.8565581   0.09399796 -0.5074176 ]
 [ 0.424135   -0.68835306  0.5884552 ]]"
20200223-185557.883819,73,[1.2398379  0.7540382  0.43793613],"[[ 0.23376949 -0.0975059  -0.110001  ]
 [ 0.45301092  0.82196105  0.34496436]
 [-0.69250315  0.09743811  0.6678644 ]
 [-0.51046264  0.5526109  -0.650274  ]]","[[ 0.29450977  0.72218794  0.62586635]
 [ 0.85659295  0.09086414 -0.5079294 ]
 [ 0.4236893  -0.6857029   0.59186065]]"
20200223-185557.883819,74,[1.2422359  0.7545501  0.44114265],"[[ 0.23325339 -0.09857611 -0.11229856]
 [ 0.4540808   0.8235176   0.33975592]
 [-0.6903213   0.10020071  0.669212  ]
 [-0.5126988   0.5496008  -0.6512375 ]]","[[ 0.29383045  0.7249658   0.6229676 ]
 [ 0.85664207  0.08941732 -0.5081036 ]
 [ 0.42406175 -0.6829563   0.59476256]]"
20200223-185557.883819,75,[1.2460192  0.7545675  0.44366208],"[[ 0.23310903 -0.09961398 -0.11481997]
 [ 0.45469517  0.82464385  0.33612362]
 [-0.688508    0.10165603  0.670211  ]
 [-0.51465476  0.54745376 -0.6516551 ]]","[[ 0.29359892  0.7265306   0.62125117]
 [ 0.85647     0.08871917 -0.50851566]
 [ 0.42456898 -0.68138254  0.5962038 ]]"
20200223-185557.883819,76,[1.2506725  0.7551444  0.44640848],"[[ 0.23290063 -0.10098758 -0.11719704]
 [ 0.45693108  0.8253938   0.33116478]
 [-0.68608326  0.10524047  0.6714862 ]
 [-0.51600486  0.5453908  -0.65245765]]","[[ 0.29448953  0.72879404  0.6181709 ]
 [ 0.8561584   0.08618726 -0.5094748 ]
 [ 0.42458057 -0.67928714  0.5985819 ]]"
20200223-185557.883819,77,[1.2568426  0.75516725 0.44845042],"[[ 0.23311366 -0.10231644 -0.11977275]
 [ 0.45883417  0.82565045  0.32782122]
 [-0.6839698   0.10756085  0.67246175]
 [-0.5170247   0.54430073 -0.65267396]]","[[ 0.29592246  0.7297986   0.61629856]
 [ 0.85560757  0.08434463 -0.5107072 ]
 [ 0.42469487 -0.67843926  0.5994618 ]]"
20200223-185557.883819,78,[1.2575672 0.7555499 0.4509812],"[[ 0.23249896 -0.10312961 -0.12192749]
 [ 0.45836225  0.8274059   0.3239469 ]
 [-0.6830762   0.10899663  0.6726766 ]
 [-0.5188982   0.54118735 -0.6539866 ]]","[[ 0.29363796  0.73241955  0.6142788 ]
 [ 0.85625154  0.08416399 -0.5096567 ]
 [ 0.4249826  -0.67563176  0.60242164]]"
20200223-185557.883819,79,[1.2622911  0.75605035 0.4537227 ],"[[ 0.23234597 -0.10457309 -0.12415272]
 [ 0.46071836  0.8280133   0.31895855]
 [-0.6805939   0.11271932  0.6739151 ]
 [-0.52014035  0.5392153  -0.65474427]]","[[ 0.2947432   0.7345782   0.6111638 ]
 [ 0.855902    0.08146033 -0.5106819 ]
 [ 0.4249213  -0.6736164   0.604717  ]]"
20200223-185557.883819,80,[1.2673863  0.7556357  0.45637953],"[[ 0.23253284 -0.10564107 -0.12647997]
 [ 0.46108118  0.82916856  0.31533602]
 [-0.6783961   0.11364313  0.6752771 ]
 [-0.52260065  0.5370333  -0.65465015]]","[[ 0.2949174   0.73568434  0.6097479 ]
 [ 0.85538554  0.08112057 -0.51160043]
 [ 0.42583948 -0.6724493   0.60536975]]"
20200223-185557.883819,81,[1.2704203  0.75525683 0.4593744 ],"[[ 0.23249118 -0.10644899 -0.12852983]
 [ 0.46025097  0.83111984  0.3112985 ]
 [-0.67655915  0.11405501  0.6765069 ]
 [-0.5257234   0.53376037 -0.65491396]]","[[ 0.29346624  0.7375088   0.6082424 ]
 [ 0.8552814   0.08167158 -0.5116871 ]
 [ 0.4270497  -0.6703812   0.60680956]]"
20200223-185557.883819,82,[1.275589   0.75486404 0.46198258],"[[ 0.23271081 -0.10754751 -0.130766  ]
 [ 0.46065664  0.83221734  0.3076627 ]
 [-0.67440057  0.11511642  0.6777797 ]
 [-0.52803904  0.5315977  -0.6548734 ]]","[[ 0.29369435  0.73863703  0.606761  ]
 [ 0.854779    0.08120588 -0.51259965]
 [ 0.42789766 -0.6691942   0.6075219 ]]"
20200223-185557.883819,83,[1.2814587 0.7549827 0.4648903],"[[ 0.23278482 -0.10903095 -0.1329137 ]
 [ 0.46267346  0.8329177   0.30263457]
 [-0.6715519   0.1182622   0.67935836]
 [-0.5298706   0.5295046  -0.6551479 ]]","[[ 0.29509515  0.7403997   0.60392666]
 [ 0.8541007   0.07891595 -0.51408607]
 [ 0.42828858 -0.6675184   0.609088  ]]"
20200223-185557.883819,84,[1.2832332  0.75597477 0.4674995 ],"[[ 0.23221341 -0.11025034 -0.1346378 ]
 [ 0.46368465  0.8342326   0.29733163]
 [-0.6702033   0.12201113  0.67955697]
 [-0.53094345  0.5263215  -0.6570152 ]]","[[ 0.2939353   0.74379784  0.6003057 ]
 [ 0.8546162   0.07675312 -0.51355636]
 [ 0.4280574  -0.6639833   0.61310124]]"
20200223-185557.883819,85,[1.2866536 0.7565688 0.4693732],"[[ 0.2321873  -0.11134718 -0.13648303]
 [ 0.46439397  0.83513176  0.29359448]
 [-0.6691874   0.12460148  0.679453  ]
 [-0.53161615  0.524053   -0.6584215 ]]","[[ 0.2932684   0.74611485  0.5977511 ]
 [ 0.85489094  0.07522689 -0.51332474]
 [ 0.42796624 -0.6615538   0.6157851 ]]"
20200223-185557.883819,86,[1.2937177  0.75726163 0.4715516 ],"[[ 0.2324139  -0.1131144  -0.13856056]
 [ 0.4677064   0.83495045  0.28876117]
 [-0.6665655   0.12919119  0.6803386 ]
 [-0.5319068   0.5228509  -0.6592098 ]]","[[ 0.2958189   0.74791795  0.5942308 ]
 [ 0.85417235  0.07138266 -0.5150672 ]
 [ 0.42764565 -0.6599421   0.61773443]]"
20200223-185557.883819,87,[1.2953273  0.7582989  0.47423652],"[[ 0.23186965 -0.11441263 -0.14014095]
 [ 0.4687501   0.8362463   0.28317285]
 [-0.6651498   0.1331668   0.6804908 ]
 [-0.5329968   0.51948875 -0.6611399 ]]","[[ 0.29475784  0.7514127   0.59033626]
 [ 0.8546402   0.06904443 -0.5146097 ]
 [ 0.42744368 -0.65621036  0.62183595]]"
20200223-185557.883819,88,[1.2996899  0.7582499  0.47644278],"[[ 0.23198102  0.1155988  -0.14210045]
 [ 0.46929884 -0.83708954  0.2796477 ]
 [-0.6635816  -0.13488916  0.6809984 ]
 [-0.5344183  -0.51741946 -0.6616993 ]]","[[ 0.2946446  -0.75288457  0.5885146 ]
 [ 0.8545342  -0.06807292 -0.514915  ]
 [ 0.42773336  0.65462273  0.62330836]]"
20200223-185557.883819,89,[1.3021377  0.75922906 0.47790235],"[[ 0.23184748  0.11670305 -0.14376095]
 [ 0.46998936 -0.8377984   0.27624598]
 [-0.6632061  -0.13778375  0.6801733 ]
 [-0.5343353  -0.5152571  -0.66361517]]","[[ 0.29351103 -0.75542253  0.5858228 ]
 [ 0.8552051  -0.06634191 -0.5140263 ]
 [ 0.42717156  0.65187097  0.62656903]]"
20200223-185557.883819,90,[1.306422  0.7592897 0.4801325],"[[ 0.2319966   0.11790247 -0.14561129]
 [ 0.47044608 -0.83872724  0.27251807]
 [-0.6616737  -0.13963231  0.68060535]
 [-0.53576636 -0.51296973 -0.6643097 ]]","[[ 0.2933416  -0.75707686  0.5837682 ]
 [ 0.855084   -0.06529845 -0.5143612 ]
 [ 0.4275301   0.65005434  0.62820965]]"
20200223-185557.883819,91,[1.312552  0.7615244 0.4818504],"[[ 0.23182328  0.12007493 -0.14713313]
 [ 0.47560993 -0.8379099   0.26598227]
 [-0.6594116  -0.14787672  0.680287  ]
 [-0.5340689  -0.5114894  -0.6669442 ]]","[[ 0.2961542  -0.7607832   0.5774961 ]
 [ 0.8548849  -0.05852544 -0.51550627]
 [ 0.42598677  0.646362    0.6330494 ]]"
20200223-185557.883819,92,[1.3176602  0.76207376 0.48429793],"[[ 0.23186995  0.12165852 -0.14878201]
 [ 0.4775637  -0.8383722   0.26090282]
 [-0.65721047 -0.15173881  0.68087924]
 [-0.5350179  -0.5092217  -0.66798   ]]","[[ 0.29711694 -0.76301396  0.57404816]
 [ 0.85457164 -0.05569432 -0.51633865]
 [ 0.4259448   0.6439782   0.63550234]]"
20200223-185557.883819,93,[1.3243626  0.76211387 0.48596776],"[[ 0.23239239  0.12305504 -0.15072007]
 [ 0.4789997  -0.8384642   0.25787067]
 [-0.65547323 -0.15390076  0.6812029 ]
 [-0.5356378  -0.5080843  -0.6683928 ]]","[[ 0.29839396 -0.76390994  0.57219094]
 [ 0.8540724  -0.05390076 -0.517354  ]
 [ 0.42605346  0.6430678   0.63635087]]"
20200223-185557.883819,94,[1.3264111  0.76323605 0.4884139 ],"[[ 0.2320348   0.12440203 -0.15193783]
 [ 0.47988778 -0.8396651   0.25215605]
 [-0.6542258  -0.15807189  0.6809687 ]
 [-0.5365223  -0.5044799  -0.67053246]]","[[ 0.29725343 -0.76752096  0.5679367 ]
 [ 0.8545673  -0.05143753 -0.5167873 ]
 [ 0.4258583   0.63895684  0.6406082 ]]"
20200223-185557.883819,95,[1.3288194  0.763228   0.49084762],"[[ 0.23205435  0.12537533 -0.15334484]
 [ 0.47903898 -0.8413097   0.24812226]
 [-0.65322137 -0.15935959  0.68110776]
 [-0.5384927  -0.5010825  -0.67157507]]","[[ 0.2954394  -0.7697723   0.56583256]
 [ 0.8549123  -0.05134322 -0.51622576]
 [ 0.42642793  0.6362506   0.6429189 ]]"
20200223-185557.883819,96,[1.3342124  0.76384735 0.49313667],"[[ 0.23215604  0.12698348 -0.15484491]
 [ 0.48084188 -0.8417618   0.24297075]
 [-0.651165   -0.16330996  0.6814417 ]
 [-0.53933185 -0.49864018 -0.67277443]]","[[ 0.2962749  -0.77212495  0.5621783 ]
 [ 0.8546325  -0.04846535 -0.5169667 ]
 [ 0.426409    0.63361996  0.64552385]]"
20200223-185557.883819,97,[1.3420641  0.7633551  0.49508908],"[[ 0.23287627  0.12846223 -0.15677527]
 [ 0.48217058 -0.8418569   0.23989637]
 [-0.64891344 -0.16497055  0.6822661 ]
 [-0.54054785 -0.49755323 -0.6725951 ]]","[[ 0.29808033 -0.7724982   0.56070936]
 [ 0.8537584  -0.0469473  -0.5185489 ]
 [ 0.4269019   0.6332794   0.64553255]]"
20200223-185557.883819,98,[1.3458973  0.76274085 0.49680695],"[[ 0.2333537   0.1292817  -0.15849988]
 [ 0.48089677 -0.8430753   0.23800367]
 [-0.64833486 -0.16451359  0.6822137 ]
 [-0.54216874 -0.49542496 -0.67291653]]","[[ 0.2967026  -0.77328235  0.56035894]
 [ 0.85390943 -0.04788519 -0.5182141 ]
 [ 0.42755872  0.6322512   0.6461054 ]]"
20200223-185557.883819,99,[1.3476007 0.7639378 0.5001023],"[[ 0.23281756  0.13087022 -0.1592622 ]
 [ 0.48178983 -0.8446646   0.23034792]
 [-0.6463964  -0.16966024  0.68244797]
 [-0.54391795 -0.4905412  -0.6751597 ]]","[[ 0.29548517 -0.7776602   0.5549174 ]
 [ 0.8542967  -0.04491337 -0.51784164]
 [ 0.42762804  0.62707865  0.65108126]]"
20200223-185557.883819,100,[1.3512243  0.76438195 0.5016839 ],"[[ 0.23297451 -0.13206287 -0.16073467]
 [ 0.4820249   0.84537435  0.2270921 ]
 [-0.6457582   0.17175701  0.6818516 ]
 [-0.54439974  0.48826376 -0.67651457]]","[[ 0.29465112  0.7795875   0.55265176]
 [ 0.85464674  0.04374069 -0.51736426]
 [ 0.4275041  -0.624764    0.6533837 ]]"
20200223-185557.883819,101,[1.3548435 0.7649929 0.5033409],"[[ 0.23320474 -0.13328975 -0.1620641 ]
 [ 0.4823691   0.84611386  0.22345804]
 [-0.64501977  0.17421514  0.681254  ]
 [-0.5448715   0.4857719  -0.6780077 ]]","[[ 0.29391515  0.7817415   0.5499946 ]
 [ 0.854944    0.04229344 -0.51699317]
 [ 0.42741618 -0.62216675  0.6559145 ]]"
20200223-185557.883819,102,[1.3575151  0.76518303 0.50560987],"[[ 0.23332167 -0.13434817 -0.16318963]
 [ 0.48145342  0.8477519   0.21903194]
 [-0.6442214   0.17598557  0.68102115]
 [-0.5465737   0.48197165 -0.6794149 ]]","[[ 0.29201832  0.7843563   0.54727566]
 [ 0.85532856  0.04186494 -0.5163919 ]
 [ 0.4279467  -0.61889625  0.658657  ]]"
20200223-185557.883819,103,[1.3595736  0.76636827 0.5079911 ],"[[ 0.23307498 -0.13584471 -0.16408171]
 [ 0.48217648  0.8488254   0.21308823]
 [-0.6431027   0.18031067  0.68046284]
 [-0.5473586   0.47804752 -0.6816459 ]]","[[ 0.29090795  0.78794223  0.5426967 ]
 [ 0.8558133   0.03928615 -0.51579106]
 [ 0.42773396 -0.6144947   0.66290265]]"
20200223-185557.883819,104,[1.3619058 0.767503  0.5101298],"[[ 0.23294374 -0.13724549 -0.16496769]
 [ 0.48270425  0.8498443   0.2076483 ]
 [-0.64219314  0.18423502  0.6797647 ]
 [-0.5480161   0.47432655 -0.6838039 ]]","[[ 0.28960207  0.791306    0.5384844 ]
 [ 0.8563792   0.03705146 -0.51501626]
 [ 0.42748713 -0.6102967   0.6669278 ]]"
20200223-185557.883819,105,[1.36594   0.7681263 0.5115247],"[[ 0.2333283  -0.13843584 -0.16617402]
 [ 0.48297966  0.8504853   0.2042405 ]
 [-0.6416313   0.18662262  0.6789401 ]
 [-0.548268    0.47189188 -0.6853554 ]]","[[ 0.28879112  0.793403    0.5358276 ]
 [ 0.85671633  0.03566858 -0.51455295]
 [ 0.4273601  -0.60765064  0.66942066]]"
20200223-185557.883819,106,[1.3676171  0.7687913  0.51344806],"[[ 0.23337907 -0.13950184 -0.16710192]
 [ 0.48209763  0.8519805   0.19988157]
 [-0.64140546  0.18884368  0.6780332 ]
 [-0.54928577  0.46798155 -0.6873104 ]]","[[ 0.28644097  0.79637104  0.532677  ]
 [ 0.8574436   0.03498697 -0.51338726]
 [ 0.42748353 -0.6037956   0.6728217 ]]"
20200223-185557.883819,107,[1.3737     0.7683961  0.51562685],"[[ 0.234045   -0.14089124 -0.16841231]
 [ 0.4823923   0.8526846   0.19601306]
 [-0.63962036  0.19059531  0.6784384 ]
 [-0.55082345  0.46556655 -0.68770456]]","[[ 0.286851    0.7975965   0.5306186 ]
 [ 0.85699886  0.03387073 -0.5142039 ]
 [ 0.42809966 -0.6022395   0.6738235 ]]"
20200223-185557.883819,108,[1.3752292  0.76887745 0.517567  ],"[[ 0.23405871 -0.14198528 -0.16939978]
 [ 0.48145413  0.85409427  0.19193928]
 [-0.6394216   0.19251141  0.6775712 ]
 [-0.551868    0.46184677 -0.68946403]]","[[ 0.28452688  0.8002666   0.5278428 ]
 [ 0.85774064  0.03340273 -0.5129964 ]
 [ 0.42816514 -0.5987135   0.6769171 ]]"
20200223-185557.883819,109,[1.3819478  0.7692477  0.52006096],"[[ 0.23450688 -0.14389047 -0.17044677]
 [ 0.48328692  0.85435337  0.1860334 ]
 [-0.6368567   0.19679134  0.6779731 ]
 [-0.55304044  0.45896572 -0.6904291 ]]","[[ 0.286079    0.8024384   0.5236904 ]
 [ 0.8570649   0.03010875 -0.51432806]
 [ 0.4284841  -0.59597516  0.67912835]]"
20200223-185557.883819,110,[1.3851875 0.7682313 0.5222312],"[[ 0.23507765 -0.14466058 -0.17165984]
 [ 0.48078063  0.8563054   0.18327336]
 [-0.63643026  0.19595574  0.6780005 ]
 [-0.55546796  0.4554293  -0.69083935]]","[[ 0.28363326  0.8037115   0.52306783]
 [ 0.85733753  0.03181167 -0.5137705 ]
 [ 0.42956296 -0.5941682   0.68002915]]"
20200223-185557.883819,111,[1.3891308  0.76887286 0.52367324],"[[ 0.23546825 -0.14595743 -0.17274709]
 [ 0.48104686  0.8568754   0.17973341]
 [-0.63588625  0.1984171   0.67708087]
 [-0.5556953   0.45287094 -0.69239867]]","[[ 0.28290874  0.8057664   0.5202917 ]
 [ 0.85765475  0.03033573 -0.5133305 ]
 [ 0.42940784 -0.59145635  0.682487  ]]"
20200223-185557.883819,112,[1.3926554  0.7688429  0.52464515],"[[ 0.23610732 -0.14672618 -0.17404948]
 [ 0.47971898  0.8578745   0.17829023]
 [-0.6362726   0.198382    0.6759922 ]
 [-0.55612946  0.4507413  -0.6935084 ]]","[[ 0.2809352   0.8069494   0.5195269 ]
 [ 0.8582533   0.03102282 -0.512288  ]
 [ 0.42950755 -0.5898055   0.6838515 ]]"
20200223-185557.883819,113,[1.3984554  0.7695524  0.52672803],"[[ 0.23646297 -0.14858568 -0.1749496 ]
 [ 0.48160294  0.8579271   0.17281553]
 [-0.6343066   0.20285356  0.67575574]
 [-0.55659604  0.44803396 -0.6948972 ]]","[[ 0.28204378  0.8092715   0.51529723]
 [ 0.85795707  0.02762352 -0.51297855]
 [ 0.42937317 -0.58678514  0.686529  ]]"
20200223-185557.883819,114,[1.4020535  0.77025574 0.5291292 ],"[[ 0.2365289  -0.15024501 -0.17560396]
 [ 0.4821308   0.8587979   0.16677745]
 [-0.6329006   0.20683895  0.6753026 ]
 [-0.55771023  0.44397095 -0.6966454 ]]","[[ 0.28137398  0.81231326  0.5108581 ]
 [ 0.85814875  0.02523337 -0.5127807 ]
 [ 0.4294292  -0.58267534  0.6899855 ]]"
20200223-185557.883819,115,[1.40614    0.7698612  0.53148466],"[[ 0.23698576 -0.1514955  -0.17648533]
 [ 0.48108295  0.86019146  0.16235171]
 [-0.6318188   0.20826359  0.6752558 ]
 [-0.5596442   0.440166   -0.697513  ]]","[[ 0.28006765  0.814264    0.5084645 ]
 [ 0.8582231   0.02494785 -0.51267034]
 [ 0.43013412 -0.57995844  0.6918331 ]]"
20200223-185557.883819,116,[1.4134201  0.7711436  0.53260005],"[[ 0.23753922 -0.15343188 -0.1774975 ]
 [ 0.48403886  0.85937107  0.15785831]
 [-0.6301613   0.21331182  0.6742985 ]
 [-0.55872923  0.4386777  -0.6992117 ]]","[[ 0.28206134  0.81629103  0.5040936 ]
 [ 0.85789686  0.02061316 -0.51340824]
 [ 0.4294815  -0.57727295  0.6944793 ]]"
20200223-185557.883819,117,[1.4168613  0.77012706 0.5346603 ],"[[ 0.23822592 -0.1542535  -0.17850119]
