Timestamp,Epoch,s,u,v
20200223-114636.272892,0,[1.4443074  1.3475698  0.31756437],"[[-0.12677935 -0.32073534 -0.7047199 ]
 [ 0.5712688   0.390903    0.2977274 ]
 [-0.5715246   0.79623044 -0.17102204]
 [-0.5752728  -0.3321762   0.62086993]]","[[ 0.5324078   0.84184426  0.08854539]
 [-0.6256675   0.3209051   0.7110274 ]
 [ 0.5701597  -0.43395656  0.6975669 ]]"
20200223-114636.272892,1,[1.4497015  1.352647   0.31870353],"[[-0.12346006 -0.32281756 -0.70745933]
 [ 0.5705703   0.39265022  0.2948786 ]
 [-0.57337105  0.7941586  -0.17408241]
 [-0.57485014 -0.33305728  0.6182581 ]]","[[ 0.5296381   0.84381574  0.08636469]
 [-0.627289    0.3211129   0.70950335]
 [ 0.5709573  -0.4299556   0.6993898 ]]"
20200223-114636.272892,2,[1.4552608  1.3602151  0.31891268],"[[-0.12310045 -0.32317385 -0.7102975 ]
 [ 0.57417023  0.38928145  0.29177862]
 [-0.5673128   0.79781014 -0.17707628]
 [-0.5773479  -0.32789823  0.61561906]]","[[ 0.5353342   0.8406759   0.08173965]
 [-0.62473303  0.3289689   0.7081585 ]
 [ 0.568442   -0.4301668   0.7013062 ]]"
20200223-114636.272892,3,[1.4608583  1.362756   0.31843704],"[[-0.12775315 -0.3214723  -0.7135689 ]
 [ 0.58467054  0.37507054  0.2888382 ]
 [-0.5482978   0.810413   -0.17857122]
 [-0.58413094 -0.3149737   0.61278397]]","[[ 0.5556304   0.82762516  0.07944552]
 [-0.61433357  0.34428394  0.7099738 ]
 [ 0.56024045 -0.44328904  0.6997324 ]]"
20200223-114636.272892,4,[1.4665527  1.3674449  0.31810853],"[[-0.13454719 -0.31877774 -0.71657187]
 [ 0.59773743  0.35705626  0.28553006]
 [-0.5232723   0.82618695 -0.18036865]
 [-0.59227806 -0.29716468  0.6102988 ]]","[[ 0.581359    0.8101952   0.07487001]
 [-0.60008603  0.36480707  0.71190774]
 [ 0.549471   -0.4588024   0.69827086]]"
20200223-114636.272892,5,[1.4715122  1.371009   0.31722993],"[[-0.12882423 -0.32117587 -0.71971637]
 [ 0.59393585  0.3624817   0.2837149 ]
 [-0.5311547   0.82056755 -0.18259509]
 [-0.59035504 -0.30351597  0.6067731 ]]","[[ 0.57257545  0.8164177   0.07496427]
 [-0.6054013   0.3593758   0.71016777]
 [ 0.55285305 -0.45200807  0.70003015]]"
20200223-114636.272892,6,[1.4768407  1.3741151  0.31736648],"[[-0.12254336 -0.32419288 -0.7225809 ]
 [ 0.5894149   0.36907813  0.2816738 ]
 [-0.54067683  0.8136586  -0.18507391]
 [-0.5875727  -0.3108694   0.60356003]]","[[ 0.5621159   0.8236288   0.07524063]
 [-0.611297    0.35247207  0.7085757 ]
 [ 0.5570831  -0.444296    0.7016121 ]]"
20200223-114636.272892,7,[1.4821116  1.3764539  0.31691718],"[[-0.11941225 -0.32561815 -0.72551024]
 [ 0.5890081   0.36938557  0.27974224]
 [-0.54177016  0.8123203  -0.18707673]
 [-0.5876185  -0.3125109   0.60031784]]","[[ 0.5604569   0.82475126  0.07532413]
 [-0.6125569   0.35160726  0.707917  ]
 [ 0.5573707  -0.44289717  0.7022678 ]]"
20200223-114636.272892,8,[1.487732   1.381739   0.31716922],"[[-0.11597421 -0.3273423  -0.72810227]
 [ 0.58825886  0.37115905  0.27738285]
 [-0.5437473   0.8103024  -0.18980289]
 [-0.587231   -0.3138439   0.59741175]]","[[ 0.55761665  0.82685435  0.07331934]
 [-0.61428416  0.3516236   0.70641065]
 [ 0.5583178  -0.43894514  0.7039947 ]]"
20200223-114636.272892,9,[1.493453   1.3840852  0.31587744],"[[-0.11246074 -0.32848746 -0.7313072 ]
 [ 0.58760655  0.37172654  0.2755284 ]
 [-0.5453929   0.80863965 -0.19149819]
 [-0.5870417  -0.31625542  0.5938034 ]]","[[ 0.5553992   0.82832885  0.07350652]
 [-0.615661    0.3501586   0.7059395 ]
 [ 0.55901104 -0.4373332   0.7044478 ]]"
20200223-114636.272892,10,[1.4985044  1.391001   0.31567505],"[[-0.11445718 -0.3279788  -0.733699  ]
 [ 0.594043    0.36370614  0.27290908]
 [-0.53336924  0.81595707 -0.19397196]
 [-0.5912101  -0.30718336  0.5912544 ]]","[[ 0.5673246   0.82059276  0.06906786]
 [-0.6092048   0.36178383  0.7056786 ]
 [ 0.554087   -0.44242516  0.705158  ]]"
20200223-114636.272892,11,[1.5040709  1.3982136  0.31596175],"[[-0.11434438 -0.32847652 -0.7359892 ]
 [ 0.5974013   0.3599969   0.27026996]
 [-0.5270168   0.8193633  -0.19690056]
 [-0.59354085 -0.30191028  0.5886465 ]]","[[ 0.57296765  0.8169999   0.06495588]
 [-0.60635     0.36924407  0.7042718 ]
 [ 0.5514054  -0.442911    0.70695287]]"
20200223-114636.272892,12,[1.5099959 1.4046916 0.3158008],"[[-0.11610031 -0.3280688  -0.7384126 ]
 [ 0.6034071   0.35209373  0.26772326]
 [-0.5153995   0.8260541  -0.1993108 ]
 [-0.59731406 -0.2933186   0.5859575 ]]","[[ 0.58419037  0.80933005  0.06087988]
 [-0.5999061   0.38006482  0.7040337 ]
 [ 0.5466573  -0.44781187  0.70755225]]"
20200223-114636.272892,13,[1.5160122  1.4111625  0.31464273],"[[-0.1178681  -0.32726583 -0.7411526 ]
 [ 0.60937965  0.34376705  0.26525915]
 [-0.50338924  0.8328428  -0.2014208 ]
 [-0.60113454 -0.28476995  0.58288944]]","[[ 0.59556717  0.8012882   0.05689437]
 [-0.5931422   0.3908849   0.7038403 ]
 [ 0.5417397  -0.45293063  0.7080761 ]]"
20200223-114636.272892,14,[1.5221226  1.4181753  0.31498322],"[[-0.11785337 -0.3277686  -0.7433707 ]
 [ 0.6124879   0.33983248  0.26278415]
 [-0.49685368  0.83605486 -0.20432453]
 [-0.6034113  -0.27945274  0.5801686 ]]","[[ 0.6010769   0.7974259   0.05309135]
 [-0.59020203  0.39812252  0.70225376]
 [ 0.53885835 -0.45344308  0.70994455]]"
20200223-114636.272892,15,[1.5279483  1.4222976  0.31394458],"[[-0.11614343 -0.32839116 -0.74608076]
 [ 0.61408925  0.33754316  0.26088277]
 [-0.49397022  0.837181   -0.20619544]
 [-0.60448223 -0.27812272  0.57687724]]","[[ 0.603463    0.7957226   0.05155689]
 [-0.5886275   0.4009222   0.7019824 ]
 [ 0.53791285 -0.4539681   0.7103258 ]]"
20200223-114636.272892,16,[1.5341264 1.425908  0.3137741],"[[-0.11492785 -0.3292934  -0.74854004]
 [ 0.61584705  0.33490098  0.2587825 ]
 [-0.49042097  0.8386045  -0.20845193]
 [-0.60581464 -0.2759532   0.57381845]]","[[ 0.6063836   0.7935969   0.05003126]
 [-0.58703417  0.40433368  0.70135987]
 [ 0.53636754 -0.454663    0.7110497 ]]"
20200223-114636.272892,17,[1.5385846 1.4327041 0.3135948],"[[-0.10973498 -0.3314314  -0.7505044 ]
 [ 0.61269844  0.340632    0.25726774]
 [-0.4973698   0.83384883 -0.2111734 ]
 [-0.604303   -0.28074786  0.57093096]]","[[ 0.5985452   0.79963225  0.04829229]
 [-0.59228534  0.40113962  0.6987741 ]
 [ 0.53939027 -0.44685066  0.7137106 ]]"
20200223-114636.272892,18,[1.5448526  1.436645   0.31253687],"[[-0.10785168 -0.33215284 -0.7531421 ]
 [ 0.61400217  0.33880964  0.25535032]
 [-0.4950852   0.8346126  -0.21308371]
 [-0.60519445 -0.27982977  0.5675991 ]]","[[ 0.600318    0.79839027  0.04681496]
 [-0.5911294   0.40352574  0.6983788 ]
 [ 0.53868777 -0.44692305  0.71419567]]"
20200223-114636.272892,19,[1.5504041  1.4406695  0.31232077],"[[-0.10654678 -0.3330112  -0.75523484]
 [ 0.6158314   0.3362591   0.2536404 ]
 [-0.4916353   0.8359854  -0.21520305]
 [-0.60637826 -0.27778003  0.56477803]]","[[ 0.60323066  0.7962807   0.04527786]
 [-0.58936805  0.4067939   0.69797134]
 [ 0.5373624  -0.44772303  0.7146929 ]]"
20200223-114636.272892,20,[1.5567253 1.4455379 0.3126783],"[[-0.10996404 -0.3325637  -0.75716877]
 [ 0.6233043   0.32488945  0.2513282 ]
 [-0.47595492  0.84427494 -0.2174206 ]
 [-0.610628   -0.26654792  0.56236815]]","[[ 0.618169    0.7849367   0.04173346]
 [-0.57955813  0.41927138  0.6988019 ]
 [ 0.5310175  -0.45616463  0.7140969 ]]"
20200223-114636.272892,21,[1.5623571 1.4495147 0.3125093],"[[-0.10822231 -0.3336422  -0.75913703]
 [ 0.62452734  0.3232266   0.24974152]
 [-0.47373608  0.8448513  -0.2195572 ]
 [-0.6114147  -0.26539335  0.55958456]]","[[ 0.61984104  0.78369105  0.04031973]
 [-0.5784471   0.4215802   0.6983332 ]
 [ 0.5302794  -0.4561783   0.7146364 ]]"
20200223-114636.272892,22,[1.5687107  1.4531592  0.31234813],"[[-0.10576101 -0.3350666  -0.76126605]
 [ 0.625006    0.322922    0.24787906]
 [-0.47346726  0.84431016 -0.22174627]
 [-0.611565   -0.26569244  0.55665004]]","[[ 0.6197046   0.783865    0.03901768]
 [-0.5783355   0.42247996  0.6978819 ]
 [ 0.530561   -0.45504573  0.71514946]]"
20200223-114636.272892,23,[1.5751286  1.4568152  0.31234375],"[[-0.10313676 -0.33651397 -0.7632825 ]
 [ 0.62527746  0.32290614  0.2461906 ]
 [-0.4735655   0.8435577  -0.22393599]
 [-0.6116588  -0.2662712   0.55375344]]","[[ 0.6192054   0.78431803  0.03781683]
 [-0.5784987   0.42308992  0.69737685]
 [ 0.5309652  -0.4536965   0.7157064 ]]"
20200223-114636.272892,24,[1.580368  1.4595516 0.3126592],"[[-0.09569249 -0.3396529  -0.76500106]
 [ 0.6197345   0.33225772  0.2450161 ]
 [-0.48652193  0.8354267  -0.22630242]
 [-0.6083325  -0.2762298   0.55093354]]","[[ 0.6061626   0.79440165  0.03863997]
 [-0.58696985  0.41404286  0.6957264 ]
 [ 0.53668755 -0.44440377  0.717267  ]]"
20200223-114636.272892,25,[1.5864602 1.466547  0.3130688],"[[-0.09504873 -0.340538   -0.7666289 ]
 [ 0.6219749   0.32963797  0.24306175]
 [-0.48192224  0.8373442  -0.22903046]
 [-0.6098068  -0.27244768  0.54840386]]","[[ 0.60981345  0.79175943  0.03528285]
 [-0.5847997   0.41947323  0.6942995 ]
 [ 0.53491795 -0.44402665  0.718821  ]]"
20200223-114636.272892,26,[1.5922695  1.4752645  0.31200632],"[[-0.09223153 -0.3412955  -0.7685834 ]
 [ 0.6217932   0.33095762  0.24147095]
 [-0.4823639   0.8365038  -0.23148532]
 [-0.61007506 -0.27248102  0.54533106]]","[[ 0.6082539   0.7931002   0.03192487]
 [-0.58607215  0.42162555  0.69191843]
 [ 0.5353004  -0.43957242  0.7212694 ]]"
20200223-114636.272892,27,[1.5980837  1.4810134  0.31119972],"[[-0.08576858 -0.34321767 -0.77063704]
 [ 0.617371    0.33854565  0.24015257]
 [-0.49210438  0.8302072  -0.23377895]
 [-0.6077256  -0.27990124  0.54202646]]","[[ 0.59773576  0.80109507  0.03096347]
 [-0.5930084   0.41582137  0.68951714]
 [ 0.5394936  -0.4305106   0.72360724]]"
20200223-114636.272892,28,[1.604231   1.4844234  0.31205547],"[[-0.08307108 -0.34507233 -0.77209693]
 [ 0.6175136   0.33897004  0.23849063]
 [-0.49275568  0.8289934  -0.23618123]
 [-0.60742754 -0.28070372  0.539636  ]]","[[ 0.59679013  0.8018412   0.02987664]
 [-0.5933142   0.415909    0.6892012 ]
 [ 0.5402038  -0.42903462  0.7239539 ]]"
20200223-114636.272892,29,[1.6108642  1.4912517  0.31152347],"[[-0.08225723 -0.34557098 -0.77393425]
 [ 0.61961424  0.33636194  0.23677883]
 [-0.48832083  0.8309565  -0.2385259 ]
 [-0.60897857 -0.27740398  0.536719  ]]","[[ 0.60027903  0.7993416   0.02680076]
 [-0.5913601   0.42103183  0.68776864]
 [ 0.538478   -0.42870188  0.72543526]]"
20200223-114636.272892,30,[1.6179842  1.4957693  0.31099066],"[[-0.08524925 -0.3452454  -0.7757809 ]
 [ 0.62643486  0.32575274  0.23502605]
 [-0.4739422   0.8385477  -0.2403952 ]
 [-0.6129361  -0.2674479   0.53398186]]","[[ 0.614005    0.78894454  0.02375385]
 [-0.5822008   0.43237337  0.6885459 ]
 [ 0.53295404 -0.43660018  0.72480357]]"
20200223-114636.272892,31,[1.6238972  1.4993379  0.31088325],"[[-0.08291759 -0.34650105 -0.77728945]
 [ 0.62696046  0.32525575  0.23386322]
 [-0.47334796  0.8381709  -0.24242753]
 [-0.6131781  -0.2676107   0.5313737 ]]","[[ 0.61416984  0.7888465   0.02273119]
 [-0.5819844   0.4332839   0.68815666]
 [ 0.53300095 -0.4358741   0.725206  ]]"
20200223-114636.272892,32,[1.6302651  1.5061833  0.31050545],"[[-0.08200999 -0.34708676 -0.7789273 ]
 [ 0.62890774  0.32276255  0.23237047]
 [-0.46914428  0.83986664 -0.24471653]
 [-0.6145349  -0.26453543  0.5285736 ]]","[[ 0.6173911   0.7864065   0.01982464]
 [-0.5799705   0.4380071   0.6868653 ]
 [ 0.5314721  -0.43556216  0.7265142 ]]"
20200223-114636.272892,33,[1.6374469  1.5079027  0.31092533],"[[-0.08073142 -0.34845012 -0.7804141 ]
 [ 0.6307122   0.32003048  0.23095138]
 [-0.46598667  0.8408192  -0.24675874]
 [-0.6152572  -0.26303235  0.5260469 ]]","[[ 0.62028205  0.78414816  0.01902074]
 [-0.57767725  0.44028553  0.68734103]
 [ 0.53060275 -0.4373332   0.7260857 ]]"
20200223-114636.272892,34,[1.6429347  1.5101118  0.31048423],"[[-0.07256991 -0.35095412 -0.7819731 ]
 [ 0.62465435  0.33018214  0.23025006]
 [-0.4800326   0.8322109  -0.24870437]
 [-0.6116451  -0.27429265  0.52311504]]","[[ 0.60617507  0.7950733   0.02025733]
 [-0.5870199   0.43007684  0.68588775]
 [ 0.5366186  -0.4276594   0.7274255 ]]"
20200223-114636.272892,35,[1.6489584  1.5135821  0.31037873],"[[-0.07013445 -0.35219017 -0.7833033 ]
 [ 0.6250744   0.3298849   0.22925222]
 [-0.4796797   0.83168143 -0.25070193]
 [-0.6117768  -0.27467093  0.5206031 ]]","[[ 0.6060936   0.79515874  0.01932363]
 [-0.58696324  0.43074152  0.685519  ]
 [ 0.53677285 -0.42683083  0.72779846]]"
20200223-114636.272892,36,[1.6537997  1.5211742  0.31073558],"[[-0.06181446 -0.35451138 -0.7842234 ]
 [ 0.6182621   0.34175134  0.22853749]
 [-0.4943554   0.82233685 -0.25338095]
 [-0.6079009  -0.28511363  0.5182304 ]]","[[ 0.5903318   0.8069533   0.01830011]
 [-0.59752697  0.42165738  0.6820314 ]
 [ 0.54265094 -0.4135595   0.73109406]]"
20200223-114636.272892,37,[1.661179   1.5294847  0.30983874],"[[-0.06567864 -0.3539259  -0.7859032 ]
 [ 0.62598056  0.3304779   0.22680847]
 [-0.47817186  0.8311962  -0.2554051 ]
 [-0.61252475 -0.27319145  0.5154442 ]]","[[ 0.6057147   0.79556835  0.01343754]
 [-0.5874197   0.4357196   0.68197256]
 [ 0.5367009  -0.42097428  0.73125434]]"
20200223-114636.272892,38,[1.6681747  1.5350944  0.30984816],"[[-0.06589345 -0.3546479  -0.78724617]
 [ 0.6293748   0.32572427  0.22533216]
 [-0.471366    0.83431125 -0.25757763]
 [-0.61429596 -0.268428    0.51295483]]","[[ 0.6118893   0.7908712   0.01070023]
 [-0.58302927  0.44185972  0.6817895 ]
 [ 0.53447956 -0.42341822  0.7314702 ]]"
20200223-114636.272892,39,[1.6751397  1.5378718  0.30996317],"[[-0.06220337 -0.35625508 -0.7885516 ]
 [ 0.62844366  0.32768214  0.2242829 ]
 [-0.47417933  0.8319448  -0.25960952]
 [-0.61346835 -0.27124628  0.5103788 ]]","[[ 0.6088078   0.7932527   0.01017103]
 [-0.5848011   0.44008768  0.68141824]
 [ 0.53606063 -0.42080066  0.7318238 ]]"
20200223-114636.272892,40,[1.6816187  1.5380508  0.31080446],"[[-0.05535654 -0.35896072 -0.78959686]
 [ 0.6238947   0.33529335  0.22330678]
 [-0.48510846  0.82472736 -0.26179823]
 [-0.61021376 -0.28026873  0.5080675 ]]","[[ 0.5978797   0.8015025   0.01156438]
 [-0.5916445   0.4315109   0.68099576]
 [ 0.54082954 -0.4139955   0.7321961 ]]"
20200223-114636.272892,41,[1.6874076 1.5397627 0.3103364],"[[-0.04749751 -0.36086282 -0.7908991 ]
 [ 0.6180304   0.3445025   0.22281149]
 [-0.49783128  0.8164191  -0.26362658]
 [-0.60658556 -0.29078493  0.50530636]]","[[ 0.58452034  0.81127566  0.01295796]
 [-0.6002344   0.42160997  0.67967916]
 [ 0.5459439  -0.4050641   0.7333952 ]]"
20200223-114636.272892,42,[1.6933148  1.5455348  0.31117865],"[[-0.04062905 -0.3628694  -0.7916127 ]
 [ 0.6129119   0.35317057  0.22197303]
 [-0.50859445  0.8089361  -0.26620427]
 [-0.6033407  -0.2986951   0.5032024 ]]","[[ 0.5725767   0.81976104  0.0121601 ]
 [-0.60783327  0.41450512  0.6772919 ]
 [ 0.55017716 -0.3951929   0.7356138 ]]"
20200223-114636.272892,43,[1.7000564  1.5495641  0.31253353],"[[-0.03517269 -0.36501485 -0.7923321 ]
 [ 0.60953116  0.3589536   0.22078735]
 [-0.5159513   0.8033172  -0.26882544]
 [-0.60085714 -0.3042996   0.5011943 ]]","[[ 0.56431717  0.8254777   0.01151796]
 [-0.61275715  0.40946478  0.6759197 ]
 [ 0.55324054 -0.38849074  0.7368852 ]]"
20200223-114636.272892,44,[1.7051601  1.5539863  0.31200805],"[[-0.02382481 -0.36651817 -0.79332745]
 [ 0.5988302   0.37453562  0.22063799]
 [-0.5363312   0.78922826 -0.27086958]
 [-0.5942929  -0.32016593  0.49857816]]","[[ 0.5413685   0.8406889   0.01274825]
 [-0.6267018   0.39336908  0.67268556]
 [ 0.56050456 -0.37216005  0.73981875]]"
20200223-114636.272892,45,[1.7122059  1.55959    0.31211132],"[[-0.02392838 -0.36729622 -0.7943627 ]
 [ 0.6025079   0.37019607  0.21954203]
 [-0.52995425  0.7926983  -0.27293518]
 [-0.5962887  -0.3157178   0.49628118]]","[[ 0.5477352   0.8365903   0.01014792]
 [-0.62281376  0.39961183  0.67261696]
 [ 0.5586495  -0.3747362   0.7399212 ]]"
20200223-114636.272892,46,[1.718455  1.565196  0.3129543],"[[-0.01690713 -0.36888137 -0.79496926]
 [ 0.59696174  0.37872353  0.21877377]
 [-0.54049015  0.78469855 -0.2754465 ]
 [-0.592639   -0.32364     0.49425772]]","[[ 0.5353111   0.84460276  0.00938914]
 [-0.63015956  0.3919452   0.6702818 ]
 [ 0.5624419  -0.3647259   0.7420472 ]]"
20200223-114636.272892,47,[1.7247441  1.5704125  0.31282666],"[[ 0.01069048 -0.36982048 -0.7958813 ]
 [-0.5921994   0.38561124  0.21816437]
 [ 0.54893464  0.7780969  -0.27759972]
 [ 0.58979344 -0.33030555  0.49184886]]","[[-0.5248581   0.8511448   0.00874292]
 [ 0.6365149   0.3856457   0.6679267 ]
 [-0.5651308  -0.3561318   0.7441757 ]]"
20200223-114636.272892,48,[1.7311099  1.5776374  0.31227672],"[[ 0.00901806 -0.37030157 -0.7969182 ]
 [-0.59358627  0.3846745   0.21732019]
 [ 0.5466971   0.7789563  -0.27954903]
 [ 0.59050524 -0.32883072  0.4894344 ]]","[[-0.5265221   0.8501398   0.00606425]
 [ 0.63557446  0.38887665  0.6669482 ]
 [-0.564641   -0.3550173   0.7450794 ]]"
20200223-114636.272892,49,[1.7381175  1.5781277  0.31197977],"[[ 0.00167982 -0.37142065 -0.79806393]
 [-0.58786935  0.39206675  0.21676752]
 [ 0.55715203  0.7707229  -0.2813151 ]
 [ 0.5865051  -0.33810768  0.48679364]]","[[-0.51414603  0.8576679   0.00773087]
 [ 0.64242214  0.37910938  0.6660103 ]
 [-0.5682848  -0.34739304  0.7459026 ]]"
20200223-114636.272892,50,[1.7448709  1.5780554  0.31180522],"[[-0.00257052 -0.3724829  -0.79897183]
 [-0.58581847  0.39432734  0.21641147]
 [ 0.5608205   0.7672253  -0.28301302]
 [ 0.58505565 -0.3422391   0.48447275]]","[[-0.50942975  0.8604644   0.00907512]
 [ 0.6451765   0.3749496   0.6657025 ]
 [-0.5694107  -0.34498376  0.746162  ]]"
20200223-114636.272892,51,[1.7521746 1.5773998 0.3118378],"[[ 0.00713296 -0.37369233 -0.79994684]
 [ 0.58346075  0.3969365   0.21582219]
 [-0.5651302   0.76316166 -0.2847891 ]
 [-0.5832244  -0.34695798  0.48207986]]","[[ 0.50401175  0.8636312   0.0106567 ]
 [-0.6481393   0.37003872  0.66557264]
 [ 0.57086575 -0.34236333  0.74625707]]"
20200223-114636.272892,52,[1.7595487  1.5809851  0.31236216],"[[ 0.01164039 -0.3747814  -0.80064607]
 [ 0.58109576  0.4003641   0.21507101]
 [-0.5693755   0.75909144 -0.28695518]
 [-0.5813805  -0.35075247  0.47996515]]","[[ 0.49832144  0.8669325   0.01018064]
 [-0.65123934  0.3665357   0.6644838 ]
 [ 0.572331   -0.33775654  0.7472334 ]]"
20200223-114636.272892,53,[1.7667426  1.5863898  0.31153655],"[[ 0.01160077 -0.3752579  -0.8017775 ]
 [ 0.5849801   0.3961055   0.21425377]
 [-0.5632047   0.7629236  -0.28861603]
 [-0.5834932  -0.34674168  0.4774399 ]]","[[ 0.50490946  0.8631372   0.00780093]
 [-0.64748263  0.3727506   0.6646979 ]
 [ 0.57081753 -0.3406632   0.74707156]]"
20200223-114636.272892,54,[1.7736678  1.5863369  0.31139544],"[[ 0.01555819 -0.37623695 -0.8025398 ]
 [ 0.5831884   0.39795995  0.21398933]
 [-0.56626594  0.75979716 -0.29031003]
 [-0.5822304  -0.35040292  0.47524604]]","[[ 0.50078255  0.86552507  0.00912766]
 [-0.649933    0.36903715  0.66437846]
 [ 0.57166773 -0.3386415   0.74734056]]"
20200223-114636.272892,55,[1.7811971 1.5928457 0.3109741],"[[ 0.01719105 -0.37674737 -0.8034548 ]
 [ 0.5842815   0.3972482   0.21315034]
 [-0.5643241   0.76049787 -0.2922788 ]
 [-0.5829738  -0.34913948  0.47286445]]","[[ 0.50208336  0.8647936   0.00667767]
 [-0.6494845   0.37195784  0.6631874 ]
 [ 0.5710364  -0.3373123   0.7484238 ]]"
20200223-114636.272892,56,[1.7884855 1.5983188 0.3109709],"[[ 0.01748662 -0.3776744  -0.8042252 ]
 [ 0.58756244  0.39386395  0.21225339]
 [-0.55919534  0.7633881  -0.29425043]
 [-0.58460695 -0.3456473   0.47073054]]","[[ 0.50745547  0.86166763  0.00426554]
 [-0.64631546  0.37734652  0.66323924]
 [ 0.56988204 -0.3393211   0.7483955 ]]"
20200223-114636.272892,57,[1.7960844  1.6068627  0.31102386],"[[ 0.01565034 -0.3784792  -0.80492103]
 [ 0.59354246  0.38742357  0.21127293]
 [-0.5493081   0.7696696  -0.29632214]
 [-0.5879823  -0.3380316   0.46867794]]","[[ 5.1809537e-01  8.5532296e-01 -8.0716192e-05]
 [-6.4010698e-01  3.8779509e-01  6.6323316e-01]
 [ 5.6730974e-01 -3.4356633e-01  7.4841309e-01]]"
20200223-114636.272892,58,[1.8038636  1.6091254  0.31101725],"[[ 0.01828463 -0.3795202  -0.8056782 ]
 [ 0.59359413  0.38752645  0.21060339]
 [-0.5495095   0.7686345  -0.2981899 ]
 [-0.58766603 -0.33910036  0.46648884]]","[[ 5.1735324e-01  8.5577184e-01 -4.2967621e-04]
 [-6.4044183e-01  3.8750932e-01  6.6307670e-01]
 [ 5.6760889e-01 -3.4276971e-01  7.4855125e-01]]"
20200223-114636.272892,59,[1.8114249  1.6083235  0.31186217],"[[ 0.02320084 -0.38103956 -0.8061222 ]
 [ 0.5905544   0.39120588  0.21004297]
 [-0.5550392   0.7636084  -0.3002443 ]
 [-0.58535343 -0.3444839   0.4646532 ]]","[[ 0.51063013  0.85979986  0.00115404]
 [-0.6442124   0.38170424  0.66279125]
 [ 0.56942725 -0.3391846   0.74880344]]"
20200223-114636.272892,60,[1.8175948  1.6108037  0.31167194],"[[ 0.03090761 -0.38142386 -0.80657804]
 [ 0.5834904   0.40005955  0.21010776]
 [-0.5665975   0.7543441  -0.30204278]
 [-0.58099157 -0.35416603  0.46266288]]","[[ 0.49617746  0.8682177   0.00248603]
 [-0.6526437   0.37108764  0.6605681 ]
 [ 0.57259446 -0.3293815   0.750762  ]]"
20200223-114636.272892,61,[1.8242528 1.6146542 0.3112266],"[[ 0.03484734 -0.38184956 -0.80718595]
 [ 0.58178115  0.40249106  0.20995137]
 [-0.5694724   0.751406   -0.303722  ]
 [-0.57967055 -0.35718542  0.46056968]]","[[ 0.4919945   0.870596    0.00205585]
 [-0.65496105  0.36857626  0.6596798 ]
 [ 0.573557   -0.32590538  0.751544  ]]"
20200223-114636.272892,62,[1.8320621  1.6210028  0.31081355],"[[ 0.03660522 -0.38232452 -0.8079231 ]
 [ 0.5826255   0.4020732   0.20930523]
 [-0.5679355   0.7518178  -0.3055958 ]
 [-0.58022165 -0.35627967  0.4583266 ]]","[[ 4.9285123e-01  8.7011367e-01 -2.0648490e-04]
 [-6.5474004e-01  3.7101519e-01  6.5853125e-01]
 [ 5.7307357e-01 -3.2442266e-01  7.5255364e-01]]"
20200223-114636.272892,63,[1.8398491 1.6252683 0.3112716],"[[ 0.03524291 -0.3836884  -0.8083372 ]
 [ 0.5880137   0.39593947  0.208698  ]
 [-0.5593801   0.7571888  -0.30753794]
 [-0.58317333 -0.35025722  0.4565703 ]]","[[ 0.50249475  0.8645766  -0.00253221]
 [-0.6491902   0.3792426   0.65933836]
 [ 0.5710089  -0.3296702   0.751842  ]]"
20200223-114636.272892,64,[1.8475344 1.626378  0.3116942],"[[ 0.03596781 -0.3851131  -0.80874103]
 [ 0.59059376  0.39274186  0.20823905]
 [-0.55543506  0.7590398  -0.3093894 ]
 [-0.58429176 -0.34828174  0.45481014]]","[[ 0.50677925  0.86207104 -0.00289435]
 [-0.64655906  0.38230428  0.66015506]
 [ 0.5702072  -0.3326815   0.7511236 ]]"
20200223-114636.272892,65,[1.8542727  1.6302171  0.31126475],"[[ 0.03994103 -0.3855195  -0.8092561 ]
 [ 0.5887769   0.3953475   0.20816433]
 [-0.5585056   0.7560195  -0.31103617]
 [-0.58293897 -0.3514391   0.45280078]]","[[ 0.50242585  0.86461407 -0.0032672 ]
 [-0.64904404  0.37964964  0.659248  ]
 [ 0.57123554 -0.32910267  0.7519185 ]]"
20200223-114636.272892,66,[1.8622962 1.6287359 0.310578 ],"[[ 0.0442207  -0.38611615 -0.8100066 ]
 [ 0.58664453  0.397393    0.2081378 ]
 [-0.5620996   0.7525148  -0.31241867]
 [-0.58132344 -0.35597038  0.45051384]]","[[ 0.4977311   0.8673305  -0.00133836]
 [-0.6516769   0.37499228  0.6593164 ]
 [ 0.57234704 -0.32729012  0.7518646 ]]"
20200223-114636.272892,67,[1.8703088  1.6328996  0.31013817],"[[ 0.04308695 -0.38715258 -0.8106204 ]
 [ 0.5918587   0.39138064  0.2077009 ]
 [-0.5538235   0.75771147 -0.3140545 ]
 [-0.58406043 -0.350439    0.4484692 ]]","[[ 0.5069787   0.86195123 -0.00356927]
 [-0.64614546  0.38278112  0.66028374]
 [ 0.5704989  -0.33244354  0.75100774]]"
20200223-114636.272892,68,[1.8775512 1.6334746 0.309703 ],"[[ 0.04870738 -0.3875056  -0.81106085]
 [ 0.58762205  0.3963602   0.20785771]
 [-0.5606807   0.751871   -0.31559008]
 [-0.5813477  -0.35697082  0.44651833]]","[[ 0.49819374  0.86706364 -0.00196827]
 [-0.65135026  0.3757467   0.6592096 ]
 [ 0.5723161  -0.32713202  0.7519569 ]]"
20200223-114636.272892,69,[1.8854449  1.634564   0.31012356],"[[ 0.04962152 -0.3889225  -0.81132007]
 [ 0.58994377  0.39355457  0.20755336]
 [-0.5572001   0.75338024 -0.31741086]
 [-0.58226496 -0.35534853  0.44489568]]","[[ 0.5019644   0.8648853  -0.00230333]
 [-0.64897746  0.37841302  0.6600243 ]
 [ 0.5717169  -0.32981384  0.75124085]]"
20200223-114636.272892,70,[1.8925486  1.6372672  0.31001022],"[[ 0.05187157 -0.38972273 -0.81158864]
 [ 0.5903155   0.39327708  0.20756502]
 [-0.5566526   0.7528935  -0.31907183]
 [-0.5822152  -0.35580978  0.44320837]]","[[ 0.50199974  0.86486346 -0.00273549]
 [-0.648926    0.37874871  0.6598822 ]
 [ 0.571744   -0.32948563  0.7513641 ]]"
20200223-114636.272892,71,[1.9003849  1.6425159  0.31003264],"[[ 0.05222539 -0.39065573 -0.81189406]
 [ 0.59301364  0.3904671   0.20726423]
 [-0.5521571   0.7553133  -0.32089677]
 [-0.5837207  -0.3527396   0.4414688 ]]","[[ 0.5065237   0.86221206 -0.0049479 ]
 [-0.6463715   0.3835093   0.6596398 ]
 [ 0.5706469  -0.33092502  0.7515657 ]]"
20200223-114636.272892,72,[1.9085836  1.6457392  0.31061652],"[[ 0.05653746 -0.39143905 -0.8120293 ]
 [ 0.5904833   0.39397871  0.20701417]
 [-0.55638146  0.75126857 -0.32286492]
 [-0.58186984 -0.35658333  0.4398998 ]]","[[ 0.5008298   0.8655308  -0.00511525]
 [-0.6496608   0.37981108  0.65854716]
 [ 0.57193565 -0.32649684  0.7525222 ]]"
20200223-114636.272892,73,[1.9156232  1.6516026  0.31024444],"[[ 0.06295515 -0.39105225 -0.8123375 ]
 [ 0.584446    0.40169618  0.20704095]
 [-0.565496    0.7438574  -0.32458535]
 [-0.57851017 -0.3638614   0.43804795]]","[[ 0.4887071   0.87243146 -0.00537697]
 [-0.65710366  0.37212792  0.6555423 ]
 [ 0.5739167  -0.31683493  0.7551394 ]]"
20200223-114636.272892,74,[1.9235145  1.6567657  0.31025156],"[[ 0.06330097 -0.39199582 -0.81258565]
 [ 0.58714855  0.398932    0.20681763]
 [-0.56108236  0.74630016 -0.32635894]
 [-0.5800311  -0.3608722   0.43637237]]","[[ 0.49324623  0.86985743 -0.00750165]
 [-0.65460914  0.3768431   0.6553444 ]
 [ 0.5728831  -0.3183355   0.7552931 ]]"
20200223-114636.272892,75,[1.9317797  1.6559801  0.30928534],"[[ 0.068826   -0.39196432 -0.81321514]
 [ 0.5830779   0.40328535  0.20700121]
 [-0.56746405  0.7407172  -0.32761887]
 [-0.5772936  -0.36750945  0.4341629 ]]","[[ 0.48492163  0.8745412  -0.00537853]
 [-0.6593483   0.36962658  0.65470296]
 [ 0.57455266 -0.3139333   0.7558671 ]]"
20200223-114636.272892,76,[1.9397184 1.6611469 0.3092933],"[[ 0.06921484 -0.39291036 -0.8134185 ]
 [ 0.5857459   0.40061536  0.2068266 ]
 [-0.5631521   0.7431011  -0.32937527]
 [-0.57876635 -0.3645949   0.43253297]]","[[ 0.48935893  0.8720501  -0.00749822]
 [-0.6569143   0.37426132  0.65451646]
 [ 0.5735776  -0.31536785  0.75601035]]"
20200223-114636.272892,77,[1.9478823  1.6620437  0.30968177],"[[ 0.07017582 -0.3943425  -0.8135182 ]
 [ 0.5879903   0.39796028  0.20669731]
 [-0.5598518   0.7444759  -0.33113542]
 [-0.5795764  -0.36314923  0.43106207]]","[[ 0.49294457  0.8700263  -0.00774395]
 [-0.6546367   0.37674135  0.65537536]
 [ 0.57311124 -0.31799433  0.7552638 ]]"
20200223-114636.272892,78,[1.9555403  1.666643   0.30885732],"[[ 0.07520506 -0.39401168 -0.81388384]
 [ 0.5842265   0.40276295  0.20686933]
 [-0.56553155  0.7395479  -0.3325776 ]
 [-0.5772331  -0.368247    0.42917407]]","[[ 0.4851051   0.87442017 -0.00790559]
 [-0.65929276  0.37166733  0.6536028 ]
 [ 0.57446164 -0.31185392  0.75679666]]"
20200223-114636.272892,79,[1.9629369 1.6692804 0.3087608],"[[ 0.07727174 -0.39476907 -0.8139549 ]
 [ 0.5847047   0.4023457   0.20707639]
 [-0.5647505   0.7392295  -0.3341506 ]
 [-0.5772406  -0.36853126  0.42771518]]","[[ 0.48541987  0.87424165 -0.0083032 ]
 [-0.65909386  0.37216663  0.65351915]
 [ 0.574424   -0.3117586   0.75686437]]"
20200223-114636.272892,80,[1.9702123  1.6728175  0.30835894],"[[ 0.08084083 -0.3949583  -0.81411666]
 [ 0.5830676   0.40452382  0.20733799]
 [-0.56719285  0.7365747  -0.33563462]
 [-0.5760113  -0.3712493   0.42611617]]","[[ 0.48167288  0.8763096  -0.00853602]
 [-0.6612271   0.3698084   0.65270257]
 [ 0.5751262  -0.30874488  0.7575663 ]]"
20200223-114636.272892,81,[1.9789295 1.6710323 0.3077251],"[[ 0.08444908 -0.3954128  -0.81449205]
 [ 0.58144253  0.4057524   0.20758271]
 [-0.5696137   0.73381203 -0.3369332 ]
 [-0.5747463  -0.37487823  0.42425004]]","[[ 0.47818455  0.8782348  -0.00657204]
 [-0.6632186   0.3659969   0.6528302 ]
 [ 0.5757437  -0.30781463  0.7574758 ]]"
20200223-114636.272892,82,[1.9871726  1.6726677  0.30713058],"[[ 0.0867913  -0.39594036 -0.8148248 ]
 [ 0.5818028   0.40533826  0.20773533]
 [-0.5691339   0.7332998  -0.33831775]
 [-0.5745076  -0.37577045  0.42243025]]","[[ 0.47819424  0.8782297  -0.00653751]
 [-0.6630215   0.36587548  0.6530984 ]
 [ 0.5759625  -0.30797338  0.7572447 ]]"
20200223-114636.272892,83,[1.9958638  1.6788516  0.30764922],"[[ 0.08872744 -0.3966374  -0.8147727 ]
 [ 0.58191663  0.40584934  0.20756313]
 [-0.56862676  0.7328161  -0.3402258 ]
 [-0.57459944 -0.3754279   0.42108172]]","[[ 0.47781187  0.8784205  -0.00857664]
 [-0.6635196   0.36728165  0.6518023 ]
 [ 0.5757066  -0.30574802  0.7583406 ]]"
20200223-114636.272892,84,[2.0040543  1.6809307  0.30849537],"[[ 0.09119134 -0.39784747 -0.81460816]
 [ 0.581833    0.40621048  0.20739163]
 [-0.56891626  0.7314513  -0.34215406]
 [-0.5740116  -0.37641764  0.41992024]]","[[ 0.47690985  0.87890816 -0.00880271]
 [-0.6638548   0.3667461   0.65176255]
 [ 0.57606775 -0.30498824  0.75837225]]"
20200223-114636.272892,85,[2.0116274  1.6835392  0.30837226],"[[ 0.09319776 -0.39856282 -0.8145621 ]
 [ 0.58231926  0.4057915   0.20773412]
 [-0.5680953   0.7311619  -0.34366134]
 [-0.5740093  -0.37667447  0.41860753]]","[[ 0.47725874  0.878715   -0.00917692]
 [-0.66363907  0.36725     0.65169847]
 [ 0.5760275  -0.3049386   0.75842285]]"
20200223-114636.272892,86,[2.01935    1.6881409  0.30831873],"[[ 0.09737289 -0.39843446 -0.81453097]
 [ 0.57880116  0.40995568  0.20791534]
 [-0.57275414  0.72684366 -0.34525633]
 [-0.5722416  -0.38063717  0.41726318]]","[[ 0.47039255  0.8824066  -0.00945728]
 [-0.66804725  0.3630834   0.6495253 ]
 [ 0.57657915 -0.29921395  0.760281  ]]"
20200223-114636.272892,87,[2.0283175  1.6909797  0.30891508],"[[ 0.10105269 -0.39897916 -0.8144242 ]
 [ 0.5766776   0.4125857   0.20784996]
 [-0.5758077   0.7234505  -0.3470639 ]
 [-0.57068104 -0.38367707  0.41600263]]","[[ 0.4657938   0.8848422  -0.00950088]
 [-0.6706611   0.36000943  0.6485423 ]
 [ 0.5772781  -0.2957151   0.7611194 ]]"
20200223-114636.272892,88,[2.0359511  1.6935636  0.30879343],"[[ 0.10295922 -0.39967692 -0.81435317]
 [ 0.5772147   0.4120866   0.20820352]
 [-0.5748775   0.7232602  -0.348539  ]
 [-0.57073456 -0.38384512  0.41472903]]","[[ 0.46629268  0.88457525 -0.00986697]
 [-0.67038167  0.36061695  0.64849347]
 [ 0.57719964 -0.29577312  0.7611562 ]]"
20200223-114636.272892,89,[2.0451832  1.6906202  0.30842754],"[[ 0.10488553 -0.40070263 -0.8144619 ]
 [ 0.57784164  0.41055268  0.20857944]
 [-0.57385105  0.72300714 -0.34984672]
 [-0.5707826  -0.38489604  0.41322318]]","[[ 0.46714672  0.8841437  -0.00799116]
 [-0.6699174   0.35982752  0.649411  ]
 [ 0.57704824 -0.29801685  0.7603956 ]]"
20200223-114636.272892,90,[2.052909  1.6932317 0.308311 ],"[[ 0.10682163 -0.40139267 -0.81432843]
 [ 0.57832634  0.41013393  0.2090033 ]
 [-0.5730003   0.72274464 -0.35130635]
 [-0.5707873  -0.3851154   0.41203249]]","[[ 0.46753755  0.88393354 -0.00836325]
 [-0.6696826   0.360358    0.6493591 ]
 [ 0.57700413 -0.29799905  0.760436  ]]"
20200223-114636.272892,91,[2.0602374  1.701227   0.30822885],"[[ 0.10970201 -0.40127382 -0.8142087 ]
 [ 0.576838    0.4126222   0.20921853]
 [-0.57470685  0.72074324 -0.35288835]
 [-0.570031   -0.38633057  0.41080615]]","[[ 0.46425545  0.8856388  -0.01053157]
 [-0.67183375  0.35987657  0.64740103]
 [ 0.57715344 -0.29348406  0.76207674]]"
20200223-114636.272892,92,[2.0688057 1.7029945 0.3083309],"[[ 0.11194461 -0.40208286 -0.8141367 ]
 [ 0.5770588   0.41248     0.20938699]
 [-0.5744181   0.71994334 -0.35444367]
 [-0.56966215 -0.38713172  0.40952203]]","[[ 0.464035    0.8857535  -0.01059096]
 [-0.6717804   0.3596801   0.64756554]
 [ 0.5773929  -0.2933783   0.7619361 ]]"
20200223-114636.272892,93,[2.0771039 1.706082  0.3082864],"[[ 0.11061699 -0.40390915 -0.81405485]
 [ 0.5830251   0.40626922  0.20964839]
 [-0.5659258   0.72543186 -0.3559782 ]
 [-0.57234037 -0.38151217  0.40821737]]","[[ 0.4742623   0.8802927  -0.01265215]
 [-0.665448    0.36784887  0.6495124 ]
 [ 0.576415   -0.29961982  0.7602458 ]]"
20200223-114636.272892,94,[2.08592    1.7112145  0.30827078],"[[ 0.11178366 -0.4048098  -0.814007  ]
 [ 0.5848611   0.40486595  0.20968774]
 [-0.5632906   0.7264973  -0.35759556]
 [-0.5728399  -0.38001874  0.40687752]]","[[ 0.47685865  0.8788595  -0.01455344]
 [-0.663664    0.3708535   0.6496289 ]
 [ 0.57632977 -0.3001225   0.76011217]]"
20200223-114636.272892,95,[2.0946727  1.7148577  0.30840322],"[[ 0.11606256 -0.40467536 -0.81391376]
 [ 0.58112586  0.4091605   0.20975557]
 [-0.5683189   0.721841   -0.3591657 ]
 [-0.5708207  -0.38441077  0.40564415]]","[[ 0.46963802  0.88274133 -0.01442983]
 [-0.6681898   0.3660795   0.6476948 ]
 [ 0.5770293  -0.2945402   0.7617633 ]]"
20200223-114636.272892,96,[2.1037862  1.7219065  0.30855882],"[[ 0.11911938 -0.40460542 -0.8137567 ]
 [ 0.57927996  0.41189095  0.20990728]
 [-0.57053304  0.71940416 -0.36076057]
 [-0.5698571  -0.38613206  0.404464  ]]","[[ 0.46575093  0.8847678  -0.01618832]
 [-0.67072886  0.36489347  0.6457364 ]
 [ 0.57723385 -0.2898944   0.76338893]]"
20200223-114636.272892,97,[2.1123755 1.725388  0.308866 ],"[[ 0.12221231 -0.4049178  -0.8134123 ]
 [ 0.57758236  0.4139633   0.210328  ]
 [-0.57265645  0.7168405  -0.36229742]
 [-0.5687946  -0.38835004  0.40356326]]","[[ 0.46221334  0.88661635 -0.01644124]
 [-0.67294234  0.3627741   0.64462686]
 [ 0.5775012  -0.28689113  0.7643207 ]]"
20200223-114636.272892,98,[2.1207788 1.7254002 0.3091204],"[[ 0.1262956  -0.4051359  -0.8131213 ]
 [ 0.57423186  0.41720432  0.21068491]
 [-0.577088    0.7123577  -0.36377442]
 [-0.566813   -0.3928772   0.4026341 ]]","[[ 0.4558367   0.88994    -0.01484162]
 [-0.67680687  0.3574008   0.6435819 ]
 [ 0.57805336 -0.28332332  0.7652337 ]]"
20200223-114636.272892,99,[2.129814  1.7304336 0.3092415],"[[ 0.12745018 -0.40599412 -0.8129137 ]
 [ 0.5760933   0.4158375   0.21099801]
 [-0.57443357  0.71350235 -0.36530924]
 [-0.56736165 -0.39135993  0.40149763]]","[[ 0.45850432  0.8885359  -0.01666812]
 [-0.6750702   0.36042672  0.64371794]
 [ 0.5779742  -0.2838953   0.76508147]]"
20200223-114636.272892,100,[2.1383986 1.7299416 0.3087601],"[[ 0.13138868 -0.40587553 -0.81281805]
 [ 0.573023    0.41856185  0.21158543]
 [-0.578363    0.70952606 -0.36648136]
 [-0.5655775  -0.3957824   0.40031213]]","[[ 0.45273733  0.89152044 -0.01485388]
 [-0.6785675   0.3553055   0.6428876 ]
 [ 0.57842505 -0.28097978  0.7658167 ]]"
20200223-114636.272892,101,[2.1471295  1.7285949  0.30853608],"[[ 0.13403475 -0.4064327  -0.81257725]
 [ 0.5719322   0.41904274  0.21221915]
 [-0.5795146   0.70761704 -0.36773178]
 [-0.56488144 -0.39811268  0.39931825]]","[[ 0.45059752  0.89262974 -0.01319968]
 [-0.67999566  0.35276535  0.6427775 ]
 [ 0.5784187  -0.28065816  0.7659394 ]]"
20200223-114636.272892,102,[2.1551259  1.7354394  0.30797896],"[[ 0.13595037 -0.4065241  -0.81250185]
 [ 0.57234627  0.4193737   0.21261957]
 [-0.57875395  0.7075047  -0.36903688]
 [-0.56478447 -0.39787102  0.39805207]]","[[ 0.45068672  0.89255226 -0.01523669]
 [-0.6798651   0.35425335  0.64209676]
 [ 0.5785025  -0.27902555  0.7664722 ]]"
20200223-114636.272892,103,[2.1642985  1.73474    0.30786097],"[[ 0.1357487  -0.4083265  -0.81229115]
 [ 0.5764157   0.41473436  0.21312265]
 [-0.57307243  0.7108335  -0.3704164 ]
 [-0.566485   -0.39494348  0.3969304 ]]","[[ 0.4575751   0.88903975 -0.01528075]
 [-0.6756968   0.35883877  0.6439478 ]
 [ 0.57797843 -0.28432927  0.76491696]]"
20200223-114636.272892,104,[2.1742225  1.7358373  0.30709243],"[[ 0.13766842 -0.40880266 -0.8123309 ]
 [ 0.57687443  0.41404656  0.21357314]
 [-0.5722452   0.7105979  -0.37158868]
 [-0.56639093 -0.39559686  0.39550838]]","[[ 0.4579516   0.8888493  -0.01507389]
 [-0.6754327   0.35891998  0.64417964]
 [ 0.57798886 -0.28482172  0.7647259 ]]"
20200223-114636.272892,105,[2.1840012  1.7382474  0.30679345],"[[ 0.14076032 -0.40890104 -0.81226254]
 [ 0.57523066  0.41582087  0.21380086]
 [-0.5743293   0.7080743  -0.37292898]
 [-0.56519246 -0.39815107  0.39426312]]","[[ 0.454528    0.89060795 -0.01489756]
 [-0.6773973   0.35647818  0.6434722 ]
 [ 0.5783919  -0.28238454  0.76532465]]"
20200223-114636.272892,106,[2.192706   1.741256   0.30669966],"[[ 0.13991295 -0.4107454  -0.81197065]
 [ 0.58064246  0.4104886   0.21436608]
 [-0.5669051   0.7127653  -0.3743545 ]
 [-0.56735975 -0.39338645  0.39320418]]","[[ 0.4635506   0.8859104  -0.0168449 ]
 [-0.6716498   0.36371183  0.6454459 ]
 [ 0.5779339  -0.2878829   0.7636203 ]]"
20200223-114636.272892,107,[2.2023377 1.7497824 0.3067306],"[[ 0.14018808 -0.41167784 -0.8116986 ]
 [ 0.58383924  0.40825313  0.21469375]
 [-0.5623553   0.71541816 -0.37588605]
 [-0.568538   -0.38990715  0.39212447]]","[[ 0.4684729   0.88324046 -0.02047645]
 [-0.6684156   0.36949453  0.64551866]
 [ 0.5777142  -0.28872123  0.76347   ]]"
20200223-114636.272892,108,[2.2126987 1.7452643 0.3066156],"[[ 0.14121436 -0.41328248 -0.8113726 ]
 [ 0.58564854  0.40530825  0.21537499]
 [-0.55965006  0.71622735 -0.37715557]
 [-0.5690922  -0.38979617  0.3912051 ]]","[[ 0.47154462  0.8816467  -0.01856992]
 [-0.6664915   0.37010092  0.6471587 ]
 [ 0.57743806 -0.29278758  0.762129  ]]"
20200223-114636.272892,109,[2.2206845 1.7489655 0.3068639],"[[ 0.14416188 -0.4135046  -0.8108875 ]
 [ 0.58399004  0.4074039   0.21590851]
 [-0.5617582   0.7137205  -0.3785434 ]
 [-0.56797963 -0.39196837  0.39057618]]","[[ 0.4681641   0.88344103 -0.01882491]
 [-0.6685179   0.36803997  0.64624345]
 [ 0.57784635 -0.28996325  0.7628991 ]]"
20200223-114636.272892,110,[2.2282252 1.7508643 0.3065955],"[[ 0.14849213 -0.41284877 -0.8104554 ]
 [ 0.57945275  0.41194722  0.21673161]
 [-0.56747293  0.70860946 -0.3796136 ]
 [-0.56582636 -0.3971498   0.38997796]]","[[ 0.4600505   0.8877219  -0.01742108]
 [-0.67377794  0.36182055  0.6442898 ]
 [ 0.5782534  -0.28466782  0.76458305]]"
20200223-114636.272892,111,[2.2363987 1.7541326 0.3061217],"[[ 0.15130626 -0.41275725 -0.8101667 ]
 [ 0.57812256  0.4134997   0.21748506]
 [-0.56901634  0.7066267  -0.3807214 ]
 [-0.5648907  -0.39915967  0.38907787]]","[[ 0.45730534  0.8891374  -0.01751283]
 [-0.6753849   0.36004382  0.64360213]
 [ 0.5785561  -0.28249484  0.76515985]]"
20200223-114636.272892,112,[2.245496   1.7573619  0.30557585],"[[ 0.1539074  -0.41270092 -0.8099292 ]
 [ 0.57681316  0.41489306  0.21811773]
 [-0.5703907   0.7048032  -0.3818374 ]
 [-0.56413954 -0.40099117  0.3881231 ]]","[[ 0.4547252   0.8904574  -0.01762914]
 [-0.6770492   0.35846987  0.64273167]
 [ 0.5786446  -0.28033045  0.7658888 ]]"
20200223-114636.272892,113,[2.254457   1.7569999  0.30512312],"[[ 0.1573311  -0.41251987 -0.80965763]
 [ 0.5739929   0.41722256  0.21883425]
 [-0.57375336  0.70131224 -0.3828721 ]
 [-0.5626598  -0.4048626   0.38726628]]","[[ 0.4496862   0.8930456  -0.01587448]
 [-0.68022585  0.35393247  0.6418913 ]
 [ 0.5788567  -0.27785146  0.76663136]]"
20200223-114636.272892,114,[2.2639825 1.7623916 0.3059456],"[[ 0.15863484 -0.4135832  -0.80904925]
 [ 0.5753377   0.41662285  0.21918997]
 [-0.57187486  0.70172167 -0.38450864]
 [-0.56283253 -0.4036845   0.3867148 ]]","[[ 0.4514043   0.8921418  -0.01780217]
 [-0.67898494  0.35635975  0.64186215]
 [ 0.57897604 -0.27765197  0.76661325]]"
20200223-114636.272892,115,[2.27297    1.7623564  0.30616695],"[[ 0.16202116 -0.4136853  -0.8085393 ]
 [ 0.5723974   0.41918373  0.21976575]
 [-0.5754064   0.6979475  -0.38576278]
 [-0.5612645  -0.4074541   0.38620508]]","[[ 0.44611973  0.89482653 -0.01621214]
 [-0.6823064   0.3517779   0.6408669 ]
 [ 0.5791678  -0.27484167  0.767481  ]]"
20200223-114636.272892,116,[2.2808459 1.7704116 0.306027 ],"[[ 0.16435173 -0.41331202 -0.8081389 ]
 [ 0.5709959   0.42136192  0.22035499]
 [-0.57668555  0.69637424 -0.38695842]
 [-0.56070143 -0.4082771   0.38551033]]","[[ 0.44339776  0.8961392  -0.01825862]
 [-0.68416256  0.35153446  0.63901913]
 [ 0.57906854 -0.2708477   0.76897424]]"
