Timestamp,Epoch,s,u,v
20200224-165513.487046,0,[1.4662027  0.96466225 0.30018985],"[[-0.15913941 -0.30372545 -0.26348275]
 [ 0.8107666  -0.2693496   0.48241988]
 [ 0.09422482 -0.7999585  -0.45086756]
 [ 0.5553862   0.44189188 -0.70325404]]","[[ 0.6982587   0.33565956  0.6322714 ]
 [-0.08003817  0.9143212  -0.39700234]
 [-0.71135676  0.22660458  0.6652982 ]]"
20200224-165513.487046,1,[1.4675153  0.956901   0.30301654],"[[-0.15858147 -0.30969253 -0.26958716]
 [ 0.81242526 -0.2656365   0.4805527 ]
 [ 0.09831413 -0.79787034 -0.4472161 ]
 [ 0.5524055   0.4437689  -0.7045495 ]]","[[ 0.6980574   0.33360896  0.63357794]
 [-0.0839558   0.9168637  -0.3902723 ]
 [-0.71110296  0.21923985  0.6680319 ]]"
20200224-165513.487046,2,[1.4649218  0.95096505 0.306033  ],"[[ 0.15803209 -0.315816   -0.27558592]
 [-0.8146519  -0.25992173  0.478454  ]
 [-0.10434663 -0.7957107  -0.4433182 ]
 [-0.5481605   0.4467055  -0.7061184 ]]","[[-0.6942786   0.33610737  0.63640314]
 [ 0.09167524  0.91835123 -0.38500202]
 [ 0.7138437   0.2089561   0.66840434]]"
20200224-165513.487046,3,[1.4665711  0.94588023 0.30920845],"[[-0.15804864 -0.32125548 -0.28121653]
 [ 0.81581354 -0.2573954   0.47664785]
 [ 0.10687073 -0.7941371  -0.43916374]
 [ 0.5459376   0.44708928 -0.7077145 ]]","[[ 0.6946746   0.33407992  0.63703847]
 [-0.09400343  0.92017454 -0.3800555 ]
 [-0.7131555   0.20413107  0.67062646]]"
20200224-165513.487046,4,[1.466443   0.94041187 0.31215093],"[[ 0.15770842 -0.32677516 -0.28703964]
 [-0.8173283  -0.25386104  0.4746541 ]
 [-0.1107474  -0.7920764  -0.43541822]
 [-0.5429894   0.44876242 -0.7090294 ]]","[[-0.69361895  0.33345148  0.63851625]
 [ 0.09827792  0.9219243  -0.37469628]
 [ 0.7136065   0.1971443   0.67223513]]"
20200224-165513.487046,5,[1.4656281  0.93309855 0.31496555],"[[ 0.15690789 -0.33260828 -0.2929263 ]
 [-0.81927687 -0.24909954  0.47246736]
 [-0.11616267 -0.789418   -0.4320965 ]
 [-0.53913957  0.4518192  -0.7101139 ]]","[[-0.6912011   0.33348367  0.6411159 ]
 [ 0.10472444  0.92401624 -0.3677318 ]
 [ 0.71503395  0.18703608  0.6736051 ]]"
20200224-165513.487046,6,[1.4658638  0.92855966 0.3172437 ],"[[ 0.15679184 -0.33744818 -0.29929712]
 [-0.82040495 -0.24697246  0.4702246 ]
 [-0.11936437 -0.78683823 -0.4292066 ]
 [-0.53675365  0.45389298 -0.71069825]]","[[-0.6903611   0.33230388  0.6426318 ]
 [ 0.10816699  0.9256954  -0.3624748 ]
 [ 0.7153331   0.18072705  0.6750084 ]]"
20200224-165513.487046,7,[1.4683653 0.9258971 0.3205456],"[[ 0.15725073 -0.34214887 -0.30450302]
 [-0.82100886 -0.24610767  0.46843368]
 [-0.12011273 -0.78557473 -0.42488423]
 [-0.5355276   0.4530315  -0.71226496]]","[[-0.69234854  0.32936606  0.64200574]
 [ 0.10803704  0.9270315  -0.35908312]
 [ 0.7134293   0.17925031  0.6774126 ]]"
20200224-165513.487046,8,[1.4685367 0.923047  0.3239647],"[[ 0.1575136  -0.3471634  -0.3096088 ]
 [-0.8220574  -0.24369067  0.46648222]
 [-0.12245405 -0.7840696  -0.42050126]
 [-0.5333065   0.45313057 -0.7139437 ]]","[[-0.691854    0.32897615  0.6427383 ]
 [ 0.11075506  0.92799133 -0.35576022]
 [ 0.71349216  0.1749476   0.6784704 ]]"
20200224-165513.487046,9,[1.4702984  0.91862917 0.3271704 ],"[[ 0.15758722 -0.35205913 -0.3146327 ]
 [-0.8230296  -0.24179414  0.4645389 ]
 [-0.12453475 -0.78226054 -0.41664696]
 [-0.53130007  0.45349577 -0.7152728 ]]","[[-0.69256     0.32651532  0.64323276]
 [ 0.11256193  0.92968696 -0.3507304 ]
 [ 0.712524    0.17049833  0.6806173 ]]"
20200224-165513.487046,10,[1.4720957  0.91360265 0.3297795 ],"[[-0.15750003 -0.3567166  -0.32028797]
 [ 0.82398444 -0.24025759  0.46236703]
 [ 0.12693685 -0.7797998  -0.41359648]
 [ 0.5292731   0.45490858 -0.7159401 ]]","[[ 0.6931566   0.3235417   0.644092  ]
 [-0.11459202  0.9316958  -0.34469035]
 [-0.7116196   0.16511652  0.68288654]]"
20200224-165513.487046,11,[1.4700304 0.9072688 0.3329736],"[[ 0.15671903 -0.3621984  -0.3256072 ]
 [-0.82580924 -0.23557307  0.46002647]
 [-0.13219391 -0.7770241  -0.4101235 ]
 [-0.52536     0.45776787 -0.7170457 ]]","[[-0.6899901   0.32417476  0.64716643]
 [ 0.12146279  0.9332783  -0.3379922 ]
 [ 0.713555    0.15460455  0.683328  ]]"
20200224-165513.487046,12,[1.4689817 0.9035938 0.3356448],"[[ 0.15659279 -0.3667046  -0.33098507]
 [-0.82693976 -0.23316863  0.45776585]
 [-0.13547356 -0.77449566 -0.40711075]
 [-0.52277756  0.45969203 -0.7177468 ]]","[[-0.688265    0.32399294  0.64909166]
 [ 0.12560217  0.9344383  -0.33324075]
 [ 0.7145038   0.14783067  0.68383527]]"
20200224-165513.487046,13,[1.4697394  0.8977917  0.33878252],"[[ 0.15621944 -0.37148827 -0.33593458]
 [-0.8281757  -0.23061164  0.45555753]
 [-0.13862213 -0.77197164 -0.40394098]
 [-0.5201001   0.46138358 -0.71864265]]","[[-0.687886    0.32164526  0.6506593 ]
 [ 0.12905496  0.93636554 -0.32644197]
 [ 0.7142534   0.140584    0.6856226 ]]"
20200224-165513.487046,14,[1.4700379  0.895425   0.34230307],"[[ 0.1565193  -0.37606522 -0.3403591 ]
 [-0.82905835 -0.22873315  0.45353946]
 [-0.14052407 -0.7703315  -0.39980704]
 [-0.5180898   0.46135208 -0.72014755]]","[[-0.6876761   0.32089975  0.651249  ]
 [ 0.13127577  0.9371892  -0.32317686]
 [ 0.71405065  0.13674778  0.68660897]]"
20200224-165513.487046,15,[1.4723281  0.89143723 0.34527996],"[[ 0.15670602 -0.38019115 -0.3451981 ]
 [-0.82968265 -0.22829086  0.4514763 ]
 [-0.14160211 -0.7681917  -0.39664826]
 [-0.51673913  0.46175763 -0.7208869 ]]","[[-0.6898247   0.31660756  0.6510774 ]
 [ 0.13130179  0.9391055  -0.31755465]
 [ 0.7119707   0.13356943  0.68938905]]"
20200224-165513.487046,16,[1.4702189  0.88698864 0.34843418],"[[ 0.15625885 -0.38487002 -0.3500263 ]
 [-0.8310479  -0.2249526   0.44914675]
 [-0.14562787 -0.7654949  -0.3934819 ]
 [-0.51355183  0.4639929  -0.72174853]]","[[-0.68707466  0.31697348  0.65380144]
 [ 0.13685217  0.9401758  -0.31199548]
 [ 0.71358246  0.12489008  0.6893495 ]]"
20200224-165513.487046,17,[1.4694494  0.88312507 0.35185385],"[[ 0.15612778 -0.38936636 -0.3543289 ]
 [-0.8321393  -0.2224604   0.44700778]
 [-0.1484993  -0.7632651  -0.39001986]
 [-0.51099515  0.4651148  -0.7228554 ]]","[[-0.6857559   0.31619093  0.65556234]
 [ 0.14059335  0.9412891  -0.306934  ]
 [ 0.7141234   0.11831408  0.6899491 ]]"
20200224-165513.487046,18,[1.4687356  0.8793281  0.35531116],"[[ 0.1559956  -0.3937752  -0.35845262]
 [-0.8332033  -0.22005635  0.44489002]
 [-0.15127769 -0.7610364  -0.38664418]
 [-0.508481    0.4661971  -0.7239409 ]]","[[-0.6845092   0.31529948  0.65729254]
 [ 0.1442377   0.9423826  -0.30184543]
 [ 0.71459264  0.11180957  0.6905477 ]]"
20200224-165513.487046,19,[1.4696406  0.87474805 0.3590909 ],"[[ 0.15584235 -0.3983691  -0.3625447 ]
 [-0.8342682  -0.21782616  0.44271708]
 [-0.15372393 -0.75882727 -0.38299155]
 [-0.506042    0.46694246 -0.72517633]]","[[-0.6845816   0.3128797   0.65837264]
 [ 0.14695099  0.9438899  -0.29576573]
 [ 0.7139702   0.1057272   0.6921476 ]]"
20200224-165513.487046,20,[1.4700488  0.8728056  0.36266106],"[[ 0.15617399 -0.4025187  -0.36633992]
 [-0.8350326  -0.21639486  0.44067144]
 [-0.15529881 -0.7570733  -0.37922126]
 [-0.50419486  0.46689594 -0.72649515]]","[[-0.68460685  0.31188518  0.6588181 ]
 [ 0.1487823   0.94459933 -0.29256803]
 [ 0.7135666   0.1022736   0.69308215]]"
20200224-165513.487046,21,[1.469414   0.8692702  0.36608478],"[[ 0.15606402 -0.40663564 -0.3702934 ]
 [-0.83601034 -0.21433488  0.43851537]
 [-0.15786101 -0.7547449  -0.37612098]
 [-0.50180745  0.46804732 -0.72740644]]","[[-0.68350655  0.310737    0.66050106]
 [ 0.15215786  0.94563997 -0.28742498]
 [ 0.7139098   0.09595641  0.69363195]]"
20200224-165513.487046,22,[1.4691012 0.8645616 0.3696137],"[[ 0.15569067 -0.41082513 -0.3743304 ]
 [-0.8371222  -0.21198344  0.43625224]
 [-0.16081549 -0.75210214 -0.3732558 ]
 [-0.4991245   0.46971083 -0.7281768 ]]","[[-0.68248063  0.30877852  0.6624774 ]
 [ 0.1559337   0.9470252  -0.2807633 ]
 [ 0.71407634  0.08831292  0.6944753 ]]"
20200224-165513.487046,23,[1.4693128  0.86112106 0.37263787],"[[ 0.15572624 -0.41441897 -0.37860802]
 [-0.8378709  -0.21110229  0.43400076]
 [-0.16262808 -0.7495374  -0.37077662]
 [-0.49726662  0.4710479  -0.7285768 ]]","[[-0.6826483   0.30605397  0.663568  ]
 [ 0.15784417  0.9483881  -0.27503726]
 [ 0.7134962   0.08301337  0.69572425]]"
20200224-165513.487046,24,[1.471987   0.8596969  0.37613916],"[[ 0.15632805 -0.41811243 -0.38206074]
 [-0.8383818  -0.21094236  0.43197688]
 [-0.16297176 -0.7479225  -0.36725008]
 [-0.49610248  0.47042242 -0.72976243]]","[[-0.68516827  0.30302945  0.6623577 ]
 [ 0.15714344  0.9494336  -0.27181187]
 [ 0.7112317   0.08215168  0.6981408 ]]"
20200224-165513.487046,25,[1.4727259  0.85636806 0.37916043],"[[ 0.15635526 -0.42150694 -0.38606474]
 [-0.83916605 -0.21004647  0.42969787]
 [-0.16481905 -0.74532014 -0.36505088]
 [-0.49415398  0.471922   -0.73010397]]","[[-0.6853742   0.30032942  0.66337353]
 [ 0.15912144  0.95074075 -0.26603067]
 [ 0.71059304  0.07677361  0.6994021 ]]"
20200224-165513.487046,26,[1.4743723  0.85347086 0.38252214],"[[ 0.15653875 -0.42504486 -0.38971314]
 [-0.8398746  -0.20934896  0.42752644]
 [-0.1661165  -0.7430808  -0.36231187]
 [-0.49245453  0.47258943 -0.7308042 ]]","[[-0.68679005  0.29701996  0.6633993 ]
 [ 0.15992205  0.9520799  -0.2607085 ]
 [ 0.70904464  0.07295985  0.701379  ]]"
20200224-165513.487046,27,[1.4773583 0.8505729 0.3853868],"[[ 0.1568428  -0.42812398 -0.39383748]
 [-0.8404559  -0.20955116  0.42518485]
 [-0.16695735 -0.74056095 -0.36019444]
 [-0.49108022  0.47367492 -0.73100597]]","[[-0.6893336   0.29242343  0.66280293]
 [ 0.15959197  0.9537336  -0.25479952]
 [ 0.7066469   0.06986386  0.70410883]]"
20200224-165513.487046,28,[1.480382   0.8473447  0.38744706],"[[-0.15696396 -0.43056798 -0.39855114]
 [ 0.84101    -0.21020097  0.42268893]
 [ 0.16804257 -0.7374456  -0.35924044]
 [ 0.4897206   0.47602594 -0.73036796]]","[[ 0.69173986  0.2871968   0.6625813 ]
 [-0.15943846  0.9556128  -0.24775681]
 [-0.7043262   0.06574231  0.70682573]]"
20200224-165513.487046,29,[1.4797587  0.84403837 0.39003068],"[[-0.15667935 -0.4334936  -0.40287712]
 [ 0.84187937 -0.20903763  0.42024603]
 [ 0.17064479 -0.7342713  -0.357846  ]
 [ 0.48741257  0.47878215 -0.73008883]]","[[ 0.69063693  0.28517538  0.6646018 ]
 [-0.16278984  0.956689   -0.24134083]
 [-0.70464164  0.05848847  0.70714855]]"
20200224-165513.487046,30,[1.4811462  0.8425991  0.39325437],"[[-0.15709373 -0.43669444 -0.4062195 ]
 [ 0.8424779  -0.20866688  0.41808537]
 [ 0.17161751 -0.7321931  -0.35516778]
 [ 0.48590136  0.47921735 -0.7307847 ]]","[[ 0.6919327   0.28284407  0.66425025]
 [-0.16329746  0.9575327  -0.23762365]
 [-0.70325184  0.05594919  0.7087358 ]]"
20200224-165513.487046,31,[1.4834999  0.8385591  0.39585537],"[[-0.157051   -0.4391692  -0.41058683]
 [ 0.8432256  -0.2086771   0.4154973 ]
 [ 0.17322281 -0.72894436 -0.35432437]
 [ 0.48404518  0.4818966  -0.7302293 ]]","[[ 0.69344276  0.27769837  0.66484636]
 [-0.16430672  0.95937663 -0.22934628]
 [-0.7015273   0.04979983  0.7109005 ]]"
20200224-165513.487046,32,[1.4844885  0.83472043 0.3988874 ],"[[-0.15693018 -0.44192058 -0.4146071 ]
 [ 0.8440572  -0.2080158   0.41299352]
 [ 0.175199   -0.7258654  -0.35301057]
 [ 0.48191854  0.484309   -0.73001426]]","[[ 0.69387007  0.2737136   0.666052  ]
 [-0.16632831  0.960851   -0.22158588]
 [-0.70062786  0.04296848  0.71223193]]"
20200224-165513.487046,33,[1.48489    0.83357793 0.40248856],"[[-0.15736704 -0.44519413 -0.41741356]
 [ 0.84471315 -0.20720488  0.41089028]
 [ 0.17638682 -0.72394943 -0.3501455 ]
 [ 0.48019096  0.48452598 -0.730981  ]]","[[ 0.6941123   0.27254903  0.6662771 ]
 [-0.16773045  0.96131384 -0.2184998 ]
 [-0.7000534   0.03990843  0.71297455]]"
20200224-165513.487046,34,[1.4862851  0.8320494  0.40478444],"[[-0.15765035 -0.44753712 -0.4214394 ]
 [ 0.8452284  -0.20750006  0.40851864]
 [ 0.17751947 -0.7211854  -0.34876183]
 [ 0.47877124  0.48635948 -0.7306617 ]]","[[ 0.69530576  0.26953527  0.6662587 ]
 [-0.1682872   0.9623005  -0.21367514]
 [-0.6987341   0.03644672  0.71445245]]"
20200224-165513.487046,35,[1.487016   0.82954276 0.40758136],"[[-0.15765163 -0.4501373  -0.4254007 ]
 [ 0.8459681  -0.20698571  0.40602717]
 [ 0.17934395 -0.71820885 -0.3473023 ]
 [ 0.47678068  0.4885789  -0.73045003]]","[[ 0.6955079   0.2667127   0.66718286]
 [-0.1702363   0.96328306 -0.20761794]
 [-0.6980604   0.03082115  0.71537524]]"
20200224-165513.487046,36,[1.4898717 0.826262  0.410465 ],"[[-0.15771423 -0.45240813 -0.42936307]
 [ 0.8466834  -0.20716596  0.40345225]
 [ 0.18055595 -0.7151597  -0.34633005]
 [ 0.47502947  0.4908728  -0.7300201 ]]","[[ 0.6981289   0.2610541   0.66668344]
 [-0.17021875  0.96497756 -0.19960997]
 [-0.6954435   0.02587144  0.7181149 ]]"
20200224-165513.487046,37,[1.4912779  0.82523984 0.41362906],"[[-0.15818416 -0.45512745 -0.43233624]
 [ 0.84725773 -0.20701815  0.40124452]
 [ 0.1814356  -0.7129921  -0.34417272]
 [ 0.47351152  0.49157387 -0.73050195]]","[[ 0.6994622   0.25874653  0.66618526]
 [-0.17061086  0.96566206 -0.19593026]
 [-0.69400615  0.02338738  0.71958923]]"
20200224-165513.487046,38,[1.4895338 0.8215923 0.4166951],"[[-0.15760416 -0.45752794 -0.43641132]
 [ 0.84825593 -0.20554666  0.3986314 ]
 [ 0.18442132 -0.7094204  -0.3434269 ]
 [ 0.47075644  0.4951181  -0.7298604 ]]","[[ 0.6975452   0.25638175  0.66910344]
 [-0.17500447  0.966475   -0.18788272]
 [-0.69484115  0.01396061  0.71902776]]"
20200224-165513.487046,39,[1.4902565  0.81940246 0.41946596],"[[-0.15770201 -0.4596782  -0.4400479 ]
 [ 0.8489166  -0.20538573  0.39620563]
 [ 0.1859494  -0.7064897  -0.3424211 ]
 [ 0.468928    0.49737805 -0.7294701 ]]","[[ 0.6979152   0.25322494  0.66991913]
 [-0.17658575  0.9673701  -0.18169409]
 [-0.69406927  0.00850888  0.7198581 ]]"
20200224-165513.487046,40,[1.4906768  0.8183014  0.42214337],"[[-0.1580151  -0.46190995 -0.4434212 ]
 [ 0.849469   -0.20536204  0.39389873]
 [ 0.187181   -0.7038717  -0.34101537]
 [ 0.46732992  0.49902958 -0.7293353 ]]","[[ 0.6981231   0.25125372  0.67044455]
 [-0.17792891  0.9679105  -0.17745659]
 [-0.69351685  0.00459507  0.72042584]]"
20200224-165513.487046,41,[1.4921192  0.81745774 0.42529702],"[[-0.15850817 -0.46440092 -0.44622985]
 [ 0.8500265  -0.2053335   0.3916737 ]
 [ 0.18799874 -0.70165694 -0.33910862]
 [ 0.46581835  0.49984762 -0.7297097 ]]","[[ 0.69952744  0.24889219  0.6698614 ]
 [-0.17823441  0.9685289  -0.17373654]
 [-0.6920218   0.00214112  0.7218736 ]]"
20200224-165513.487046,42,[1.4918265  0.8141118  0.42774227],"[[-0.15801291 -0.46595556 -0.45067024]
 [ 0.8508875  -0.20479737  0.3889337 ]
 [ 0.19050997 -0.69777375 -0.339327  ]
 [ 0.46338785  0.50403863 -0.7283435 ]]","[[ 0.69876814  0.24507295  0.6720583 ]
 [-0.18146725  0.969481   -0.16485187]
 [-0.6919485  -0.00676334  0.72191525]]"
20200224-165513.487046,43,[1.491208  0.8118922 0.430132 ],"[[-0.15791737 -0.467459   -0.45467263]
 [ 0.85154456 -0.20476975  0.38640156]
 [ 0.19234224 -0.6943815  -0.33921263]
 [ 0.46145225  0.50733227 -0.727256  ]]","[[ 0.69807225  0.24205646  0.67387235]
 [-0.1839545   0.97016525 -0.15792492]
 [-0.6919942  -0.01371885  0.72177273]]"
20200224-165513.487046,44,[1.4909619 0.8087725 0.432504 ],"[[-0.15757042 -0.46869555 -0.4593171 ]
 [ 0.85231626 -0.20469634  0.3835724 ]
 [ 0.19454457 -0.6904312  -0.33960593]
 [ 0.4592176   0.51159436 -0.72564995]]","[[ 0.69751626  0.23776118  0.6759739 ]
 [-0.18676987  0.97106445 -0.14883181]
 [-0.6918006  -0.02243895  0.7217399 ]]"
20200224-165513.487046,45,[1.4943234  0.8062743  0.43515372],"[[-0.1578816  -0.469928   -0.46328807]
 [ 0.8529384  -0.20562401  0.3807778 ]
 [ 0.19536975 -0.68714595 -0.3396442 ]
 [ 0.45760214  0.51450616 -0.72457856]]","[[ 0.70045775  0.2314848   0.6751099 ]
 [-0.18622604  0.9724495  -0.1402198 ]
 [-0.68896925 -0.02750501  0.7242684 ]]"
20200224-165513.487046,46,[1.4954762  0.8037818  0.43890136],"[[-0.15792954 -0.4720011  -0.46655357]
 [ 0.853771   -0.20510988  0.37813464]
 [ 0.19696286 -0.68414646 -0.33864903]
 [ 0.4553452   0.5168065  -0.72433335]]","[[ 0.7012166   0.22749634  0.67567813]
 [-0.18790448  0.9731873  -0.13265908]
 [-0.6877408  -0.03394017  0.7251626 ]]"
20200224-165513.487046,47,[1.4959213  0.80329734 0.44244835],"[[-0.15845494 -0.47440347 -0.46882144]
 [ 0.85434693 -0.20484029  0.37597337]
 [ 0.19783764 -0.6820674  -0.3367655 ]
 [ 0.45369938  0.51746076 -0.72487205]]","[[ 0.70164907  0.22611637  0.67569214]
 [-0.18895291  0.9734053  -0.12953271]
 [-0.68701184 -0.03678749  0.72571445]]"
20200224-165513.487046,48,[1.4963572  0.80162734 0.44518772],"[[-0.158477   -0.47586006 -0.4724388 ]
 [ 0.85501635 -0.20483722  0.37341484]
 [ 0.19935654 -0.67886806 -0.33642808]
 [ 0.45176283  0.52032405 -0.7240021 ]]","[[ 0.70209384  0.2227302   0.67635477]
 [-0.1905258   0.9739517  -0.12295547]
 [-0.6861227  -0.04253673  0.7262413 ]]"
20200224-165513.487046,49,[1.4954271 0.8009768 0.4483273],"[[-0.15875722 -0.47779554 -0.4750039 ]
 [ 0.85558075 -0.20458075  0.3712763 ]
 [ 0.20057718 -0.676417   -0.33528253]
 [ 0.4500517   0.52184135 -0.72395504]]","[[ 0.7014083   0.22155984  0.6774494 ]
 [-0.19252393  0.97402304 -0.11922141]
 [-0.68626595 -0.04680233  0.7258434 ]]"
20200224-165513.487046,50,[1.495814  0.8002699 0.449726 ],"[[-0.15894249 -0.4785016  -0.47898227]
 [ 0.8559785  -0.20548606  0.3688531 ]
 [ 0.20172788 -0.6731087  -0.33565906]
 [ 0.44871372  0.52510595 -0.7223964 ]]","[[ 0.70155007  0.21872544  0.6782232 ]
 [-0.19368716  0.97442865 -0.11390227]
 [-0.6857936  -0.05145498  0.725975  ]]"
20200224-165513.487046,51,[1.4939023  0.7985416  0.45248392],"[[-0.1587076  -0.4796499  -0.48251966]
 [ 0.8566638  -0.20515722  0.3664322 ]
 [ 0.20367278 -0.6697261  -0.33580086]
 [ 0.4466056   0.52850115 -0.7212074 ]]","[[ 0.69987994  0.21637346  0.6806987 ]
 [-0.19700232  0.9745227  -0.10721767]
 [-0.6865553  -0.05905972  0.724675  ]]"
20200224-165513.487046,52,[1.4933712  0.7969625  0.45453387],"[[-0.15855737 -0.480288   -0.48657024]
 [ 0.8572615  -0.20546253  0.36386088]
 [ 0.2053596  -0.66609037 -0.33645096]
 [ 0.44473577  0.53238356 -0.7194829 ]]","[[ 0.6992272   0.2130293   0.68242216]
 [-0.1993628   0.9748069  -0.10002983]
 [-0.6865391  -0.06610599  0.72408164]]"
20200224-165513.487046,53,[1.4942467  0.79565156 0.4570223 ],"[[-0.15877767 -0.4811704  -0.49028215]
 [ 0.85782945 -0.20604223  0.36121234]
 [ 0.20650047 -0.6628092  -0.33658662]
 [ 0.44303063  0.53544885 -0.71823275]]","[[ 0.69989055  0.20919059  0.6829295 ]
 [-0.20046973  0.9752487  -0.09328346]
 [-0.68554014 -0.07161843  0.7245037 ]]"
20200224-165513.487046,54,[1.4945239 0.792555  0.4602172],"[[-0.15835086 -0.4816102  -0.49465522]
 [ 0.85872847 -0.2058987   0.35817903]
 [ 0.20860574 -0.65864074 -0.33772594]
 [ 0.44044814  0.54023147 -0.7162159 ]]","[[ 0.69984937  0.20337605  0.6847257 ]
 [-0.20320207  0.9756882  -0.08210707]
 [-0.6847774  -0.0816751   0.72416127]]"
20200224-165513.487046,55,[1.4984105  0.79249144 0.462012  ],"[[-0.15900016 -0.48248583 -0.49797446]
 [ 0.8591421  -0.20713499  0.35562313]
 [ 0.20889871 -0.6558433  -0.33750907]
 [ 0.43926692  0.542376   -0.7152912 ]]","[[ 0.7034359   0.19924217  0.68226147]
 [-0.20152967  0.9764225  -0.07736237]
 [-0.6815893  -0.08307645  0.7270039 ]]"
20200224-165513.487046,56,[1.4992584  0.79137665 0.46438953],"[[-0.15922591 -0.48308295 -0.501743  ]
 [ 0.85969716 -0.20781097  0.35292596]
 [ 0.21001092 -0.6524622  -0.33788174]
 [ 0.43756527  0.54565394 -0.7138162 ]]","[[ 0.7040838   0.19533241  0.6827235 ]
 [-0.20261243  0.9767183  -0.07049507]
 [-0.68059856 -0.08869384  0.7272684 ]]"
20200224-165513.487046,57,[1.4969788  0.79088646 0.46693474],"[[-0.15929747 -0.48404858 -0.5046834 ]
 [ 0.8601836  -0.2078949   0.35079506]
 [ 0.21134833 -0.649542   -0.33783087]
 [ 0.43593642  0.5482446  -0.7128173 ]]","[[ 0.70235455  0.19404571  0.6848683 ]
 [-0.2053173   0.9764605  -0.06610385]
 [-0.6815739  -0.09418697  0.7256625 ]]"
20200224-165513.487046,58,[1.4974777  0.79068077 0.4692651 ],"[[-0.15967804 -0.4849948  -0.5075753 ]
 [ 0.86063886 -0.20844527  0.34850833]
 [ 0.21218033 -0.64675725 -0.33767924]
 [ 0.4344921   0.55048704 -0.7119567 ]]","[[ 0.70276797  0.19175427  0.6850895 ]
 [-0.2062251   0.976552   -0.06178698]
 [-0.6808734  -0.09786072  0.725834  ]]"
20200224-165513.487046,59,[1.4978355  0.7896782  0.47165456],"[[-0.15990336 -0.48530775 -0.5110595 ]
 [ 0.8611705  -0.20920947  0.34594145]
 [ 0.21315908 -0.6434499  -0.33840507]
 [ 0.4328738   0.55378723 -0.7103696 ]]","[[ 0.7034891   0.18764228  0.6854878 ]
 [-0.20714009  0.9767755  -0.05479826]
 [-0.67985    -0.10344203  0.7260192 ]]"
20200224-165513.487046,60,[1.4983735  0.78865415 0.4741402 ],"[[-0.15995212 -0.4856853  -0.51454455]
 [ 0.86179626 -0.20960361  0.34333265]
 [ 0.21440235 -0.6400317  -0.33909842]
 [ 0.43099222  0.55725735 -0.708787  ]]","[[ 0.70411414  0.18376076  0.6858974 ]
 [-0.20843084  0.9768707  -0.04774971]
 [-0.6788075  -0.10934092  0.7261301 ]]"
20200224-165513.487046,61,[1.4987944  0.7884958  0.47526622],"[[-0.16016404 -0.4856525  -0.5182414 ]
 [ 0.8621536  -0.21070398  0.340948  ]
 [ 0.2153242  -0.63666004 -0.3400151 ]
 [ 0.4297375   0.5607225  -0.7068027 ]]","[[ 0.70434546  0.18082175  0.68644077]
 [-0.20937338  0.9769116  -0.04250274]
 [-0.6782773  -0.11378585  0.7259426 ]]"
20200224-165513.487046,62,[1.5003376 0.788545  0.4781318],"[[-0.16073917 -0.48685163 -0.52057564]
 [ 0.86265665 -0.21114305  0.33864537]
 [ 0.21587346 -0.6342041  -0.3394758 ]
 [ 0.42823467  0.5622982  -0.7064536 ]]","[[ 0.70594555  0.17837192  0.68543744]
 [-0.20936185  0.9770746  -0.03863903]
 [-0.6766156  -0.11622737  0.7271057 ]]"
20200224-165513.487046,63,[1.5004944  0.7884437  0.48052183],"[[-0.16107795 -0.48758036 -0.52339756]
 [ 0.863124   -0.2116535   0.3363487 ]
 [ 0.2167193  -0.6313493  -0.33950546]
 [ 0.42673594  0.5646824  -0.70545053]]","[[ 0.7064163   0.1759924   0.6855676 ]
 [-0.21025118  0.97704995 -0.03417388]
 [-0.6758481  -0.12000043  0.72720665]]"
20200224-165513.487046,64,[1.5012796  0.7868455  0.48282465],"[[-0.16104694 -0.48694983 -0.52769154]
 [ 0.8637827  -0.21248487  0.33334962]
 [ 0.21803328 -0.6272408  -0.3413254 ]
 [ 0.42474085  0.56947255 -0.7027919 ]]","[[ 0.70734876  0.17010908  0.6860909 ]
 [-0.21147124  0.9770837  -0.02423429]
 [-0.6744907  -0.1279464   0.7271121 ]]"
20200224-165513.487046,65,[1.501427   0.78684056 0.4851376 ],"[[-0.16139044 -0.4875247  -0.53045946]
 [ 0.8642396  -0.21303748  0.3310741 ]
 [ 0.21884085 -0.6243753  -0.34151018]
 [ 0.4232642   0.57191813 -0.70169383]]","[[ 0.7078192   0.16773091  0.68619126]
 [-0.21232477  0.9769985  -0.01979817]
 [-0.67372864 -0.13168186  0.7271519 ]]"
20200224-165513.487046,66,[1.5027102  0.78538394 0.48733506],"[[-0.16142765 -0.48665777 -0.534849  ]
 [ 0.8648791  -0.21401295  0.32799116]
 [ 0.22006276 -0.6201942  -0.34346637]
 [ 0.42130446  0.5768204  -0.6988484 ]]","[[ 0.7088318   0.16167791  0.6865987 ]
 [-0.21342432  0.9769114  -0.00970445]
 [-0.67231506 -0.13965805  0.726972  ]]"
20200224-165513.487046,67,[1.5035682  0.78476936 0.4894252 ],"[[-0.16157061 -0.4864503  -0.5386229 ]
 [ 0.86542976 -0.2147354   0.32523528]
 [ 0.22116672 -0.6165341  -0.34447268]
 [ 0.4195372   0.58063775 -0.6967392 ]]","[[ 0.7094205   0.15766135  0.68692464]
 [-0.21457963  0.9767032  -0.00256376]
 [-0.6713257  -0.14558128  0.726724  ]]"
20200224-165513.487046,68,[1.5054717  0.7850587  0.49204698],"[[-0.16224116 -0.48733178 -0.5410935 ]
 [ 0.86588883 -0.21538427  0.322812  ]
 [ 0.22162825 -0.613932   -0.3441232 ]
 [ 0.41808543  0.58241254 -0.69612473]]","[[ 0.7109829   0.15524644  0.6858584 ]
 [-0.21448971  0.97672534  0.0012617 ]
 [-0.66969943 -0.14800662  0.72773397]]"
20200224-165513.487046,69,[1.5049928  0.7843791  0.49486145],"[[-0.16237076 -0.48725304 -0.54432154]
 [ 0.8664696  -0.2158442   0.32024565]
 [ 0.22271504 -0.61051446 -0.34510097]
 [ 0.4162507   0.58589095 -0.6943072 ]]","[[ 0.71077144  0.15158586  0.68689597]
 [-0.21625182  0.9763023   0.00831562]
 [-0.66935736 -0.15445296  0.72670835]]"
20200224-165513.487046,70,[1.5051577  0.78453815 0.4970855 ],"[[-0.16271569 -0.4875214  -0.54700595]
 [ 0.86692107 -0.21645063  0.31797177]
 [ 0.22346202 -0.6075794  -0.34558612]
 [ 0.41477263  0.58848906 -0.6930002 ]]","[[ 0.71127284  0.14913054  0.6869144 ]
 [-0.21705788  0.97607434  0.01284715]
 [-0.6685633  -0.15823798  0.7266251 ]]"
20200224-165513.487046,71,[1.5071629  0.7841407  0.49976024],"[[-0.16306172 -0.48752153 -0.5502931 ]
 [ 0.8675429  -0.2170202   0.3151227 ]
 [ 0.22433461 -0.6041827  -0.34629145]
 [ 0.41286066  0.5917671  -0.69134456]]","[[ 0.7130875   0.14491075  0.68593514]
 [-0.21732558  0.9758992   0.01975972]
 [-0.66654    -0.16316167  0.7273942 ]]"
20200224-165513.487046,72,[1.5095884 0.7838182 0.5035349],"[[-0.16371894 -0.48817632 -0.55272657]
 [ 0.8682053  -0.21738315  0.3123464 ]
 [ 0.22490656 -0.6013544  -0.34635904]
 [ 0.41089225  0.5939711  -0.6906291 ]]","[[ 0.7151612   0.14106026  0.68457776]
 [-0.2173043   0.9757589   0.02595296]
 [-0.6643218  -0.16732223  0.72847784]]"
20200224-165513.487046,73,[1.5099127 0.7834381 0.5055123],"[[-0.16395815 -0.48733196 -0.5563347 ]
 [ 0.8686972  -0.2184122   0.30964497]
 [ 0.22574879 -0.5976676  -0.3480151 ]
 [ 0.409293    0.59799415 -0.68811154]]","[[ 0.7158976   0.13657244  0.6847182 ]
 [-0.21809354  0.9753534   0.03348266]
 [-0.66326934 -0.1733027   0.7280386 ]]"
20200224-165513.487046,74,[1.5106936 0.78243   0.5074047],"[[-0.1639283  -0.48558977 -0.5609853 ]
 [ 0.8693302  -0.21948639  0.3064205 ]
 [ 0.2269549  -0.59310645 -0.35059577]
 [ 0.4072888   0.60353374 -0.6844593 ]]","[[ 0.71685344  0.13023074  0.6849534 ]
 [-0.2192072   0.9746813   0.04409928]
 [-0.66186816 -0.18175943  0.727251  ]]"
20200224-165513.487046,75,[1.514606  0.781633  0.5104575],"[[-0.16439646 -0.4847785  -0.5646364 ]
 [ 0.87007105 -0.22027281  0.3030729 ]
 [ 0.22772203 -0.5892694  -0.3521786 ]
 [ 0.40508384  0.6076441  -0.68213123]]","[[ 0.72015935  0.12376595  0.6826805 ]
 [-0.2185535   0.9743347   0.05391089]
 [-0.6584869  -0.18802662  0.72872573]]"
20200224-165513.487046,76,[1.5121591  0.78183526 0.512566  ],"[[-0.16448955 -0.4844538  -0.5675834 ]
 [ 0.8704662  -0.22086786  0.300916  ]
 [ 0.22866946 -0.5860027  -0.35315007]
 [ 0.40366104  0.61083764 -0.68013495]]","[[ 0.7185454   0.12182046  0.6847279 ]
 [-0.22093442  0.97352386  0.05864566]
 [-0.65945464 -0.19341949  0.7264354 ]]"
20200224-165513.487046,77,[1.5137591 0.7823314 0.5151466],"[[-0.16511096 -0.4848062  -0.5698324 ]
 [ 0.87095374 -0.22144811  0.29850522]
 [ 0.22912562 -0.5832709  -0.35343334]
 [ 0.40209332  0.6129585  -0.6791687 ]]","[[ 0.72015154  0.11933585  0.68347687]
 [-0.22084448  0.9732878   0.06275753]
 [-0.6577306  -0.19613704  0.7272694 ]]"
20200224-165513.487046,78,[1.5142728  0.7821295  0.51704824],"[[-0.16520269 -0.4836925  -0.57367057]
 [ 0.8715059  -0.22220758  0.29565096]
 [ 0.23018175 -0.5792829  -0.35512227]
 [ 0.4002527   0.6173306  -0.67629975]]","[[ 0.7208003   0.11497554  0.6835406 ]
 [-0.22194472  0.97251004  0.07046091]
 [-0.6566488  -0.20249645  0.72650373]]"
20200224-165513.487046,79,[1.5131632  0.78255844 0.5182855 ],"[[-0.16536635 -0.48298138 -0.5769231 ]
 [ 0.871821   -0.22315349  0.29340798]
 [ 0.2309932  -0.5758473  -0.35626993]
 [ 0.3990296   0.62075084 -0.67390186]]","[[ 0.7200502   0.11262033  0.68472236]
 [-0.22350207  0.9717987   0.07519612]
 [-0.65694344 -0.2071818   0.72491467]]"
20200224-165513.487046,80,[1.5150428 0.7831893 0.5206296],"[[-0.16605899 -0.48324168 -0.57927686]
 [ 0.87225574 -0.22386985  0.29095107]
 [ 0.23138073 -0.573075   -0.35647112]
 [ 0.3975641   0.6228522  -0.6728407 ]]","[[ 0.721565    0.110277    0.6835077 ]
 [-0.2233736   0.9715208   0.07906599]
 [-0.65532285 -0.20972882  0.72564846]]"
20200224-165513.487046,81,[1.5158368  0.7825315  0.52226514],"[[-0.16602968 -0.48079193 -0.58404016]
 [ 0.87286985 -0.22499658  0.28762975]
 [ 0.23253156 -0.56824106 -0.35945818]
 [ 0.39555252  0.6287432  -0.66854805]]","[[ 0.7225377   0.10368175  0.6835125 ]
 [-0.2244368   0.9703179   0.09006387]
 [-0.65388644 -0.21847996  0.7243613 ]]"
20200224-165513.487046,82,[1.5172306  0.78189194 0.5251429 ],"[[-0.16614461 -0.47900677 -0.5881814 ]
 [ 0.8736132  -0.22564276  0.28424972]
 [ 0.2336223  -0.5637704  -0.36181116]
 [ 0.39321372  0.63387793 -0.66508466]]","[[ 0.72369426  0.09753985  0.6831931 ]
 [-0.22557217  0.9690189   0.10059725]
 [-0.65221465 -0.22691098  0.72327554]]"
20200224-165513.487046,83,[1.5160903  0.78246063 0.52626765],"[[-0.16631415 -0.47811297 -0.5913528 ]
 [ 0.8739121  -0.22659935  0.2820323 ]
 [ 0.2343721  -0.56030405 -0.3630222 ]
 [ 0.3920291   0.63727564 -0.66255164]]","[[ 0.72294086  0.09519451  0.68432033]
 [-0.22708304  0.9681749   0.10521781]
 [-0.65252566 -0.2314639   0.7215504 ]]"
20200224-165513.487046,84,[1.5140886  0.782356   0.52802974],"[[-0.16611665 -0.47622585 -0.59533924]
 [ 0.87441736 -0.22733752  0.2793678 ]
 [ 0.23555033 -0.5559676  -0.36531684]
 [ 0.39027637  0.6422046  -0.65883905]]","[[ 0.7215686   0.09104034  0.6863312 ]
 [-0.22969437  0.9666499   0.11326321]
 [-0.65313053 -0.23937358  0.7184156 ]]"
20200224-165513.487046,85,[1.5159853 0.7831235 0.5302805],"[[-0.16681904 -0.47626194 -0.5976632 ]
 [ 0.8748462  -0.22805229  0.27688354]
 [ 0.23589495 -0.5531177  -0.36564547]
 [ 0.38880503  0.6443816  -0.6575999 ]]","[[ 0.7231061   0.08873743  0.6850132 ]
 [-0.22952078  0.9662316   0.11711737]
 [-0.6514889  -0.24191307  0.7190551 ]]"
20200224-165513.487046,86,[1.5168278 0.7827513 0.5316997],"[[-0.16679187 -0.47332177 -0.60252565]
 [ 0.87545574 -0.22919779  0.2734556 ]
 [ 0.23697248 -0.54805297 -0.36878264]
 [ 0.38678384  0.6504405  -0.65282774]]","[[ 0.7241375   0.08196907  0.68476695]
 [-0.23051052  0.96457446  0.1283006 ]
 [-0.64999205 -0.25075328  0.7173793 ]]"
20200224-165513.487046,87,[1.5166572  0.7824166  0.53246105],"[[-0.16649076 -0.4698591  -0.60786283]
 [ 0.87601584 -0.23038003  0.27008423]
 [ 0.23827161 -0.5425888  -0.37220284]
 [ 0.38484284  0.65708053 -0.64731973]]","[[ 0.7239864   0.07531792  0.6856904 ]
 [-0.2324439   0.9625248   0.13969979]
 [-0.6494719  -0.26052523  0.71436197]]"
20200224-165513.487046,88,[1.5170715  0.7832084  0.53407705],"[[-0.16693395 -0.46929568 -0.6105506 ]
 [ 0.8763745  -0.23119015  0.2677268 ]
 [ 0.23877114 -0.539389   -0.37296337]
 [ 0.383522    0.65982735 -0.6453285 ]]","[[ 0.7244073   0.07302591  0.6854937 ]
 [-0.2330647   0.96176493  0.14383799]
 [-0.64877975 -0.2639616   0.7137291 ]]"
20200224-165513.487046,89,[1.5166168  0.78338546 0.53628993],"[[-0.16702436 -0.4675485  -0.6142844 ]
 [ 0.8769295  -0.2318527   0.2648039 ]
 [ 0.23969766 -0.53516155 -0.37481233]
 [ 0.3816313   0.66426283 -0.6419107 ]]","[[ 0.7242228   0.06871094  0.68613416]
 [-0.23477115  0.9601479   0.15165257]
 [-0.64837015 -0.2709148   0.71149236]]"
20200224-165513.487046,90,[1.518133   0.78314114 0.5388943 ],"[[-0.16723812 -0.46484163 -0.61859256]
 [ 0.87761945 -0.23270757  0.26125416]
 [ 0.24058324 -0.5303375  -0.3775849 ]
 [ 0.37938797  0.6697097  -0.6375887 ]]","[[ 0.72561467  0.06194642  0.6853073 ]
 [-0.23556405  0.95812404  0.16281213]
 [-0.64652383 -0.2795726   0.70982116]]"
20200224-165513.487046,91,[1.5172153  0.78389716 0.54118085],"[[-0.16760063 -0.46415398 -0.6210956 ]
 [ 0.8780326  -0.2333352   0.25894472]
 [ 0.2411031  -0.5271043  -0.37854955]
 [ 0.37793905  0.67251533 -0.6355219 ]]","[[ 0.72520804  0.05968801  0.6859378 ]
 [-0.23690838  0.95703757  0.1671932 ]
 [-0.64648885 -0.2837543   0.7081918 ]]"
20200224-165513.487046,92,[1.5166075  0.78427434 0.5419099 ],"[[-0.16748586 -0.46167946 -0.62520856]
 [ 0.87845796 -0.23427868  0.2561937 ]
 [ 0.2420754  -0.5225359  -0.38082394]
 [ 0.37637728  0.6774377  -0.6312306 ]]","[[ 0.724744    0.05526198  0.6867987 ]
 [-0.23863715  0.9552176   0.17496188]
 [-0.6463735  -0.29069823  0.70547575]]"
20200224-165513.487046,93,[1.5162171 0.784619  0.543992 ],"[[-0.16757698 -0.45960337 -0.6289448 ]
 [ 0.8790036  -0.2349479   0.25324252]
 [ 0.24294281 -0.51817966 -0.3827995 ]
 [ 0.3744989   0.68194866 -0.62750375]]","[[ 0.7246147   0.0507974   0.68727976]
 [-0.24028097  0.953322    0.1828728 ]
 [-0.64590937 -0.2976525   0.7029967 ]]"
20200224-165513.487046,94,[1.5156627  0.785086   0.54464775],"[[-0.16747329 -0.45704728 -0.6329947 ]
 [ 0.8794218  -0.23587286  0.25050184]
 [ 0.24387872 -0.51359415 -0.38504   ]
 [ 0.37295198  0.6867991  -0.623146  ]]","[[ 0.7241897   0.0463768   0.6880396 ]
 [-0.24195503  0.9513951   0.1905395 ]
 [-0.6457608  -0.3044614   0.70021164]]"
20200224-165513.487046,95,[1.5166306  0.78567874 0.54587   ],"[[-0.16774315 -0.45483252 -0.63671273]
 [ 0.8798901  -0.23681475  0.24751055]
 [ 0.24454048 -0.509278   -0.3869698 ]
 [ 0.3712892   0.69114566 -0.6193465 ]]","[[ 0.72503644  0.04185868  0.68743753]
 [-0.24260896  0.9496932   0.19805057]
 [-0.64456445 -0.31037235  0.6987174 ]]"
20200224-165513.487046,96,[1.5188642 0.7863693 0.5463318],"[[-0.1680484  -0.45273787 -0.64024526]
 [ 0.88028866 -0.23781967  0.24468873]
 [ 0.24514176 -0.5051222  -0.38875604]
 [ 0.36980665  0.6952137  -0.6156965 ]]","[[ 0.7266619   0.03755791  0.6859677 ]
 [-0.24252786  0.9482383   0.20499797]
 [-0.6427617  -0.3153305   0.6981576 ]]"
20200224-165513.487046,97,[1.5218567  0.7875139  0.54777676],"[[-0.16876459 -0.4523869  -0.6423353 ]
 [ 0.88069886 -0.23842089  0.24223693]
 [ 0.24540393 -0.50216335 -0.3892652 ]
 [ 0.3683276   0.6973763  -0.6141655 ]]","[[ 0.72913796  0.03549708  0.68344563]
 [-0.241581    0.94771445  0.20850937]
 [-0.6403097  -0.31713948  0.6995899 ]]"
20200224-165513.487046,98,[1.5250375  0.78822917 0.5491085 ],"[[-0.16912867 -0.45055825 -0.64555746]
 [ 0.88128126 -0.23891467  0.23919894]
 [ 0.24607548 -0.4980499  -0.39096653]
 [ 0.36631352  0.7013296  -0.6108881 ]]","[[ 0.73189783  0.03121759  0.68069893]
 [-0.24100186  0.94624394  0.21573317]
 [-0.63737243 -0.32194433  0.7000772 ]]"
20200224-165513.487046,99,[1.5280473  0.7891561  0.54871017],"[[-0.16951296 -0.44848657 -0.6489086 ]
 [ 0.88159364 -0.24003398  0.23651409]
 [ 0.24657284 -0.49402255 -0.39262626]
 [ 0.36504835  0.7051138  -0.6073082 ]]","[[ 0.73425114  0.0272484   0.6783312 ]
 [-0.24012086  0.94502825  0.22195418]
 [-0.6349942  -0.3258515   0.70043075]]"
20200224-165513.487046,100,[1.5282747  0.78911364 0.54874873],"[[-0.16889589 -0.44301417 -0.65492517]
 [ 0.8822749  -0.24087183  0.2326561 ]
 [ 0.24805146 -0.48728815 -0.39680085]
 [ 0.36267832  0.7129305  -0.5995778 ]]","[[ 0.7343346   0.01883271  0.6785263 ]
 [-0.2422953   0.94103533  0.23610519]
 [-0.6340707  -0.33778402  0.69559777]]"
20200224-165513.487046,101,[1.5262264  0.78973943 0.5500188 ],"[[-0.1687234  -0.44022155 -0.65872246]
 [ 0.88274896 -0.24150847  0.22993249]
 [ 0.24894457 -0.48259333 -0.39897084]
 [ 0.3609898   0.7176231  -0.5950114 ]]","[[ 0.7330656   0.01450874  0.6800032 ]
 [-0.24470446  0.9384524   0.24377626]
 [-0.63461375 -0.3451039   0.6914975 ]]"
20200224-165513.487046,102,[1.5268389  0.7905142  0.55126315],"[[-0.16882959 -0.43789652 -0.6621789 ]
 [ 0.88326913 -0.24200648  0.22705364]
 [ 0.24970864 -0.47817564 -0.4007524 ]
 [ 0.35913464  0.7218225  -0.59106964]]","[[ 0.7338308   0.01037007  0.67925316]
 [-0.24558225  0.9363112   0.2510201 ]
 [-0.63338923 -0.35101882  0.68964064]]"
20200224-165513.487046,103,[1.5258967  0.79158926 0.5533659 ],"[[-0.16921344 -0.4368413  -0.6645508 ]
 [ 0.88366944 -0.24253303  0.22471267]
 [ 0.25011146 -0.47478715 -0.40166363]
 [ 0.35768571  0.7245168  -0.58867884]]","[[ 0.7334582   0.00816559  0.6796854 ]
 [-0.24686809  0.9348505   0.25516787]
 [-0.6333206  -0.35494757  0.6876895 ]]"
20200224-165513.487046,104,[1.5278106  0.79280996 0.5553192 ],"[[-0.1699426  -0.43640906 -0.66659683]
 [ 0.88406914 -0.24302393  0.22222707]
 [ 0.25034535 -0.47178438 -0.4019936 ]
 [ 0.3561858   0.72657144 -0.58708155]]","[[ 0.73497164  0.0063924   0.6780676 ]
 [-0.24663004  0.9339913   0.25852233]
 [-0.6316567  -0.35723844  0.6880338 ]]"
20200224-165513.487046,105,[1.526263   0.793252   0.55615777],"[[-0.1694618  -0.43201494 -0.671393  ]
 [ 0.88467556 -0.24354896  0.21896866]
 [ 0.251533   -0.46593323 -0.40512702]
 [ 0.3540661   0.73277074 -0.58065146]]","[[ 7.3395985e-01  2.7620263e-06  6.7919284e-01]
 [-2.4933015e-01  9.3018341e-01  2.6943114e-01]
 [-6.3177323e-01 -3.6709496e-01  6.8271798e-01]]"
20200224-165513.487046,106,[1.526869   0.7944153  0.55881995],"[[-0.17011099 -0.43123135 -0.67350036]
 [ 0.8851418  -0.24394628  0.2163976 ]
 [ 0.2517833  -0.46270078 -0.40582073]
 [ 0.3524072   0.7351445  -0.578687  ]]","[[ 0.7347111  -0.00216661  0.6783766 ]
 [-0.24980839  0.92886096  0.27351993]
 [-0.6307101  -0.37042233  0.68190324]]"
20200224-165513.487046,107,[1.5280769  0.795255   0.55792314],"[[-0.16997436 -0.42729107 -0.67799073]
 [ 0.88556516 -0.24483125  0.21326302]
 [ 0.252683   -0.45731345 -0.40827802]
 [ 0.35076284  0.74050295 -0.5728497 ]]","[[ 0.73552257 -0.00782155  0.67745507]
 [-0.25059915  0.9258736   0.28276867]
 [-0.6294495  -0.37775236  0.67904073]]"
20200224-165513.487046,108,[1.5287106 0.7964594 0.5605824],"[[-0.17062706 -0.4264486  -0.6801106 ]
 [ 0.88603437 -0.24519505  0.21065894]
 [ 0.25292835 -0.45403463 -0.40894264]
 [ 0.34908065  0.742882   -0.57082236]]","[[ 0.736294   -0.00999261  0.676588  ]
 [-0.25107366  0.92447823  0.2868835 ]
 [-0.62835765 -0.38110405  0.67817867]]"
20200224-165513.487046,109,[1.5314045  0.79738665 0.56354105],"[[-0.17131683 -0.42429596 -0.683043  ]
 [ 0.8866881  -0.24547918  0.20723906]
 [ 0.25331047 -0.4498035  -0.4105631 ]
 [ 0.346798    0.74658537 -0.5673997 ]]","[[ 0.73853934 -0.01446781  0.67405516]
 [-0.25090393  0.92206323  0.29469788]
 [-0.62578505 -0.3867691   0.67734975]]"
20200224-165513.487046,110,[1.5352968 0.7983312 0.5639373],"[[-0.17171332 -0.42083436 -0.6869661 ]
 [ 0.88725364 -0.24606544  0.20365025]
 [ 0.25394636 -0.4447076  -0.4127557 ]
 [ 0.34468368  0.75138885 -0.56234956]]","[[ 0.7416433  -0.02019271  0.6704904 ]
 [-0.2500478   0.91918355  0.3042654 ]
 [-0.62244785 -0.39331102  0.6766574 ]]"
20200224-165513.487046,111,[1.5358429  0.7995484  0.56326455],"[[-0.1717284  -0.41858852 -0.68995786]
 [ 0.88754797 -0.24673423  0.20139864]
 [ 0.25455853 -0.44059148 -0.4141102 ]
 [ 0.34346467  0.75484097 -0.5584884 ]]","[[ 0.7419624  -0.02320102  0.6700401 ]
 [-0.2507708   0.917254    0.30944964]
 [-0.62177646 -0.39762646  0.67474973]]"
20200224-165513.487046,112,[1.5358273  0.8003248  0.56455153],"[[-0.17150922 -0.41432196 -0.6943207 ]
 [ 0.8882296  -0.24690142  0.19792038]
 [ 0.25555772 -0.4348175  -0.41676104]
 [ 0.34106144  0.76046723 -0.55231905]]","[[ 0.74209267 -0.02933952  0.66965485]
 [-0.25268075  0.9130938   0.32001895]
 [-0.620847   -0.40669256  0.6701866 ]]"
20200224-165513.487046,113,[1.5369275 0.8014234 0.5634518],"[[-0.1713314  -0.4106633  -0.6982305 ]
 [ 0.88863826 -0.2474912   0.19509812]
 [ 0.256398   -0.4296748  -0.41881278]
 [ 0.33945245  0.7651688  -0.54681516]]","[[ 0.7427994  -0.03422137  0.66863894]
 [-0.25349236  0.90996665  0.3281804 ]
 [-0.6196701  -0.41326702  0.66724765]]"
20200224-165513.487046,114,[1.5393742  0.80262965 0.5616578 ],"[[-0.17122464 -0.407575   -0.70183057]
 [ 0.8889815  -0.2480417   0.19248429]
 [ 0.25721252 -0.42491302 -0.42033595]
 [ 0.33798787  0.76928973 -0.5419426 ]]","[[ 0.7442516  -0.03832044  0.6667991 ]
 [-0.25359     0.9073799   0.33519223]
 [-0.617885   -0.41856092  0.66560125]]"
20200224-165513.487046,115,[1.5401372  0.8038445  0.56246835],"[[-0.17139418 -0.40544927 -0.70473945]
 [ 0.88942957 -0.24828058  0.1898416 ]
 [ 0.25780952 -0.42073596 -0.4213739 ]
 [ 0.33626428  0.77262473 -0.53828096]]","[[ 0.7448288  -0.04144498  0.6659672 ]
 [-0.2544327   0.90502065  0.3408837 ]
 [-0.61684203 -0.42334375  0.66354054]]"
20200224-165513.487046,116,[1.5412203  0.80500954 0.5646263 ],"[[-0.17180133 -0.40292087 -0.7075784 ]
 [ 0.8900102  -0.24845462  0.18678337]
 [ 0.25823674 -0.4163339  -0.4229889 ]
 [ 0.33418572  0.7762675  -0.5343461 ]]","[[ 0.7459113  -0.04549974  0.6644895 ]
 [-0.2550464   0.9021087   0.34806827]
 [-0.61527866 -0.42910367  0.66128856]]"
20200224-165513.487046,117,[1.5414596  0.80647606 0.5657488 ],"[[-0.17223926 -0.40225756 -0.7092904 ]
