Timestamp,Epoch,s,u,v
20200221-003327.921902,0,[0.01969907 0.01414239 0.00576582],"[[ 0.12726349  0.20812994  0.6729504 ]
 [ 0.40121898  0.4320151  -0.67296845]
 [ 0.89029163 -0.3789578   0.15539539]
 [-0.1738054  -0.7914771  -0.26477036]]","[[-0.16618052 -0.08115467  0.9827503 ]
 [ 0.5633838   0.81012404  0.16216609]
 [ 0.8093101  -0.5806144   0.0889056 ]]"
20200221-003327.921902,1,[0.02607622 0.01439427 0.00407553],"[[-0.03523263  0.18615983 -0.01560581]
 [ 0.46368495  0.3274094  -0.82120526]
 [ 0.80606335 -0.5263976   0.23582655]
 [-0.36608332 -0.76226896 -0.5193885 ]]","[[ 0.04245621  0.05273873  0.99770546]
 [ 0.6823658   0.72788674 -0.06751339]
 [ 0.729777   -0.68366647  0.00508379]]"
20200221-003327.921902,2,[0.03432136 0.01454196 0.00451701],"[[-0.16512342 -0.17589435 -0.49751034]
 [ 0.4823216  -0.2811081  -0.7277976 ]
 [ 0.7394155   0.5844917   0.08783846]
 [-0.43973207  0.7405463  -0.46376553]]","[[ 0.19571102 -0.10600637  0.9749153 ]
 [ 0.69710755 -0.68417925 -0.21433552]
 [ 0.6897378   0.7215686  -0.06000359]]"
20200221-003327.921902,3,[0.04329119 0.01464774 0.00519558],"[[-0.24968791 -0.17122711 -0.6620012 ]
 [ 0.4874732  -0.26011667 -0.653021  ]
 [ 0.6944893   0.6103585  -0.02616094]
 [-0.46659493  0.72834283 -0.36692452]]","[[ 0.2891236  -0.1290523   0.94855314]
 [ 0.68695015 -0.6621309  -0.2994698 ]
 [ 0.6667136   0.73819256 -0.10278518]]"
20200221-003327.921902,4,[0.05276178 0.01474458 0.00569565],"[[-0.30173331 -0.16965589 -0.7246598 ]
 [ 0.49205646 -0.24452238 -0.6137703 ]
 [ 0.6596302   0.6289423  -0.09215233]
 [-0.4813784   0.718232   -0.29943633]]","[[ 0.34895363 -0.14634015  0.9256436 ]
 [ 0.6750661  -0.64585215 -0.35659605]
 [ 0.65001315  0.7493061  -0.12658319]]"
20200221-003327.921902,5,[0.06234831 0.01483135 0.00606302],"[[-0.33651364 -0.16949324 -0.75314194]
 [ 0.4947686  -0.23553456 -0.5915461 ]
 [ 0.6353743   0.64013433 -0.1339661 ]
 [-0.48812094  0.71135354 -0.25476164]]","[[ 0.38864234 -0.15632047  0.9080315 ]
 [ 0.66404456 -0.6356775  -0.39364854]
 [ 0.6387505   0.7559619  -0.14324747]]"
20200221-003327.921902,6,[0.07216629 0.01491343 0.00635074],"[[-0.3615319  -0.17005742 -0.76758516]
 [ 0.49619624 -0.22996417 -0.57813424]
 [ 0.61755764  0.64752716 -0.16291322]
 [-0.491637    0.70633245 -0.22368096]]","[[ 0.4170844  -0.16260472  0.89420384]
 [ 0.65459347 -0.6287993  -0.41966534]
 [ 0.6305143   0.76037574 -0.1558224 ]]"
20200221-003327.921902,7,[0.08186477 0.01499334 0.00656496],"[[-0.37905702 -0.17129418 -0.775994  ]
 [ 0.49799213 -0.22589363 -0.5687842 ]
 [ 0.6036178   0.6532679  -0.18322553]
 [-0.49392787  0.70204794 -0.20185582]]","[[ 0.437714   -0.16738786  0.88339543]
 [ 0.64706826 -0.6235293  -0.43876386]
 [ 0.6242668   0.7636703  -0.16461617]]"
20200221-003327.921902,8,[0.09126941 0.01507114 0.00673663],"[[-0.39232174 -0.17288385 -0.7810955 ]
 [ 0.4994626  -0.22358504 -0.56190723]
 [ 0.59297234  0.6571964  -0.19881384]
 [-0.49497896  0.69872284 -0.18607254]]","[[ 0.45309296 -0.17029132  0.87504727]
 [ 0.6409695  -0.6199717  -0.45254079]
 [ 0.61956817  0.76592165 -0.17175326]]"
20200221-003327.921902,9,[0.10070073 0.01514724 0.00689179],"[[-0.40362313 -0.17456058 -0.78381324]
 [ 0.49990612 -0.22307608 -0.55708635]
 [ 0.58505064  0.6593061  -0.21204506]
 [-0.49487182  0.6964776  -0.17415203]]","[[ 0.46537015 -0.17121725  0.8683981 ]
 [ 0.6356771  -0.6180571  -0.46251497]
 [ 0.6159102   0.7672615  -0.1787864 ]]"
20200221-003327.921902,10,[0.11001096 0.01522379 0.00700585],"[[-0.41139418 -0.17662695 -0.7861663 ]
 [ 0.5014736  -0.2222857  -0.5525446 ]
 [ 0.5780128   0.6616449  -0.2219286 ]
 [-0.4951565   0.69398683 -0.16548309]]","[[ 0.47518677 -0.1725495   0.8628001 ]
 [ 0.6314007  -0.6160677  -0.47094962]
 [ 0.61280555  0.7685617  -0.18379937]]"
20200221-003327.921902,11,[0.11880846 0.01529941 0.00711859],"[[-0.41876745 -0.17866904 -0.78710294]
 [ 0.50189245 -0.22283627 -0.5494052 ]
 [ 0.57272047  0.6626508  -0.23115547]
 [-0.49470124  0.692326   -0.15871558]]","[[ 0.48296666 -0.17237048  0.8585056 ]
 [ 0.62779343 -0.61531687 -0.47671875]
 [ 0.61042523  0.76920325 -0.18896452]]"
20200221-003327.921902,12,[0.12802131 0.0153756  0.0072116 ],"[[-0.4243335  -0.18086721 -0.7878718 ]
 [ 0.50276387 -0.2232997  -0.5465176 ]
 [ 0.5680419   0.6636886  -0.23863898]
 [-0.49446723  0.69060975 -0.15371266]]","[[ 0.48984745 -0.17234015  0.85460424]
 [ 0.62455887 -0.6145561  -0.48192033]
 [ 0.6082564   0.7698181  -0.19340214]]"
20200221-003327.921902,13,[0.13699791 0.01545198 0.00729781],"[[-0.42919374 -0.18314242 -0.7882344 ]
 [ 0.5034833  -0.22396696 -0.5441118 ]
 [ 0.5639113   0.6644979  -0.24536982]
 [-0.49426842  0.689014   -0.14974217]]","[[ 0.49560684 -0.17209071  0.8513276 ]
 [ 0.6217974  -0.6140551  -0.48611155]
 [ 0.6064173   0.7702735  -0.19732432]]"
20200221-003327.921902,14,[0.14581983 0.0155286  0.00736862],"[[-0.43279585 -0.18557894 -0.78863484]
 [ 0.5045807  -0.22460404 -0.541709  ]
 [ 0.5602048   0.6653265  -0.25101113]
 [-0.49422345  0.6873531  -0.1469692 ]]","[[ 0.50050724 -0.17190035  0.84849447]
 [ 0.6194348  -0.6135911  -0.48970047]
 [ 0.6048083   0.7706857  -0.20062573]]"
20200221-003327.921902,15,[0.15424001 0.01560519 0.00743824],"[[-0.4363538  -0.18796258 -0.7885221 ]
 [ 0.50510126 -0.22607504 -0.5397808 ]
 [ 0.55747896  0.6653433  -0.25657302]
 [-0.4936451   0.6862061  -0.14505047]]","[[ 0.5046252  -0.17075118  0.84628457]
 [ 0.617355   -0.61386716 -0.4919757 ]
 [ 0.6035117   0.77072126 -0.20435874]]"
20200221-003327.921902,16,[0.163124   0.01568212 0.00749881],"[[-0.43918082 -0.1903515  -0.78844595]
 [ 0.5057812  -0.2278636  -0.5377835 ]
 [ 0.5553756   0.66504216 -0.2615306 ]
 [-0.49281198  0.6852469  -0.14402714]]","[[ 0.50845975 -0.16929388  0.84427977]
 [ 0.61537135 -0.61439425 -0.4937992 ]
 [ 0.6023178   0.77062255 -0.20821615]]"
20200221-003327.921902,17,[0.1721893  0.0157597  0.00755809],"[[-0.4417286  -0.19276275 -0.7882237 ]
 [ 0.5064125  -0.22953169 -0.5360451 ]
 [ 0.5533268   0.6648186  -0.26612577]
 [-0.49219072  0.68423283 -0.14330517]]","[[ 0.5119515  -0.16798541  0.8424289 ]
 [ 0.6135591  -0.61486    -0.4954721 ]
 [ 0.60120785  0.7705378  -0.21170948]]"
20200221-003327.921902,18,[0.18055204 0.0158377  0.00761158],"[[-0.44382018 -0.1953111  -0.78797793]
 [ 0.50715595 -0.23094103 -0.53441685]
 [ 0.55118823  0.6648323  -0.27030838]
 [-0.4919431   0.6830212  -0.14290892]]","[[ 0.5148437  -0.16693342  0.8408742 ]
 [ 0.6120766  -0.6151949  -0.49688804]
 [ 0.6002487   0.7704989  -0.21455316]]"
20200221-003327.921902,19,[0.1883574  0.01591621 0.00766252],"[[-0.44587338 -0.1978171  -0.78752106]
 [ 0.50761586 -0.23281947 -0.53295404]
 [ 0.5496079   0.6643845  -0.27446645]
 [-0.49138036  0.6820975  -0.14296499]]","[[ 0.5172897  -0.16531819  0.83969134]
 [ 0.61078167 -0.6159549  -0.49753946]
 [ 0.59946424  0.77023995 -0.2176538 ]]"
20200221-003327.921902,20,[0.19682524 0.01599534 0.00771333],"[[-0.44772628 -0.20029993 -0.78701323]
 [ 0.5080809  -0.23465441 -0.53160983]
 [ 0.5481159   0.6639442  -0.27836353]
 [-0.49088094  0.68117225 -0.14323163]]","[[ 0.5197197  -0.163792    0.83848894]
 [ 0.6094877  -0.61667025 -0.49823958]
 [ 0.59867877  0.76999354 -0.22066648]]"
20200221-003327.921902,21,[0.20432097 0.01607487 0.00776022],"[[-0.4495103  -0.20279315 -0.7863446 ]
 [ 0.50832576 -0.23684753 -0.53037274]
 [ 0.54704636  0.6631626  -0.2822452 ]
 [-0.4901893   0.6804362  -0.14389037]]","[[ 0.5216823  -0.16181414  0.83765364]
 [ 0.60841596 -0.61772364 -0.49824437]
 [ 0.59806144  0.7695672  -0.22380513]]"
20200221-003327.921902,22,[0.21222676 0.01615491 0.00780199],"[[-0.45078203 -0.20535268 -0.78585494]
 [ 0.5088864  -0.23878397 -0.5290065 ]
 [ 0.5459014   0.66261125 -0.28568643]
 [-0.48971596  0.6795281  -0.14480141]]","[[ 0.5235916  -0.16016038  0.83677983]
 [ 0.60738945 -0.6185665  -0.49845114]
 [ 0.59743613  0.769236   -0.22659649]]"
20200221-003327.921902,23,[0.21937862 0.01623563 0.00784077],"[[-0.45185825 -0.20799577 -0.7853328 ]
 [ 0.50948095 -0.24042775 -0.5277657 ]
 [ 0.5445574   0.6623175  -0.28891677]
 [-0.48960242  0.67843026 -0.14574939]]","[[ 0.52519244 -0.15877979  0.83603936]
 [ 0.60654956 -0.6192422  -0.49863493]
 [ 0.5968839   0.7689786  -0.22891349]]"
20200221-003327.921902,24,[0.2283002  0.0163171  0.00787892],"[[-0.45272636 -0.21044995 -0.7849003 ]
 [ 0.51012176 -0.24256675 -0.5263464 ]
 [ 0.5438736   0.66151655 -0.29195398]
 [-0.48889247  0.6776931  -0.14715217]]","[[ 0.5270435  -0.15695389  0.83521897]
 [ 0.6055253  -0.62022835 -0.49865422]
 [ 0.596292    0.7685587  -0.23184776]]"
20200221-003327.921902,25,[0.23635346 0.01639918 0.00791826],"[[-0.45378715 -0.2129306  -0.7842473 ]
 [ 0.5104984  -0.2447556  -0.5251634 ]
 [ 0.5431959   0.6606568  -0.29512358]
 [-0.48826966  0.67696977 -0.14853173]]","[[ 0.52859    -0.15500854  0.8346046 ]
 [ 0.6046633  -0.62131095 -0.4983526 ]
 [ 0.5957979   0.768079   -0.23469073]]"
20200221-003327.921902,26,[0.24470472 0.01648194 0.00795466],"[[-0.4545543  -0.21541443 -0.78369576]
 [ 0.5110382  -0.24680442 -0.52391905]
 [ 0.5425152   0.65990704 -0.29801607]
 [-0.48774758  0.6761709  -0.15005401]]","[[ 0.53008074 -0.15323718  0.8339862 ]
 [ 0.60383826 -0.62228477 -0.49813792]
 [ 0.5953101   0.767646   -0.23733065]]"
20200221-003327.921902,27,[0.25215897 0.01656532 0.00799076],"[[-0.45545623 -0.21790601 -0.7829577 ]
 [ 0.51133525 -0.24896154 -0.5228623 ]
 [ 0.54192984  0.6590415  -0.30100328]
 [-0.48724556  0.67542547 -0.15162317]]","[[ 0.5313203  -0.15128891  0.833553  ]
 [ 0.60314465 -0.623388   -0.49759835]
 [ 0.594908    0.767137   -0.23996957]]"
20200221-003327.921902,28,[0.25867942 0.01664938 0.00802394],"[[-0.45628408 -0.22045392 -0.7821866 ]
 [ 0.51161134 -0.2510342  -0.5218467 ]
 [ 0.5412893   0.6582479  -0.30394366]
 [-0.48689276  0.67460483 -0.15322636]]","[[ 0.5323357  -0.1493631   0.8332523 ]
 [ 0.60258067 -0.62448287 -0.4969082 ]
 [ 0.5945715   0.7666237  -0.24243121]]"
20200221-003327.921902,29,[0.26765946 0.01673411 0.00805579],"[[-0.4566478  -0.2228708  -0.78171   ]
 [ 0.5122577  -0.2531744  -0.52052367]
 [ 0.54094636  0.65735495 -0.3064465 ]
 [-0.48625296  0.6738812  -0.15516013]]","[[ 0.5336622  -0.14752832  0.8327305 ]
 [ 0.6018322  -0.62552214 -0.49650794]
 [ 0.5941403   0.7661316  -0.2450302 ]]"
20200221-003327.921902,30,[0.27483478 0.01681925 0.00808757],"[[-0.45721945 -0.22541882 -0.7810113 ]
 [ 0.5126786  -0.25512847 -0.5194608 ]
 [ 0.5403087   0.65664667 -0.30913392]
 [-0.4859811   0.6729867  -0.15690057]]","[[ 0.53465223 -0.14578769  0.8324019 ]
 [ 0.60128653 -0.62650234 -0.49593282]
 [ 0.59380275  0.7656636  -0.24730071]]"
20200221-003327.921902,31,[0.2822985  0.01690533 0.00812   ],"[[-0.45784953 -0.22786106 -0.7802355 ]
 [ 0.5129571  -0.25728777 -0.51846325]
 [ 0.5399339   0.6557082  -0.3118107 ]
 [-0.4855104   0.67225665 -0.15875287]]","[[ 0.5356278  -0.1438281   0.83211553]
 [ 0.600732   -0.62763506 -0.49517196]
 [ 0.5934846   0.7651063  -0.24977662]]"
20200221-003327.921902,32,[0.2884245  0.0169921  0.00815058],"[[-0.45852163 -0.2303826  -0.7793705 ]
 [ 0.5131549  -0.25928432 -0.5175809 ]
 [ 0.53937083  0.6549173  -0.31453255]
 [-0.48529267  0.6714005  -0.16050233]]","[[ 0.5363829  -0.14195058  0.83195156]
 [ 0.60031164 -0.6287146  -0.49431157]
 [ 0.5932278   0.76457053 -0.2520172 ]]"
20200221-003327.921902,33,[0.2953112  0.01707956 0.00817792],"[[-0.45890152 -0.23284362 -0.7786645 ]
 [ 0.5135305  -0.26137173 -0.5165061 ]
 [ 0.5390476   0.6540202  -0.31701154]
 [-0.48489454  0.670616   -0.16250025]]","[[ 0.53719044 -0.14002192  0.8317573 ]
 [ 0.59985405 -0.6298315  -0.4934444 ]
 [ 0.59296     0.76400673 -0.25434664]]"
20200221-003327.921902,34,[0.30210808 0.01716742 0.00820397],"[[-0.45914447 -0.23537081 -0.7780092 ]
 [ 0.5140253  -0.26327237 -0.5153997 ]
 [ 0.53856546  0.65329844 -0.31938946]
 [-0.4846765   0.66969335 -0.16448495]]","[[ 0.5379497  -0.13829802  0.83155507]
 [ 0.5994347  -0.63081396 -0.49269852]
 [ 0.59269583  0.76351    -0.25644553]]"
20200221-003327.921902,35,[0.30834702 0.01725631 0.00823304],"[[-0.459735   -0.23781349 -0.7771136 ]
 [ 0.5141713  -0.26537555 -0.5145216 ]
 [ 0.53821707  0.6523541  -0.32199156]
 [-0.48434874  0.6689204  -0.16638295]]","[[ 0.53861666 -0.13630202  0.8314528 ]
 [ 0.599053   -0.63197833 -0.4916693 ]
 [ 0.5924757   0.7629057  -0.25874186]]"
20200221-003327.921902,36,[0.31599456 0.01734569 0.00825975],"[[-0.45998037 -0.240196   -0.77643293]
 [ 0.51457906 -0.26757205 -0.513381  ]
 [ 0.53811395  0.6513112  -0.32431367]
 [-0.48379716  0.66820997 -0.16856001]]","[[ 0.5394     -0.13431162  0.831269  ]
 [ 0.5985992  -0.63314307 -0.49072307]
 [ 0.5922219   0.7622929  -0.26111847]]"
20200221-003327.921902,37,[0.32194403 0.01743577 0.00828531],"[[-0.46038997 -0.2426539  -0.7755801 ]
 [ 0.5147945  -0.26963025 -0.5124454 ]
 [ 0.53780675  0.65039164 -0.32677224]
 [-0.48352     0.66738987 -0.1705725 ]]","[[ 0.53997433 -0.13236028  0.83120894]
 [ 0.5982727  -0.63427794 -0.48965433]
 [ 0.5920283   0.7616904  -0.26330626]]"
20200221-003327.921902,38,[0.32781687 0.01752679 0.00831073],"[[-0.46078655 -0.24507879 -0.7747107 ]
 [ 0.51499045 -0.27160725 -0.5115664 ]
 [ 0.53746825  0.64951986 -0.3291672 ]
 [-0.4833097   0.66655046 -0.1725447 ]]","[[ 0.54052097 -0.13047421  0.8311519 ]
 [ 0.5979637  -0.63537145 -0.48861286]
 [ 0.59184164  0.7611042  -0.26541275]]"
20200221-003327.921902,39,[0.33523607 0.01761857 0.00833683],"[[-0.4610261  -0.24739432 -0.77397114]
 [ 0.5153234  -0.27371424 -0.5105248 ]
 [ 0.53736746  0.64849985 -0.33139032]
 [-0.4828385   0.6658263  -0.17468128]]","[[ 0.5411925  -0.12854426  0.8310158 ]
 [ 0.5975732  -0.6365001  -0.48762077]
 [ 0.59162253  0.76048934 -0.2676545 ]]"
20200221-003327.921902,40,[0.34198162 0.01771119 0.00836344],"[[-0.46145648 -0.24967396 -0.7730857 ]
 [ 0.5154447  -0.27593282 -0.50961125]
 [ 0.5373354   0.64735764 -0.3337453 ]
 [-0.48233297  0.6651708  -0.17677446]]","[[ 0.5417734  -0.12645377  0.8309579 ]
 [ 0.59722835 -0.6377309  -0.48643363]
 [ 0.59143895  0.7598084  -0.26998386]]"
20200221-003327.921902,41,[0.34818384 0.01780411 0.00838513],"[[-0.46156567 -0.25206867 -0.7723386 ]
 [ 0.5158052  -0.27785763 -0.50859255]
 [ 0.5371005   0.64650106 -0.33588403]
 [-0.4821051   0.66429883 -0.17890929]]","[[ 0.54227984 -0.12465874  0.8308987 ]
 [ 0.59694314 -0.6387665  -0.4854238 ]
 [ 0.5912627   0.75923485 -0.27197602]]"
20200221-003327.921902,42,[0.35475725 0.0178977  0.00840811],"[[-0.46166816 -0.25445002 -0.7715802 ]
 [ 0.51617694 -0.27970263 -0.5076146 ]
 [ 0.53680485  0.64570475 -0.33797708]
 [-0.48193794  0.66339046 -0.18100399]]","[[ 0.5428023  -0.12297036  0.8308091 ]
 [ 0.5966512  -0.63973516 -0.4845061 ]
 [ 0.59107774  0.7586944  -0.2738793 ]]"
20200221-003327.921902,43,[0.36087018 0.01799249 0.00843074],"[[-0.46191704 -0.256734   -0.7707426 ]
 [ 0.5163761  -0.28174868 -0.5066745 ]
 [ 0.5367173   0.6446849  -0.34015718]
 [-0.4815839   0.6626364  -0.18311171]]","[[ 0.54326606 -0.12102064  0.83079237]
 [ 0.59637976 -0.6408726  -0.48333576]
 [ 0.5909257   0.75804776 -0.27599004]]"
20200221-003327.921902,44,[0.36573562 0.01808756 0.00845262],"[[-0.4622041  -0.25915185 -0.7698109 ]
 [ 0.5165442  -0.283494   -0.5058867 ]
 [ 0.5362619   0.64396113 -0.34239486]
 [-0.48163527  0.66165346 -0.18502857]]","[[ 0.5436181  -0.11933619  0.83080566]
 [ 0.59619033 -0.64183205 -0.48229522]
 [ 0.590793    0.7575028  -0.2777644 ]]"
20200221-003327.921902,45,[0.37341216 0.01818348 0.00847283],"[[-0.46205005 -0.261385   -0.7692154 ]
 [ 0.5170602  -0.2854962  -0.5046915 ]
 [ 0.5363254   0.64296156 -0.34421986]
 [-0.48115852  0.6608859  -0.18736781]]","[[ 0.5441688  -0.11754014  0.83070135]
 [ 0.5958694  -0.6428757  -0.4813007 ]
 [ 0.5906099   0.7568983  -0.27979428]]"
20200221-003327.921902,46,[0.37920403 0.01828024 0.00849308],"[[-0.46218407 -0.2636744  -0.768401  ]
 [ 0.51731247 -0.28743395 -0.5037228 ]
 [ 0.53619826  0.64201593 -0.34629428]
 [-0.48090026  0.66005546 -0.1894815 ]]","[[ 0.5445603  -0.11569026  0.8307044 ]
 [ 0.59564346 -0.6439454  -0.48014912]
 [ 0.5904768   0.75627387 -0.28175694]]"
20200221-003327.921902,47,[0.38418898 0.01837793 0.00851514],"[[-0.46251994 -0.26596856 -0.7674189 ]
 [ 0.517379   -0.28922752 -0.5029966 ]
 [ 0.53587204  0.6411857  -0.3484745 ]
 [-0.48086962  0.6591578  -0.19138496]]","[[ 0.54488736 -0.11393787  0.8307321 ]
 [ 0.59546083 -0.6449493  -0.4790271 ]
 [ 0.59035945  0.75568426 -0.28357923]]"
20200221-003327.921902,48,[0.3910234  0.0184761  0.00853546],"[[-0.46250123 -0.2681842  -0.76669097]
 [ 0.5177419  -0.29113138 -0.5019597 ]
 [ 0.5358273   0.6402406  -0.35035777]
 [-0.4805467   0.6583399  -0.19357376]]","[[ 0.54532903 -0.11219162  0.83067995]
 [ 0.59520525 -0.64595646 -0.47798622]
 [ 0.5902092   0.7550849  -0.28548175]]"
20200221-003327.921902,49,[0.3978428  0.01857496 0.00855481],"[[-0.46239725 -0.27041236 -0.76600415]
 [ 0.5181755  -0.2929361  -0.5008968 ]
 [ 0.53572375  0.6393796  -0.35216686]
 [-0.48029462  0.6574642  -0.19575135]]","[[ 0.5457534  -0.11054154  0.8306225 ]
 [ 0.5949634  -0.6469025  -0.47700703]
 [ 0.5900609   0.7545181  -0.28728107]]"
20200221-003327.921902,50,[0.40397632 0.0186747  0.00857321],"[[-0.4623807  -0.27261585 -0.76525253]
 [ 0.5185005  -0.29479483 -0.49988112]
 [ 0.53566474  0.63845116 -0.35403904]
 [-0.48002547  0.65662515 -0.1978995 ]]","[[ 0.5461177  -0.10879176  0.83061415]
 [ 0.59475285 -0.6479082  -0.47590345]
 [ 0.58993596  0.7539094  -0.28912988]]"
20200221-003327.921902,51,[0.40999353 0.01877568 0.00859228],"[[-0.462497   -0.2747166  -0.7644299 ]
 [ 0.51867837 -0.29676342 -0.49893773]
 [ 0.5357325   0.6373849  -0.35595182]
 [-0.47964555  0.65589803 -0.20001559]]","[[ 0.54646385 -0.10690875  0.8306309 ]
 [ 0.5945451  -0.64899784 -0.4746764 ]
 [ 0.5898248   0.75324106 -0.29109174]]"
20200221-003327.921902,52,[0.41661474 0.01887685 0.00861119],"[[-0.46241635 -0.2768871  -0.7636979 ]
 [ 0.51904684 -0.2985225  -0.497939  ]
 [ 0.5356368   0.6365275  -0.35771662]
 [-0.4794321   0.65501964 -0.20214272]]","[[ 0.5468379  -0.10530031  0.83059025]
 [ 0.5943322  -0.64991534 -0.47368687]
 [ 0.5896928   0.7526764  -0.29281497]]"
20200221-003327.921902,53,[0.423195   0.01897882 0.0086307 ],"[[-0.46238905 -0.27903068 -0.7629311 ]
 [ 0.5193693  -0.30028668 -0.49697524]
 [ 0.5355433   0.6356507  -0.3595006 ]
 [-0.47921336  0.6541545  -0.20423226]]","[[ 0.5471983  -0.1036833   0.83055633]
 [ 0.5941261  -0.65083766 -0.47267812]
 [ 0.58956605  0.75210387 -0.29453626]]"
20200221-003327.921902,54,[0.42828846 0.01908229 0.00864925],"[[-0.46265548 -0.28107888 -0.7619878 ]
 [ 0.51937604 -0.30223596 -0.49616358]
 [ 0.53558624  0.63456196 -0.3614804 ]
 [-0.4789008   0.6534365  -0.2062256 ]]","[[ 0.54746026 -0.10176888  0.8306205 ]
 [ 0.59396595 -0.65194    -0.47135845]
 [ 0.58948433  0.75141025 -0.296464  ]]"
20200221-003327.921902,55,[0.43208212 0.01918584 0.0086671 ],"[[-0.46292406 -0.28329962 -0.76096267]
 [ 0.5194015  -0.3038269  -0.49550036]
 [ 0.5351886   0.6338344  -0.36352155]
 [-0.4790579   0.6524451  -0.20800874]]","[[ 0.54764545 -0.10018403  0.8306911 ]
 [ 0.5938702  -0.65282655 -0.47025073]
 [ 0.5894088   0.75085336 -0.2980212 ]]"
20200221-003327.921902,56,[0.4376981  0.01929044 0.00868603],"[[-0.4630277  -0.28539172 -0.760088  ]
 [ 0.519575   -0.30548927 -0.4946915 ]
 [ 0.5350055   0.6330055  -0.36534563]
 [-0.47897434  0.6515611  -0.20992659]]","[[ 0.5479277  -0.09860387  0.83069396]
 [ 0.59371066 -0.65371996 -0.46920976]
 [ 0.5893072   0.7502848  -0.29964906]]"
20200221-003327.921902,57,[0.4433238  0.01939615 0.00870383],"[[-0.46314794 -0.28739062 -0.75923073]
 [ 0.51970094 -0.30731258 -0.49382278]
 [ 0.53502965  0.632002   -0.36715236]
 [-0.4786942   0.65079874 -0.211913  ]]","[[ 0.54820114 -0.09685744  0.83071905]
 [ 0.59354705 -0.6547171  -0.46802512]
 [ 0.58921766  0.74964285 -0.30142722]]"
20200221-003327.921902,58,[0.44817284 0.01950266 0.00872082],"[[-0.4633367  -0.28939915 -0.75830674]
 [ 0.5197479  -0.3090834  -0.49303627]
 [ 0.53498095  0.63103825 -0.36900902]
 [-0.47851518  0.650005   -0.21381955]]","[[ 0.5484263  -0.09512535  0.83077055]
 [ 0.5934138  -0.65569997 -0.46681648]
 [ 0.5891423   0.7490051  -0.3031544 ]]"
20200221-003327.921902,59,[0.45522466 0.01960982 0.00873629],"[[-0.4631043  -0.29132637 -0.7576915 ]
 [ 0.520161   -0.31085795 -0.49192888]
 [ 0.5351605   0.63005656 -0.37048507]
 [-0.4780898   0.6492496  -0.21598622]]","[[ 0.5487564  -0.09350596  0.8307364 ]
 [ 0.59321713 -0.6566231  -0.46576744]
 [ 0.58903277  0.74840003 -0.30485687]]"
20200221-003327.921902,60,[0.45933098 0.01971806 0.00875275],"[[-0.46338704 -0.2933093  -0.75670063]
 [ 0.52011365 -0.3125918  -0.4912185 ]
 [ 0.5350636   0.6291031  -0.3723927 ]
 [-0.477976    0.64844817 -0.217789  ]]","[[ 0.5489327  -0.09177557  0.8308129 ]
 [ 0.5931128  -0.65759933 -0.46452165]
 [ 0.58897376  0.74775696 -0.30654448]]"
20200221-003327.921902,61,[0.46563348 0.01982652 0.008768  ],"[[-0.46322912 -0.2952739  -0.75600064]
 [ 0.5204544  -0.3142747  -0.49020502]
 [ 0.5351096   0.6282019  -0.37393552]
 [-0.4777065   0.6476165  -0.21985117]]","[[ 0.54921114 -0.09022976  0.83079827]
 [ 0.5929511  -0.65847045 -0.46349278]
 [ 0.58887696  0.7471782  -0.30813742]]"
20200221-003327.921902,62,[0.47170746 0.01993634 0.00878405],"[[-0.46323925 -0.29713655 -0.75522506]
 [ 0.5206365  -0.31606436 -0.4892664 ]
 [ 0.53525734  0.6271656  -0.37554905]
 [-0.4773329   0.6468978  -0.22184826]]","[[ 0.54947126 -0.08854235  0.8308077 ]
 [ 0.5927925  -0.65942794 -0.46233287]
 [ 0.58879393  0.74653524 -0.30984947]]"
20200221-003327.921902,63,[0.47850993 0.02004635 0.00879931],"[[-0.4630163  -0.2990562  -0.7545689 ]
 [ 0.52102864 -0.3177088  -0.48822105]
 [ 0.53533     0.62627923 -0.3769974 ]
 [-0.4770395   0.64606524 -0.22391723]]","[[ 0.5497584  -0.08705952  0.83077466]
 [ 0.592626   -0.6602612  -0.46135628]
 [ 0.58869374  0.74597305 -0.3113904 ]]"
20200221-003327.921902,64,[0.48147243 0.02015721 0.00881397],"[[-0.46328115 -0.30110994 -0.75351983]
 [ 0.52098465 -0.3191632  -0.48762015]
 [ 0.53494877  0.6255732  -0.37889913]
 [-0.47725853  0.6450782  -0.22554386]]","[[ 0.5498665  -0.0855786   0.8308569 ]
 [ 0.5925736  -0.6610729  -0.46025982]
 [ 0.58864546  0.7454253  -0.31279027]]"
20200221-003327.921902,65,[0.48672363 0.02026922 0.00882927],"[[-0.46330753 -0.30300558 -0.7526907 ]
 [ 0.52114826 -0.32072338 -0.48679718]
 [ 0.5348676   0.62473476 -0.3805102 ]
 [-0.47714514  0.64422894 -0.22737066]]","[[ 0.5500737  -0.08409349  0.83087146]
 [ 0.59245515 -0.6618995  -0.4592232 ]
 [ 0.588571    0.74486065 -0.31427187]]"
20200221-003327.921902,66,[0.49039188 0.02038188 0.00884389],"[[-0.46351743 -0.30495495 -0.75170064]
 [ 0.52113473 -0.32224527 -0.48613274]
 [ 0.53464043  0.62393636 -0.38230124]
 [-0.47721055  0.64332265 -0.2290563 ]]","[[ 0.55020773 -0.0825901   0.8309334 ]
 [ 0.5923827  -0.6627274  -0.45812124]
 [ 0.5885186   0.74429244 -0.3157128 ]]"
20200221-003327.921902,67,[0.49319518 0.02049619 0.0088587 ],"[[-0.46399283 -0.30676207 -0.7505781 ]
 [ 0.52084965 -0.32394356 -0.48559853]
 [ 0.5345642   0.6229302  -0.38422298]
 [-0.47714454  0.6425845  -0.23064885]]","[[ 0.5503021  -0.08085763  0.8310413 ]
 [ 0.5923225  -0.6636913  -0.45680144]
 [ 0.58849084  0.7436233  -0.31733692]]"
20200221-003327.921902,68,[0.49677986 0.02061044 0.00887248],"[[-0.46415815 -0.30868846 -0.74961483]
 [ 0.52086914 -0.32539573 -0.4849251 ]
 [ 0.534311    0.6221783  -0.3859569 ]
 [-0.47724652  0.64165664 -0.23229857]]","[[ 0.55042857 -0.0794251   0.83109576]
 [ 0.5922568  -0.6644736  -0.45574886]
 [ 0.588439    0.7430792  -0.3187052 ]]"
20200221-003327.921902,69,[0.50021225 0.02072593 0.00888554],"[[-0.4644011  -0.3105173  -0.7486303 ]
 [ 0.5207905  -0.32699192 -0.4842475 ]
 [ 0.53422517  0.6212665  -0.38770553]
 [-0.47719195  0.64084584 -0.23397061]]","[[ 0.55054504 -0.07784155  0.8311685 ]
 [ 0.5921883  -0.66534656 -0.45456246]
 [ 0.5883988   0.7424653  -0.32020637]]"
20200221-003327.921902,70,[0.5028761  0.02084167 0.00889761],"[[-0.4645558  -0.3124793  -0.7476383 ]
 [ 0.5208071  -0.32828504 -0.48364002]
 [ 0.5338144   0.62065405 -0.38944083]
 [-0.47748336  0.63982344 -0.23551086]]","[[ 0.55062944 -0.07652785  0.8312345 ]
 [ 0.5921532  -0.66605043 -0.45357648]
 [ 0.5883552   0.7419707  -0.32143074]]"
20200221-003327.921902,71,[0.5086823  0.02095869 0.0089119 ],"[[-0.46452093 -0.31421456 -0.74688077]
 [ 0.52099866 -0.3298927  -0.48273033]
 [ 0.5339144   0.6197098  -0.3908984 ]
 [-0.4771958   0.63906175 -0.23735811]]","[[ 0.55084133 -0.07504866  0.8312289 ]
 [ 0.5920258  -0.66687155 -0.4525349 ]
 [ 0.588285    0.74138397 -0.32290965]]"
20200221-003327.921902,72,[0.5119076  0.02107637 0.00892492],"[[-0.46473122 -0.3160598  -0.7458873 ]
 [ 0.5209558  -0.3312961  -0.48211592]
 [ 0.5336567   0.6189622  -0.39260283]
 [-0.47732624  0.63814956 -0.23891239]]","[[ 0.55094504 -0.07365865  0.83128446]
 [ 0.5919724  -0.6676236  -0.45149463]
 [ 0.5882417   0.7408462  -0.32422003]]"
20200221-003327.921902,73,[0.51766527 0.0211948  0.00893738],"[[-0.4645489  -0.31782186 -0.7452038 ]
 [ 0.52126914 -0.33275118 -0.4811617 ]
 [ 0.53367496  0.6181522  -0.3939476 ]
 [-0.4771414   0.6373021  -0.24074857]]","[[ 0.5511464  -0.07232593  0.831268  ]
 [ 0.5918569  -0.6683547  -0.4505636 ]
 [ 0.5881692   0.74031824 -0.3255546 ]]"
20200221-003327.921902,74,[0.52163506 0.0213145  0.00894987],"[[-0.46465102 -0.3195688  -0.7443135 ]
 [ 0.52131075 -0.3341433  -0.48047364]
 [ 0.53352696  0.61738443 -0.39549163]
 [-0.47716194  0.63644385 -0.24234031]]","[[ 0.55127454 -0.07097071  0.83129984]
 [ 0.5917861  -0.6690901  -0.44956392]
 [ 0.58812034  0.7397849  -0.32685283]]"
20200221-003327.921902,75,[0.5271759  0.02143488 0.00896297],"[[-0.4645976  -0.32125247 -0.7435637 ]
 [ 0.5215019  -0.33564728 -0.4795939 ]
 [ 0.5335857   0.6165041  -0.39688328]
 [-0.47693944  0.63565755 -0.24410309]]","[[ 0.55146116 -0.06958732  0.83129317]
 [ 0.59167594 -0.6698492  -0.4485773 ]
 [ 0.5880564   0.739229   -0.32822263]]"
20200221-003327.921902,76,[0.529428   0.0215568  0.00897552],"[[-0.4650214  -0.32292953 -0.74246734]
 [ 0.52123135 -0.33710277 -0.47912478]
 [ 0.5334044   0.61564577 -0.39863977]
 [-0.47702527  0.6348692  -0.24549605]]","[[ 0.5515208  -0.0681077   0.8313761 ]
 [ 0.59164125 -0.6706497  -0.4474256 ]
 [ 0.58803517  0.73864096 -0.32958195]]"
20200221-003327.921902,77,[0.5349444  0.02167901 0.00898774],"[[-0.4648999  -0.3245835  -0.7417573 ]
 [ 0.5214692  -0.3384854  -0.478263  ]
 [ 0.5334135   0.61485785 -0.39993542]
 [-0.476873    0.63405275 -0.24720941]]","[[ 0.55170053 -0.06683762  0.8313599 ]
 [ 0.5915378  -0.6713412  -0.4465245 ]
 [ 0.5879708   0.7381286  -0.33084232]]"
20200221-003327.921902,78,[0.53961915 0.02180262 0.0090002 ],"[[-0.46500814 -0.32614484 -0.7409311 ]
 [ 0.5214893  -0.33999828 -0.4775059 ]
 [ 0.5335013   0.61392325 -0.40136433]
 [-0.4766475   0.6333474  -0.24882898]]","[[ 0.5518458  -0.06541005  0.83137697]
 [ 0.5914479  -0.672122   -0.44546765]
 [ 0.5879249   0.73754567 -0.33222106]]"
20200221-003327.921902,79,[0.542571   0.02192688 0.009012  ],"[[-0.4652583  -0.32779455 -0.7399538 ]
 [ 0.5213807  -0.3413414  -0.47694567]
 [ 0.53331286  0.61315286 -0.4029506 ]
 [-0.47673297  0.6325188  -0.25024363]]","[[ 0.5519273  -0.06407601  0.8314266 ]
 [ 0.5914033  -0.6728371  -0.44444606]
 [ 0.58789307  0.73701036 -0.3334624 ]]"
20200221-003327.921902,80,[0.5455463  0.02205148 0.00902255],"[[-0.4653823  -0.32950333 -0.73902553]
 [ 0.5213792  -0.34260026 -0.47633055]
 [ 0.5330646   0.61247355 -0.404475  ]
 [-0.47689125  0.63160783 -0.2516943 ]]","[[ 0.5520077  -0.06284643  0.8314672 ]
 [ 0.59136474 -0.67348826 -0.44351014]
 [ 0.5878565   0.7365214  -0.33460552]]"
20200221-003327.921902,81,[0.5491795  0.0221772  0.00903336],"[[-0.46549866 -0.33112723 -0.7381426 ]
 [ 0.5213828  -0.3439534  -0.47565448]
 [ 0.53296167  0.61168754 -0.40594348]
 [-0.47688854  0.63078433 -0.2531952 ]]","[[ 0.55210984 -0.06155062  0.8314964 ]
 [ 0.59130764 -0.674182   -0.4425312 ]
 [ 0.587818    0.73599607 -0.33582714]]"
20200221-003327.921902,82,[0.5518693  0.02230422 0.00904565],"[[-0.46584785 -0.33271107 -0.7371087 ]
 [ 0.521183   -0.34527653 -0.47518045]
 [ 0.53274983  0.6109099  -0.40755454]
 [-0.4770025   0.6299812  -0.2545058 ]]","[[ 0.55217963 -0.06024279  0.83154577]
 [ 0.5912693  -0.6748788  -0.4415192 ]
 [ 0.58779097  0.73546547 -0.33703455]]"
20200221-003327.921902,83,[0.5555398  0.02243148 0.00905505],"[[-0.4658297  -0.33435264 -0.7362994 ]
 [ 0.5213006  -0.3465079  -0.47445676]
 [ 0.5325918   0.6102311  -0.40891996]
 [-0.47706845  0.6290936  -0.25600484]]","[[ 0.5522797  -0.05906807  0.83156365]
 [ 0.5912177  -0.67550004 -0.44063732]
 [ 0.5877489   0.7349902  -0.3381429 ]]"
20200221-003327.921902,84,[0.5582017  0.02255958 0.00906508],"[[-0.46597448 -0.33602145 -0.7353596 ]
 [ 0.52128315 -0.34767476 -0.47388765]
 [ 0.53227526  0.60961086 -0.41042697]
 [-0.47729975  0.6281612  -0.25734577]]","[[ 0.55234516 -0.05791971  0.8316009 ]
 [ 0.59118956 -0.6760998  -0.4397545 ]
 [ 0.5877156   0.73453003 -0.33919895]]"
20200221-003327.921902,85,[0.5609857  0.02268911 0.0090747 ],"[[-0.46612978 -0.33758616 -0.73445266]
 [ 0.5212364  -0.34889022 -0.47331128]
 [ 0.53207654  0.6089176  -0.41186932]
 [-0.47742033  0.6273203  -0.2586879 ]]","[[ 0.55241394 -0.05672562  0.83163756]
 [ 0.5911547  -0.67672867 -0.43883297]
 [ 0.58768606  0.73404396 -0.3403007 ]]"
20200221-003327.921902,86,[0.56455606 0.02281909 0.0090836 ],"[[-0.46611372 -0.3391733  -0.73365074]
 [ 0.52134436 -0.35008812 -0.47260404]
 [ 0.5319263   0.6082467  -0.4131935 ]
 [-0.47748554  0.6264468  -0.26014042]]","[[ 0.552507   -0.05558872  0.8316525 ]
 [ 0.59110683 -0.67732656 -0.43797424]
 [ 0.5876467   0.73357934 -0.34136882]]"
20200221-003327.921902,87,[0.56890035 0.0229498  0.00909346],"[[-0.46602675 -0.3407543  -0.73290175]
 [ 0.5215342  -0.35125586 -0.47184935]
 [ 0.53178144  0.607602   -0.41444898]
 [-0.47752434  0.62556016 -0.26162028]]","[[ 0.55262524 -0.05451189  0.8316452 ]
 [ 0.59104496 -0.6778927  -0.4371811 ]
 [ 0.58759785  0.7331371  -0.34240162]]"
20200221-003327.921902,88,[0.5704799  0.02308272 0.00910416],"[[-0.46652398 -0.34218886 -0.7318052 ]
 [ 0.52117133 -0.3525713  -0.47148514]
 [ 0.531597    0.60677457 -0.4160766 ]
 [-0.4776404   0.62483996 -0.26276007]]","[[ 0.55265325 -0.05319163  0.831712  ]
 [ 0.59102744 -0.67858946 -0.43612275]
 [ 0.58758914  0.7325893  -0.34358698]]"
20200221-003327.921902,89,[0.57210314 0.02321541 0.00911271],"[[-0.4667393  -0.34379637 -0.7308144 ]
 [ 0.52106994 -0.35364094 -0.47102094]
 [ 0.5312022   0.6062103  -0.41759157]
 [-0.47798017  0.6239     -0.2639452 ]]","[[ 0.5526814  -0.05211526  0.8317617 ]
 [ 0.5910234  -0.67914003 -0.43527034]
 [ 0.5875668   0.73215634 -0.34454668]]"
20200221-003327.921902,90,[0.5764433  0.02334879 0.00912127],"[[-0.46657333 -0.34534672 -0.7301186 ]
 [ 0.52131695 -0.35473838 -0.47024015]
 [ 0.5310579   0.6056135  -0.4187579 ]
 [-0.47803298  0.6229994  -0.2654109 ]]","[[ 0.5527954  -0.05111386  0.8317479 ]
 [ 0.5909655  -0.6796614  -0.4345344 ]
 [ 0.58751774  0.7317429  -0.34550714]]"
20200221-003327.921902,91,[0.5798979  0.02348359 0.00913025],"[[-0.46662664 -0.34681317 -0.7293049 ]
 [ 0.5213559  -0.35592923 -0.46958348]
 [ 0.53095007  0.60490835 -0.42004716]
 [-0.4780577   0.62218994 -0.26676926]]","[[ 0.55288106 -0.05000398  0.83175844]
 [ 0.5909192  -0.6802426  -0.43368706]
 [ 0.5874835   0.73127943 -0.3465449 ]]"
20200221-003327.921902,92,[0.58503157 0.02361948 0.0091394 ],"[[-0.46651024 -0.3481915  -0.7286572 ]
 [ 0.5215465  -0.35720608 -0.46874064]
 [ 0.5310678   0.60410714 -0.42114165]
 [-0.4778328   0.62146676 -0.26829225]]","[[ 0.55301756 -0.04887379  0.8317349 ]
 [ 0.59083724 -0.6808449  -0.43285292]
 [ 0.58743757  0.73079526 -0.34764272]]"
20200221-003327.921902,93,[0.58721447 0.02375608 0.00914906],"[[-0.46676755 -0.34968358 -0.7276754 ]
 [ 0.5214093  -0.35830694 -0.4682919 ]
 [ 0.5307561   0.60347974 -0.42260113]
 [-0.47807762  0.6206041  -0.26944265]]","[[ 0.5530625  -0.04780852  0.8317669 ]
 [ 0.5908193  -0.681392   -0.43201563]
 [ 0.5874134   0.73035556 -0.34860614]]"
20200221-003327.921902,94,[0.59526575 0.02389384 0.00915788],"[[-0.46625468 -0.35094526 -0.7273686 ]
 [ 0.52195525 -0.3596628  -0.46707955]
 [ 0.53122926  0.6025841  -0.42329663]
 [-0.47745642  0.6199778  -0.2712774 ]]","[[ 0.55328375 -0.04671174  0.831682  ]
 [ 0.59068066 -0.68199074 -0.43125972]
 [ 0.5873444   0.7298676  -0.34974265]]"
20200221-003327.921902,95,[0.60038    0.02403211 0.00916539],"[[-0.46599483 -0.3523592  -0.726792  ]
 [ 0.52226925 -0.3607798  -0.46619967]
 [ 0.531254    0.6019291  -0.42429212]
 [-0.47733927  0.61916244 -0.27277735]]","[[ 0.55341154 -0.04572909  0.83165157]
 [ 0.5906099  -0.6825054  -0.43054175]
 [ 0.58729506  0.7294485  -0.35069832]]"
20200221-003327.921902,96,[0.60437274 0.02417258 0.00917469],"[[-0.46614608 -0.35358942 -0.72601473]
 [ 0.52220345 -0.36207423 -0.46555626]
 [ 0.53136533  0.6010645  -0.42548695]
 [-0.4771398   0.61854553 -0.27408156]]","[[ 0.553506   -0.04454523  0.8316531 ]
 [ 0.59054816 -0.68313384 -0.42962903]
 [ 0.5872683   0.72893345 -0.35181257]]"
20200221-003327.921902,97,[0.60938853 0.02431314 0.00918311],"[[-0.46601203 -0.35491395 -0.7253889 ]
 [ 0.52240264 -0.36325634 -0.4647385 ]
 [ 0.53145003  0.60032433 -0.42651665]
 [-0.4769583   0.6178119  -0.2755232 ]]","[[ 0.5536278  -0.04350905  0.8316268 ]
 [ 0.59047675 -0.68367916 -0.42885888]
 [ 0.5872252   0.72848445 -0.3528127 ]]"
20200221-003327.921902,98,[0.6113917  0.02445429 0.00919035],"[[-0.46614695 -0.35637727 -0.72448456]
 [ 0.52235514 -0.36422193 -0.46426135]
 [ 0.5311034   0.5998023  -0.42785266]
 [-0.4772645   0.6169074  -0.276633  ]]","[[ 0.5536613  -0.04256999  0.83165306]
 [ 0.590469   -0.6841513  -0.42811617]
 [ 0.5872015   0.7280968  -0.35365185]]"
20200221-003327.921902,99,[0.61230206 0.02459709 0.00919875],"[[-0.4665431  -0.35776308 -0.7234296 ]
 [ 0.5220722  -0.3652162  -0.46398082]
 [ 0.53070515  0.5992278  -0.42933705]
 [-0.4776298   0.6160753  -0.2775619 ]]","[[ 0.5536663  -0.04156452  0.83170056]
 [ 0.5904747  -0.68465793 -0.4272973 ]
 [ 0.58719087  0.7276783  -0.35452923]]"
20200221-003327.921902,100,[0.61624545 0.02474155 0.00920664],"[[-0.46665764 -0.35891506 -0.7227058 ]
 [ 0.5220226  -0.36647856 -0.46331763]
 [ 0.5308646   0.5983677  -0.430446  ]
 [-0.47739497  0.61549157 -0.27883545]]","[[ 0.55375385 -0.04042032  0.8316988 ]
 [ 0.5904161  -0.68526226 -0.4264088 ]
 [ 0.58716744  0.72717386 -0.3556018 ]]"
20200221-003327.921902,101,[0.62116617 0.02488641 0.00921413],"[[-0.466524   -0.36013427 -0.72212416]
 [ 0.5222113  -0.3676153  -0.4625163 ]
 [ 0.53098917  0.5976356  -0.43139365]
 [-0.47718048  0.61481214 -0.28020507]]","[[ 0.55386937 -0.03942534  0.8316697 ]
 [ 0.59034646 -0.68578494 -0.42566425]
 [ 0.5871285   0.72673553 -0.35656062]]"
20200221-003327.921902,102,[0.6230014  0.02503258 0.00922128],"[[-0.46682099 -0.3613731  -0.7212102 ]
 [ 0.5219956  -0.36870492 -0.46209735]
 [ 0.530836    0.5969407  -0.43270195]
 [-0.47729677  0.6141078  -0.28123087]]","[[ 0.5538973  -0.03837456  0.8317001 ]
 [ 0.5903309  -0.68632364 -0.42481667]
 [ 0.5871177   0.72628313 -0.35749915]]"
20200221-003327.921902,103,[0.6247822  0.02517923 0.0092294 ],"[[-0.46714056 -0.36266762 -0.72025347]
 [ 0.52178246 -0.36975473 -0.46170393]
 [ 0.5305839   0.5962931  -0.4340689 ]
 [-0.47749677  0.61334175 -0.2822204 ]]","[[ 0.55392385 -0.03737514  0.8317279 ]
 [ 0.59032017 -0.6868301  -0.42401218]
 [ 0.5871033   0.7258563  -0.3583883 ]]"
20200221-003327.921902,104,[0.6285506  0.02532673 0.00923675],"[[-0.46714735 -0.3639241  -0.7195419 ]
 [ 0.5218485  -0.3708198  -0.4610457 ]
 [ 0.5305404   0.59562534 -0.43515554]
 [-0.47746703  0.61260295 -0.28343624]]","[[ 0.55400336 -0.03642236  0.83171725]
 [ 0.5902756  -0.68732065 -0.42327896]
 [ 0.5870733   0.7254404  -0.35927868]]"
20200221-003327.921902,105,[0.6313873  0.02547597 0.00924397],"[[-0.46733314 -0.36508346 -0.71874684]
 [ 0.5217363  -0.3719218  -0.46051857]
 [ 0.5305098   0.59489936 -0.43631512]
 [-0.4774414   0.61195046 -0.28452608]]","[[ 0.5540573  -0.03540621  0.83172524]
 [ 0.59024197 -0.687845   -0.42247346]
 [ 0.5870562   0.7249936  -0.3602073 ]]"
20200221-003327.921902,106,[0.6350395 0.0256252 0.0092515],"[[-0.46733844 -0.36635804 -0.71802104]
 [ 0.52181286 -0.3729099  -0.45989734]
 [ 0.5303799   0.5943026  -0.43740726]
 [-0.477497    0.61116636 -0.28568453]]","[[ 0.55413264 -0.03452444  0.8317122 ]
 [ 0.59020317 -0.6882931  -0.42179707]
 [ 0.58702415  0.72461057 -0.36102924]]"
20200221-003327.921902,107,[0.6366495  0.02577576 0.00925832],"[[-0.46760136 -0.36762336 -0.71710026]
 [ 0.5216355  -0.37387767 -0.45950803]
 [ 0.5301048   0.5937155  -0.43870232]
 [-0.4777386   0.61038566 -0.28663558]]","[[ 0.55415356 -0.03360874  0.83173573]
 [ 0.59019786 -0.6887507  -0.42105716]
 [ 0.58700967  0.72421896 -0.36183777]]"
20200221-003327.921902,108,[0.6413472  0.02592797 0.00926571],"[[-0.46760458 -0.36869544 -0.7164861 ]
 [ 0.5216952  -0.37506586 -0.45876446]
 [ 0.5303086   0.5928928  -0.43965513]
 [-0.47744405  0.6098091  -0.28789967]]","[[ 0.554254   -0.03259019  0.83170927]
 [ 0.5901317  -0.6892847  -0.42027518]
 [ 0.58698136  0.7237572  -0.3628063 ]]"
20200221-003327.921902,109,[0.6419407  0.02608131 0.00927252],"[[-0.46806532 -0.369845   -0.7154731 ]
 [ 0.5213212  -0.3760639  -0.4585287 ]
 [ 0.5300406   0.5922485  -0.44102257]
 [-0.4776982   0.6091239  -0.28870207]]","[[ 0.5542486  -0.03162192  0.83175033]
 [ 0.5901375  -0.68976974 -0.41947052]
 [ 0.58698064  0.72333795 -0.36364263]]"
20200221-003327.921902,110,[0.64458865 0.02623534 0.00927935],"[[-0.46823087 -0.3709921  -0.7146856 ]
 [ 0.52123445 -0.37704575 -0.45804378]
 [ 0.5299144   0.59162164 -0.44214746]
 [-0.477771    0.6084285  -0.2897006 ]]","[[ 0.5542956  -0.03072597  0.8317526 ]
 [ 0.59011215 -0.6902232  -0.41875955]
 [ 0.58696175  0.72294384 -0.36445594]]"
20200221-003327.921902,111,[0.6462298  0.02639071 0.00928525],"[[-0.46851555 -0.37210488 -0.7138224 ]
 [ 0.52102    -0.37803608 -0.45765474]
 [ 0.5297599   0.59097546 -0.4433491 ]
 [-0.47789687  0.6077621  -0.29060435]]","[[ 0.5543147  -0.02979619  0.8317735 ]
 [ 0.5901019  -0.6906916  -0.41800097]
 [ 0.5869539   0.7225353  -0.36527768]]"
20200221-003327.921902,112,[0.6488169  0.02654691 0.00929154],"[[-0.4686864  -0.3732096  -0.71304387]
 [ 0.5209145  -0.37901467 -0.45718098]
 [ 0.52966     0.59033984 -0.4444468 ]
 [-0.47795552  0.60709274 -0.29158375]]","[[ 0.55435866 -0.02891279  0.8317755 ]
 [ 0.5900777  -0.69113785 -0.417297  ]
 [ 0.5869367   0.7221444  -0.36607742]]"
20200221-003327.921902,113,[0.65351033 0.02670448 0.00929772],"[[-0.46863475 -0.37419087 -0.71250343]
 [ 0.52100915 -0.3801173  -0.4564425 ]
 [ 0.5298865   0.5895686  -0.4452765 ]
 [-0.47765154  0.6065482  -0.2927926 ]]","[[ 0.55445546 -0.02798021  0.83174276]
 [ 0.5900133  -0.69162476 -0.4165805 ]
 [ 0.58691     0.72171474 -0.3669664 ]]"
20200221-003327.921902,114,[0.6549507  0.02686311 0.00930412],"[[-0.46900058 -0.37524834 -0.7116041 ]
 [ 0.5207228  -0.38110217 -0.45612055]
 [ 0.5297184   0.588912   -0.44649953]
 [-0.47779137  0.6059143  -0.2936189 ]]","[[ 0.5544706  -0.02706729  0.8317632 ]
 [ 0.59000474 -0.692083   -0.41583124]
 [ 0.5869045   0.7213103  -0.36776984]]"
20200221-003327.921902,115,[0.6554274  0.02702253 0.00930978],"[[-0.46940035 -0.37636268 -0.7106413 ]
 [ 0.52040464 -0.3819901  -0.4558844 ]
 [ 0.52940005  0.5883522  -0.44778997]
 [-0.47809863  0.6052078  -0.2943517 ]]","[[ 0.55446064 -0.02621381  0.8317971 ]
 [ 0.5900157  -0.692502   -0.41511756]
 [ 0.586903    0.7209395  -0.36849856]]"
20200221-003327.921902,116,[0.65584844 0.02718223 0.00931568],"[[-0.46975276 -0.3775663  -0.7096588 ]
 [ 0.5201419  -0.38280317 -0.4556487 ]
 [ 0.52896506  0.5878793  -0.44910792]
 [-0.47851887  0.6044033  -0.2950774 ]]","[[ 0.55444956 -0.02543967  0.83182836]
 [ 0.59003353 -0.69287264 -0.41447282]
 [ 0.5868953   0.72061086 -0.3691527 ]]"
