Timestamp,Epoch,s,u,v
20200223-072013.217422,0,[2.2081544  1.815303   0.71521467],"[[ 0.55796206 -0.56421304  0.5334457 ]
 [ 0.380594   -0.20159319 -0.12022115]
 [ 0.5699689   0.0300949  -0.74903566]
 [ 0.46793383  0.80007374  0.3740698 ]]","[[-0.18379438 -0.6780645   0.7116517 ]
 [ 0.8648843  -0.45559806 -0.21072666]
 [ 0.46711344  0.57676584  0.6701838 ]]"
20200223-072013.217422,1,[2.1895347 1.8199815 0.7085354],"[[ 0.5480847  -0.56709814  0.5383534 ]
 [ 0.38136154 -0.20693828 -0.11322284]
 [ 0.5768979   0.02573725 -0.74473006]
 [ 0.47048384  0.79681444  0.37779996]]","[[-0.19439651 -0.6762822   0.7105296 ]
 [ 0.86319554 -0.4620075  -0.20357388]
 [ 0.46594337  0.57375187  0.67357653]]"
20200223-072013.217422,2,[2.1607435 1.8258681 0.7035973],"[[ 0.54153234 -0.56764144  0.54202676]
 [ 0.38294145 -0.21034083 -0.10650954]
 [ 0.5831265   0.02528725 -0.7408348 ]
 [ 0.46910763  0.79555017  0.3821344 ]]","[[-0.20317516 -0.67651147  0.70785046]
 [ 0.86379343 -0.46425813 -0.19576816]
 [ 0.46106467  0.5716613   0.67869186]]"
20200223-072013.217422,3,[2.1349916 1.8312513 0.6980282],"[[ 0.5307799  -0.57155484  0.54623556]
 [ 0.38297653 -0.21637811 -0.0996642 ]
 [ 0.5897998   0.02028411 -0.73657936]
 [ 0.4730092   0.7912613   0.38619253]]","[[-0.2162571  -0.67452544  0.7058672 ]
 [ 0.8612611  -0.4723149  -0.18747793]
 [ 0.45985016  0.56739247  0.68308395]]"
20200223-072013.217422,4,[2.1100967  1.8366152  0.69233716],"[[ 0.5186967  -0.57637477  0.550401  ]
 [ 0.38245398 -0.22323251 -0.09267918]
 [ 0.59646916  0.01390414 -0.73223895]
 [ 0.4784423   0.785981    0.3902504 ]]","[[-0.23070802 -0.6718434   0.7038468 ]
 [ 0.8575791  -0.482152   -0.1791302 ]
 [ 0.45970857  0.5622775   0.6873951 ]]"
20200223-072013.217422,5,[2.0901542  1.8402599  0.68738204],"[[ 5.0057590e-01  5.8643579e-01  5.5416280e-01]
 [ 3.7915871e-01  2.3423553e-01 -8.5928895e-02]
 [ 6.0228866e-01 -3.4998270e-04 -7.2848111e-01]
 [ 4.9285960e-01 -7.7538812e-01  3.9349112e-01]]","[[-0.25133514  0.6653507   0.70295054]
 [ 0.8482109   0.5012416  -0.171159  ]
 [ 0.46622875 -0.5532318   0.6903372 ]]"
20200223-072013.217422,6,[2.0672953 1.8446512 0.6814756],"[[ 0.48416778  0.5939567   0.5582658 ]
 [ 0.37662482  0.24365169 -0.07871284]
 [ 0.608649    0.01065942 -0.72400886]
 [ 0.50327146 -0.7666393   0.39743546]]","[[-0.27003357  0.66001433  0.70104426]
 [ 0.84052104  0.51675534 -0.16275296]
 [ 0.46968758 -0.5452936   0.6942972 ]]"
20200223-072013.217422,7,[2.0513575  1.8495286  0.67536896],"[[ 0.47185993  0.59813464  0.5617627 ]
 [ 0.37556314  0.25053498 -0.07161769]
 [ 0.6144965   0.01748734 -0.7198389 ]
 [ 0.50862014 -0.76102644  0.40140396]]","[[-0.28319937  0.6567904   0.6988737 ]
 [ 0.83558625  0.52664506 -0.15633431]
 [ 0.47073725 -0.5396955   0.6979507 ]]"
20200223-072013.217422,8,[2.0298657 1.8544093 0.669324 ],"[[ 0.44932103  0.6093351   0.56566256]
 [ 0.36999077  0.26351678 -0.06429184]
 [ 0.6201587   0.03485144 -0.7152515 ]
 [ 0.5259479  -0.7470311   0.40534943]]","[[-0.30799907  0.6478018   0.69677085]
 [ 0.82201856  0.54991776 -0.14790606]
 [ 0.4789804  -0.52720374  0.7018792 ]]"
20200223-072013.217422,9,[2.0143268 1.862938  0.6626735],"[[ 0.45448112  0.60039777  0.5682143 ]
 [ 0.37635896  0.2595779  -0.0570198 ]
 [ 0.6268198   0.02255248 -0.7109281 ]
 [ 0.50882006 -0.75606424  0.4104416 ]]","[[-0.30246478  0.65518475  0.69227755]
 [ 0.8320655   0.53578407 -0.14353642]
 [ 0.46495408 -0.53260547  0.70721227]]"
20200223-072013.217422,10,[1.9974916  1.8662452  0.65591156],"[[ 0.41466     0.6223464   0.5725646 ]
 [ 0.3626804   0.28262168 -0.04950249]
 [ 0.6310038   0.0584209  -0.70602435]
 [ 0.5462187  -0.7275971   0.41382298]]","[[-0.34427446  0.6354684   0.69112605]
 [ 0.8025018   0.58124936 -0.13468556]
 [ 0.4873049  -0.5082611   0.7100739 ]]"
20200223-072013.217422,11,[1.9751045  1.8716344  0.64873284],"[[ 0.37801754  0.6392762   0.5765726 ]
 [ 0.3498424   0.30245945 -0.04156429]
 [ 0.63449687  0.08937164 -0.70057994]
 [ 0.5763046  -0.7013251   0.41835892]]","[[-0.38189593  0.6172015   0.68790835]
 [ 0.7747404   0.61963016 -0.12583998]
 [ 0.5039172  -0.48489258  0.7148052 ]]"
20200223-072013.217422,12,[1.9715027 1.8770628 0.6431172],"[[ 0.3536402   0.64868927  0.57867455]
 [ 0.34148487  0.31582534 -0.0348084 ]
 [ 0.6359028   0.10934465 -0.69738185]
 [ 0.5949406  -0.68373996  0.42140517]]","[[-0.4036743   0.6047836   0.68650115]
 [ 0.75582886  0.64325637 -0.12224615]
 [ 0.5155286  -0.4695298   0.71677893]]"
20200223-072013.217422,13,[1.9683902  1.8813081  0.63758826],"[[ 0.32778114  0.65791184  0.5805586 ]
 [ 0.3319717   0.32959303 -0.02801498]
 [ 0.6362864   0.13068242 -0.694285  ]
 [ 0.61440533 -0.6644114   0.42442364]]","[[-0.42617676  0.59072155  0.68514335]
 [ 0.73475885  0.66784936 -0.11877199]
 [ 0.5277337  -0.4527973   0.7186599 ]]"
20200223-072013.217422,14,[1.9536573  1.8829396  0.63126904],"[[-0.23890038  0.6900495   0.583775  ]
 [-0.2892329   0.3708153  -0.02028307]
 [-0.6209836   0.21011603 -0.68958706]
 [-0.68822277 -0.5849611   0.42809507]]","[[ 0.5015638   0.5309962   0.6829914 ]
 [-0.64761347  0.7539075  -0.11054684]
 [-0.5736122  -0.38686803  0.72201276]]"
20200223-072013.217422,15,[1.9426783  1.88151    0.62496054],"[[-0.11094074  0.7169267   0.58685064]
 [-0.22038133  0.418153   -0.01255855]
 [-0.5802562   0.31755775 -0.6848923 ]
 [-0.77616197 -0.45860833  0.43170762]]","[[ 0.5912416   0.4323072   0.6808406 ]
 [-0.5075975   0.85548717 -0.10240372]
 [-0.62672037 -0.28504762  0.7252376 ]]"
20200223-072013.217422,16,[1.9335406  1.8772919  0.61916345],"[[ 0.05649015  0.718842    0.58928335]
 [-0.12009226  0.45960695 -0.00493335]
 [-0.4988173   0.44311106 -0.6803117 ]
 [-0.85648596 -0.27509993  0.43577173]]","[[ 0.6782755   0.2842106   0.67761844]
 [-0.3028052   0.9483399  -0.09465934]
 [-0.6695158  -0.14098126  0.7292962 ]]"
20200223-072013.217422,17,[1.934751   1.8664056  0.61367553],"[[ 0.15566772  0.6994701   0.5917879 ]
 [-0.05571384  0.47405002  0.00253741]
 [-0.43727234  0.51054734 -0.6763243 ]
 [-0.88400036 -0.15924712  0.4385958 ]]","[[ 0.7127303   0.1850662   0.6765843 ]
 [-0.17207557  0.9812233  -0.08712561]
 [-0.68000424 -0.05432656  0.7311928 ]]"
20200223-072013.217422,18,[1.937806  1.854171  0.6081184],"[[ 0.21858145  0.677712    0.5942218 ]
 [-0.01247171  0.47936064  0.01005857]
 [-0.39324644  0.55130154 -0.672301  ]
 [-0.89298594 -0.08358535  0.4413735 ]]","[[ 7.2802657e-01  1.1670924e-01  6.7554170e-01]
 [-8.5333847e-02  9.9316621e-01 -7.9619616e-02]
 [-6.8021744e-01  3.1862524e-04  7.3301041e-01]]"
20200223-072013.217422,19,[1.9418283 1.847529  0.6025993],"[[ 0.2538539   0.66099524  0.5959307 ]
 [ 0.01292284  0.48161888  0.01723157]
 [-0.36755732  0.57395446 -0.6688092 ]
 [-0.894591   -0.04129382  0.4441445 ]]","[[ 0.73439884  0.07676287  0.67436343]
 [-0.03574557  0.9965794  -0.0745129 ]
 [-0.67777634  0.03061668  0.7346305 ]]"
20200223-072013.217422,20,[1.944203  1.8340567 0.596731 ],"[[ 0.31670916  0.6284358   0.5978687 ]
 [ 0.05998825  0.48021865  0.0250139 ]
 [-0.31486642  0.61063135 -0.66421   ]
 [-0.8927239   0.03984612  0.44805387]]","[[ 0.74140245  0.00162001  0.6710588 ]
 [ 0.05848813  0.99603564 -0.06702367]
 [-0.6685071   0.08894048  0.7383684 ]]"
20200223-072013.217422,21,[1.9479113  1.8254883  0.58949953],"[[ 0.35802588  0.60067976  0.5998096 ]
 [ 0.09274842  0.47720483  0.03291617]
 [-0.27759495  0.6345552  -0.6593704 ]
 [-0.8866545   0.09380157  0.45207953]]","[[ 0.74277157 -0.05093353  0.66760486]
 [ 0.12299054  0.99051476 -0.06126896]
 [-0.65815175  0.12761794  0.74199057]]"
20200223-072013.217422,22,[1.9533519 1.8175418 0.58322  ],"[[ 0.37644506  0.584399    0.601313  ]
 [ 0.10863131  0.47603336  0.04046593]
 [-0.26084992  0.6467138  -0.6553551 ]
 [-0.88229597  0.11675335  0.45529673]]","[[ 0.74254346 -0.07678036  0.6653828 ]
 [ 0.15224482  0.9867531  -0.05603563]
 [-0.6522661   0.14290997  0.74439627]]"
20200223-072013.217422,23,[1.9592485 1.8095845 0.5768234],"[[ 0.39254147  0.5686463   0.60278904]
 [ 0.12312755  0.47462744  0.04807803]
 [-0.2455283   0.6577464  -0.65125   ]
 [-0.8777623   0.13689533  0.45848387]]","[[ 0.7417055  -0.10037427  0.66317284]
 [ 0.17842808  0.9826393  -0.05083048]
 [-0.64655745  0.15602991  0.74673843]]"
20200223-072013.217422,24,[1.9650534 1.7969621 0.5698322],"[[ 0.39373997  0.5618152   0.6051675 ]
 [ 0.12563816  0.4758461   0.05622416]
 [-0.24580686  0.6631963  -0.64654434]
 [-0.8767912   0.13455352  0.4610763 ]]","[[ 0.7417344  -0.106555    0.66217536]
 [ 0.17976475  0.98275965 -0.04322079]
 [-0.64615387  0.15109414  0.74810153]]"
20200223-072013.217422,25,[1.9705555 1.7884811 0.5626989],"[[ 0.4120053   0.5432653   0.606507  ]
 [ 0.14258777  0.47305945  0.06407516]
 [-0.22706005  0.6752643  -0.6418774 ]
 [-0.870841    0.15841597  0.46479785]]","[[ 0.74022216 -0.13426545  0.65882003]
 [ 0.21095994  0.9767571  -0.03796555]
 [-0.63840973  0.16708753  0.751342  ]]"
20200223-072013.217422,26,[1.9773911 1.7767783 0.5589828],"[[ 0.4115746   0.5392156   0.6068552 ]
 [ 0.14383404  0.47474697  0.07128651]
 [-0.22919868  0.67814165 -0.63911384]
 [-0.87027925  0.15487342  0.46709573]]","[[ 0.740498   -0.13729641  0.6578848 ]
 [ 0.2095385   0.97727984 -0.03189891]
 [-0.638558    0.16147327  0.75244284]]"
20200223-072013.217422,27,[1.9839265  1.775351   0.55258423],"[[ 0.42169523  0.52684057  0.60714614]
 [ 0.1543343   0.473598    0.07851989]
 [-0.2187936   0.6855872  -0.63577604]
 [-0.8663045   0.1676735   0.4701034 ]]","[[ 0.7394162  -0.15256748  0.655734  ]
 [ 0.22706428  0.9734313  -0.02955621]
 [-0.6338027   0.17074805  0.7544134 ]]"
20200223-072013.217422,28,[1.9898815 1.7641279 0.547178 ],"[[ 0.4203221   0.5226712   0.60815936]
 [ 0.15483634  0.47524813  0.0862413 ]
 [-0.22183385  0.68895584 -0.6320607 ]
 [-0.86610883  0.1621532   0.47244477]]","[[ 0.73982036 -0.1548216   0.6547488 ]
 [ 0.22423208  0.97426444 -0.02299245]
 [-0.6343389   0.16382602  0.7554967 ]]"
20200223-072013.217422,29,[1.995853  1.7533245 0.5402557],"[[ 0.4183655   0.51820487  0.60977066]
 [ 0.15483406  0.47688857  0.09450849]
 [-0.22543211  0.6927769  -0.62756586]
 [-0.8661278   0.15524672  0.47477272]]","[[ 0.7402602  -0.15661253  0.6538254 ]
 [ 0.2204241   0.9752738  -0.01595398]
 [-0.63516     0.15592897  0.75647736]]"
20200223-072013.217422,30,[2.0018837 1.742817  0.5349929],"[[ 0.41759402  0.51373345  0.6104497 ]
 [ 0.15580712  0.47828397  0.10216988]
 [-0.2277991   0.69613785 -0.6239726 ]
 [-0.8657059   0.1507123   0.47704342]]","[[ 0.74052846 -0.15941255  0.6528439 ]
 [ 0.2185834   0.9757701  -0.00967647]
 [-0.635483    0.14986654  0.7574306 ]]"
20200223-072013.217422,31,[2.0083504  1.739004   0.53080684],"[[ 0.4133756   0.5129907   0.61017275]
 [ 0.15359327  0.48094988  0.10913276]
 [-0.2343594   0.6967724  -0.6218053 ]
 [-0.8663747   0.14154771  0.4786826 ]]","[[ 0.74123967 -0.15521812  0.65304744]
 [ 0.21018745  0.9776412  -0.00620418]
 [-0.63748324  0.14186119  0.75729144]]"
20200223-072013.217422,32,[2.0141926 1.7312785 0.5245811],"[[ 0.42885953  0.4956834   0.6099733 ]
 [ 0.16950397  0.47735277  0.11659901]
 [-0.21693836  0.7070471  -0.6175201 ]
 [-0.8603985   0.16283852  0.48270753]]","[[ 0.73952866 -0.1804175   0.64849603]
 [ 0.23873894  0.9710818  -0.00208802]
 [-0.629366    0.15636535  0.7612153 ]]"
20200223-072013.217422,33,[2.0210776 1.7203162 0.5201995],"[[ 0.43206355  0.48840427  0.60969204]
 [ 0.17421323  0.47738215  0.1240379 ]
 [-0.21442026  0.711589   -0.6142061 ]
 [-0.85848397  0.16495205  0.48542908]]","[[ 0.73926795 -0.1888226   0.64639705]
 [ 0.24443793  0.9696581   0.00369469]
 [-0.62748176  0.15527257  0.7629924 ]]"
20200223-072013.217422,34,[2.0271444  1.7111876  0.51358235],"[[ 0.42990348  0.48449436  0.61046976]
 [ 0.1739679   0.47890374  0.13225858]
 [-0.21830013  0.71483874 -0.61003184]
 [-0.85864043  0.15786612  0.4875404 ]]","[[ 0.7397697  -0.18976517  0.6455463 ]
 [ 0.24021937  0.9706666   0.01005611]
 [-0.6285184   0.14763352  0.76365507]]"
20200223-072013.217422,35,[2.0328677 1.7082295 0.5076085],"[[ 0.42654642  0.4824542   0.6105159 ]
 [ 0.17255129  0.48103946  0.13978225]
 [-0.2235315   0.7165413  -0.60707796]
 [-0.85925436  0.14969195  0.48906842]]","[[ 0.74022573 -0.18686418  0.64586973]
 [ 0.2334976   0.972261    0.01368671]
 [-0.63051146  0.14067777  0.763325  ]]"
20200223-072013.217422,36,[2.0394266  1.7105002  0.50369877],"[[ 0.42430922  0.481011    0.6091815 ]
 [ 0.17204444  0.4832135   0.14618975]
 [-0.22775389  0.71718144 -0.60568947]
 [-0.8593548   0.14416727  0.490578  ]]","[[ 0.7407683  -0.18349473  0.64621377]
 [ 0.22859739  0.9734152   0.01435884]
 [-0.63166904  0.13708617  0.7630214 ]]"
20200223-072013.217422,37,[2.0462391  1.7077975  0.49672478],"[[ 0.41981342  0.47946924  0.6094699 ]
 [ 0.16941239  0.48555878  0.15414359]
 [-0.23446341  0.7186494  -0.6023199 ]
 [-0.8602807   0.13373587  0.49193186]]","[[ 0.7413128  -0.17894427  0.646865  ]
 [ 0.21953635  0.97543365  0.01824662]
 [-0.6342389   0.12848394  0.7623863 ]]"
20200223-072013.217422,38,[2.0531464 1.69845   0.4897789],"[[ 0.42197987  0.4720055   0.60963875]
 [ 0.17319034  0.48544046  0.16253813]
 [-0.23294847  0.72369486 -0.5978607 ]
 [-0.858879    0.13350746  0.49445388]]","[[ 0.7411812  -0.18607484  0.64500135]
 [ 0.22344965  0.97441167  0.02433605]
 [-0.63302517  0.1260879   0.76379395]]"
20200223-072013.217422,39,[2.059835  1.6911212 0.4844186],"[[ 0.4171159   0.47118014  0.6093724 ]
 [ 0.16998076  0.48790836  0.17053235]
 [-0.24060938  0.72455597 -0.59478605]
 [-0.85978365  0.12228309  0.49579597]]","[[ 0.74185055 -0.18185994  0.6454336 ]
 [ 0.21343137  0.97650254  0.02982886]
 [-0.63569236  0.11562723  0.7632337 ]]"
20200223-072013.217422,40,[2.066897  1.6937559 0.4792312],"[[ 0.4153745   0.46885467  0.6080484 ]
 [ 0.16981983  0.48970422  0.17747532]
 [-0.24406423  0.72568434 -0.5929464 ]
 [-0.85968506  0.11725024  0.49718612]]","[[ 0.74201804 -0.17904435  0.6460282 ]
 [ 0.20927995  0.97738004  0.03050159]
 [-0.6368763   0.112568    0.7627039 ]]"
20200223-072013.217422,41,[2.0733004  1.6855434  0.47459254],"[[ 0.41530395  0.46451944  0.6071833 ]
 [ 0.17124526  0.49050257  0.18496594]
 [-0.245657    0.72843784 -0.58989483]
 [-0.8589821   0.11405024  0.49913955]]","[[ 0.7421125  -0.1818839   0.645126  ]
 [ 0.208556    0.97736084  0.03564294]
 [-0.63700366  0.1080938   0.7632446 ]]"
20200223-072013.217422,42,[2.0803535  1.6772494  0.46801373],"[[ 0.4175296   0.45737496  0.60667855]
 [ 0.17506108  0.49021956  0.19321547]
 [-0.24407665  0.7331272  -0.58573586]
 [-0.85758334  0.1140958   0.5015199 ]]","[[ 0.7419871  -0.18866049  0.64332145]
 [ 0.21255058  0.97628313  0.04115557]
 [-0.6358282   0.10620137  0.7644891 ]]"
20200223-072013.217422,43,[2.087129   1.6741797  0.46178555],"[[ 0.41990525 -0.4507884   0.60542476]
 [ 0.17905086 -0.49011752  0.20094071]
 [-0.24235748 -0.7371326  -0.5824123 ]
 [-0.85608613 -0.1149357   0.5038647 ]]","[[ 0.7420505   0.19406943  0.641637  ]
 [ 0.21687856 -0.9752002   0.04413968]
 [-0.63429064 -0.10640346  0.76573724]]"
20200223-072013.217422,44,[2.092899  1.6709447 0.456585 ],"[[ 0.42316166 -0.4439129   0.6037802 ]
 [ 0.1839975  -0.48967847  0.20808493]
 [-0.23938638 -0.7411536  -0.5794989 ]
 [-0.8542673  -0.11767343  0.5062912 ]]","[[ 0.7419816   0.20078     0.63964885]
 [ 0.2231472  -0.97366166  0.0467765 ]
 [-0.6321935  -0.10802857  0.76724255]]"
20200223-072013.217422,45,[2.0997915  1.6646415  0.45174807],"[[ 0.41925767 -0.44290322  0.60262257]
 [ 0.1814034  -0.49179676  0.21591769]
 [-0.24612394 -0.741828   -0.5768137 ]
 [-0.8548327  -0.10800054  0.50745606]]","[[ 0.7424754   0.19720502  0.6401879 ]
 [ 0.21456137 -0.9753463   0.05160475]
 [-0.6345816  -0.09904429  0.76648325]]"
20200223-072013.217422,46,[2.107034  1.6568187 0.4469192],"[[ 0.421523   -0.4366005   0.6010703 ]
 [ 0.18530051 -0.49146032  0.22343831]
 [-0.24447314 -0.7456664  -0.5735499 ]
 [-0.853355   -0.10875864  0.509736  ]]","[[ 0.7423477   0.20357768  0.6383386 ]
 [ 0.21870752 -0.9741631   0.056335  ]
 [-0.63331425 -0.09778927  0.76769155]]"
20200223-072013.217422,47,[2.1136642 1.6499132 0.442673 ],"[[ 0.42132613 -0.43273503  0.5993994 ]
 [ 0.18656826 -0.49212545  0.2307852 ]
 [-0.2462105  -0.747941   -0.5708158 ]
 [-0.8526765  -0.10553413  0.5114959 ]]","[[ 0.7424415   0.2057734   0.63752484]
 [ 0.2177394  -0.97410893  0.06083984]
 [-0.6335379  -0.09364424  0.76802385]]"
20200223-072013.217422,48,[2.1210814 1.6420609 0.4392638],"[[ 0.42368528 -0.42699432  0.59723324]
 [ 0.19056763 -0.4918368   0.23773085]
 [-0.2445062  -0.75123316 -0.56819355]
 [-0.85111195 -0.10687     0.5137627 ]]","[[ 0.7423373   0.21204841  0.635587  ]
 [ 0.22208686 -0.9728459   0.06517914]
 [-0.6321493  -0.09277059  0.7692728 ]]"
20200223-072013.217422,49,[2.127412  1.6350663 0.4342385],"[[ 0.4260416  -0.42056122  0.5955073 ]
 [ 0.19466624 -0.49119392  0.24509202]
 [-0.24252827 -0.7551279  -0.56481355]
 [-0.84957296 -0.10788423  0.5160299 ]]","[[ 0.74217016  0.21859264  0.6335622 ]
 [ 0.22670554 -0.9714727   0.06961078]
 [-0.63070476 -0.09196896  0.770554  ]]"
20200223-072013.217422,50,[2.1347249  1.6368592  0.43132356],"[[ 0.42941815 -0.41501668  0.5921099 ]
 [ 0.19986701 -0.49099407  0.2510216 ]
 [-0.2393294  -0.7577075  -0.56365967]
 [-0.8475699  -0.11209422  0.51834553]]","[[ 0.7421612   0.2234134   0.6318889 ]
 [ 0.23321882 -0.96997124  0.06902885]
 [-0.62833583 -0.09613784  0.77197915]]"
20200223-072013.217422,51,[2.1420565  1.6391833  0.42718375],"[[ 0.43222088 -0.40939012  0.5889976 ]
 [ 0.20454544 -0.4907617   0.25744587]
 [-0.23668164 -0.76046455 -0.56200385]
 [-0.845771   -0.11509264  0.52053374]]","[[ 0.74215966  0.22755042  0.6304127 ]
 [ 0.23872735 -0.9686607   0.06859861]
 [-0.6262656  -0.09958557  0.7732233 ]]"
20200223-072013.217422,52,[2.150157  1.6414093 0.4252378],"[[ 0.43338874 -0.40619144  0.58556783]
 [ 0.20733549 -0.49149075  0.26294976]
 [-0.23649296 -0.76159513 -0.561437  ]
 [-0.84454566 -0.1158379   0.52226084]]","[[ 0.74221504  0.22848918  0.63000786]
 [ 0.2404405  -0.9682855   0.06791054]
 [-0.62554425 -0.10107521  0.7736139 ]]"
20200223-072013.217422,53,[2.157105   1.6362467  0.42089227],"[[ 0.42980692  0.40559128  0.5836587 ]
 [ 0.20475994  0.49348232  0.2704175 ]
 [-0.24306808  0.7619641  -0.5590589 ]
 [-0.84513724  0.10668345  0.5231347 ]]","[[ 0.74272865 -0.22470208  0.6307636 ]
 [ 0.23219275  0.9699909   0.07213892]
 [-0.6280449   0.09287922  0.7726144 ]]"
20200223-072013.217422,54,[2.1645916  1.6380198  0.41825423],"[[ 0.43297577  0.4002756   0.57997555]
 [ 0.20982674  0.49319845  0.27615154]
 [-0.24000217  0.76438147 -0.55798155]
 [-0.8431514   0.11070675  0.5253814 ]]","[[ 0.7427222  -0.22925699  0.6291307 ]
 [ 0.23842812  0.9685279   0.07145727]
 [-0.62571245  0.09692951  0.7740083 ]]"
20200223-072013.217422,55,[2.1709247  1.6358768  0.41381752],"[[ 0.43511736  0.394712    0.5771756 ]
 [ 0.21384048  0.49268296  0.28284958]
 [-0.2381458   0.7673962  -0.5555302 ]
 [-0.84156513  0.11211187  0.52749467]]","[[ 0.74273777 -0.23399568  0.6273648 ]
 [ 0.24286239  0.9672907   0.07325692]
 [-0.6239862   0.0979526   0.775272  ]]"
20200223-072013.217422,56,[2.1786194 1.628623  0.4088651],"[[ 0.4381888   0.3875533   0.5749525 ]
 [ 0.21901916  0.4911088   0.2897752 ]
 [-0.23466869  0.77166027 -0.55194616]
 [-0.839614    0.11469473  0.5299205 ]]","[[ 0.7424708  -0.2420573   0.6246164 ]
 [ 0.24961282  0.9652512   0.07735296]
 [-0.62163544  0.09847992  0.7770915 ]]"
20200223-072013.217422,57,[2.1858037 1.6278211 0.4061821],"[[ 0.4361675   0.38676944  0.5719223 ]
 [ 0.21809128  0.4929053   0.29607254]
 [-0.23915167  0.7717142  -0.5508233 ]
 [-0.8396434   0.10913893  0.5308862 ]]","[[ 0.7428629  -0.23891297  0.6253602 ]
 [ 0.24445038  0.9664513   0.07884198]
 [-0.6232165   0.09430074  0.77634317]]"
20200223-072013.217422,58,[2.1924372  1.6265154  0.40278322],"[[ 0.43599874  0.38392082  0.56865036]
 [ 0.21934411  0.49368998  0.30265722]
 [-0.24088386  0.77298015 -0.54919744]
 [-0.838909    0.10666078  0.5323697 ]]","[[ 0.74316895 -0.23923147  0.6248748 ]
 [ 0.24356978  0.9665485   0.08036069]
 [-0.6231966   0.09247898  0.7765782 ]]"
20200223-072013.217422,59,[2.2003932  1.6190044  0.39927778],"[[ 0.43926966  0.3772149   0.56587833]
 [ 0.22475736  0.49211603  0.30887985]
 [-0.23722003  0.7768113  -0.5461858 ]
 [-0.83681124  0.10997774  0.53484255]]","[[ 0.7429254  -0.24740689  0.62197423]
 [ 0.25071824  0.96439654  0.08414083]
 [-0.6206468   0.09342992  0.7785042 ]]"
20200223-072013.217422,60,[2.2073233  1.6129898  0.39495084],"[[ 0.44046587  0.37221596  0.56329495]
 [ 0.22775841  0.49144214  0.31560233]
 [-0.23651572  0.7797164  -0.54316884]
 [-0.8355692   0.10946234  0.53671354]]","[[ 0.7428665  -0.25191358  0.6202329 ]
 [ 0.25332314  0.9633821   0.08787636]
 [-0.6196585   0.0918389   0.77948   ]]"
20200223-072013.217422,61,[2.214304   1.6071527  0.39066604],"[[ 0.4415462   0.3673681   0.56064606]
 [ 0.23062819  0.490787    0.32226747]
 [-0.23596126  0.78252035 -0.5401842 ]
 [-0.8343682   0.10877064  0.5385362 ]]","[[ 0.74282616 -0.2561987   0.61852384]
 [ 0.25571343  0.96240944  0.09153645]
 [-0.61872464  0.09016916  0.78041637]]"
20200223-072013.217422,62,[2.2224052 1.6009328 0.3862117],"[[ 0.44386342  0.36120385  0.5579134 ]
 [ 0.2350452   0.48931763  0.32876045]
 [-0.23340915  0.78608435 -0.53689444]
 [-0.8326217   0.11032339  0.54073405]]","[[ 0.7426542  -0.26277563  0.6159656 ]
 [ 0.26104507  0.960633    0.09507783]
 [-0.6167009   0.09018481  0.7820144 ]]"
20200223-072013.217422,63,[2.229024   1.6009942  0.38192412],"[[ 0.4431077   0.3586977   0.55448323]
 [ 0.23564206  0.49011725  0.33561197]
 [-0.23577866  0.7872287  -0.5350623 ]
 [-0.8321879   0.1067333   0.5418686 ]]","[[ 0.7429987  -0.26193562  0.61590815]
 [ 0.25903544  0.9610615   0.09623718]
 [-0.61713356  0.08803796  0.7819181 ]]"
20200223-072013.217422,64,[2.2362957  1.6011096  0.37759855],"[[ 0.44283566  0.3558039   0.55130506]
 [ 0.23682424  0.49052852  0.34191635]
 [-0.23723932  0.788626   -0.5331482 ]
 [-0.8315822   0.10418526  0.54305565]]","[[ 0.7430822  -0.26176295  0.6158807 ]
 [ 0.2580674   0.9612275   0.09717535]
 [-0.6174383   0.08672949  0.7818235 ]]"
20200223-072013.217422,65,[2.2429621  1.6012063  0.37349877],"[[ 0.4421746   0.35333037  0.5476739 ]
 [ 0.23748292  0.49127692  0.34867302]
 [-0.23950122  0.7897127  -0.53139555]
 [-0.83109736  0.10079018  0.54414964]]","[[ 0.74339944 -0.2609762   0.61583173]
 [ 0.2562072   0.96161747  0.09823302]
 [-0.6178311   0.08475411  0.78172976]]"
20200223-072013.217422,66,[2.25018    1.5964077  0.37037268],"[[ 0.44146124  0.3509213   0.54435533]
 [ 0.23800609  0.49183184  0.35519558]
 [-0.24198075  0.79091185 -0.52930236]
 [-0.83060855  0.09702736  0.5453009 ]]","[[ 0.7435854  -0.26142     0.615419  ]
 [ 0.25413316  0.9618276   0.10151015]
 [-0.61846364  0.08091687  0.7816364 ]]"
20200223-072013.217422,67,[2.2585144  1.5912055  0.36717746],"[[ 0.44206035  0.34718516  0.54102117]
 [ 0.24016897  0.49153987  0.36138573]
 [-0.24235956  0.79290533 -0.52690727]
 [-0.8295562   0.09566721  0.5468692 ]]","[[ 0.7436461  -0.26425514  0.61413354]
 [ 0.2551464   0.9612226   0.10465047]
 [-0.61797327  0.078871    0.78223306]]"
20200223-072013.217422,68,[2.2666764  1.5890667  0.36444297],"[[ 0.44498968  0.34150314  0.53683054]
 [ 0.24539705  0.49025393  0.36695796]
 [-0.23893432  0.79572034 -0.52499294]
 [-0.8274509   0.09927759  0.5491241 ]]","[[ 0.7436102  -0.27023843  0.611568  ]
 [ 0.26184884  0.9593231   0.10551997]
 [-0.61520666  0.08167259  0.78412396]]"
20200223-072013.217422,69,[2.2747092  1.5905688  0.36114356],"[[ 0.449818    0.3337958   0.5319938 ]
 [ 0.25328007  0.48787895  0.3723189 ]
 [-0.23204754  0.7994416  -0.52321064]
 [-0.8244193   0.10699526  0.55191696]]","[[ 0.7433968  -0.27879262  0.6079769 ]
 [ 0.273466    0.95623094  0.10410988]
 [-0.61039126  0.08886607  0.78709936]]"
20200223-072013.217422,70,[2.2834175  1.5932676  0.35755864],"[[ 0.45285264  0.3279591   0.52778393]
 [ 0.2588679   0.48637348  0.37737   ]
 [-0.2278341   0.80215585 -0.5215997 ]
 [-0.8221945   0.11148828  0.5540485 ]]","[[ 0.74316096 -0.28371197  0.6059864 ]
 [ 0.28073332  0.95429665  0.10250299]
 [-0.6073721   0.09394433  0.78884333]]"
20200223-072013.217422,71,[2.2915578 1.5920466 0.3540945],"[[ 0.45419037  0.32358426  0.5243273 ]
 [ 0.26223263  0.4854686   0.3826792 ]
 [-0.22625862  0.8043466  -0.5195624 ]
 [-0.8208241   0.1124286   0.5556014 ]]","[[ 0.7428665  -0.28684652  0.6048708 ]
 [ 0.28396463  0.95325285  0.10331056]
 [-0.6062289   0.09501594  0.78959394]]"
20200223-072013.217422,72,[2.2990105  1.5927544  0.35118228],"[[ 0.45217118  0.32330158  0.5207323 ]
 [ 0.26093933  0.48713997  0.38848042]
 [-0.23075707  0.8042119  -0.51851135]
 [-0.82109874  0.10683744  0.5559382 ]]","[[ 0.7431403  -0.28283376  0.6064221 ]
 [ 0.27845973  0.9547926   0.10407428]
 [-0.6084431   0.09152234  0.7883025 ]]"
20200223-072013.217422,73,[2.308253   1.5858854  0.34787714],"[[ 0.4554465   0.31644505  0.51731664]
 [ 0.26693493  0.48447543  0.3936707 ]
 [-0.22606498  0.8079897  -0.51530117]
 [-0.8186628   0.110899    0.5584547 ]]","[[ 0.7427851  -0.2915498   0.60271806]
 [ 0.28679115  0.95199174  0.10706308]
 [-0.6049969   0.09332933  0.7907392 ]]"
20200223-072013.217422,74,[2.3172164 1.5871764 0.3449291],"[[ 0.4594679   0.30939868  0.5123726 ]
 [ 0.27406484  0.4820935   0.39864978]
 [-0.21995549  0.8112026  -0.5136092 ]
 [-0.8157192   0.11751004  0.56103337]]","[[ 0.7425098  -0.2990805   0.59935826]
 [ 0.2970371   0.9490115   0.10557605]
 [-0.6003735   0.09964035  0.7934883 ]]"
20200223-072013.217422,75,[2.3252397  1.5866636  0.34246156],"[[ 0.45916277  0.30733743  0.5085744 ]
 [ 0.2751231   0.48253682  0.4038369 ]
 [-0.22144222  0.81202644 -0.51231664]
 [-0.81513196  0.1153899   0.5619604 ]]","[[ 0.7425466  -0.2986292   0.59953743]
 [ 0.29595497  0.9492709   0.10628114]
 [-0.6008621   0.0985174   0.79325867]]"
20200223-072013.217422,76,[2.3326514  1.5859131  0.33926165],"[[ 0.45984742  0.30374026  0.5041558 ]
 [ 0.27766275  0.48213774  0.40968817]
 [-0.2211588   0.8136726  -0.51056266]
 [-0.81396115  0.11498708  0.56330115]]","[[ 0.74267054 -0.30062848  0.59838384]
 [ 0.2977903   0.94861704  0.10699019]
 [-0.5998011   0.0987344   0.7940341 ]]"
20200223-072013.217422,77,[2.3413732  1.5812427  0.33668324],"[[ 0.45958924  0.30130553  0.50037736]
 [ 0.2787263   0.48220053  0.41531265]
 [-0.22289063  0.8149304  -0.50845474]
 [-0.8132708   0.11218693  0.56445706]]","[[ 0.7429434  -0.3017282   0.59749097]
 [ 0.29693547  0.9485643   0.1097965 ]
 [-0.5998872   0.09584358  0.79432327]]"
20200223-072013.217422,78,[2.3475306  1.5862381  0.33358794],"[[ 0.45861962  0.3001008   0.49573025]
 [ 0.27890745  0.48344025  0.42100796]
 [-0.22530961  0.8150392  -0.5079571 ]
 [-0.81308913  0.10925137  0.5647863 ]]","[[ 0.74309134 -0.2984834   0.5989348 ]
 [ 0.29423     0.9495915   0.1081879 ]
 [-0.6010357   0.09583113  0.7934561 ]]"
20200223-072013.217422,79,[2.3566065  1.5807122  0.33211434],"[[ 0.45878893  0.29762614  0.49177876]
 [ 0.28046495  0.48341694  0.42600495]
 [-0.22653998  0.8162054  -0.50613445]
 [-0.8121158   0.10740583  0.5661282 ]]","[[ 0.7433299  -0.3003279   0.59771556]
 [ 0.29423454  0.94925976  0.11104916]
 [-0.6007385   0.09332243  0.7939799 ]]"
20200223-072013.217422,80,[2.3640137  1.5767632  0.32964486],"[[ 0.4577206   0.29622063  0.48774862]
 [ 0.2803309   0.4841513   0.43183824]
 [-0.22972532  0.81684303 -0.5043349 ]
 [-0.8118699   0.10304523  0.56680095]]","[[ 0.74366504 -0.29966998  0.59762883]
 [ 0.29126456  0.94984454  0.11384421]
 [-0.6017701   0.08940615  0.7936493 ]]"
20200223-072013.217422,81,[2.3715253 1.5763069 0.326661 ],"[[ 0.4584126   0.2927845   0.4830957 ]
 [ 0.2828408   0.48371005  0.4373945 ]
 [-0.22939503  0.8183796  -0.50267076]
 [-0.81070143  0.1027467   0.5680024 ]]","[[ 0.7437801  -0.30153632  0.59654593]
 [ 0.2931189   0.94921464  0.11433601]
 [-0.60072654  0.08981802  0.79439306]]"
20200223-072013.217422,82,[2.3807404  1.5710478  0.32534036],"[[ 0.45857462  0.29043204  0.47911733]
 [ 0.28435594  0.4836793   0.4421343 ]
 [-0.23063299  0.8194609  -0.5008903 ]
 [-0.8097278   0.10093168  0.5692733 ]]","[[ 0.744006   -0.30326417  0.5953871 ]
 [ 0.29309165  0.9488898   0.11707048]
 [-0.60046     0.08740184  0.7948638 ]]"
20200223-072013.217422,83,[2.3882093  1.5759401  0.32228494],"[[ 0.45848936  0.28835654  0.47422126]
 [ 0.28570414  0.4842349   0.44734046]
 [-0.23159319  0.82001865 -0.5001995 ]
 [-0.80902714  0.09968223  0.5699132 ]]","[[ 0.7441555  -0.3016616   0.596014  ]
 [ 0.29264432  0.9492719   0.11507441]
 [-0.6004929   0.08878687  0.7946855 ]]"
20200223-072013.217422,84,[2.3961387 1.5760182 0.3201748],"[[ 0.45822614  0.2864533   0.46977758]
 [ 0.28671488  0.48468006  0.45237958]
 [-0.23311901  0.82067096 -0.4990225 ]
 [-0.80838037  0.09761662  0.57064724]]","[[ 0.7442849  -0.3011402   0.59611624]
 [ 0.29167345  0.94951934  0.11549804]
 [-0.6008049   0.08790783  0.79454744]]"
20200223-072013.217422,85,[2.4016476  1.5776093  0.31702563],"[[ 0.45653298  0.2858464   0.46455634]
 [ 0.28569052  0.48620725  0.4589001 ]
 [-0.23717569  0.82057256 -0.4980499 ]
 [-0.8085212   0.09249388  0.5705652 ]]","[[ 0.744679   -0.2977194   0.5973415 ]
 [ 0.28715172  0.9508443   0.11592866]
 [-0.6024928   0.08519799  0.7935641 ]]"
20200223-072013.217422,86,[2.4109979  1.5723715  0.31587216],"[[ 0.45673415  0.28360185  0.46062812]
 [ 0.287184    0.48612398  0.46326095]
 [-0.23836158  0.82159215 -0.4962783 ]
 [-0.8075289   0.09077284  0.57176846]]","[[ 0.7448848  -0.29944783  0.5962195 ]
 [ 0.2871817   0.95050573  0.11859674]
 [-0.60222363  0.08288236  0.7940133 ]]"
20200223-072013.217422,87,[2.4176927 1.5737424 0.3129485],"[[ 0.45548618  0.28269392  0.456323  ]
 [ 0.28670987  0.48715052  0.46861136]
 [-0.24138281  0.8217272  -0.49518985]
 [-0.8075049   0.08678988  0.5718041 ]]","[[ 0.7448693  -0.29664305  0.5976393 ]
 [ 0.28360686  0.95154893  0.11883488]
 [-0.60393465  0.08097817  0.7929097 ]]"
20200223-072013.217422,88,[2.4255915  1.5748103  0.30992633],"[[ 0.45501557  0.2809349   0.45213085]
 [ 0.2873637   0.48750803  0.4735318 ]
 [-0.24309883  0.82238114 -0.49380028]
 [-0.807023    0.08426281  0.5722819 ]]","[[ 0.7449234  -0.29545736  0.59815896]
 [ 0.282113    0.95198524  0.1188958 ]
 [-0.60456717  0.0801801   0.79250854]]"
20200223-072013.217422,89,[2.4345176 1.5714808 0.3071175],"[[ 0.454758    0.27880248  0.44838476]
 [ 0.2881711   0.48735797  0.4784056 ]
 [-0.24477312  0.8234807  -0.4916093 ]
 [-0.80637383  0.08143139  0.57306176]]","[[ 0.74507564 -0.29603276  0.59768474]
 [ 0.281089    0.95200753  0.12112218]
 [-0.60485655  0.07775737  0.7925291 ]]"
20200223-072013.217422,90,[2.4423215  1.5678784  0.30516472],"[[ 0.4540471   0.27740192  0.44405276]
 [ 0.28829423  0.487877    0.48351723]
 [-0.24743418  0.82399464 -0.48995018]
 [-0.80591816  0.07782587  0.57356495]]","[[ 0.74525595 -0.29566982  0.5976396 ]
 [ 0.2787534   0.9523802   0.12356532]
 [-0.6057147   0.07450626  0.79218596]]"
20200223-072013.217422,91,[2.45088    1.5678612  0.30346137],"[[ 0.45401767  0.2756216   0.440036  ]
 [ 0.28943732  0.48813108  0.48748538]
 [-0.24853767  0.82457894 -0.4888411 ]
 [-0.80518514  0.07635702  0.57424814]]","[[ 0.7451648  -0.29524326  0.597964  ]
 [ 0.27809763  0.9525466   0.12376059]
 [-0.606128    0.0740703   0.7919107 ]]"
20200223-072013.217422,92,[2.4585178 1.5652533 0.3006905],"[[ 0.45306605  0.2743111   0.43582416]
 [ 0.28919464  0.48860922  0.49279585]
 [-0.25145477  0.82510793 -0.48697937]
 [-0.8049027   0.0721912   0.5745097 ]]","[[ 0.7453006  -0.29426757  0.5982755 ]
 [ 0.27520898  0.9530986   0.12594958]
 [-0.6072784   0.0707805   0.79133004]]"
20200223-072013.217422,93,[2.4664752  1.5617862  0.29886955],"[[ 0.4524361   0.27292553  0.4315564 ]
 [ 0.2893857   0.48905438  0.49760503]
 [-0.25396132  0.82559353 -0.4853395 ]
 [-0.804401    0.06879384  0.57497305]]","[[ 0.74542826 -0.29397476  0.59826034]
 [ 0.2730386   0.953411    0.12828542]
 [-0.6081008   0.06772055  0.7909661 ]]"
20200223-072013.217422,94,[2.4746525 1.5630988 0.2962116],"[[ 0.4521691   0.27121016  0.42726654]
 [ 0.29018518  0.48933583  0.5020234 ]
 [-0.25541934  0.8261641  -0.48406392]
 [-0.8038012   0.0666988   0.57541066]]","[[ 0.74542207 -0.29289922  0.5987954 ]
 [ 0.2718878   0.95376897  0.12806879]
 [-0.60862386  0.0673399   0.7905962 ]]"
20200223-072013.217422,95,[2.4824297  1.5606418  0.29359138],"[[ 0.4513443   0.26987278  0.4229854 ]
 [ 0.29005697  0.48974037  0.50711083]
 [-0.2581351   0.82666683 -0.48225248]
 [-0.8034435   0.06281272  0.57563406]]","[[ 0.74550396 -0.29204804  0.5991092 ]
 [ 0.26924708  0.9542397   0.13012503]
 [-0.6096965   0.06429965  0.7900226 ]]"
20200223-072013.217422,96,[2.488874   1.5587521  0.29085946],"[[ 0.44978714  0.2692769   0.4180684 ]
 [ 0.28882995  0.4908039   0.512956  ]
 [-0.26216125  0.8266195  -0.48074776]
 [-0.8034552   0.05746249  0.5753057 ]]","[[ 0.7455608  -0.2896665   0.6001937 ]
 [ 0.2646754   0.9552283   0.13223393]
 [-0.6116258   0.06026809  0.78884846]]"
20200223-072013.217422,97,[2.4965465  1.5592654  0.28931242],"[[ 0.44962278  0.26768002  0.4125084 ]
 [ 0.28967038  0.49143973  0.51780844]
 [-0.26383558  0.8268946  -0.47991508]
 [-0.8026961   0.05549593  0.57566696]]","[[ 0.7457523  -0.28887764  0.6003361 ]
 [ 0.2636393   0.9555079   0.1322846 ]
 [-0.6118399   0.05962063  0.7887315 ]]"
20200223-072013.217422,98,[2.5046942  1.5560211  0.28764117],"[[ 0.44914705  0.26624447  0.4081251 ]
 [ 0.28999868  0.49177676  0.5223259 ]
 [-0.26605973  0.8273564  -0.47832176]
 [-0.8021096   0.05245092  0.57603616]]","[[ 0.7458023  -0.2887595   0.6003307 ]
 [ 0.26180008  0.95571005  0.13445799]
 [-0.6125681   0.05688756  0.788368  ]]"
20200223-072013.217422,99,[2.5112667 1.5542152 0.2849918],"[[ 0.4477035   0.26561448  0.4032151 ]
 [ 0.28885928  0.49273726  0.52790684]
 [-0.26989052  0.82729554 -0.47681946]
 [-0.80204815  0.04734009  0.5756519 ]]","[[ 0.7457911  -0.2865238   0.60141486]
 [ 0.25745746  0.95660305  0.13647826]
 [-0.61441946  0.05305449  0.7871938 ]]"
20200223-072013.217422,100,[2.5189555  1.5548241  0.28352606],"[[ 0.44759136  0.26401702  0.39747658]
 [ 0.2897161   0.493357    0.53266716]
 [-0.27147987  0.8275416  -0.4760248 ]
 [-0.80126464  0.04548353  0.5759153 ]]","[[ 0.7459602  -0.28577188  0.60156286]
 [ 0.25652397  0.9568572   0.13645479]
 [-0.6146047   0.05252549  0.78708464]]"
20200223-072013.217422,101,[2.526754   1.5553948  0.28218785],"[[ 0.4475483   0.26242206  0.39188445]
 [ 0.2906442   0.49393526  0.5371697 ]
 [-0.27298233  0.8277966  -0.47521985]
 [-0.800442    0.04376592  0.5762306 ]]","[[ 0.7461185  -0.28508568  0.6016923 ]
 [ 0.25569445  0.95708644  0.13640414]
 [-0.6147583   0.05207573  0.78699446]]"
20200223-072013.217422,102,[2.5350246  1.552065   0.27997768],"[[ 0.44822484  0.2594732   0.38756368]
 [ 0.29283565  0.49304375  0.54127896]
 [-0.27275124  0.8292885  -0.47310162]
 [-0.79934275  0.04315251  0.57704973]]","[[ 0.7460929  -0.287544    0.6005529 ]
 [ 0.25725037  0.95639324  0.13832664]
 [-0.6141398   0.05128796  0.78752905]]"
20200223-072013.217422,103,[2.5452285  1.5511742  0.27895275],"[[ 0.45032775  0.25542024  0.38359252]
 [ 0.29731345  0.49146608  0.54368657]
 [-0.26978663  0.831315   -0.4714634 ]
 [-0.7975117   0.04622459  0.5787781 ]]","[[ 0.7460831  -0.29175767  0.59852946]
 [ 0.26261994  0.9549598   0.13813943]
 [-0.61187476  0.0541223   0.7891009 ]]"
20200223-072013.217422,104,[2.554619  1.55117   0.2771514],"[[ 0.45195583  0.25169683  0.37852642]
 [ 0.30100608  0.49026406  0.54725087]
 [-0.26778927  0.833055   -0.46989012]
 [-0.7958771   0.04805407  0.5800326 ]]","[[ 0.7462286  -0.29486316  0.596824  ]
 [ 0.26672792  0.9538745   0.13776672]
 [-0.6099175   0.05638418  0.7904566 ]]"
20200223-072013.217422,105,[2.5625951  1.5516092  0.27515432],"[[ 0.45276207  0.24878937  0.3728771 ]
 [ 0.3034586   0.48974416  0.551577  ]
 [-0.26724568  0.83422405 -0.4685756 ]
 [-0.7946693   0.04821714  0.5806568 ]]","[[ 0.746349   -0.29634848  0.5959369 ]
 [ 0.2687233   0.95334786  0.1375344 ]
 [-0.6088932   0.05749344  0.7911659 ]]"
20200223-072013.217422,106,[2.5709388 1.5486282 0.2737774],"[[ 0.4523085   0.24756642  0.36856857]
 [ 0.30371046  0.49008536  0.55550593]
 [-0.2694529   0.83455265 -0.4670607 ]
 [-0.7940857   0.04526943  0.5808827 ]]","[[ 0.7463824  -0.2961029   0.5960172 ]
 [ 0.26687872  0.95357585  0.13953124]
 [-0.6096632   0.05492062  0.7907556 ]]"
20200223-072013.217422,107,[2.5807865 1.5476514 0.2729312],"[[ 0.45404476  0.24396384  0.36374444]
 [ 0.30758268  0.4889173   0.55835074]
 [-0.2673379   0.8361747  -0.46565732]
 [-0.7923175   0.04747061  0.582321  ]]","[[ 0.74655557 -0.29960486  0.5940469 ]
 [ 0.27126867  0.9523547   0.13940483]
 [-0.6075098   0.05707289  0.79225916]]"
20200223-072013.217422,108,[2.5891705 1.5448083 0.2715904],"[[ 0.4535849   0.24277456  0.35935766]
 [ 0.3078047   0.48928243  0.562239  ]
 [-0.26955023  0.8364693  -0.46417862]
 [-0.7917447   0.04452427  0.5824836 ]]","[[ 0.74658734 -0.2993081   0.5941566 ]
 [ 0.26941335  0.9525959   0.14134173]
 [-0.6082959   0.05454978  0.79183364]]"
20200223-072013.217422,109,[2.5959463  1.5504304  0.26959252],"[[ 0.45306504  0.24179769  0.3532144 ]
 [ 0.30803907  0.4903926   0.5666961 ]
 [-0.2713534   0.8362026  -0.46411812]
 [-0.79133505  0.04259102  0.5819705 ]]","[[ 0.7464787  -0.29611278  0.5958915 ]
 [ 0.26742005  0.95352626  0.1388306 ]
 [-0.6093077   0.05571923  0.79097366]]"
20200223-072013.217422,110,[2.60595   1.5471035 0.2685383],"[[ 0.4533253   0.2399808   0.34971517]
 [ 0.3093307   0.49009645  0.5694841 ]
 [-0.2722705   0.8369728  -0.4623758 ]
 [-0.79036677  0.04113061  0.5827483 ]]","[[ 0.74653524 -0.2972631   0.59524775]
 [ 0.2674475   0.95325524  0.1406282 ]
 [-0.6092265   0.05421362  0.791141  ]]"
20200223-072013.217422,111,[2.615992  1.5438616 0.2675325],"[[ 0.4536093   0.23815571  0.34623855]
 [ 0.3106618   0.48978722  0.57219464]
 [-0.2731296   0.8377413  -0.46065074]
 [-0.78938437  0.03974717  0.58353513]]","[[ 0.7465843  -0.29842737  0.5946033 ]
 [ 0.26752937  0.95297223  0.1423802 ]
 [-0.60913044  0.05277501  0.79131216]]"
20200223-072013.217422,112,[2.6255202 1.5481117 0.266684 ],"[[ 0.4542085   0.23629905  0.34229147]
 [ 0.3126651   0.48987746  0.5742107 ]
 [-0.27276945  0.8381819  -0.46026865]
 [-0.78837276  0.04042018  0.584184  ]]","[[ 0.7463586  -0.2976419   0.59527993]
 [ 0.268507    0.9530668   0.13988398]
 [-0.6089769   0.05543322  0.79124856]]"
20200223-072013.217422,113,[2.6352944  1.5458192  0.26488695],"[[ 0.4542241   0.23467836  0.33894876]
 [ 0.31352514  0.48959053  0.57714534]
 [-0.2740163   0.8389007  -0.45839375]
 [-0.7875895   0.03837416  0.5847153 ]]","[[ 0.74638456 -0.29810226  0.59501714]
 [ 0.2679205   0.9530113   0.14137936]
 [-0.6092034   0.05389393  0.7911806 ]]"
20200223-072013.217422,114,[2.644023   1.5469692  0.26447427],"[[ 0.45337927  0.23451726  0.33428633]
 [ 0.31297866  0.49098969  0.5803866 ]
 [-0.27707377  0.8382659  -0.458029  ]
 [-0.78722423  0.03522886  0.5844776 ]]","[[ 0.7463554  -0.29532886  0.5964349 ]
 [ 0.26463518  0.9539549   0.14120321]
 [-0.61067325  0.05244987  0.7901438 ]]"
20200223-072013.217422,115,[2.6501975  1.5492477  0.26234365],"[[ 0.45238015  0.23386334  0.32747033]
 [ 0.3123102   0.4922215   0.58570254]
 [-0.2801085   0.8378729  -0.4574496 ]
 [-0.7869903   0.03154493  0.58348554]]","[[ 0.7463956  -0.2924657   0.5977939 ]
 [ 0.26138085  0.9549076   0.14082472]
 [-0.61202425  0.05114089  0.78918374]]"
20200223-072013.217422,116,[2.6605983  1.5506295  0.26076385],"[[ 0.45301703  0.23182607  0.32424846]
 [ 0.3142353   0.49176836  0.58765405]
 [-0.27994666  0.8387062  -0.45614076]
 [-0.78591466  0.03150369  0.58434683]]","[[ 0.7463495  -0.2927727   0.597701  ]
 [ 0.2624408   0.95474494  0.13995406]
 [-0.6116267   0.05240647  0.7894088 ]]"
20200223-072013.217422,117,[2.6687608  1.5512006  0.25907677],"[[ 0.45381626  0.2290754   0.31832227]
 [ 0.316625    0.49122065  0.5914834 ]
