Timestamp,Epoch,s,u,v
20200223-010852.591538,0,[1.6275109  0.613394   0.34468707],"[[ 0.49818122 -0.34935153 -0.777125  ]
 [ 0.64790183  0.41182944  0.09924299]
 [-0.51191694  0.52229345 -0.621202  ]
 [-0.2645369  -0.6599693  -0.01831701]]","[[-0.41191366  0.6961962   0.58791   ]
 [ 0.64080995  0.6800153  -0.3562889 ]
 [ 0.6478348  -0.22997823  0.72623706]]"
20200223-010852.591538,1,[1.6246598  0.62147963 0.34478566],"[[ 0.4966212  -0.355094   -0.77682364]
 [ 0.64683837  0.41403478  0.09853213]
 [-0.5127663   0.5217296  -0.6218484 ]
 [-0.2683992  -0.6559589  -0.01188435]]","[[-0.41713753  0.70054984  0.57898736]
 [ 0.6391638   0.67902607 -0.36110008]
 [ 0.646116   -0.2194393   0.7310133 ]]"
20200223-010852.591538,2,[1.6259925  0.62842536 0.34483346],"[[ 0.49543765 -0.35979372 -0.7764807 ]
 [ 0.64600575  0.41581652  0.09822143]
 [-0.513269    0.5213717  -0.62240416]
 [-0.2716122  -0.65254617 -0.00657268]]","[[-0.4206893   0.70417476  0.5719777 ]
 [ 0.63808316  0.677847   -0.36520317]
 [ 0.6448802  -0.21133228  0.7344851 ]]"
20200223-010852.591538,3,[1.6253108 0.6347167 0.3450348],"[[ 0.49437967 -0.36387435 -0.7763489 ]
 [ 0.64454156  0.41827625  0.0978479 ]
 [-0.51466346  0.52049303 -0.6226615 ]
 [-0.27436534 -0.6494055  -0.0010316 ]]","[[-0.425544    0.7065607   0.5654063 ]
 [ 0.6362535   0.6779037  -0.36827704]
 [ 0.6435011  -0.2030237   0.7380296 ]]"
20200223-010852.591538,4,[1.63193   0.6427194 0.3456141],"[[ 0.49253914 -0.3710214  -0.77500296]
 [ 0.64522     0.41909447  0.09676966]
 [-0.51374173  0.5196643  -0.6244797 ]
 [-0.27778694 -0.6454858   0.00554363]]","[[-0.4255502   0.71253467  0.55785424]
 [ 0.63680506  0.67378175 -0.37482956]
 [ 0.6429511  -0.19573553  0.7404737 ]]"
20200223-010852.591538,5,[1.6358815  0.64930636 0.34584793],"[[ 0.4912883  -0.37564957 -0.7744092 ]
 [ 0.6447271   0.4204469   0.09629957]
 [-0.51395875  0.51918054 -0.6252241 ]
 [-0.28073007 -0.6423112   0.01057292]]","[[-0.4277215   0.71593815  0.55180347]
 [ 0.6362476   0.672079   -0.37881288]
 [ 0.64206207 -0.18905716  0.7429764 ]]"
20200223-010852.591538,6,[1.6409887  0.6561684  0.34545192],"[[ 0.49049312 -0.3786221  -0.77421176]
 [ 0.6446794   0.42131028  0.09729775]
 [-0.51318306  0.5205091  -0.62525576]
 [-0.28363347 -0.6389156   0.01357761]]","[[-0.42887408  0.7190874   0.5467907 ]
 [ 0.6362972   0.67011493 -0.38219336]
 [ 0.6412431  -0.18400867  0.74494827]]"
20200223-010852.591538,7,[1.6471606 0.6636854 0.3455082],"[[ 0.48926696 -0.38312468 -0.7735081 ]
 [ 0.64491713  0.42216015  0.09743688]
 [-0.51237726  0.5209437  -0.62599564]
 [-0.28665173 -0.6353065   0.01790572]]","[[-0.42945594  0.7231757   0.5409107 ]
 [ 0.6365573   0.6672676  -0.38671526]
 [ 0.64059526 -0.17824349  0.74690485]]"
20200223-010852.591538,8,[1.6491021 0.6705932 0.3454593],"[[ 0.48827058 -0.38622138 -0.77338785]
 [ 0.64391685  0.42386925  0.09754166]
 [-0.51301825  0.5210916  -0.6260018 ]
 [-0.2894397  -0.6321645   0.0218924 ]]","[[-0.43287137  0.7253085   0.53530383]
 [ 0.63539994  0.66671884 -0.38955516]
 [ 0.63944477 -0.17150477  0.7494643 ]]"
20200223-010852.591538,9,[1.6544415  0.67444575 0.34538892],"[[ 0.48802507 -0.38780275 -0.77335596]
 [ 0.6428566   0.4254184   0.09827632]
 [-0.5136683   0.5210453  -0.6258168 ]
 [-0.29105324 -0.63019013  0.02481647]]","[[-0.43498603  0.72605735  0.5325673 ]
 [ 0.63460004  0.6667943  -0.39072788]
 [ 0.63880366 -0.1680061   0.7508022 ]]"
20200223-010852.591538,10,[1.6619648 0.6797414 0.3456343],"[[ 0.48704648 -0.39149496 -0.7726733 ]
 [ 0.6429524   0.42620096  0.09838149]
 [-0.5132304   0.5209242  -0.62647206]
 [-0.2932449  -0.62747335  0.02881976]]","[[-0.43492857  0.72887546  0.52875125]
 [ 0.6349356   0.66461253 -0.39388695]
 [ 0.6385092  -0.16441037  0.75184804]]"
20200223-010852.591538,11,[1.664317   0.6876082  0.34514755],"[[ 0.48623452 -0.39352727 -0.77281135]
 [ 0.6421011   0.42747518  0.09918892]
 [-0.5132988   0.52229744 -0.62605435]
 [-0.29632074 -0.6241847   0.03129926]]","[[-0.4381219   0.73089063  0.523305  ]
 [ 0.6340129   0.6639382  -0.3965018 ]
 [ 0.6372417  -0.15806592  0.75428003]]"
20200223-010852.591538,12,[1.6698033  0.6932398  0.34516007],"[[ 0.48545924 -0.39622125 -0.77247727]
 [ 0.641799    0.4285561   0.09974138]
 [-0.51313823  0.5226703  -0.626204  ]
 [-0.29851654 -0.62142104  0.03462759]]","[[-0.43920386  0.7329427   0.5195142 ]
 [ 0.6338597   0.6626127  -0.39895645]
 [ 0.63664883 -0.15407585  0.755605  ]]"
20200223-010852.591538,13,[1.6733372  0.6991673  0.34492037],"[[ 0.48495707 -0.39782783 -0.77253574]
 [ 0.6409036   0.4300639   0.10065944]
 [-0.5134703   0.52338696 -0.625832  ]
 [-0.300679   -0.61874443  0.03729136]]","[[-0.44168466  0.7341514   0.51569027]
 [ 0.63304085  0.66233164 -0.4007197 ]
 [ 0.63574684 -0.14946125  0.7572895 ]]"
20200223-010852.591538,14,[1.6789623  0.70466435 0.34492654],"[[ 0.48424032 -0.40026525 -0.7722171 ]
 [ 0.6405331   0.4311135   0.10121464]
 [-0.51337343  0.52373797 -0.62594205]
 [-0.30278096 -0.6161393   0.0404081 ]]","[[-0.4427679   0.73596334  0.51216674]
 [ 0.6328566   0.6611544  -0.40294847]
 [ 0.6351765  -0.1457154   0.7584972 ]]"
20200223-010852.591538,15,[1.6882404  0.7098933  0.34456027],"[[ 0.48373306 -0.40203175 -0.77197504]
 [ 0.64096016  0.4311894   0.10255921]
 [-0.5120798   0.5252649  -0.6259126 ]
 [-0.3048712  -0.6136307   0.04206258]]","[[-0.44168591  0.7382758   0.50976706]
 [ 0.6337755   0.6589208  -0.40515673]
 [ 0.63501346 -0.14412585  0.75893724]]"
20200223-010852.591538,16,[1.6952341  0.71710265 0.34454846],"[[ 0.4826996  -0.40513748 -0.7714222 ]
 [ 0.640978    0.43169263  0.10278758]
 [-0.51141447  0.52593166 -0.6263516 ]
 [-0.30757597 -0.6106564   0.04501151]]","[[-0.4421918   0.7410748   0.50524706]
 [ 0.63399327  0.6567194  -0.40837756]
 [ 0.6344439  -0.13974205  0.7602324 ]]"
20200223-010852.591538,17,[1.7000948 0.7235857 0.3447039],"[[ 0.4817999  -0.4078982  -0.7709887 ]
 [ 0.6403222   0.43295723  0.10283288]
 [-0.51170343  0.52587783 -0.6266181 ]
 [-0.309865   -0.6079638   0.04849394]]","[[-0.4441017   0.74286246  0.5009283 ]
 [ 0.63340545  0.6557278  -0.41087565]
 [ 0.63369673 -0.13482012  0.76174283]]"
20200223-010852.591538,18,[1.7059066  0.7289341  0.34470338],"[[ 0.48116127 -0.40993613 -0.770699  ]
 [ 0.63985556  0.43396133  0.10339227]
 [-0.51169914  0.52621084 -0.6266616 ]
 [-0.31182176 -0.6055843   0.0512721 ]]","[[-0.44521123  0.74429923  0.49780095]
 [ 0.6331656   0.65478575 -0.41274324]
 [ 0.6331574  -0.13143255  0.7627826 ]]"
20200223-010852.591538,19,[1.7030329  0.73640877 0.34475803],"[[ 0.4804771  -0.41123992 -0.7709935 ]
 [ 0.63719237  0.43702757  0.10323068]
 [-0.5142502   0.525617   -0.6260139 ]
 [-0.31412536 -0.60300547  0.05494877]]","[[-0.45206022  0.7438234   0.49230915]
 [ 0.63011956  0.65694696 -0.4139687 ]
 [ 0.63134044 -0.12307487  0.7656773 ]]"
20200223-010852.591538,20,[1.7103981  0.74367225 0.3447098 ],"[[ 0.47955018 -0.41375756 -0.7705464 ]
 [ 0.63713676  0.43755952  0.10358017]
 [-0.513684    0.5263663  -0.62628096]
 [-0.31657162 -0.60023755  0.0574584 ]]","[[-0.45254335  0.74615437  0.4883217 ]
 [ 0.6302777   0.6550204  -0.4167711 ]
 [ 0.6308364  -0.11917131  0.76670957]]"
20200223-010852.591538,21,[1.7165956  0.7488783  0.34468517],"[[ 0.47902226 -0.41547388 -0.77026045]
 [ 0.63665456  0.43848318  0.10421126]
 [-0.513653    0.52672625 -0.6262987 ]
 [-0.31838608 -0.59805816  0.05991069]]","[[-0.45354655  0.74735373  0.48554945]
 [ 0.630066    0.6541922  -0.41838944]
 [ 0.6303274  -0.11616909  0.7675887 ]]"
20200223-010852.591538,22,[1.7217629  0.75428295 0.344369  ],"[[ 0.47886917 -0.41587454 -0.7704353 ]
 [ 0.6352951   0.43986797  0.10500916]
 [-0.5144055   0.52719855 -0.6257964 ]
 [-0.32011265 -0.5963444   0.0615009 ]]","[[-0.45623854  0.747502    0.4827913 ]
 [ 0.62895834  0.6546872  -0.41928056]
 [ 0.6294902  -0.11236369  0.7688411 ]]"
20200223-010852.591538,23,[1.7297901  0.75939476 0.34376085],"[[ 0.4787845  -0.4160353  -0.77062404]
 [ 0.63506013  0.44023922  0.1067156 ]
 [-0.513677    0.52894783 -0.6252207 ]
 [-0.32186958 -0.5944059   0.06204184]]","[[-0.45638612  0.74853593  0.4810464 ]
 [ 0.62922406  0.6537621  -0.42032385]
 [ 0.62911737 -0.11085599  0.7693648 ]]"
20200223-010852.591538,24,[1.7361944  0.76453424 0.34374416],"[[ 0.47829938 -0.41761458 -0.7703263 ]
 [ 0.6345534   0.44112927  0.10732871]
 [-0.51366854  0.52925664 -0.6252476 ]
 [-0.32359922 -0.5923599   0.06436769]]","[[-0.45734218  0.74961704  0.47844762]
 [ 0.6290132   0.6529957  -0.42182776]
 [ 0.6286335  -0.10803024  0.7701618 ]]"
20200223-010852.591538,25,[1.739882   0.77109855 0.34362313],"[[ 0.47781795 -0.41858575 -0.7703825 ]
 [ 0.6330491   0.4427832   0.10766146]
 [-0.5147285   0.5293793  -0.62488246]
 [-0.3255665  -0.5903275   0.06664437]]","[[-0.46071947  0.74986327  0.47480813]
 [ 0.62758064  0.6535214  -0.42314583]
 [ 0.6275988  -0.10302887  0.77168965]]"
20200223-010852.591538,26,[1.7464081  0.77742994 0.34321842],"[[ 0.4773984  -0.41936064 -0.770436  ]
 [ 0.6327265   0.443383    0.10888919]
 [-0.5142444   0.5308028  -0.6244742 ]
 [-0.32756773 -0.5880442   0.06784778]]","[[-0.46148732  0.75106305  0.47215843]
 [ 0.6275716   0.65256006 -0.42464018]
 [ 0.62704337 -0.10034712  0.7724941 ]]"
20200223-010852.591538,27,[1.7529485  0.7824305  0.34320784],"[[ 0.47695538 -0.42078096 -0.77014023]
 [ 0.632165    0.44426525  0.10949127]
 [-0.5143003   0.5310449  -0.6244879 ]
 [-0.32920536 -0.5861427   0.07007239]]","[[-0.46246204  0.7519639   0.46976516]
 [ 0.6273225   0.65192515 -0.42598167]
 [ 0.6265745  -0.09769384  0.77321434]]"
20200223-010852.591538,28,[1.7577417  0.7878408  0.34296158],"[[ 0.47681138 -0.42113066 -0.77024615]
 [ 0.6309513   0.44566715  0.11041754]
 [-0.5149212   0.5315229  -0.6240078 ]
 [-0.33076802 -0.5843913   0.07171448]]","[[-0.46485418  0.75204664  0.46726492]
 [ 0.62634426  0.6523334  -0.42679507]
 [ 0.6257822  -0.09427123  0.7742801 ]]"
20200223-010852.591538,29,[1.7636149  0.7915619  0.34304878],"[[ 0.47680348 -0.4218461  -0.77003086]
 [ 0.62925833  0.44725776  0.11054655]
 [-0.5162842   0.5306155  -0.6239831 ]
 [-0.331878   -0.5834838   0.07400761]]","[[-0.46764594  0.75159276  0.46520492]
 [ 0.6249682   0.6533313  -0.42728555]
 [ 0.6250777  -0.09091989  0.7752493 ]]"
20200223-010852.591538,30,[1.7696005  0.79514706 0.34312284],"[[ 0.4768217  -0.4224867  -0.7698246 ]
 [ 0.627547    0.44881916  0.11069103]
 [-0.5176539   0.52970195 -0.62394434]
 [-0.3329573  -0.5826512   0.07623164]]","[[-0.47044328  0.7510614   0.46323857]
 [ 0.623575    0.654388   -0.42770392]
 [ 0.6243697  -0.08765354  0.7761954 ]]"
20200223-010852.591538,31,[1.7759686 0.8024954 0.3428204],"[[ 0.476397   -0.42325422 -0.7698201 ]
 [ 0.6267078   0.4497467   0.11145358]
 [-0.5177206   0.5306338  -0.62365043]
 [-0.33503577 -0.5805271   0.07755996]]","[[-0.47227964  0.7519439   0.4599266 ]
 [ 0.6229739   0.65388554 -0.42934537]
 [ 0.623583   -0.08375116  0.7772581 ]]"
20200223-010852.591538,32,[1.7814914  0.80878943 0.342959  ],"[[ 0.47578162 -0.42488208 -0.7694541 ]
 [ 0.6258448   0.4509656   0.11161929]
 [-0.51819766  0.5305128  -0.6237463 ]
 [-0.3367805  -0.578499    0.08013562]]","[[-0.47408935  0.7527053   0.45680857]
 [ 0.62227076  0.6534862  -0.43096966]
 [ 0.6229113  -0.07994046  0.7781974 ]]"
20200223-010852.591538,33,[1.7871963  0.81361234 0.34267727],"[[ 0.47574434 -0.424896   -0.7695894 ]
 [ 0.6244419   0.45221192  0.11241469]
 [-0.5189994   0.5307762  -0.62326765]
 [-0.33820075 -0.57727325  0.08144339]]","[[-0.476573    0.7523876   0.45474312]
 [ 0.6211701   0.6542215  -0.43144196]
 [ 0.62211424 -0.07685924  0.7791449 ]]"
20200223-010852.591538,34,[1.7931114  0.8169939  0.34276637],"[[ 0.47574085 -0.4255537  -0.7693342 ]
 [ 0.6228356   0.45367697  0.1126244 ]
 [-0.520248    0.5298889  -0.6232489 ]
 [-0.33924747 -0.5764542   0.08367593]]","[[-0.47916475  0.75182426  0.4529475 ]
 [ 0.6198859   0.65521157 -0.4317862 ]
 [ 0.6214038  -0.07387904  0.77999955]]"
20200223-010852.591538,35,[1.7988499  0.82443345 0.34250414],"[[ 0.4752218  -0.4263412  -0.76932174]
 [ 0.6221683   0.45455006  0.1134494 ]
 [-0.5201887   0.5309166  -0.62292844]
 [-0.34128365 -0.5742341   0.08505074]]","[[-0.48074472  0.7526905   0.4498239 ]
 [ 0.61942625  0.65461046 -0.43335453]
 [ 0.6206413  -0.07029983  0.7809369 ]]"
20200223-010852.591538,36,[1.8064139  0.8317044  0.34248415],"[[ 0.4745145  -0.42804322 -0.768895  ]
 [ 0.62222433  0.45499533  0.11408693]
 [-0.5194899   0.53178215 -0.62308526]
 [-0.3432246  -0.57180923  0.08688869]]","[[-0.48079467  0.7543984   0.44689977]
 [ 0.6197518   0.65292495 -0.4354269 ]
 [ 0.6202774  -0.06761604  0.7814627 ]]"
20200223-010852.591538,37,[1.8094574 0.8368632 0.3425017],"[[ 0.47461277 -0.42788413 -0.76901096]
 [ 0.61950463  0.45748988  0.11412596]
 [-0.5219207   0.53063005 -0.62262267]
 [-0.3443192  -0.5710078   0.08909981]]","[[-0.48584035  0.7527987   0.44413194]
 [ 0.6171058   0.65528405 -0.43564108]
 [ 0.6189827  -0.06242437  0.7829199 ]]"
20200223-010852.591538,38,[1.8165119  0.84271437 0.34257162],"[[ 0.4743389  -0.42887446 -0.7686854 ]
 [ 0.6183265   0.4587119   0.1142972 ]
 [-0.52263355  0.5302688  -0.6227019 ]
 [-0.34573036 -0.56961834  0.09111328]]","[[-0.48782367  0.75304586  0.44153136]
 [ 0.6161914   0.6553219  -0.43687683]
 [ 0.6183336  -0.05894894  0.7837021 ]]"
20200223-010852.591538,39,[1.8201586  0.85020787 0.3425584 ],"[[ 0.47400698 -0.4292841  -0.7687183 ]
 [ 0.6161951   0.46074846  0.11430532]
 [-0.52433306  0.52980065 -0.62235165]
 [-0.34741238 -0.5680995   0.09319195]]","[[-0.49214673  0.7523533   0.43789947]
 [ 0.6140603   0.6565956  -0.43796366]
 [ 0.61702627 -0.05335434  0.78513175]]"
20200223-010852.591538,40,[1.8270288  0.85596853 0.34262308],"[[ 0.47371504 -0.43031052 -0.76835686]
 [ 0.6152119   0.461842    0.11461227]
 [-0.5248156   0.5295919  -0.62244266]
 [-0.34882188 -0.5666275   0.09516685]]","[[-0.49387157  0.75265646  0.4354297 ]
 [ 0.61332387  0.6564983  -0.43913978]
 [ 0.6163804  -0.05018075  0.785848  ]]"
20200223-010852.591538,41,[1.8380841  0.8597578  0.34226933],"[[ 0.47355747 -0.431038   -0.7680584 ]
 [ 0.61583114  0.46122676  0.11596272]
 [-0.52333087  0.5309586  -0.62249875]
 [-0.35017177 -0.5652956   0.09557195]]","[[-0.4920241   0.75419766  0.43485415]
 [ 0.6146194   0.65468246 -0.4400384 ]
 [ 0.6165674  -0.05076031  0.785664  ]]"
20200223-010852.591538,42,[1.8443009  0.86576617 0.3423771 ],"[[ 0.47316673 -0.43211687 -0.7677103 ]
 [ 0.6148567   0.46239564  0.11621255]
 [-0.5238779   0.53073955 -0.62255514]
 [-0.35159093 -0.5637206   0.09767613]]","[[-0.49378267  0.75448567  0.43235403]
 [ 0.61385393  0.65459347 -0.44123772]
 [ 0.61592376 -0.04752669  0.78637093]]"
20200223-010852.591538,43,[1.8538471 0.8698845 0.3418057],"[[ 0.47332805 -0.4317368  -0.7678294 ]
 [ 0.61469054  0.46240097  0.11782049]
 [-0.52312213  0.53215736 -0.6221181 ]
 [-0.35278744 -0.56266975  0.09759865]]","[[-0.49345502  0.7550826   0.4316856 ]
 [ 0.6142759   0.65392524 -0.44164097]
 [ 0.61576545 -0.04724412  0.78651184]]"
20200223-010852.591538,44,[1.8608345  0.87551266 0.3418708 ],"[[ 0.47307682 -0.43263772 -0.76747686]
 [ 0.61364174  0.46350613  0.11811294]
 [-0.5236867   0.53186804 -0.6221943 ]
 [-0.35411033 -0.5613405   0.09951228]]","[[-0.4952479   0.7552312   0.42936638]
 [ 0.6134765   0.6539689  -0.4426866 ]
 [ 0.6151229  -0.04416659  0.78719324]]"
20200223-010852.591538,45,[1.8692752  0.88233596 0.34179497],"[[ 0.472539   -0.43383202 -0.76712596]
 [ 0.61346453  0.46382073  0.11865892]
 [-0.5232055   0.53254884 -0.62230617]
 [-0.3558425  -0.55951047  0.10085949]]","[[-0.4954809   0.75641495  0.42700735]
 [ 0.6136458   0.652748   -0.44425106]
 [ 0.6147662  -0.04191336  0.7875949 ]]"
20200223-010852.591538,46,[1.8789316  0.88484687 0.3415938 ],"[[ 0.47273064 -0.43414035 -0.76682395]
 [ 0.61310196  0.46399927  0.11966051]
 [-0.52287656  0.53281176 -0.62235004]
 [-0.35669577 -0.5588726   0.10169801]]","[[-0.49530983  0.75676304  0.4265889 ]
 [ 0.6138781   0.65235764 -0.44450346]
 [ 0.61467224 -0.04170663  0.7876792 ]]"
20200223-010852.591538,47,[1.8888792  0.88856447 0.34174913],"[[ 0.47242296 -0.43573427 -0.76609486]
 [ 0.6130961   0.46406975  0.11999596]
 [-0.52238625  0.5326398  -0.6228863 ]
 [-0.3578304  -0.5577366   0.10350075]]","[[-0.49470526  0.7578206   0.4254111 ]
 [ 0.61436874  0.6511772  -0.44555497]
 [ 0.6146688  -0.04094089  0.7877222 ]]"
20200223-010852.591538,48,[1.8952755  0.89435464 0.34184596],"[[ 0.47210774 -0.4365979  -0.765766  ]
 [ 0.61203355  0.4652362   0.12024697]
 [-0.52303326  0.53233    -0.62291247]
 [-0.35911816 -0.5563834   0.10546702]]","[[-0.49651897  0.7578919   0.42316508]
 [ 0.6135371   0.65127796 -0.4465526 ]
 [ 0.6140368  -0.03790561  0.7883667 ]]"
20200223-010852.591538,49,[1.9022021  0.89685464 0.34189275],"[[ 0.4723502  -0.4367928  -0.76547104]
 [ 0.61033005  0.46653262  0.12050285]
 [-0.5243245   0.5312414  -0.6229214 ]
 [-0.35981447 -0.55618477  0.10724714]]","[[-0.49901372  0.7568827   0.42203525]
 [ 0.6122053   0.65258175 -0.4464769 ]
 [ 0.61334324 -0.03557413  0.789015  ]]"
20200223-010852.591538,50,[1.9077442  0.90387654 0.34135833],"[[ 0.4723779  -0.43579143 -0.7659747 ]
 [ 0.6085941   0.4678943   0.12151496]
 [-0.525292    0.53200513 -0.6220434 ]
 [-0.36130425 -0.555096    0.10760494]]","[[-0.5022295   0.75606734  0.41967583]
 [ 0.6106723   0.6537195  -0.44691217]
 [ 0.612246   -0.0318319   0.79002637]]"
20200223-010852.591538,51,[1.9164567 0.9091978 0.3416528],"[[ 0.47189897 -0.43749696 -0.76524967]
 [ 0.60815144  0.46848205  0.12145752]
 [-0.5253734   0.53147626 -0.6225583 ]
 [-0.362555   -0.55376357  0.10983055]]","[[-0.5026866   0.756851    0.41771132]
 [ 0.61055905  0.6529119  -0.44824523]
 [ 0.61198354 -0.02971061  0.79031223]]"
20200223-010852.591538,52,[1.9223064  0.9149793  0.34148604],"[[ 0.47206905 -0.43703473 -0.7653389 ]
 [ 0.6062196   0.4702118   0.12202846]
 [-0.5267532   0.5311482  -0.62211496]
 [-0.36356488 -0.5529767   0.11107837]]","[[-0.5059918   0.7558236   0.4155754 ]
 [ 0.6088246   0.65425867 -0.44864026]
 [ 0.61098677 -0.02600423  0.7912136 ]]"
20200223-010852.591538,53,[1.9348023  0.91988856 0.34104022],"[[ 0.47165832 -0.438086   -0.7649667 ]
 [ 0.607999    0.4687624   0.12376148]
 [-0.5240047   0.53353477 -0.6222534 ]
 [-0.36509535 -0.5510743   0.1109508 ]]","[[-0.50225496  0.7585304   0.41517654]
 [ 0.6112939   0.6510443  -0.44995666]
 [ 0.6116041  -0.02780196  0.7906752 ]]"
20200223-010852.591538,54,[1.9435924 0.9264854 0.3409518],"[[ 0.47121954 -0.43901882 -0.764641  ]
 [ 0.6077564   0.46905363  0.12432113]
 [-0.5236059   0.53411925 -0.62233526]
 [-0.366635   -0.5495161   0.11210541]]","[[-0.5025325   0.7594501   0.4131546 ]
 [ 0.6113982   0.6500524  -0.451247  ]
 [ 0.61127174 -0.02583575  0.79099894]]"
20200223-010852.591538,55,[1.951977   0.9334354  0.34089828],"[[ 0.47077954 -0.4399956  -0.7642771 ]
 [ 0.6077133   0.46943197  0.1250609 ]
 [-0.5230209   0.53486294 -0.622407  ]
 [-0.36810437 -0.54768544  0.11335674]]","[[-0.5025555   0.76054883  0.4111005 ]
 [ 0.61165667  0.64883804 -0.45264274]
 [ 0.6109946  -0.0239743   0.7912718 ]]"
20200223-010852.591538,56,[1.962047   0.93535525 0.34070772],"[[ 0.4710581  -0.44021535 -0.76393425]
 [ 0.6073054   0.4695267   0.12597401]
 [-0.52276784  0.5349198  -0.6225091 ]
 [-0.3687796  -0.54737216  0.1140928 ]]","[[-0.5023784   0.760749    0.41094664]
 [ 0.61185586  0.6486023  -0.45271143]
 [ 0.6109406  -0.02400763  0.7913124 ]]"
20200223-010852.591538,57,[1.9702123  0.9407014  0.34031296],"[[ 0.4710118  -0.4400278  -0.7639983 ]
 [ 0.6068373   0.4699142   0.12716538]
 [-0.52249825  0.5358951  -0.62211114]
 [-0.36998922 -0.5462351   0.11451299]]","[[-0.5029284   0.76105     0.40971458]
 [ 0.61178005  0.648296   -0.45325217]
 [ 0.61056393 -0.02270184  0.79164153]]"
20200223-010852.591538,58,[1.9775631  0.94427985 0.34002224],"[[ 0.47131318 -0.43942037 -0.7640801 ]
 [ 0.6052546   0.4709844   0.12791286]
 [-0.5234946   0.53566885 -0.6217078 ]
 [-0.37078777 -0.54602385  0.11532065]]","[[-0.50525254  0.76006955  0.40867338]
 [ 0.610578    0.64951545 -0.45312688]
 [ 0.6098477  -0.02058341  0.79225117]]"
20200223-010852.591538,59,[1.9863653  0.9463301  0.33962533],"[[ 0.47192502 -0.4385744  -0.7641266 ]
 [ 0.6040698   0.4716606   0.12904626]
 [-0.52397376  0.53569263 -0.6213637 ]
 [-0.3712655  -0.5460974   0.1156066 ]]","[[-0.506503    0.75933486  0.4084916 ]
 [ 0.60992783  0.65039784 -0.45273724]
 [ 0.609461   -0.01983762  0.7925678 ]]"
20200223-010852.591538,60,[1.9954985 0.9517576 0.3394883],"[[ 0.47158816 -0.43950388 -0.7637235 ]
 [ 0.604556    0.47150376  0.13009718]
 [-0.5228066   0.5367496  -0.6214746 ]
 [-0.3725454  -0.54444534  0.11649368]]","[[-0.505377    0.7607142   0.40731803]
 [ 0.61083144  0.64879537 -0.45381662]
 [ 0.60949075 -0.01945418  0.79255444]]"
20200223-010852.591538,61,[2.0037873 0.9554288 0.3394493],"[[ 0.47158602 -0.44000116 -0.76335096]
 [ 0.6039119   0.4720369   0.13070875]
 [-0.52291846  0.5366213  -0.6215638 ]
 [-0.37343428 -0.5437073   0.11776631]]","[[-0.5060555   0.76079834  0.4063172 ]
 [ 0.6105916   0.6487323  -0.45422938]
 [ 0.60916805 -0.01822863  0.79283154]]"
20200223-010852.591538,62,[2.0126228  0.957458   0.33906263],"[[ 0.47219124 -0.43916363 -0.76338696]
 [ 0.6027037   0.47273082  0.13180953]
 [-0.52343863  0.53659356 -0.6212265 ]
 [-0.3738927  -0.54380924  0.11808559]]","[[-0.5073468   0.76003504  0.40613508]
 [ 0.6099096   0.64964753 -0.45383742]
 [ 0.60877717 -0.0174527   0.7931493 ]]"
20200223-010852.591538,63,[2.0200949  0.9608922  0.33878767],"[[ 0.47247747 -0.43856022 -0.763453  ]
 [ 0.60107535  0.47379965  0.13250084]
 [-0.5245085   0.5362637  -0.6208348 ]
 [-0.37465256 -0.5436914   0.11894198]]","[[-0.50970864  0.7589837   0.40514326]
 [ 0.6086601   0.65092874 -0.45367903]
 [ 0.6080544  -0.01535044  0.793747  ]]"
20200223-010852.591538,64,[2.024608  0.9663979 0.3384323],"[[ 0.47289982 -0.43696997 -0.7639481 ]
 [ 0.59811103  0.4760425   0.13304605]
 [-0.52691305  0.53561    -0.6199523 ]
 [-0.37548804 -0.5436568   0.11975404]]","[[-0.5146833   0.75667983  0.4031588 ]
 [ 0.6058877   0.65369487 -0.4534129 ]
 [ 0.60663116 -0.01090492  0.79490864]]"
20200223-010852.591538,65,[2.028796   0.97209793 0.33811283],"[[ 0.4732247  -0.43550485 -0.7644131 ]
 [ 0.5953397   0.47825965  0.1336448 ]
 [-0.52918106  0.5350377  -0.61906457]
 [-0.37629312 -0.5434502   0.12070958]]","[[-0.5194123   0.7544977   0.40117866]
 [ 0.60324347  0.65626967 -0.4532192 ]
 [ 0.6052341  -0.00660074  0.7960202 ]]"
20200223-010852.591538,66,[2.0381079  0.97540104 0.3380794 ],"[[ 0.47336423 -0.4358785  -0.76401633]
 [ 0.59456426  0.47878322  0.13415092]
 [-0.5294349   0.5346559  -0.6192195 ]
 [-0.3769854  -0.5430648   0.12186039]]","[[-0.5201532   0.75441754  0.40036827]
 [ 0.60289335  0.656372   -0.45353666]
 [ 0.60494655 -0.00547083  0.7962474 ]]"
20200223-010852.591538,67,[2.042456   0.9809671  0.33776867],"[[ 0.47370407 -0.43439576 -0.76446694]
 [ 0.59176016  0.480983    0.13472155]
 [-0.53173107  0.53400314 -0.618352  ]
 [-0.37773964 -0.542952    0.12280639]]","[[-0.5248777   0.75215787  0.39844978]
 [ 0.60020876  0.6589821  -0.45331258]
 [ 0.6035338  -0.00121937  0.7973366 ]]"
20200223-010852.591538,68,[2.0476809  0.9894151  0.33737734],"[[ 0.4737331  -0.433135   -0.7649656 ]
 [ 0.58931553  0.48293018  0.1353124 ]
 [-0.53350013  0.5340437  -0.61748296]
 [-0.37902692 -0.5421897   0.12341978]]","[[-0.5292163   0.7505717   0.3956921 ]
 [ 0.5978494   0.66077924 -0.45381364]
 [ 0.60208476  0.00360129  0.79842395]]"
20200223-010852.591538,69,[2.0530267 0.9978556 0.3369978],"[[ 0.4737827  -0.43184915 -0.7654555 ]
 [ 0.586838    0.48490143  0.13588367]
 [-0.5353062   0.5340147  -0.6166266 ]
 [-0.38026115 -0.5414845   0.1240365 ]]","[[-0.5335778   0.7489118   0.3929708 ]
 [ 0.5954413   0.6626164  -0.45430085]
 [ 0.6006202   0.0084138   0.7994902 ]]"
20200223-010852.591538,70,[2.0618901  1.001147   0.33697394],"[[ 0.47384116 -0.4323976  -0.7649939 ]
 [ 0.5863954   0.48521894  0.13650791]
 [-0.5352002   0.53388095 -0.6168331 ]
 [-0.38101894 -0.54089373  0.12516761]]","[[-0.5339173   0.7490638   0.3922192 ]
 [ 0.5953925   0.6624339  -0.45463067]
 [ 0.6003666   0.0092108   0.7996719 ]]"
20200223-010852.591538,71,[2.0707996  1.0044217  0.33694327],"[[ 0.47389817 -0.43293446 -0.7645347 ]
 [ 0.5859569   0.48553357  0.13715395]
 [-0.5350911   0.5337582  -0.6170268 ]
 [-0.3817756  -0.5403028   0.12630543]]","[[-0.53425735  0.7492078   0.39148045]
 [ 0.59534484  0.66225976 -0.45494694]
 [ 0.6001115   0.00999291  0.799854  ]]"
20200223-010852.591538,72,[2.0778346  1.0059749  0.33681843],"[[ 0.47455508 -0.43198958 -0.76450443]
 [ 0.5834226   0.48716566  0.13751234]
 [-0.53713524  0.5322563  -0.6167393 ]
 [-0.38197014 -0.54107094  0.12749878]]","[[-0.53791124  0.74695545  0.3907801 ]
 [ 0.59311765  0.6647557  -0.45421505]
 [ 0.59905165  0.01254879  0.80061203]]"
20200223-010852.591538,73,[2.0871687  1.0120622  0.33651567],"[[ 0.474706   -0.4315625  -0.7645076 ]
 [ 0.582327    0.48794234  0.13828035]
 [-0.53752756  0.53248966 -0.6164761 ]
 [-0.38290137 -0.5404819   0.1279202 ]]","[[-0.5395223   0.7466067   0.3892225 ]
 [ 0.5923067   0.66510063 -0.45476797]
 [ 0.598405    0.01481834  0.80105674]]"
20200223-010852.591538,74,[2.096169   1.015188   0.33648774],"[[ 0.4747762  -0.4321007  -0.7640356 ]
 [ 0.58190435  0.48821795  0.13890849]
 [-0.53740776  0.5323392  -0.6166892 ]
 [-0.3836241  -0.539951    0.1290303 ]]","[[-0.53983796  0.7467327   0.38854218]
 [ 0.5922678   0.6649426  -0.4550494 ]
 [ 0.5981586   0.01553193  0.8012272 ]]"
20200223-010852.591538,75,[2.1051922 1.0184133 0.336459 ],"[[ 0.47483024 -0.43263426 -0.76356804]
 [ 0.581494    0.4885102   0.13956083]
 [-0.5372801   0.5322206  -0.6168833 ]
 [-0.38435787 -0.53937644  0.13015865]]","[[-0.5401361   0.7468784   0.38784745]
 [ 0.5922417   0.664762   -0.45534742]
 [ 0.59791553  0.01625013  0.8013944 ]]"
20200223-010852.591538,76,[2.1111305  1.0233705  0.33611068],"[[ 0.4753635  -0.43090817 -0.7639959 ]
 [ 0.57850355  0.49060637  0.14008833]
 [-0.5396566   0.5313048  -0.61609614]
 [-0.38488123 -0.53975785  0.13080949]]","[[-0.5448505   0.7443037   0.3861991 ]
 [ 0.58940375  0.66753364 -0.4549747 ]
 [ 0.5964403   0.02026603  0.80240154]]"
20200223-010852.591538,77,[2.1190274  1.0266498  0.33589786],"[[ 0.47574157 -0.43036214 -0.76391464]
 [ 0.57718706  0.49150985  0.14085837]
 [-0.54038566  0.5309777  -0.6158702 ]
 [-0.38536823 -0.5396936   0.13151857]]","[[-0.5466295   0.74338186  0.38546023]
 [ 0.58839643  0.6685109  -0.45484373]
 [ 0.59580696  0.02182757  0.802831  ]]"
20200223-010852.591538,78,[2.1253839 1.0280776 0.3355898],"[[ 0.47668648 -0.4283795  -0.76424694]
 [ 0.5738034   0.49363545  0.14133888]
 [-0.5431989   0.52926725 -0.615187  ]
 [-0.38529897 -0.54100966  0.13227002]]","[[-0.5516      0.74006253  0.3847664 ]
 [ 0.5852312   0.6720708  -0.4536801 ]
 [ 0.5943418   0.02507263  0.80382174]]"
20200223-010852.591538,79,[2.1346004  1.0312399  0.33556294],"[[ 0.4767504  -0.4289499  -0.7637507 ]
 [ 0.57351685  0.4938323   0.14201155]
 [-0.54294276  0.5292089  -0.6154198 ]
 [-0.386006   -0.5404346   0.13332771]]","[[-0.5517402   0.7402853   0.38413593]
 [ 0.5853116   0.67180395 -0.45397112]
 [ 0.5941322   0.02563485  0.8039589 ]]"
20200223-010852.591538,80,[2.1459432  1.033833   0.33572492],"[[ 0.47665304 -0.43049374 -0.76285094]
 [ 0.57399017  0.49339214  0.14241898]
 [-0.54199135  0.5290758  -0.6161511 ]
 [-0.38675815 -0.53973883  0.1346584 ]]","[[-0.5505303   0.741396    0.3837292 ]
 [ 0.58623385  0.6705904  -0.45457482]
 [ 0.59434515  0.02530221  0.8038119 ]]"
20200223-010852.591538,81,[2.1572256  1.0397764  0.33520848],"[[ 0.4765137  -0.43061024 -0.7627827 ]
 [ 0.574734    0.49272567  0.14381348]
 [-0.540462    0.5308649  -0.61599284]
 [-0.38796458 -0.53849703  0.13428812]]","[[-0.54912287  0.7428327   0.38296697]
 [ 0.5874078   0.6690062  -0.45539308]
 [ 0.5944881   0.02510899  0.80371237]]"
20200223-010852.591538,82,[2.1682405  1.0418658  0.33514515],"[[ 0.47666627 -0.4310877  -0.76231027]
 [ 0.5741268   0.49279863  0.14423046]
 [-0.5405608   0.5303576  -0.61626065]
 [-0.38853827 -0.5385482   0.1352906 ]]","[[-0.5495942   0.74268836  0.38257065]
 [ 0.5872126   0.66914564 -0.45543993]
 [ 0.59424543  0.02565681  0.8038745 ]]"
20200223-010852.591538,83,[2.179498   1.0478208  0.33508277],"[[ 0.4766703  -0.43162704 -0.7618615 ]
 [ 0.57397974  0.4930486   0.14487904]
 [-0.5401132   0.5306182  -0.6164943 ]
 [-0.38937172 -0.5376296   0.13605906]]","[[-0.54958767  0.7433623   0.38126895]
 [ 0.58737606  0.66834867 -0.4563985 ]
 [ 0.59409     0.02688274  0.80394936]]"
20200223-010852.591538,84,[2.1884513 1.0485895 0.3351317],"[[ 0.47701877 -0.43180838 -0.7613825 ]
 [ 0.5725136   0.49378914  0.14512946]
 [-0.54111946  0.5293086  -0.61669713]
 [-0.38970605 -0.5380949   0.13754387]]","[[-0.551479    0.7421641   0.38087165]
 [ 0.5862562   0.669626   -0.45596558]
 [ 0.5934429   0.02816709  0.80438304]]"
20200223-010852.591538,85,[2.1943116  1.0541059  0.33506295],"[[ 0.4771634  -0.43122816 -0.7613662 ]
 [ 0.57068235  0.49536893  0.1456243 ]
 [-0.54246366  0.5287244  -0.6163367 ]
 [-0.39034528 -0.53768224  0.13872173]]","[[-0.5543562   0.74082226  0.3793041 ]
 [ 0.5845666   0.67097884 -0.45614612]
 [ 0.59242827  0.03113889  0.8050212 ]]"
20200223-010852.591538,86,[2.2025049  1.0571858  0.33485186],"[[ 0.47753924 -0.4306787  -0.7612713 ]
 [ 0.56941676  0.4961914   0.14637837]
 [-0.5431561   0.52838    -0.6161267 ]
 [-0.39077175 -0.5377031   0.13938189]]","[[-0.55602986  0.7398903   0.37867317]
 [ 0.5835986   0.67194027 -0.45597047]
 [ 0.59181374  0.03254007  0.80541766]]"
20200223-010852.591538,87,[2.2141607  1.0576373  0.33468255],"[[ 0.47783655 -0.4312597  -0.7606969 ]
 [ 0.56967735  0.49560195  0.14728047]
 [-0.54229677  0.52850306 -0.6164992 ]
 [-0.3912209  -0.53766006  0.13991861]]","[[-0.5549889   0.7404677   0.37907097]
 [ 0.58438087  0.67135525 -0.45583013]
 [ 0.59201884  0.03145887  0.8053099 ]]"
20200223-010852.591538,88,[2.2236416  1.0644084  0.33466214],"[[ 0.47765982 -0.43190983 -0.76025677]
 [ 0.56978106  0.49590287  0.14802325]
 [-0.54165274  0.5290732  -0.6166656 ]
 [-0.39217705 -0.5362983   0.14079183]]","[[-0.55477923  0.74134904  0.37765282]
 [ 0.5847262   0.67032474 -0.45690253]
 [ 0.5918743   0.03265657  0.8053684 ]]"
20200223-010852.591538,89,[2.2339785  1.0685055  0.33427832],"[[ 0.47785392 -0.43162864 -0.7601735 ]
 [ 0.56944203  0.4959254   0.14904636]
 [-0.5412995   0.5296776  -0.6165111 ]
 [-0.3929203  -0.5359072   0.14083862]]","[[-0.5549887   0.7414879   0.3770722 ]
 [ 0.5847641   0.6701447  -0.45711848]
 [ 0.59164065  0.03319734  0.80551803]]"
20200223-010852.591538,90,[2.245539   1.0724734  0.33406565],"[[ 0.4777642  -0.43239486 -0.7596934 ]
 [ 0.5700479   0.49532282  0.15000273]
 [-0.5400512   0.53051037 -0.61677134]
 [-0.3938673  -0.5350224   0.14127229]]","[[-0.5537107   0.7426867   0.37659138]
 [ 0.58579826  0.6688336  -0.4577138 ]
 [ 0.591815    0.03283448  0.8054048 ]]"
20200223-010852.591538,91,[2.2548854  1.0807781  0.33413616],"[[ 0.4775928  -0.43281305 -0.7593233 ]
 [ 0.5693927   0.49627355  0.15042134]
 [-0.5402121   0.53053564 -0.616857  ]
 [-0.3948012  -0.5337766   0.14243904]]","[[-0.5548231   0.74290514  0.3745175 ]
 [ 0.5852758   0.66845864 -0.45892832]
 [ 0.5912896   0.03542798  0.80568063]]"
20200223-010852.591538,92,[2.2639089  1.0809882  0.33403823],"[[ 0.47834858 -0.43185148 -0.7592269 ]
 [ 0.5667304   0.49764723  0.1505203 ]
 [-0.54240304  0.5285895  -0.61670995]
 [-0.39471254 -0.5352052   0.14348322]]","[[-0.5583769   0.7403913   0.3742135 ]
 [ 0.5829434   0.6711238  -0.45800626]
 [ 0.5902475   0.03759484  0.8063464 ]]"
20200223-010852.591538,93,[2.27347    1.087624   0.33402106],"[[ 0.4781921  -0.43247202 -0.7587839 ]
 [ 0.566822    0.49792394  0.15124035]
 [-0.5417904   0.52910155 -0.6168794 ]
 [-0.39561117 -0.53393954  0.14433669]]","[[-0.5581726   0.7412099   0.3728956 ]
 [ 0.58327526  0.6701567  -0.45899874]
 [ 0.5901129   0.03869977  0.8063926 ]]"
20200223-010852.591538,94,[2.2849147  1.0892147  0.33388582],"[[ 0.47835952 -0.4329094  -0.75830835]
 [ 0.5663203   0.4978146   0.15179718]
 [-0.5417169   0.5287531  -0.61712646]
 [-0.39622763 -0.5340323   0.14519379]]","[[-0.5585314   0.74107695  0.37262273]
 [ 0.5831901   0.67028594 -0.4589185 ]
 [ 0.5898577   0.03901049  0.8065644 ]]"
20200223-010852.591538,95,[2.2946672 1.0942856 0.3337804],"[[ 0.47821817 -0.43372437 -0.75779897]
 [ 0.5671764   0.497438    0.15282759]
 [-0.54031205  0.5297853  -0.6173748 ]
 [-0.39709094 -0.5326971   0.14571528]]","[[-0.55701405  0.74251866  0.37202325]
 [ 0.5843723   0.66870826 -0.4597155 ]
 [ 0.5901224   0.03866794  0.80638736]]"
20200223-010852.591538,96,[2.3051426  1.0922326  0.33352938],"[[ 0.47904855 -0.4329486  -0.7576115 ]
 [ 0.5652873   0.49800396  0.15333492]
 [-0.5416442   0.5283542  -0.6173192 ]
 [-0.39696872 -0.5342186   0.14639154]]","[[-0.559204    0.74061376  0.3725348 ]
 [ 0.5829398   0.6707846  -0.45850766]
 [ 0.5894677   0.03923393  0.8068387 ]]"
20200223-010852.591538,97,[2.3110108  1.0993266  0.33356047],"[[ 0.4791912  -0.43206108 -0.75767916]
 [ 0.5626831   0.5002156   0.15347773]
 [-0.54380995  0.52721536 -0.6168702 ]
 [-0.39753497 -0.53399575  0.14777654]]","[[-0.5633296   0.73855907  0.37039208]
 [ 0.5803866   0.67278445 -0.4588164 ]
 [ 0.58805704  0.04349427  0.8076492 ]]"
20200223-010852.591538,98,[2.3156788 1.1045879 0.33373  ],"[[-0.47948995 -0.4308696  -0.75777686]
 [-0.5588625   0.50305444  0.1531133 ]
 [ 0.5472732   0.52483183 -0.616378  ]
 [ 0.39781174 -0.5346393   0.14969438]]","[[ 0.5691586   0.73510665  0.36834314]
 [-0.5766044   0.6762072  -0.4585534 ]
 [-0.586162    0.04860129  0.8087348 ]]"
20200223-010852.591538,99,[2.326476   1.106095   0.33349404],"[[-0.47993883 -0.430388   -0.75763786]
 [-0.557507    0.5034922   0.15359513]
 [ 0.54809237  0.5240698  -0.6162987 ]
 [ 0.3980447  -0.5353623   0.15023229]]","[[ 0.57082814  0.7339316   0.36810306]
 [-0.57555664  0.6774078  -0.4580974 ]
 [-0.585568    0.04963077  0.8091026 ]]"
20200223-010852.591538,100,[2.3372076  1.1103623  0.33378688],"[[-0.47985747 -0.43165052 -0.75680524]
 [-0.5573314   0.50372136  0.15365088]
 [ 0.5479112   0.5234188  -0.6169313 ]
 [ 0.39863744 -0.5347667   0.15176558]]","[[ 0.5708896   0.7343523   0.36716738]
 [-0.57562435  0.67688245 -0.45878863]
 [-0.58544165  0.05056717  0.80913603]]"
20200223-010852.591538,101,[2.34782    1.1164135  0.33371288],"[[-0.47973973 -0.43214822 -0.7564177 ]
 [-0.5572517   0.5038766   0.15424712]
 [ 0.5474705   0.52376884 -0.6170865 ]
 [ 0.39949533 -0.533875    0.15246136]]","[[ 0.5708909   0.73491424  0.3660392 ]
 [-0.5758045   0.676194   -0.45957693]
 [-0.5852631   0.05160127  0.8092    ]]"
20200223-010852.591538,102,[2.35653    1.1206331  0.33359075],"[[-0.48013437 -0.43134278 -0.7563775 ]
 [-0.5552702   0.5052174   0.15465708]
 [ 0.54891604  0.5228328  -0.61682063]
 [ 0.39979625 -0.5341767   0.15331893]]","[[ 0.5737126   0.7332669   0.36492947]
 [-0.57400835  0.67778206 -0.4594844 ]
 [-0.58426744  0.05413947  0.8097535 ]]"
20200223-010852.591538,103,[2.3698115 1.1244224 0.3335912],"[[-0.4799872  -0.43309635 -0.755426  ]
 [-0.5571274   0.5039697   0.15560052]
 [ 0.5465543   0.52394575 -0.61760736]
 [ 0.40062392 -0.53284425  0.15388632]]","[[ 0.57067037  0.73571813  0.36476564]
 [-0.57623816  0.67524517 -0.46042764]
 [-0.58505136  0.05256056  0.80929124]]"
20200223-010852.591538,104,[2.3795855  1.1244884  0.33361104],"[[-0.4803157  -0.4333084  -0.754916  ]
 [-0.55586964  0.50442207  0.15591359]
 [ 0.54734534  0.52273846 -0.6178171 ]
 [ 0.40089765 -0.5334291   0.15522394]]","[[ 0.5722345   0.73457795  0.36461315]
 [-0.57529867  0.6764199  -0.4598777 ]
 [-0.58444774  0.05339646  0.80967253]]"
20200223-010852.591538,105,[2.3893936  1.128074   0.33306748],"[[-0.4805964  -0.43223166 -0.7551929 ]
 [-0.55479574  0.5047746   0.15691327]
 [ 0.5478147   0.52304953 -0.6172586 ]
 [ 0.40140694 -0.5336642   0.1550924 ]]","[[ 0.57364655  0.733698    0.36416578]
 [-0.5745007   0.6772921  -0.45959142]
 [-0.58384794  0.05442958  0.8100364 ]]"
20200223-010852.591538,106,[2.3992217 1.1306366 0.3330201],"[[-0.48071134 -0.43272412 -0.754679  ]
 [-0.5546779   0.5047864   0.15761231]
 [ 0.54744977  0.5230134  -0.6174898 ]
 [ 0.40193006 -0.5332895   0.15596214]]","[[ 0.5736001   0.7338882   0.36385563]
 [-0.5746798   0.6770741  -0.4596889 ]
 [-0.5837175   0.05457715  0.8101205 ]]"
20200223-010852.591538,107,[2.41123    1.1360831  0.33251125],"[[-0.4806635  -0.4328076  -0.75457776]
 [-0.555537    0.50403833  0.15893689]
 [ 0.54594314  0.5246426  -0.6173839 ]
 [ 0.4028491  -0.5323281   0.15552701]]","[[ 0.5721308   0.7352463   0.36342704]
 [-0.5758767   0.6756405  -0.46029976]
 [-0.5839798   0.05406253  0.8099659 ]]"
20200223-010852.591538,108,[2.4234595  1.1391236  0.33215684],"[[-0.48082387 -0.43272522 -0.754429  ]
 [-0.55529994  0.50377     0.15971921]
 [ 0.5456563   0.52491856 -0.6173276 ]
 [ 0.40337276 -0.5323769   0.1556707 ]]","[[ 0.57221955  0.7352944   0.3631901 ]
 [-0.5759407   0.67557526 -0.46031567]
 [-0.58382964  0.05422564  0.8100632 ]]"
20200223-010852.591538,109,[2.4356503  1.1410611  0.33230126],"[[-0.4808261  -0.4341685  -0.75350636]
 [-0.55593204  0.50320184  0.16017537]
 [ 0.5446219   0.5247827  -0.61804336]
 [ 0.40389693 -0.5318729   0.15682465]]","[[ 0.5709375   0.73633677  0.36309567]
 [-0.5769066   0.6744924  -0.4606937 ]
 [-0.58413106  0.05355503  0.80989057]]"
20200223-010852.591538,110,[2.4481425  1.1449378  0.33214414],"[[-0.4809593  -0.43482593 -0.7529567 ]
 [-0.5567039   0.50268686  0.16115604]
 [ 0.54331106  0.5255089  -0.61838204]
 [ 0.40444055 -0.5311051   0.15712678]]","[[ 0.5694949   0.7375799   0.36283815]
 [-0.5779882   0.67317927 -0.46125838]
 [-0.58447     0.05296811  0.8096847 ]]"
20200223-010852.591538,111,[2.4592288  1.1443013  0.33220014],"[[-0.4814111  -0.43495682 -0.7524429 ]
 [-0.55513185  0.50319564  0.16120389]
 [ 0.54446775  0.5238376  -0.61865735]
 [ 0.4045087  -0.53216636  0.15844889]]","[[ 0.5713502   0.73614866  0.36282802]
 [-0.57677114  0.6746706  -0.46060252]
 [-0.5838613   0.05389659  0.81006247]]"
20200223-010852.591538,112,[2.4679577  1.1444101  0.33207792],"[[-0.4819373  -0.43415335 -0.7523394 ]
 [-0.55282617  0.5043001   0.16149388]
 [ 0.54628736  0.5222893  -0.6184323 ]
 [ 0.4045856  -0.5332974   0.1595199 ]]","[[ 0.5744112   0.73388445  0.36258176]
 [-0.5747778   0.67699134 -0.4596882 ]
 [-0.5828226   0.05564609  0.8106919 ]]"
20200223-010852.591538,113,[2.4801662  1.1499535  0.33156797],"[[-0.48189342 -0.43422088 -0.7522346 ]
 [-0.5537034   0.50360215  0.16284242]
 [ 0.54478574  0.52392167 -0.6183098 ]
 [ 0.40546197 -0.5322995   0.15911694]]","[[ 0.57296324  0.7352292   0.36214775]
 [-0.5759503   0.6755701  -0.46031088]
 [-0.5830903   0.0551621   0.8105324 ]]"
20200223-010852.591538,114,[2.4900618  1.1524167  0.33152753],"[[-0.48199672 -0.43469813 -0.75172085]
 [-0.55354947  0.50364476  0.1635265 ]
 [ 0.54448724  0.5238298  -0.6185164 ]
 [ 0.40595043 -0.53195995  0.1600376 ]]","[[ 0.5729821   0.7353554   0.36186188]
 [-0.5760724   0.67541903 -0.46038   ]
 [-0.5829513   0.0553308   0.8106209 ]]"
20200223-010852.591538,115,[2.5025127  1.1535523  0.33145276],"[[-0.48216623 -0.43522248 -0.7511975 ]
 [-0.55316204  0.5034476   0.16395001]
 [ 0.54444534  0.5232968  -0.6188062 ]
 [ 0.4063332  -0.53224295  0.1609395 ]]","[[ 0.57320875  0.7352061   0.36180627]
 [-0.5760088   0.6755758  -0.46022987]
 [-0.5827913   0.05540417  0.8107309 ]]"
20200223-010852.591538,116,[2.5151622  1.1549661  0.33099887],"[[-0.4824853  -0.43526337 -0.75094295]
 [-0.5537443   0.50263184  0.16517602]
 [ 0.5432889   0.52413225 -0.61885   ]
 [ 0.40670937 -0.5321585   0.16070646]]","[[ 0.571941    0.7359651   0.36226904]
 [-0.576953    0.67485106 -0.46011007]
 [-0.58310264  0.0541436   0.8105921 ]]"
20200223-010852.591538,117,[2.5261836 1.1625525 0.33102  ],"[[-0.4823566  -0.43540606 -0.7506654 ]
 [-0.55276954  0.5035073   0.1654294 ]
