Timestamp,Epoch,s,u,v
20200221-173449.401599,0,[1.8303475  1.4083989  0.78330046],"[[ 0.26211447 -0.49116662  0.6647657 ]
 [ 0.6583358  -0.5022713  -0.2575158 ]
 [ 0.65950763  0.50635475 -0.2555641 ]
 [ 0.2508786   0.5000836   0.6530386 ]]","[[ 0.50107634 -0.7018542   0.50628376]
 [ 0.71630764  0.0080806  -0.6977379 ]
 [ 0.4856192   0.71227473  0.50679255]]"
20200221-173449.401599,1,[1.8110583  1.4149112  0.78020984],"[[ 0.2520857  -0.49122164  0.6687842 ]
 [ 0.6618184  -0.5024368  -0.24756916]
 [ 0.6636654   0.5061675  -0.24543352]
 [ 0.2408265   0.50005305  0.6566581 ]]","[[ 0.49607193 -0.70187616  0.51115817]
 [ 0.7230104   0.00792342 -0.69079185]
 [ 0.48080018  0.712255    0.5113944 ]]"
20200221-173449.401599,2,[1.7907218  1.4214629  0.77783394],"[[ 0.2407661  -0.49223563  0.67207646]
 [ 0.66242564 -0.5060374  -0.23883852]
 [ 0.66924554  0.50254637 -0.23720373]
 [ 0.23523237  0.4990763   0.6595481 ]]","[[ 0.4884996  -0.7037733   0.5158208 ]
 [ 0.72894233  0.00422984 -0.68456197]
 [ 0.4795946   0.7104119   0.5150765 ]]"
20200221-173449.401599,3,[1.7678305 1.4281713 0.774886 ],"[[ 0.23139335 -0.4921881   0.675452  ]
 [ 0.6661603  -0.50547874 -0.22929387]
 [ 0.6723042   0.5031039  -0.22730376]
 [ 0.2251533   0.49912748  0.6629645 ]]","[[ 0.48390055 -0.7034869   0.5205251 ]
 [ 0.7356816   0.00489048 -0.6773096 ]
 [ 0.4739328   0.7106913   0.5199091 ]]"
20200221-173449.401599,4,[1.7489375  1.4350752  0.77222806],"[[ 0.21926484  0.4932956   0.6785795 ]
 [ 0.66602224  0.5098121  -0.22027653]
 [ 0.67824996 -0.4986836  -0.21879815]
 [ 0.21980454 -0.49806166  0.6656842 ]]","[[ 4.7527066e-01  7.0580870e-01  5.2531123e-01]
 [ 7.4173313e-01 -2.8391907e-04 -6.7069501e-01]
 [ 4.7323313e-01 -7.0840251e-01  5.2365661e-01]]"
20200221-173449.401599,5,[1.7352072  1.4420341  0.76911205],"[[ 0.21397378 -0.4921539   0.68128747]
 [ 0.6724984  -0.5046587  -0.21167892]
 [ 0.6776359   0.50388205 -0.20916624]
 [ 0.20681123  0.49920663  0.6687967 ]]","[[ 0.47529063 -0.7030982   0.5289159 ]
 [ 0.7476257   0.00581587 -0.66409516]
 [ 0.46384782  0.71106917  0.5284184 ]]"
20200221-173449.401599,6,[1.7148324 1.4489442 0.7658164],"[[ 0.20421636 -0.49213633  0.68431944]
 [ 0.6757723  -0.50427705 -0.20184803]
 [ 0.68040574  0.5042597  -0.19909178]
 [ 0.19665922  0.49922758  0.67180836]]","[[ 0.4702245  -0.7029102   0.5336723 ]
 [ 0.7543651   0.0062672  -0.6564249 ]
 [ 0.45806313  0.711251    0.5331979 ]]"
20200221-173449.401599,7,[1.7049344  1.4558277  0.76154894],"[[ 0.19404988 -0.49214384  0.6871562 ]
 [ 0.6798807  -0.5030396  -0.19131838]
 [ 0.6824566   0.5054782  -0.18816522]
 [ 0.1853639   0.49923682  0.67513525]]","[[ 0.46600387 -0.7024169   0.5380063 ]
 [ 0.7608089   0.00770372 -0.64893043]
 [ 0.451675    0.711724    0.5379949 ]]"
20200221-173449.401599,8,[1.6947098 1.4629409 0.7580236],"[[ 0.18991983 -0.49084735  0.6894303 ]
 [ 0.68719673 -0.4959918  -0.182661  ]
 [ 0.6800479   0.51248705 -0.1783677 ]
 [ 0.1709567   0.50041825  0.6778687 ]]","[[ 0.4677519  -0.6986599   0.5413712 ]
 [ 0.76636493  0.01544292 -0.64222   ]
 [ 0.44033292  0.7152875   0.5426519 ]]"
20200221-173449.401599,9,[1.673772   1.4700425  0.75381917],"[[ 0.18557803 -0.489143    0.69203925]
 [ 0.69659555 -0.48625374 -0.17206825]
 [ 0.67603135  0.52202785 -0.1664292 ]
 [ 0.1526348   0.5017804   0.6810111 ]]","[[ 0.47046787 -0.69330424  0.54588425]
 [ 0.77348816  0.02626712 -0.63326645]
 [ 0.42470747  0.7201663   0.54862046]]"
20200221-173449.401599,10,[1.6535935 1.4774383 0.7494809],"[[ 0.16983315 -0.4904961   0.6950012 ]
 [ 0.69536877 -0.49216044 -0.16038832]
 [ 0.68290657  0.51622534 -0.15543823]
 [ 0.14579903  0.5007029   0.68343854]]","[[ 0.4586914  -0.69654757  0.5517463 ]
 [ 0.7810438   0.01992858 -0.6241584 ]
 [ 0.42376032  0.71723396  0.5531752 ]]"
20200221-173449.401599,11,[1.6422249  1.4846051  0.74521965],"[[ 0.16046262 -0.49038014  0.69749445]
 [ 0.6981398  -0.49114212 -0.15030645]
 [ 0.68461347  0.51721346 -0.14512098]
 [ 0.13474964  0.50079685  0.685456  ]]","[[ 0.4542872  -0.69587946  0.55621517]
 [ 0.7871241   0.02114026 -0.61643285]
 [ 0.41720417  0.71784765  0.5573471 ]]"
20200221-173449.401599,12,[1.6333656  1.491797   0.73972404],"[[ 0.15799199 -0.48849624  0.69943184]
 [ 0.7097747  -0.477486   -0.13920328]
 [ 0.6770299   0.5303864  -0.13270819]
 [ 0.11352848  0.5020644   0.68833566]]","[[ 0.4608141  -0.68848574  0.5600336 ]
 [ 0.7932223   0.03648318 -0.60783815]
 [ 0.39805618  0.7243317   0.5629343 ]]"
20200221-173449.401599,13,[1.6160309 1.499018  0.7350815],"[[ 0.16014878 -0.48540562  0.70128477]
 [ 0.7243213  -0.45789793 -0.12867063]
 [ 0.6647168   0.548724   -0.12088698]
 [ 0.0886738   0.50359976  0.69067377]]","[[ 0.47225583 -0.677207    0.56423855]
 [ 0.79891694  0.0583859  -0.59860086]
 [ 0.37243307  0.7334723   0.5686052 ]]"
20200221-173449.401599,14,[1.6068332 1.5062244 0.7305374],"[[ 0.15596062 -0.4844729   0.7027622 ]
 [ 0.7317956  -0.44877487 -0.1188667 ]
 [ 0.65943015  0.55698514 -0.11078782]
 [ 0.07282446  0.50364137  0.6926198 ]]","[[ 0.47509187 -0.67202896  0.56803584]
 [ 0.8037861   0.06874894 -0.5909326 ]
 [ 0.35807207  0.7373266   0.5728297 ]]"
20200221-173449.401599,15,[1.5961764  1.5131304  0.72527516],"[[ 0.16719297 -0.47902355  0.70397913]
 [ 0.75344795 -0.41415653 -0.1084567 ]
 [ 0.6347236   0.587145   -0.09894119]
 [ 0.03859139  0.50425404  0.6948822 ]]","[[ 0.49902254 -0.6514064   0.5715299 ]
 [ 0.8060317   0.10668596 -0.582178  ]
 [ 0.31826016  0.751191    0.5782929 ]]"
20200221-173449.401599,16,[1.5901853  1.521163   0.72122836],"[[ 0.15503457 -0.48076823  0.7054455 ]
 [ 0.7518238  -0.41954714 -0.099609  ]
 [ 0.6399712   0.5825199  -0.09094422]
 [ 0.03409192  0.50350064  0.6958119 ]]","[[ 0.49019942 -0.65462995  0.5754688 ]
 [ 0.8113021   0.10137245 -0.5757713 ]
 [ 0.31858036  0.74912167  0.58079535]]"
20200221-173449.401599,17,[1.5774376 1.5287095 0.7151725],"[[ 0.16678444 -0.47459295  0.70699304]
 [ 0.7733813  -0.38122427 -0.08758865]
 [ 0.6116006   0.61395746 -0.07861312]
 [-0.00300591  0.5024793   0.6973585 ]]","[[ 0.515444   -0.630564    0.580264  ]
 [ 0.811963    0.14293222 -0.5659382 ]
 [ 0.27392182  0.76286244  0.5856683 ]]"
20200221-173449.401599,18,[1.5630825  1.536573   0.71021825],"[[ 0.18234637 -0.46639836  0.70847714]
 [ 0.7948911  -0.33708364 -0.07647913]
 [ 0.57722193  0.6473621  -0.06843524]
 [-0.04138063  0.4997696   0.69823176]]","[[ 0.54396856 -0.60114074  0.58542955]
 [ 0.808721    0.18954448 -0.55681497]
 [ 0.22375931  0.77633923  0.5892616 ]]"
20200221-173449.401599,19,[1.5610927  1.5415913  0.70419604],"[[ 0.28604585 -0.41015798  0.7091821 ]
 [ 0.855229   -0.12326871 -0.06657498]
 [ 0.39451346  0.7735123  -0.05706936]
 [-0.17640895  0.46717656  0.699551  ]]","[[ 0.67405087 -0.44670573  0.58831054]
 [ 0.7385363   0.3915701  -0.5488504 ]
 [ 0.01480981  0.80444187  0.5938467 ]]"
20200221-173449.401599,20,[1.5586962 1.5474737 0.7001566],"[[ 0.39273658 -0.30676225  0.71039164]
 [ 0.85203326  0.14720668 -0.0584051 ]
 [ 0.13690154  0.8578956  -0.04993847]
 [-0.3178921   0.38502213  0.69959885]]","[[ 0.7757473  -0.21849696  0.5920093 ]
 [ 0.58427024  0.60313964 -0.54300153]
 [-0.23842016  0.7671255   0.5955453 ]]"
20200221-173449.401599,21,[1.5629748  1.5450287  0.69540626],"[[ 0.48190534 -0.12425157  0.71075624]
 [ 0.7139596   0.48889136 -0.04974043]
 [-0.23202024  0.8375533  -0.04105746]
 [-0.45187977  0.20988336  0.70047545]]","[[ 0.7949036   0.11905529  0.5949403 ]
 [ 0.28206167  0.7956475  -0.53608406]
 [-0.53718644  0.5939451   0.5988822 ]]"
20200221-173449.401599,22,[1.568972  1.5431672 0.6913761],"[[-0.49553365 -0.03274096  0.71121615]
 [-0.6016513   0.6228394  -0.0419124 ]
 [ 0.39511836  0.77412957 -0.03422415]
 [ 0.4861514   0.10826905  0.70088774]]","[[-0.7536921   0.2725476   0.5980517 ]
 [-0.11733413  0.8395431  -0.5304714 ]
 [ 0.646669    0.46998397  0.6007779 ]]"
20200221-173449.401599,23,[1.5766115  1.5334179  0.68712264],"[[-0.49589717 -0.01165216  0.7116393 ]
 [-0.5634587   0.6580581  -0.0334627 ]
 [ 0.44057098  0.7495572  -0.02563295]
 [ 0.4924403   0.07062218  0.70127904]]","[[-0.73566544  0.31177154  0.6013274 ]
 [-0.06743114  0.84965116 -0.52301586]
 [ 0.67398006  0.4253129   0.6040361 ]]"
20200221-173449.401599,24,[1.5844613 1.5283673 0.6823023],"[[-0.49555153 -0.0113794   0.7119172 ]
 [-0.5518736   0.6681353  -0.02520628]
 [ 0.45361054  0.7420168  -0.01710187]
 [ 0.49406675  0.05363744  0.7016026 ]]","[[-0.7298556   0.31987146  0.6041468 ]
 [-0.05278702  0.85476035 -0.51633185]
 [ 0.68156046  0.4087387   0.60696644]]"
20200221-173449.401599,25,[1.5923804  1.5192803  0.67805314],"[[-0.4952717  -0.01192038  0.7121288 ]
 [-0.5414177   0.6768626  -0.01705673]
 [ 0.4650991   0.73504394 -0.00878303]
 [ 0.4952326   0.03774644  0.70178646]]","[[-0.7245556   0.32605347  0.60721374]
 [-0.03969472  0.8598164  -0.5090581 ]
 [ 0.68807256  0.392944    0.61004215]]"
20200221-173449.401599,26,[1.600811   1.5084645  0.67305654],"[[-0.49515572 -0.02709379  0.7119721 ]
 [-0.5494509   0.67031807 -0.00836882]
 [ 0.45625925  0.74079216  0.00123761]
 [ 0.4947244   0.03415605  0.7021568 ]]","[[-0.7289746   0.31089726  0.60986805]
 [-0.05030259  0.8641781  -0.5006655 ]
 [ 0.6826902   0.39565027  0.614325  ]]"
20200221-173449.401599,27,[1.6093355  1.5015023  0.66947407],"[[-0.4949969  -0.03876455  0.71170986]
 [-0.55605006  0.6647088  -0.00213882]
 [ 0.44886914  0.7454087   0.00873589]
 [ 0.4942704   0.03203078  0.70241624]]","[[-0.73262817  0.29876336  0.61155266]
 [-0.05916176  0.86715674 -0.49450916]
 [ 0.67805314  0.3984718   0.6176281 ]]"
20200221-173449.401599,28,[1.6173439  1.4963847  0.66391414],"[[-0.49479678 -0.03479509  0.71194905]
 [-0.5382802   0.6792722   0.0073551 ]
 [ 0.46842185  0.73298985  0.01718288]
 [ 0.49599558  0.01022987  0.70198256]]","[[-0.72327375  0.31340492  0.6153474 ]
 [-0.03637474  0.8725553  -0.48715913]
 [ 0.6896027   0.37473252  0.6196964 ]]"
20200221-173449.401599,29,[1.625401  1.4906981 0.660391 ],"[[-0.49466857 -0.04682095  0.7115079 ]
 [-0.54599094  0.6728162   0.01316702]
 [ 0.46004474  0.73826957  0.0243848 ]
 [ 0.4955362   0.00918923  0.7021316 ]]","[[-0.7275459   0.30055836  0.6167186 ]
 [-0.0464959   0.87526095 -0.48141077]
 [ 0.6844817   0.3789233   0.6228179 ]]"
20200221-173449.401599,30,[1.6335065  1.4907042  0.65440524],"[[-0.4943572  -0.04567968  0.7118359 ]
 [-0.5329827   0.68290794  0.0219947 ]
 [ 0.47408628  0.72902495  0.03217981]
 [ 0.49677223 -0.00850424  0.70126307]]","[[-0.7203455   0.3108178   0.62007636]
 [-0.02986043  0.87925184 -0.47542033]
 [ 0.69297236  0.36098263  0.6240839 ]]"
20200221-173449.401599,31,[1.6422329 1.4843377 0.6482428],"[[-0.49422666 -0.0528449   0.7114617 ]
 [-0.5296992   0.6850642   0.03141769]
 [ 0.47753826  0.7262816   0.04167132]
 [ 0.49710792 -0.02025044  0.70078444]]","[[-0.71863526  0.3086382   0.62314224]
 [-0.02584173  0.8836362  -0.46746084]
 [ 0.6949072   0.35203692  0.6270362 ]]"
20200221-173449.401599,32,[1.6506543 1.4833096 0.6442678],"[[-0.49418095 -0.05133213  0.71148986]
 [-0.51911104  0.6929338   0.0378983 ]
 [ 0.48862723  0.7183896   0.04695999]
 [ 0.4975463  -0.03352964  0.7001005 ]]","[[-0.71276146  0.31687766  0.62574744]
 [-0.01234396  0.8863273  -0.4628952 ]
 [ 0.70129794  0.33765796  0.6278283 ]]"
20200221-173449.401599,33,[1.6593632 1.4858336 0.6418559],"[[-0.49412218 -0.06044626  0.7109872 ]
 [-0.52728945  0.6863822   0.04062148]
 [ 0.48004556  0.72405213  0.05103071]
 [ 0.49735802 -0.03121253  0.7001734 ]]","[[-0.7174131   0.30636796  0.6256654 ]
 [-0.02291468  0.88724476 -0.46072954]
 [ 0.6962711   0.34487033  0.6295007 ]]"
20200221-173449.401599,34,[1.667466  1.4919358 0.6382856],"[[-0.49399945 -0.05222053  0.71160185]
 [-0.5097204   0.6993521   0.04586922]
 [ 0.49823186  0.711276    0.05392812]
 [ 0.4979103  -0.04760523  0.69900656]]","[[-7.0729810e-01  3.2406950e-01  6.2825841e-01]
 [-4.7511936e-04  8.8851362e-01 -4.5884994e-01]
 [ 7.0691532e-01  3.2484213e-01  6.2828994e-01]]"
20200221-173449.401599,35,[1.6755993 1.4872637 0.6349671],"[[ 0.49396217 -0.05234532  0.71148854]
 [ 0.5015208   0.7049673   0.05211844]
 [-0.5065255   0.70484924  0.05905801]
 [-0.49790582 -0.05889656  0.69826955]]","[[ 0.70254487  0.32912663  0.63095677]
 [-0.00991409  0.89106476 -0.45376813]
 [-0.71157044  0.31253716  0.62927604]]"
20200221-173449.401599,36,[1.6840374  1.4838187  0.63240975],"[[ 0.4940025  -0.05746745  0.711095  ]
 [ 0.50233144  0.7040136   0.05655955]
 [-0.5057177   0.7050599   0.06371909]
 [-0.49786955 -0.06287255  0.6979147 ]]","[[ 0.70301294  0.32539037  0.6323718 ]
 [-0.00893906  0.89316314 -0.44964427]
 [-0.7111209   0.31045282  0.6308139 ]]"
20200221-173449.401599,37,[1.6924071  1.4864092  0.62748027],"[[ 0.49423227 -0.06387957  0.710285  ]
 [ 0.50278974  0.70331717  0.06241416]
 [-0.505237    0.70469815  0.06971199]
 [-0.49766648 -0.06829908  0.6976677 ]]","[[ 0.70349103  0.3221601   0.6334931 ]
 [-0.00837888  0.89505726 -0.44587275]
 [-0.7106548   0.3083596   0.6323641 ]]"
20200221-173449.401599,38,[1.7010818  1.4801763  0.62358207],"[[ 0.49422115 -0.06123253  0.71026945]
 [ 0.48921555  0.712406    0.07000293]
 [-0.5186429   0.6940453   0.07493743]
 [-0.4974166  -0.08384133  0.6964203 ]]","[[ 0.69537216  0.33216393  0.63727915]
 [-0.02556525  0.89764535 -0.43997672]
 [-0.718195    0.28965533  0.63268936]]"
20200221-173449.401599,39,[1.7096149 1.4788483 0.6191427],"[[ 0.4943476  -0.06820947  0.709586  ]
 [ 0.49064496  0.7107827   0.0758362 ]
 [-0.5172513   0.6944387   0.08107981]
 [-0.49733168 -0.08882723  0.6958177 ]]","[[ 0.69621533  0.32745993  0.63879114]
 [-0.02387832  0.8999605  -0.43531686]
 [-0.7174356   0.28782102  0.6343856 ]]"
20200221-173449.401599,40,[1.7184374  1.477437   0.61486185],"[[-0.49421564 -0.06593787 -0.7097938 ]
 [-0.47858515  0.71831256 -0.08271252]
 [ 0.52886367  0.68493026 -0.08570109]
 [ 0.49700144 -0.10271302 -0.69426733]]","[[-0.68863803  0.33674204 -0.6421703 ]
 [ 0.03907035  0.9015688   0.43086833]
 [ 0.724052    0.27162257 -0.63401103]]"
20200221-173449.401599,41,[1.7275664 1.4743396 0.612447 ],"[[-0.49412325 -0.06329554 -0.7098614 ]
 [-0.46813846  0.72480845 -0.0879189 ]
 [ 0.5386934   0.6765583  -0.08865942]
 [ 0.49648592 -0.11364415 -0.69318587]]","[[-0.6819782   0.3446727  -0.64506316]
 [ 0.05220042  0.9026795   0.42713565]
 [ 0.72950727  0.25762448 -0.6335998 ]]"
20200221-173449.401599,42,[1.7366967 1.4742966 0.6089542],"[[-0.49409184 -0.06541637 -0.7097626 ]
 [-0.46445468  0.7264889  -0.09284084]
 [ 0.54208475  0.6733258  -0.09284687]
 [ 0.49628565 -0.12069695 -0.69209653]]","[[-0.6793872   0.34605783 -0.6470528 ]
 [ 0.056911    0.9040018   0.42372465]
 [ 0.73156995  0.25104865 -0.63386166]]"
20200221-173449.401599,43,[1.745218  1.4790428 0.6050164],"[[-0.4946309  -0.07436213 -0.70856166]
 [-0.4717961   0.72125703 -0.09614114]
 [ 0.5351921   0.6781684  -0.0977016 ]
 [ 0.49630493 -0.11977666 -0.6922081 ]]","[[-0.6842698   0.33725473 -0.6465557 ]
 [ 0.04790736  0.905504    0.42162487]
 [ 0.7276537   0.2575304  -0.635766  ]]"
20200221-173449.401599,44,[1.7537876 1.4809911 0.6023131],"[[-0.49461806 -0.07866006 -0.7082866 ]
 [-0.4734055   0.7195829  -0.09927066]
 [ 0.53367627  0.6790378  -0.10125111]
 [ 0.49641728 -0.12215227 -0.6915374 ]]","[[-0.68506235  0.33423585 -0.64728373]
 [ 0.04600714  0.90661114  0.4194517 ]
 [ 0.7270304   0.2575708  -0.6364624 ]]"
20200221-173449.401599,45,[1.7630231  1.4826303  0.59708935],"[[-0.494689   -0.08163438 -0.7079592 ]
 [-0.4691821   0.72141033 -0.10545187]
 [ 0.5376069   0.67513466 -0.10658441]
 [ 0.4961143  -0.13075219 -0.6901543 ]]","[[-0.6822105   0.335931   -0.6494145 ]
 [ 0.05141428  0.90804505  0.41570535]
 [ 0.7293458   0.2502093  -0.6367495 ]]"
20200221-173449.401599,46,[1.7723552  1.4813496  0.59315276],"[[-0.4946511  -0.08085973 -0.7079932 ]
 [-0.46023858  0.72634023 -0.11148218]
 [ 0.5458716   0.6677028  -0.1105374 ]
 [ 0.4955047  -0.14164892 -0.6885482 ]]","[[-0.6762122   0.34222445 -0.6523952 ]
 [ 0.06271243  0.9090814   0.41187158]
 [ 0.7340329   0.2375992  -0.6361937 ]]"
20200221-173449.401599,47,[1.7817206  1.4815047  0.58993244],"[[-0.4946673  -0.08301499 -0.7078099 ]
 [-0.457437    0.7273548  -0.11579395]
 [ 0.5484077   0.6650559  -0.11420033]
 [ 0.49528238 -0.14752702 -0.6874267 ]]","[[-0.6741115   0.3430599  -0.6541282 ]
 [ 0.06636846  0.9101473   0.40893406]
 [ 0.7356418   0.2322537  -0.63630927]]"
20200221-173449.401599,48,[1.7904799  1.4841136  0.58743936],"[[-0.49485373 -0.08715066 -0.70722884]
 [-0.4593829   0.7256513  -0.118452  ]
 [ 0.54663306  0.6660329  -0.11730709]
 [ 0.49525726 -0.14911571 -0.68704844]]","[[-0.67532253  0.34006262 -0.65444404]
 [ 0.06409482  0.91105825  0.40726504]
 [ 0.7347323   0.23308879 -0.6370544 ]]"
20200221-173449.401599,49,[1.7992191 1.479478  0.5840093],"[[-0.49499413 -0.09447286 -0.7062543 ]
 [-0.46272022  0.72264326 -0.12331389]
 [ 0.54356825  0.66765153 -0.12269532]
 [ 0.495383   -0.15199603 -0.68625355]]","[[-0.6772919   0.33353257 -0.6557679 ]
 [ 0.06019252  0.9134678   0.40243405]
 [ 0.7332479   0.2330931  -0.63876057]]"
20200221-173449.401599,50,[1.8088002 1.4773843 0.5794506],"[[-0.4952167  -0.0987118  -0.70546013]
 [-0.46051788  0.7230806  -0.12924583]
 [ 0.5455657   0.66494876 -0.12789437]
 [ 0.4950169  -0.1589147  -0.685029  ]]","[[-0.6757306   0.33266833 -0.65781456]
 [ 0.06317388  0.9152282   0.3979527 ]
 [ 0.7344368   0.22735222 -0.63946366]]"
20200221-173449.401599,51,[1.8174227 1.4870319 0.575675 ],"[[-0.4954263  -0.09821686 -0.7054281 ]
 [-0.45589015  0.72544086 -0.1321792 ]
 [ 0.5497669   0.66106457 -0.13005798]
 [ 0.49444237 -0.16456793 -0.68409437]]","[[-0.67267746  0.33749405 -0.6584856 ]
 [ 0.06899551  0.9146542   0.39830595]
 [ 0.73671234  0.22249891 -0.63855267]]"
20200221-173449.401599,52,[1.8254946 1.4874057 0.5719721],"[[-0.4955487  -0.11025885 -0.70388174]
 [-0.46794382  0.7168509  -0.1350009 ]
 [ 0.5386854   0.66935045 -0.13594112]
 [ 0.49525553 -0.1610524  -0.6839922 ]]","[[-0.6804563   0.3234397  -0.65754545]
 [ 0.05410111  0.9170444   0.3950982 ]
 [ 0.73078877  0.23327312 -0.6415071 ]]"
20200221-173449.401599,53,[1.8351122  1.4865893  0.56843543],"[[-0.49564162 -0.10980944 -0.70382077]
 [-0.46067798  0.7206265  -0.14018871]
 [ 0.5453929   0.66311765 -0.13917989]
 [ 0.49463317 -0.1700429  -0.68235826]]","[[-0.6754226   0.32860216 -0.66017056]
 [ 0.06344906  0.91780615  0.39192626]
 [ 0.7346963   0.22282869 -0.64075655]]"
20200221-173449.401599,54,[1.8440487 1.4845195 0.5666138],"[[-0.49567235 -0.11445171 -0.7031051 ]
 [-0.46323183  0.7183979  -0.14291342]
 [ 0.5430434   0.66442645 -0.1423861 ]
 [ 0.4948019  -0.17129721 -0.68186915]]","[[-0.67691517  0.32423055 -0.66080284]
 [ 0.06044348  0.9192091   0.38910335]
 [ 0.7335751   0.22344865 -0.6418243 ]]"
20200221-173449.401599,55,[1.8529264 1.4845552 0.5631505],"[[-0.49564466 -0.11969079  0.7024518 ]
 [-0.46524757  0.71612763  0.14663097]
 [ 0.5411776   0.6652349   0.14668338]
 [ 0.49498275 -0.17406175  0.68084073]]","[[-0.6779622   0.3203057   0.661643  ]
 [ 0.05807638  0.9206016  -0.38616034]
 [ 0.7327992   0.22337627  0.6427351 ]]"
20200221-173449.401599,56,[1.8625546  1.4827908  0.55911756],"[[-0.49570677 -0.12337251  0.7018906 ]
 [-0.4636224   0.71602017  0.15160051]
 [ 0.5426568   0.66311246  0.15122728]
 [ 0.49482578 -0.17993422  0.6793357 ]]","[[-0.6765578   0.31942946  0.6635014 ]
 [ 0.0603721   0.9220469  -0.38234103]
 [ 0.7339105   0.21861888  0.64310265]]"
20200221-173449.401599,57,[1.8724045  1.479129   0.55678195],"[[-0.49580234 -0.12615262  0.701282  ]
 [-0.46220693  0.7161424   0.15552732]
 [ 0.54393595  0.66123086  0.15451013]
 [ 0.49464986 -0.18438919  0.67833704]]","[[-0.67540103  0.3184443   0.66515166]
 [ 0.0623907   0.92340165 -0.37873048]
 [ 0.73480684  0.21429572  0.6435343 ]]"
20200221-173449.401599,58,[1.881336   1.479307   0.55351716],"[[-0.49614537 -0.13125046  0.700048  ]
 [-0.46421874  0.714143    0.15898025]
 [ 0.54204035  0.66176414  0.15848869]
 [ 0.49450293 -0.18665943  0.67789316]]","[[-0.6768489   0.3145748   0.6655209 ]
 [ 0.06003628  0.9246689  -0.37600935]
 [ 0.7336697   0.2145461   0.644747  ]]"
20200221-173449.401599,59,[1.8893605  1.4856081  0.55055046],"[[-0.49666813 -0.13677798  0.6985322 ]
 [-0.469102    0.71071213  0.1604683 ]
 [ 0.5374534   0.6646347   0.16157962]
 [ 0.49437606 -0.18558177  0.6783765 ]]","[[-0.68055177  0.30939162  0.66417336]
 [ 0.0539216   0.9251642  -0.3757176 ]
 [ 0.7307131   0.21988192  0.6463051 ]]"
20200221-173449.401599,60,[1.8974735  1.4918358  0.54762864],"[[-0.49711737 -0.14221412  0.69703823]
 [-0.4738769   0.70730656  0.16193572]
 [ 0.53292847  0.66741496  0.16459602]
 [ 0.4942693  -0.18452579  0.67883927]]","[[-0.6841395   0.3042748   0.66284996]
 [ 0.04789974  0.92560357 -0.37545118]
 [ 0.7277766   0.2251107   0.6478167 ]]"
20200221-173449.401599,61,[1.905151  1.4984437 0.5447516],"[[-0.4971247  -0.15269282  0.69498026]
 [-0.48651853  0.6984553   0.16209753]
 [ 0.5208275   0.6760708   0.16875571]
 [ 0.49487916 -0.1782501   0.6798885 ]]","[[-0.6927658   0.29096112  0.6598615 ]
 [ 0.03162352  0.92637306 -0.3752771 ]
 [ 0.72046906  0.23911205  0.65096074]]"
20200221-173449.401599,62,[1.9152968  1.5004792  0.54297423],"[[-0.4971535  -0.1551319   0.6944763 ]
 [-0.48729265  0.69744205  0.16386966]
 [ 0.5200388   0.67619133  0.17082557]
 [ 0.494918   -0.17964944  0.6794616 ]]","[[-0.6932346   0.2893929   0.66005886]
 [ 0.03066641  0.92685735 -0.374159  ]
 [ 0.7200592   0.23913828  0.6514041 ]]"
20200221-173449.401599,63,[1.9250963  1.4960271  0.54021096],"[[-0.49747598 -0.15485868  0.6940909 ]
 [-0.48067915  0.701037    0.16898294]
 [ 0.52639794  0.67026514  0.17366737]
 [ 0.49433792 -0.18790995  0.6778805 ]]","[[-0.6888609   0.29359812  0.662775  ]
 [ 0.03934856  0.9281036  -0.37023684]
 [ 0.7238246   0.22896238  0.650887  ]]"
20200221-173449.401599,64,[1.9343102  1.493297   0.53811055],"[[-0.49759883 -0.15644571  0.6935516 ]
 [-0.47822437  0.7019374   0.17259158]
 [ 0.52875525  0.6676131   0.17633525]
 [ 0.49407935 -0.19261596  0.67683405]]","[[-0.6871457   0.29411858  0.6643229 ]
 [ 0.04265299  0.92914546 -0.36724615]
 [ 0.7252666   0.2240162   0.6510033 ]]"
20200221-173449.401599,65,[1.9444052  1.4897851  0.53610337],"[[-0.49770895 -0.15829207  0.6929896 ]
 [-0.4761446   0.70253474  0.17615153]
 [ 0.5307048   0.6652489   0.17904839]
 [ 0.49388757 -0.19706096  0.6757793 ]]","[[-0.6856302   0.29408005  0.6659042 ]
 [ 0.04549104  0.93028766 -0.36399972]
 [ 0.72652763  0.21927662  0.6512111 ]]"
20200221-173449.401599,66,[1.9538208 1.4928846 0.5344092],"[[-0.49776384 -0.16056019  0.6924695 ]
 [-0.47709426  0.70147675  0.17762151]
 [ 0.5298068   0.66551024  0.18090712]
 [ 0.49387985 -0.19810954  0.6754329 ]]","[[-0.6862318   0.29270843  0.66588897]
 [ 0.04434746  0.9305919  -0.36336294]
 [ 0.7260301   0.21982071  0.6515825 ]]"
20200221-173449.401599,67,[1.9640278  1.4915811  0.53080505],"[[-0.49796477 -0.16326877  0.69164145]
 [-0.47503325  0.7018098   0.18199767]
 [ 0.5317313   0.66289574  0.18452497]
 [ 0.4935952  -0.20340872  0.674136  ]]","[[-0.68476266  0.29268435  0.66740984]
 [ 0.04717585  0.93168974 -0.3601786 ]
 [ 0.72723764  0.21515127  0.65179396]]"
20200221-173449.401599,68,[1.9735814 1.4865658 0.5277201],"[[-0.49780077 -0.17093968  0.69011194]
 [-0.48022607  0.69712806  0.1854357 ]
 [ 0.52679014  0.66560936  0.1897255 ]
 [ 0.4940332  -0.20434175  0.6733226 ]]","[[-0.68809795  0.2842619   0.66762   ]
 [ 0.04057949  0.93370616 -0.35573292]
 [ 0.72448236  0.21768737  0.65401644]]"
20200221-173449.401599,69,[1.983041  1.4832162 0.5251993],"[[-0.49778485 -0.17537208  0.6890656 ]
 [-0.4815718   0.69523877  0.18876864]
 [ 0.52550536  0.66561544  0.19347847]
 [ 0.4941084  -0.20698823  0.6723993 ]]","[[-0.68889725  0.28045526  0.66840523]
 [ 0.03895123  0.9351081  -0.35221532]
 [ 0.7238119   0.21660489  0.6551174 ]]"
20200221-173449.401599,70,[1.993152  1.4823853 0.5218816],"[[-0.49780008 -0.17766301  0.6885717 ]
 [-0.4795957   0.6954173   0.19268937]
 [ 0.52736217  0.6632625   0.19676128]
 [ 0.4940373  -0.21192895  0.6708391 ]]","[[-0.6873026   0.28064594  0.66996497]
 [ 0.04165657  0.93605626 -0.34937605]
 [ 0.7251759   0.21221873  0.65504444]]"
20200221-173449.401599,71,[2.0028718 1.4798121 0.5201227],"[[-0.4976263  -0.18326041  0.687399  ]
 [-0.4840047   0.69162226  0.19462056]
 [ 0.52312434  0.665746    0.20032029]
 [ 0.49441746 -0.21179423  0.67043066]]","[[-0.6901835   0.27404547  0.66973567]
 [ 0.03596981  0.9373648  -0.34648716]
 [ 0.72274005  0.21504934  0.65681106]]"
20200221-173449.401599,72,[2.0132334 1.4770215 0.5183759],"[[-0.49772108 -0.1846541   0.68689483]
 [-0.48186392  0.69227403  0.19782363]
 [ 0.52515674  0.6633691   0.20257278]
 [ 0.494259   -0.21587281  0.66933244]]","[[-0.6886427   0.27430987  0.6712121 ]
 [ 0.03885854  0.9383119  -0.34360018]
 [ 0.72405916  0.2105354   0.6568208 ]]"
20200221-173449.401599,73,[2.0236742  1.4807476  0.51760113],"[[-0.49786484 -0.18369326  0.6869679 ]
 [-0.47930685  0.69380635  0.19898441]
 [ 0.5275759   0.6612788   0.20273326]
 [ 0.4940234  -0.21817365  0.668864  ]]","[[-0.6868878   0.2771393   0.6718473 ]
 [ 0.04222618  0.93809444 -0.34379584]
 [ 0.72553575  0.2077797   0.65606815]]"
20200221-173449.401599,74,[2.0341337  1.4802922  0.51425576],"[[-0.49803454 -0.18598983  0.686185  ]
 [-0.4773923   0.6940502   0.20286484]
 [ 0.5293729   0.6588094   0.2058327 ]
 [ 0.49378407 -0.22287253  0.66755444]]","[[-0.68550605  0.2773002   0.67319113]
 [ 0.04484358  0.9389537  -0.34110895]
 [ 0.72668475  0.20364386  0.65609354]]"
20200221-173449.401599,75,[2.0437763 1.4772668 0.5119973],"[[-0.49802476 -0.19011118  0.685132  ]
 [-0.4788076   0.69212383  0.20580702]
 [ 0.5280269   0.6588842   0.20930243]
 [ 0.49386424 -0.22515175  0.6666556 ]]","[[-0.68635476  0.27364212  0.67382276]
 [ 0.04315831  0.9402061  -0.33786047]
 [ 0.72598517  0.20281112  0.6571249 ]]"
20200221-173449.401599,76,[2.053408   1.4745319  0.50973195],"[[-0.49801332 -0.19411242  0.6840891 ]
 [-0.48012638  0.6902587   0.20869973]
 [ 0.52677035  0.6588885   0.21271047]
 [ 0.4939377  -0.22744186  0.6657485 ]]","[[-0.6871447   0.2701359   0.6744322 ]
 [ 0.0415901   0.94140804 -0.33469582]
 [ 0.72532934  0.20193477  0.6581184 ]]"
20200221-173449.401599,77,[2.06332    1.4767394  0.50773937],"[[-0.49796414 -0.19850095  0.683013  ]
 [-0.48397917  0.68707174  0.20977655]
 [ 0.5230613   0.66110307  0.21548986]
 [ 0.49416888 -0.22687663  0.665621  ]]","[[-0.68977517  0.2653813   0.6736345 ]
 [ 0.0366217   0.94200104 -0.33360624]
 [ 0.7230971   0.20544365  0.6594875 ]]"
20200221-173449.401599,78,[2.0720482 1.4798479 0.505817 ],"[[-0.49770916 -0.20253788  0.68227327]
 [-0.48764154  0.6839174   0.21066546]
 [ 0.5195315   0.6633381   0.2180861 ]
 [ 0.49454886 -0.22631434  0.66525316]]","[[-0.6920833   0.26115483  0.6729184 ]
 [ 0.03187577  0.94240326 -0.3329564 ]
 [ 0.7211136   0.20898384  0.660546  ]]"
20200221-173449.401599,79,[2.0817854 1.4813569 0.5032487],"[[-0.49772894 -0.20541568  0.68142736]
 [-0.4882095   0.6827448   0.21303454]
 [ 0.5189784   0.66293633  0.22071123]
 [ 0.4945488  -0.2284274   0.66449934]]","[[-0.69244826  0.25949883  0.6731833 ]
 [ 0.03118697  0.9429689  -0.33141643]
 [ 0.72079295  0.20849417  0.66105026]]"
20200221-173449.401599,80,[2.0911698  1.4790235  0.50114924],"[[-0.49743944 -0.2125033   0.6797143 ]
 [-0.49466544  0.6773297   0.21451081]
 [ 0.51266646  0.66668457  0.22506736]
 [ 0.4950086  -0.22715312  0.6643183 ]]","[[-0.69680834  0.25053403  0.67207956]
 [ 0.02268617  0.94424254 -0.32846844]
 [ 0.7168987   0.2136326   0.6636396 ]]"
20200221-173449.401599,81,[2.100815  1.4822834 0.499986 ],"[[-0.49727333 -0.21380349  0.6795701 ]
 [-0.49509597  0.67656726  0.21542816]
 [ 0.51222485  0.6667666   0.22625113]
 [ 0.49520177 -0.22796267  0.6637662 ]]","[[-0.69691426  0.25001988  0.6721611 ]
 [ 0.02213291  0.9443132  -0.32830274]
 [ 0.71681273  0.21392192  0.66363925]]"
20200221-173449.401599,82,[2.1107104  1.4839401  0.49752414],"[[-0.49729547 -0.21642828  0.6787443 ]
 [-0.49551407  0.6755255   0.2176524 ]
 [ 0.51180774  0.6662724   0.2287014 ]
 [ 0.49519253 -0.23001099  0.66304547]]","[[-0.69720227  0.2485927   0.6723918 ]
 [ 0.02160728  0.9448103  -0.326905  ]
 [ 0.7165489   0.21339032  0.6640951 ]]"
20200221-173449.401599,83,[2.1213255  1.4796605  0.49499774],"[[-0.49740726 -0.2185647   0.677924  ]
 [-0.49334216  0.67586416  0.22166629]
 [ 0.5139242   0.6635237   0.23169772]
 [ 0.49505714 -0.23489033  0.66151285]]","[[-0.69567263  0.24829084  0.6740855 ]
 [ 0.02454605  0.9460368  -0.32312846]
 [ 0.71793944  0.20824549  0.6642265 ]]"
20200221-173449.401599,84,[2.1305056 1.4787115 0.4935773],"[[-0.49726412 -0.22276093  0.6767793 ]
 [-0.4965423   0.67292714  0.22303501]
 [ 0.5107842   0.66509414  0.23457986]
 [ 0.4952513  -0.2349392   0.6612093 ]]","[[-0.69784755  0.2434307   0.67361   ]
 [ 0.0203327   0.9468263  -0.32110193]
 [ 0.71595776  0.21038377  0.66569   ]]"
20200221-173449.401599,85,[2.1407247  1.4851505  0.49180344],"[[-0.49736458 -0.22535615  0.67587286]
 [-0.4992441   0.6708611   0.22316158]
 [ 0.508062    0.66665316  0.2360701 ]
 [ 0.4952345  -0.23395357  0.6615636 ]]","[[-0.6999337   0.24106209  0.6722961 ]
 [ 0.01669029  0.9465808  -0.3220347 ]
 [ 0.714013    0.21418205  0.6665672 ]]"
20200221-173449.401599,86,[2.150064   1.4878702  0.49017912],"[[-0.49773    -0.22529401  0.6754325 ]
 [-0.496781    0.6722154   0.22522333]
 [ 0.5104907   0.66423124  0.23699749]
 [ 0.4948464  -0.23699392  0.66098225]]","[[-0.6984631   0.24333696  0.67300564]
 [ 0.02000955  0.94668955 -0.32152575]
 [ 0.7153665   0.21110727  0.6660966 ]]"
20200221-173449.401599,87,[2.1612659  1.4863738  0.48693714],"[[-0.4977482  -0.22904101  0.67422724]
 [-0.49732572  0.6706531   0.22842224]
 [ 0.50991434  0.663447    0.24055578]
 [ 0.49487513 -0.24000542  0.65982854]]","[[-0.6988113   0.24072078  0.6735845 ]
 [ 0.01933509  0.947686   -0.318618  ]
 [ 0.71504456  0.20963015  0.6669081 ]]"
20200221-173449.401599,88,[2.1718087  1.4825037  0.48463225],"[[-0.49758387 -0.23419596  0.6727124 ]
 [-0.50028497  0.6674327   0.23090738]
 [ 0.506954    0.6644295   0.24450095]
 [ 0.4950989  -0.24128674  0.6590593 ]]","[[-0.700822    0.23499209  0.6735187 ]
 [ 0.01537919  0.94893914 -0.31508416]
 [ 0.7131705   0.21045974  0.6686513 ]]"
20200221-173449.401599,89,[2.1826077 1.4911473 0.4842137],"[[-0.4977441  -0.23196363  0.6732978 ]
 [-0.49777776  0.6694      0.23088871]
 [ 0.5094231   0.6628619   0.2433081 ]
 [ 0.49493068 -0.24230324  0.65890956]]","[[-0.699133    0.23946674  0.67369807]
 [ 0.01871884  0.9480532  -0.31756097]
 [ 0.7147467   0.20940642  0.66729754]]"
20200221-173449.401599,90,[2.1934764 1.4933858 0.4828676],"[[-0.4978762  -0.2317904   0.6731983 ]
 [-0.49547005  0.6705393   0.23274437]
 [ 0.5116823   0.66074556  0.24405852]
 [ 0.4947828  -0.24508245  0.6580802 ]]","[[-0.69754183  0.24159078  0.6745881 ]
 [ 0.02180788  0.9481686  -0.31701845]
 [ 0.7162121   0.20642239  0.66665596]]"
20200221-173449.401599,91,[2.2044175  1.4909966  0.48174685],"[[-0.49798208 -0.23256205  0.67279917]
 [-0.49347976  0.67118055  0.23526871]
 [ 0.5136177   0.6585901   0.24559553]
 [ 0.49465948 -0.24837548  0.6570178 ]]","[[-0.6961219   0.2421134   0.67586654]
 [ 0.02451772  0.94888645 -0.314664  ]
 [ 0.7175049   0.20247367  0.66647667]]"
20200221-173449.401599,92,[2.2139812 1.4970222 0.4794077],"[[-0.49798983 -0.237205    0.67127615]
 [-0.49862945  0.6672618   0.23523849]
 [ 0.50850785  0.6616766   0.24823473]
 [ 0.49476713 -0.2463321   0.6575948 ]]","[[-0.69993216  0.23681511  0.6738053 ]
 [ 0.01763652  0.94887155 -0.31516945]
 [ 0.71399146  0.20871359  0.6683224 ]]"
20200221-173449.401599,93,[2.2234998  1.5023669  0.47727484],"[[-0.49813426 -0.24166417  0.66957986]
 [-0.50349814  0.66360074  0.2352239 ]
 [ 0.5036028   0.6644694   0.25073054]
 [ 0.494708   -0.24436286  0.6583819 ]]","[[-0.70371467  0.23156667  0.6716866 ]
 [ 0.01103762  0.9488437  -0.31555375]
 [ 0.7103971   0.21464595  0.67027116]]"
20200221-173449.401599,94,[2.2336843 1.5015864 0.4767068],"[[-0.49811718 -0.24314833  0.6690675 ]
 [-0.50368124  0.6629755   0.23653309]
 [ 0.50341564  0.6640966   0.25213918]
 [ 0.4947297  -0.24559793  0.6578956 ]]","[[-0.7038382   0.23032443  0.6719841 ]
 [ 0.0108075   0.94933903 -0.31406868]
 [ 0.71027833  0.21379098  0.6706702 ]]"
20200221-173449.401599,95,[2.2435865  1.5030165  0.47481555],"[[ 0.498027   -0.24819842  0.6673851 ]
 [ 0.50857973  0.65891254  0.23706008]
 [-0.49845237  0.6667709   0.2552562 ]
 [-0.49483496 -0.24423008  0.6582128 ]]","[[ 0.7074041   0.2240113   0.6703721 ]
 [-0.0041644   0.94975257 -0.31297445]
 [-0.7067975   0.21860763  0.6727915 ]]"
20200221-173449.401599,96,[2.2528925 1.5060093 0.4734744],"[[-0.49797142 -0.2478788   0.6675806 ]
 [-0.5062741   0.6600056   0.23884386]
 [ 0.5007763   0.6648076   0.25588083]
 [ 0.49490827 -0.24693985  0.6571265 ]]","[[-0.7056554   0.22646295  0.6713903 ]
 [ 0.00726967  0.9498124  -0.31273532]
 [ 0.7085179   0.21580257  0.67188656]]"
20200221-173449.401599,97,[2.2638743 1.5061975 0.4710542],"[[-0.49811685 -0.2487963   0.66707134]
 [-0.50396025  0.66075635  0.24182618]
 [ 0.50308347  0.6622585   0.2577215 ]
 [ 0.49478352 -0.25082877  0.6558321 ]]","[[-0.7040838   0.22775905  0.67260075]
 [ 0.0103837   0.95036995 -0.31094882]
 [ 0.71004087  0.21194997  0.67150515]]"
20200221-173449.401599,98,[2.2732873  1.50903    0.46977922],"[[-0.49846402 -0.24845077  0.66675484]
 [-0.50158435  0.66211903  0.24360377]
 [ 0.5054502   0.6600089   0.2582834 ]
 [ 0.49443626 -0.253494    0.6552749 ]]","[[-0.70266086  0.23014703  0.6732757 ]
 [ 0.01358536  0.95041025 -0.31070217]
 [ 0.7113952   0.20917158  0.6709427 ]]"
20200221-173449.401599,99,[2.2820272  1.5199583  0.46805114],"[[-0.49857235 -0.24987131  0.6661578 ]
 [-0.50387836  0.66064084  0.2428695 ]
 [ 0.50310594  0.661564    0.25882858]
 [ 0.49438518 -0.25189474  0.6559387 ]]","[[-0.7044835   0.22950976  0.67158633]
 [ 0.01046374  0.949525   -0.31351697]
 [ 0.7096433   0.21384016  0.67132604]]"
20200221-173449.401599,100,[2.2925143  1.5188789  0.46762103],"[[-0.49884483 -0.24817869  0.6664166 ]
 [-0.49927205  0.663399    0.2453567 ]
 [ 0.5076986   0.65780383  0.25891423]
 [ 0.49408883 -0.25613216  0.65471584]]","[[-0.70131016  0.23356418  0.6735073 ]
 [ 0.01667535  0.94991755 -0.31205618]
 [ 0.71266145  0.20761715  0.67008144]]"
20200221-173449.401599,101,[2.3028672 1.5162451 0.4661418],"[[-0.49883008 -0.25069642  0.6655212 ]
 [-0.4996125   0.6622811   0.24754246]
 [ 0.50735575  0.6571618   0.26132414]
 [ 0.49411178 -0.25821248  0.6538458 ]]","[[-0.70153236  0.23143917  0.67400926]
 [ 0.01625064  0.95074457 -0.30954948]
 [ 0.71245253  0.20620587  0.670739  ]]"
20200221-173449.401599,102,[2.312674   1.5215769  0.46425048],"[[-0.49885547 -0.25179595  0.66513425]
 [-0.49970162  0.66180325  0.24851212]
 [ 0.5072244   0.6568397   0.2624246 ]
 [ 0.4941302  -0.25918418  0.6534305 ]]","[[-0.70162284  0.23170501  0.6738234 ]
 [ 0.01610307  0.9505673  -0.3101005 ]
 [ 0.7123665   0.20672302  0.6706709 ]]"
20200221-173449.401599,103,[2.3230238  1.5226604  0.46262097],"[[-0.49891794 -0.2506931   0.6654891 ]
 [-0.49542198  0.66399544  0.25126684]
 [ 0.51143813  0.6532801   0.2629923 ]
 [ 0.49403286 -0.26360542  0.65178525]]","[[-0.6984407   0.23573491  0.675729  ]
 [ 0.02185163  0.95077765 -0.30910245]
 [ 0.7153343   0.20112397  0.66921306]]"
20200221-173449.401599,104,[2.3330975 1.5239471 0.4610204],"[[-0.49872124 -0.25251114  0.6651005 ]
 [-0.49576405  0.6630057   0.2527566 ]
 [ 0.5110823   0.6530168   0.26471606]
 [ 0.49425703 -0.2650109   0.6509078 ]]","[[-0.6984886   0.23474689  0.6760236 ]
 [ 0.02140082  0.9510961  -0.3081529 ]
 [ 0.7153013   0.20077382  0.6693533 ]]"
20200221-173449.401599,105,[2.3423412  1.5308363  0.45966336],"[[-0.49846986 -0.251608    0.665799  ]
 [-0.49373397  0.6639929   0.25367582]
 [ 0.51306075  0.6516446   0.26463413]
 [ 0.4944933  -0.26677072  0.6498686 ]]","[[-0.69669944  0.2380193   0.67672503]
 [ 0.02410172  0.9505847  -0.30952868]
 [ 0.71695817  0.1993382   0.66800827]]"
20200221-173449.401599,106,[2.3537228  1.5264515  0.45786065],"[[-0.49855646 -0.2532612   0.66507596]
 [-0.49200487  0.6640739   0.2568707 ]
 [ 0.5147358   0.6493421   0.26690763]
 [ 0.49438822 -0.27059126  0.6484227 ]]","[[-0.6954364   0.23762964  0.6781596 ]
 [ 0.0264502   0.95156497 -0.3063078 ]
 [ 0.7181006   0.19508012  0.6680383 ]]"
20200221-173449.401599,107,[2.3638682  1.5296654  0.45736805],"[[-0.49837154 -0.25401896  0.6650626 ]
 [-0.49242055  0.66347176  0.25723818]
 [ 0.5143107   0.649555    0.26754427]
 [ 0.49460316 -0.27084696  0.64802796]]","[[-0.695535    0.23740306  0.678138  ]
 [ 0.02593129  0.9515141  -0.30651027]
 [ 0.71802425  0.19560356  0.6679675 ]]"
20200221-173449.401599,108,[2.3730106  1.5329517  0.45628893],"[[-0.49808908 -0.25668013  0.66447026]
 [-0.49514544  0.66113263  0.25740552]
 [ 0.511631    0.6512129   0.2692637 ]
 [ 0.49494705 -0.2700763   0.64785707]]","[[-0.6972658   0.234547    0.67735386]
 [ 0.02235903  0.95160925 -0.30649692]
 [ 0.71646404  0.19856483  0.6687689 ]]"
20200221-173449.401599,109,[2.3829257  1.5319277  0.45543456],"[[-0.4981848  -0.2570815   0.664176  ]
 [-0.4932775   0.6617775   0.25950024]
 [ 0.5134764   0.6492426   0.27033454]
 [ 0.49480486 -0.27284455  0.6468765 ]]","[[-0.6959275   0.23547323  0.678408  ]
 [ 0.02489969  0.95205486 -0.30491254]
 [ 0.71768034  0.1953049   0.6684244 ]]"
20200221-173449.401599,110,[2.3931038  1.5352093  0.45497808],"[[-0.4980041  -0.25780514  0.6641613 ]
 [-0.49369112  0.66119385  0.25983378]
 [ 0.5130508   0.6494597   0.27093083]
 [ 0.49501514 -0.27305913  0.6465083 ]]","[[-0.69603187  0.23526889  0.6783717 ]
 [ 0.02437777  0.9519917  -0.30515176]
 [ 0.71759677  0.19585812  0.66835207]]"
20200221-173449.401599,111,[2.4030838  1.5340468  0.45416516],"[[-0.49809366 -0.2582588   0.66384757]
 [-0.49190432  0.6617767   0.26191083]
 [ 0.5148111   0.64754134  0.2720031 ]
 [ 0.49487635 -0.2757614   0.645541  ]]","[[-0.6947421   0.2360853   0.67940944]
 [ 0.02680718  0.95243925 -0.3035472 ]
 [ 0.71875924  0.19267388  0.6680283 ]]"
20200221-173449.401599,112,[2.4136128  1.5333561  0.45393556],"[[-0.49808675 -0.25965238  0.66332275]
 [-0.49240053  0.6610111   0.2628503 ]
 [ 0.514319    0.6474487   0.2732029 ]
 [ 0.49490124 -0.27650455  0.6451922 ]]","[[-0.6950738   0.23469523  0.6795518 ]
 [ 0.02620522  0.95285785 -0.30228275]
 [ 0.71846074  0.19230093  0.6684569 ]]"
20200221-173449.401599,113,[2.4230647  1.5327594  0.45312762],"[[-0.49800572 -0.26284206  0.6622219 ]
 [-0.4950785   0.65860075  0.2635776 ]
 [ 0.5116973   0.6487034   0.27547196]
 [ 0.49502864 -0.2763028   0.6450612 ]]","[[-0.69697005  0.23082289  0.6789356 ]
 [ 0.02271598  0.9534108  -0.30081892]
 [ 0.71674037  0.19423904  0.66974205]]"
20200221-173449.401599,114,[2.4325716  1.5321912  0.45233545],"[[-0.4979223  -0.2659568   0.6611298 ]
 [-0.4976565   0.6562509   0.2643084 ]
 [ 0.50915843  0.64988196  0.27769944]
 [ 0.4951455  -0.27614334  0.6449276 ]]","[[-0.69879955  0.22704464  0.67832893]
 [ 0.01933838  0.9539402  -0.299373  ]
 [ 0.7150563   0.19608392  0.6710036 ]]"
20200221-173449.401599,115,[2.4431314 1.531574  0.4521463],"[[-0.49791273 -0.26721737  0.660636  ]
 [-0.4979918   0.655596    0.26525688]
 [ 0.50881976  0.6496796   0.27882445]
 [ 0.49516594 -0.27695623  0.6445585 ]]","[[-0.6990252   0.22584137  0.6784979 ]
 [ 0.01893672  0.9543328  -0.2981447 ]
 [ 0.7148463   0.19556212  0.67137927]]"
20200221-173449.401599,116,[2.4530752  1.5307369  0.45139804],"[[-0.4979926  -0.2675661   0.6603686 ]
 [-0.49618763  0.65621483  0.2672637 ]
 [ 0.5106115   0.6477848   0.27978915]
 [ 0.49505237 -0.27958     0.64358443]]","[[-0.6977272   0.2267731   0.67952234]
 [ 0.0213908   0.95474434 -0.29665753]
 [ 0.71604395  0.19245045  0.67100203]]"
20200221-173449.401599,117,[2.4643626  1.5329782  0.45048046],"[[-0.49792856 -0.27003318  0.6595016 ]
 [-0.49857613  0.65420246  0.26750082]
