Timestamp,Epoch,s,u,v
20200223-051212.449668,0,[1.828046   1.4209713  0.76242167],"[[ 0.26058117  0.50002384  0.65731597]
 [ 0.65723944  0.50010735 -0.26065117]
 [ 0.657375   -0.4998926  -0.26068297]
 [ 0.26075283 -0.49997607  0.6572986 ]]","[[ 4.9519482e-01  7.0716804e-01  5.0467354e-01]
 [ 7.1369261e-01  1.2193056e-04 -7.0045906e-01]
 [ 4.9540380e-01 -7.0704556e-01  5.0464028e-01]]"
20200223-051212.449668,1,[1.8032619  1.4275912  0.75976205],"[[ 0.25109133  0.50001395  0.660991  ]
 [ 0.6608798   0.5001716  -0.25119016]
 [ 0.6610738  -0.4998588  -0.25124153]
 [ 0.2513404  -0.49995512  0.66096276]]","[[ 4.9035513e-01  7.0719820e-01  5.0933528e-01]
 [ 7.2027284e-01  1.8624838e-04 -6.9369078e-01]
 [ 4.9067169e-01 -7.0701522e-01  5.0928438e-01]]"
20200223-051212.449668,2,[1.7879331  1.4345133  0.75630474],"[[ 0.24084699  0.5000024   0.6648011 ]
 [ 0.66476804  0.5000811  -0.24089842]
 [ 0.6648377  -0.49994916 -0.24091828]
 [ 0.24096984 -0.49996674  0.6648048 ]]","[[ 4.8558101e-01  7.0714676e-01  5.1395971e-01]
 [ 7.2683811e-01  7.5156793e-05 -6.8680871e-01]
 [ 4.8571315e-01 -7.0706683e-01  5.1394469e-01]]"
20200223-051212.449668,3,[1.7649612  1.4412973  0.75341463],"[[ 0.2312664   0.49999186  0.66818583]
 [ 0.66811323  0.50015414 -0.23135132]
 [ 0.66825074 -0.49991038 -0.23139225]
 [ 0.23147702 -0.4999434   0.6681783 ]]","[[ 4.8057580e-01  7.0718074e-01  5.1859683e-01]
 [ 7.3338264e-01  1.4772319e-04 -6.7981613e-01]
 [ 4.8082939e-01 -7.0703304e-01  5.1856309e-01]]"
20200223-051212.449668,4,[1.7440426 1.4482552 0.7495698],"[[ 0.22389026 -0.49873516  0.6717765 ]
 [ 0.6752732  -0.4951873  -0.22052939]
 [ 0.6685883   0.50487274 -0.21985994]
 [ 0.21649301  0.5011555   0.67211974]]","[[ 0.47945875 -0.704496    0.5232636 ]
 [ 0.7406837   0.00508249 -0.6718349 ]
 [ 0.47064543  0.70968974  0.52424556]]"
20200223-051212.449668,5,[1.7198036 1.4553087 0.7459099],"[[ 0.20869242  0.5000646   0.6754895 ]
 [ 0.6749647   0.5007772  -0.20915607]
 [ 0.67590696 -0.49932328 -0.20934705]
 [ 0.20981064 -0.4998343   0.6753831 ]]","[[ 0.4684917   0.70752543  0.5290782 ]
 [ 0.7481047   0.00085519 -0.6635804 ]
 [ 0.46995246 -0.70668757  0.5289023 ]]"
20200223-051212.449668,6,[1.7010045  1.462435   0.74175864],"[[ 0.20212615 -0.498634    0.6786864 ]
 [ 0.68268126 -0.49449092 -0.19825107]
 [ 0.67494094  0.5055972  -0.19764997]
 [ 0.19376694  0.5012127   0.67898154]]","[[ 0.46849272 -0.70409054  0.5336391 ]
 [ 0.75532776  0.0059098  -0.65532047]
 [ 0.45825124  0.71008545  0.534588  ]]"
20200223-051212.449668,7,[1.689779   1.4695156  0.73844093],"[[ 0.19885264 -0.4970355   0.6808273 ]
 [ 0.6908518  -0.48643136 -0.18968745]
 [ 0.6716618   0.51350224 -0.1882323 ]
 [ 0.17902967  0.5026485   0.68195397]]","[[ 0.47133356 -0.699759    0.53682595]
 [ 0.76077026  0.0146535  -0.64885575]
 [ 0.44617623  0.7142288   0.53926253]]"
20200223-051212.449668,8,[1.6762686 1.4766207 0.7345632],"[[ 0.17759435  0.50017     0.68421406]
 [ 0.68296355  0.5017738  -0.17869519]
 [ 0.6852509  -0.49836376 -0.17904486]
 [ 0.18014538 -0.49968672  0.6840051 ]]","[[ 0.45188946  0.7080836   0.54259896]
 [ 0.76711833  0.00201378 -0.64150274]
 [ 0.45532998 -0.7061259   0.54227394]]"
20200223-051212.449668,9,[1.6635319 1.4837222 0.7305739],"[[ 0.1680436   0.50009865  0.6865254 ]
 [ 0.6863961   0.50077957 -0.16866918]
 [ 0.68693095 -0.49938056 -0.16892599]
 [ 0.1695513  -0.49974     0.6868025 ]]","[[ 0.44756508  0.7076515   0.5467312 ]
 [ 0.77324104  0.00086619 -0.6341118 ]
 [ 0.4492037  -0.7065611   0.5467976 ]]"
20200223-051212.449668,10,[1.645061  1.4912755 0.7253552],"[[ 0.15525894  0.50014     0.68949085]
 [ 0.6891006   0.501145   -0.15612067]
 [ 0.6901392  -0.4990137  -0.15643732]
 [ 0.15729855 -0.49969828  0.6897505 ]]","[[ 0.44046035  0.7078596   0.55220413]
 [ 0.7809506   0.0013056  -0.62459135]
 [ 0.44284406 -0.7063519   0.55222845]]"
20200223-051212.449668,11,[1.6319575 1.498107  0.7222317],"[[ 0.12132873  0.50529844  0.6920277 ]
 [ 0.66580033  0.53519607 -0.14632165]
 [ 0.71529686 -0.46379924 -0.14943077]
 [ 0.17418382 -0.49308142  0.6909112 ]]","[[ 0.40186477  0.72613764  0.5578791 ]
 [ 0.7852053   0.04019063 -0.6179302 ]
 [ 0.47112396 -0.68637383  0.5540158 ]]"
20200223-051212.449668,12,[1.6213516 1.5053805 0.7179761],"[[ 0.1089898   0.5054833   0.6938019 ]
 [ 0.66558033  0.53826314 -0.13646182]
 [ 0.71926886 -0.46053737 -0.13948284]
 [ 0.16666235 -0.4926101   0.6932256 ]]","[[ 0.39323726  0.7278626   0.5617655 ]
 [ 0.7907842   0.04396425 -0.61051416]
 [ 0.4690678  -0.6843123   0.5582938 ]]"
20200223-051212.449668,13,[1.6056025  1.5130641  0.71237564],"[[ 0.09017677  0.5059591   0.69616306]
 [ 0.66102976  0.54679966 -0.12399048]
 [ 0.7274372  -0.4512345  -0.12705016]
 [ 0.16044644 -0.49132782  0.6955875 ]]","[[ 0.3771258   0.7323173   0.56699896]
 [ 0.79750884  0.05450433 -0.6008403 ]
 [ 0.47090957 -0.6787789   0.56347454]]"
20200223-051212.449668,14,[1.5986626 1.52018   0.7068509],"[[ 0.0584911   0.5073367   0.69853985]
 [ 0.6401447   0.5735135  -0.11231098]
 [ 0.74710107 -0.4209905  -0.11633686]
 [ 0.16921395 -0.48627034  0.6970608 ]]","[[ 0.3420672   0.74544674  0.5721009 ]
 [ 0.80061966  0.08752441 -0.5927461 ]
 [ 0.49193332 -0.6607941   0.56688   ]]"
20200223-051212.449668,15,[1.5915513 1.5260057 0.7024137],"[[ 0.00185279  0.5074208   0.7007485 ]
 [ 0.5856893   0.63101685 -0.101795  ]
 [ 0.78423494 -0.34933522 -0.10785986]
 [ 0.20479357 -0.47149456  0.69782215]]","[[ 0.26780224  0.7712848   0.5774097 ]
 [ 0.7941941   0.16257736 -0.5855123 ]
 [ 0.54547036 -0.6153768   0.56901115]]"
20200223-051212.449668,16,[1.5795354 1.5325583 0.6983802],"[[-0.04833567  0.50328755  0.70206475]
 [ 0.5336192   0.67694634 -0.09252499]
 [ 0.81139904 -0.28400892 -0.09857268]
 [ 0.23355046 -0.45583364  0.69916207]]","[[ 0.19888255  0.7890107   0.5812984 ]
 [ 0.7835971   0.22820197 -0.5778403 ]
 [ 0.5885756  -0.5704261   0.57288116]]"
20200223-051212.449668,17,[1.5804844 1.5360961 0.6950587],"[[-0.12874478  0.4863903   0.7036663 ]
 [ 0.42765456  0.7495084  -0.08463854]
 [ 0.8452876  -0.15944967 -0.09267007]
 [ 0.29330063 -0.41980663  0.6993586 ]]","[[ 0.07759158  0.80703807  0.58537954]
 [ 0.744084    0.3439137  -0.572767  ]
 [ 0.6635649  -0.48001346  0.5738194 ]]"
20200223-051212.449668,18,[1.5757332 1.5406501 0.6904099],"[[-0.21753912  0.45213503  0.7046894 ]
 [ 0.2944393   0.8120241  -0.0754234 ]
 [ 0.86109674 -0.01230543 -0.08324424]
 [ 0.35283738 -0.36883444  0.70056736]]","[[-0.06556389  0.8055753   0.5888547 ]
 [ 0.6787067   0.46859497 -0.56548744]
 [ 0.7314771  -0.362584    0.57747227]]"
20200223-051212.449668,19,[1.572531   1.5398673  0.68631667],"[[-0.3432208   0.36429402  0.7055895 ]
 [ 0.05084264  0.8629655  -0.06657602]
 [ 0.829443    0.23487903 -0.07422575]
 [ 0.43776593 -0.2596391   0.7015709 ]]","[[-0.29631507  0.74916595  0.5924083 ]
 [ 0.5198639   0.6468426  -0.5579749 ]
 [ 0.80121064 -0.14263545  0.58113366]]"
20200223-051212.449668,20,[1.5715262 1.5373628 0.6822171],"[[-0.44469067  0.22990716  0.70585096]
 [-0.22386183  0.8352366  -0.0589343 ]
 [ 0.71352506  0.4857669  -0.06426123]
 [ 0.4929691  -0.11642     0.70297366]]","[[-0.5216417   0.6120604   0.59436685]
 [ 0.290852    0.78250587 -0.55053604]
 [ 0.80205697  0.11430976  0.58620656]]"
20200223-051212.449668,21,[1.5766785 1.5314723 0.6787234],"[[ 0.47745183  0.14972873  0.70615804]
 [ 0.3528505   0.7897883  -0.0520156 ]
 [-0.6281199   0.5931538  -0.05613153]
 [-0.50299287 -0.0445458   0.7039068 ]]","[[ 0.61372614  0.5172546   0.59647983]
 [-0.16442746  0.82267076 -0.5442211 ]
 [-0.7722073   0.2359251   0.58994526]]"
20200223-051212.449668,22,[1.5830067 1.5316104 0.67358  ],"[[ 0.4936526   0.08477436  0.70596755]
 [ 0.4423505   0.74368155 -0.04448741]
 [-0.5549111   0.6631132  -0.04638745]
 [-0.50269943  0.00566608  0.70532167]]","[[ 0.67231417  0.43698284  0.597528  ]
 [-0.06774226  0.8401112  -0.53816736]
 [-0.7371599   0.32133967  0.5944208 ]]"
20200223-051212.449668,23,[1.5902432 1.5381147 0.6686802],"[[-0.5024558   0.01069349  0.70479894]
 [-0.53792214  0.6780704  -0.03905427]
 [ 0.46113825  0.7319717  -0.03765928]
 [ 0.4955092   0.06575474  0.70732945]]","[[-0.7279308   0.33818293  0.59644717]
 [-0.04560234  0.84409404 -0.53425264]
 [ 0.6841326   0.4160982   0.5990201 ]]"
20200223-051212.449668,24,[1.5981635  1.5283067  0.66453433],"[[-0.5018131   0.01050323  0.7052299 ]
 [-0.52699244  0.687054   -0.03071371]
 [ 0.47285268  0.7248418  -0.02944499]
 [ 0.49686337  0.04950937  0.7077011 ]]","[[-0.72215164  0.34484535  0.599649  ]
 [-0.0322218   0.8491663  -0.52714187]
 [ 0.69098395  0.39999816  0.6021153 ]]"
20200223-051212.449668,25,[1.6060605  1.5254223  0.66060954],"[[-0.5022497  -0.00812467  0.70494574]
 [-0.5429555   0.6747711  -0.02441195]
 [ 0.455775    0.73598844 -0.0220232 ]
 [ 0.49519038  0.05421153  0.7084988 ]]","[[-0.7308966   0.3235545   0.60091823]
 [-0.05230822  0.8513343  -0.52200943]
 [ 0.6804806   0.41296774  0.60531276]]"
20200223-051212.449668,26,[1.6145446  1.5229416  0.65477955],"[[-0.50206506 -0.02558671  0.7046726 ]
 [-0.5541641   0.66584027 -0.01586671]
 [ 0.4433989   0.74374485 -0.01242386]
 [ 0.4941968   0.05334552  0.70924664]]","[[-0.73687625  0.30605295  0.6027811 ]
 [-0.06685723  0.85428846 -0.515482  ]
 [ 0.67271364  0.42014673  0.6090429 ]]"
20200223-051212.449668,27,[1.6231201 1.5207493 0.6489915],"[[-0.5015989  -0.04045482  0.70430875]
 [-0.5621794   0.6592334  -0.00753918]
 [ 0.4343673   0.749152   -0.00314315]
 [ 0.49363795  0.05045818  0.70984674]]","[[-0.7411033   0.29205376  0.6045417 ]
 [-0.07756943  0.8571556  -0.50918317]
 [ 0.66689515  0.42425123  0.61258626]]"
20200223-051212.449668,28,[1.6321101 1.5202686 0.6439172],"[[-0.5004683  -0.06376798  0.7035467 ]
 [-0.58292127  0.6408153  -0.00120557]
 [ 0.41021952  0.76280755  0.00539145]
 [ 0.49138     0.05843241  0.7106278 ]]","[[-0.7514593   0.26344794  0.60489994]
 [-0.1053107   0.8571739  -0.5041453 ]
 [ 0.65132046  0.44254717  0.6163875 ]]"
20200223-051212.449668,29,[1.6403519  1.513639   0.64053285],"[[-0.5001325  -0.07029448  0.7032755 ]
 [-0.583379    0.6402435   0.00465106]
 [ 0.40970975  0.76316416  0.01223782]
 [ 0.49160367  0.05222176  0.7107968 ]]","[[-0.75194365  0.25854656  0.60641116]
 [-0.10637522  0.8602388  -0.49867168]
 [ 0.6505884   0.43948013  0.6193482 ]]"
20200223-051212.449668,30,[1.6480036 1.5086333 0.6353252],"[[-0.5004901  -0.06298856  0.70351106]
 [-0.563077    0.6582813   0.01374144]
 [ 0.43345013  0.7495803   0.01978003]
 [ 0.49454558  0.02877825  0.7102766 ]]","[[-0.7419871   0.27797472  0.61007017]
 [-0.07976406  0.8669225  -0.49201962]
 [ 0.66565245  0.41373378  0.6210729 ]]"
20200223-051212.449668,31,[1.6558847  1.5072821  0.63151807],"[[-0.5005071  -0.05727051  0.7039626 ]
 [-0.5476974   0.67099077  0.02033936]
 [ 0.45068428  0.7391614   0.0250434 ]
 [ 0.4963909   0.01149738  0.709504  ]]","[[-0.73395723  0.29260173  0.6129367 ]
 [-0.05990102  0.87104166 -0.48754352]
 [ 0.67654914  0.39455155  0.62178004]]"
20200223-051212.449668,32,[1.6641446 1.5059282 0.6277657],"[[-0.50020474 -0.06762792 -0.70324564]
 [-0.55388635  0.6657246  -0.02556945]
 [ 0.44386876  0.74305576 -0.03129562]
 [ 0.49596968  0.0102601  -0.7097979 ]]","[[-0.7373979   0.28225994 -0.61365616]
 [-0.06814947  0.8727772   0.48333815]
 [ 0.67201203  0.39823285 -0.6243482 ]]"
20200223-051212.449668,33,[1.6723026 1.5032023 0.6233722],"[[-5.0018555e-01 -7.1235195e-02 -7.0273012e-01]
 [-5.4964310e-01  6.6913807e-01 -3.2367647e-02]
 [ 4.4863650e-01  7.3971575e-01 -3.7827857e-02]
 [ 4.9641937e-01  5.9012457e-04 -7.0971239e-01]]","[[-0.73539627  0.2833278  -0.6155628 ]
 [-0.06279986  0.87599087  0.4782216 ]
 [ 0.6747208   0.39033973 -0.62640756]]"
20200223-051212.449668,34,[1.6805568 1.5030211 0.6178116],"[[-0.5001961  -0.0701474  -0.7026601 ]
 [-0.5379661   0.6783175  -0.04053769]
 [ 0.46143386  0.73125356 -0.04461418]
 [ 0.4974687  -0.01527868 -0.7089675 ]]","[[-0.7291633   0.2929512  -0.6184663 ]
 [-0.04775578  0.8797561   0.4730208 ]
 [ 0.6826714   0.37444472 -0.62749565]]"
20200223-051212.449668,35,[1.6895052  1.4939238  0.61334205],"[[-0.49992964 -0.07991201 -0.70192856]
 [-0.5411312   0.67518973 -0.04762647]
 [ 0.45801055  0.73300964 -0.05269198]
 [ 0.49746737 -0.02072549 -0.7086971 ]]","[[-0.73105776  0.28419498 -0.6203126 ]
 [-0.05218303  0.8831782   0.46612564]
 [ 0.68031716  0.37313458 -0.6308242 ]]"
20200223-051212.449668,36,[1.6972249  1.4938732  0.60977316],"[[-0.49988297 -0.07763341 -0.7021808 ]
 [-0.5311172   0.68270487 -0.05341387]
 [ 0.46881983  0.72580487 -0.05712125]
 [ 0.49823663 -0.03308256 -0.70769066]]","[[-0.7254702   0.29298538 -0.62277806]
 [-0.03928745  0.8857629   0.46247226]
 [ 0.6871313   0.35997728 -0.6310839 ]]"
20200223-051212.449668,37,[1.7053326 1.4956883 0.6068831],"[[-0.5000853  -0.07019801 -0.7024884 ]
 [-0.5149532   0.69491917 -0.05870208]
 [ 0.48578554  0.7140184  -0.05978923]
 [ 0.49874857 -0.04834916 -0.7067456 ]]","[[-0.7164166   0.30905765 -0.62548417]
 [-0.01853811  0.88778037  0.4598938 ]
 [ 0.6974264   0.34107086 -0.63029134]]"
20200223-051212.449668,38,[1.7137703 1.4936486 0.6027648],"[[-0.5001538  -0.07550135 -0.7017346 ]
 [-0.5140059   0.69526315 -0.06466178]
 [ 0.48678657  0.712677   -0.06555641]
 [ 0.49868116 -0.05477363 -0.706463  ]]","[[-0.71605474  0.3068197  -0.6269987 ]
 [-0.0173821   0.8901063   0.45542163]
 [ 0.6978278   0.33700535 -0.63203156]]"
20200223-051212.449668,39,[1.7222375  1.4917411  0.59869754],"[[-0.49995098 -0.08031568 -0.7014772 ]
 [-0.512954    0.6953323  -0.07038335]
 [ 0.48787868  0.7115433  -0.07127783]
 [ 0.49890056 -0.06138944 -0.7056169 ]]","[[-0.71531254  0.30492458 -0.6287679 ]
 [-0.01609825  0.89234704  0.45106286]
 [ 0.69861937  0.33277306 -0.6333982 ]]"
20200223-051212.449668,40,[1.7304662  1.4875121  0.59568584],"[[-0.5000053  -0.08010498 -0.7012817 ]
 [-0.50546265  0.700401   -0.076056  ]
 [ 0.49555755  0.7056209  -0.07559156]
 [ 0.49892375 -0.07155853 -0.70477325]]","[[-0.71098137  0.30993497 -0.63122576]
 [-0.00654712  0.89467716  0.44666526]
 [ 0.70318043  0.32170337 -0.6340696 ]]"
20200223-051212.449668,41,[1.7394185  1.4826014  0.59275025],"[[-0.5000553  -0.08052482 -0.7010422 ]
 [-0.49886534  0.70466065 -0.08164269]
 [ 0.5021795   0.70029217 -0.07987457]
 [ 0.49889255 -0.08099658 -0.70391357]]","[[-0.7070871   0.3137949  -0.6336883 ]
 [ 0.001829    0.8969542   0.44212013]
 [ 0.7071241   0.31145838 -0.63479865]]"
20200223-051212.449668,42,[1.7484651 1.4870981 0.5889193],"[[-0.49993053 -0.08869076 -0.7002943 ]
 [-0.5047874   0.6998348  -0.08521912]
 [ 0.49627316  0.70411354 -0.08463307]
 [ 0.4989712  -0.0811749  -0.703678  ]]","[[-0.7105862   0.30597022 -0.63360023]
 [-0.00572519  0.897955    0.44005007]
 [ 0.70358694  0.31632102 -0.6363227 ]]"
20200223-051212.449668,43,[1.7575816 1.4837877 0.5842765],"[[-0.49974912 -0.09849188 -0.69924814]
 [-0.5099373   0.6952091  -0.09097445]
 [ 0.4910788   0.707054   -0.09150235]
 [ 0.49905574 -0.0840134  -0.7031381 ]]","[[-0.7136403   0.2967499  -0.6345527 ]
 [-0.01240556  0.90034515  0.43499988]
 [ 0.70040256  0.31830546 -0.63884115]]"
20200223-051212.449668,44,[1.7666436 1.480823  0.5797067],"[[-0.49986953 -0.10042476 -0.6987304 ]
 [-0.50383365  0.69890183 -0.09775652]
 [ 0.49726728  0.70182353 -0.09697085]
 [ 0.4990063  -0.09431341 -0.7020085 ]]","[[-0.71004194  0.29994705 -0.637081  ]
 [-0.00456039  0.9027621   0.4301162 ]
 [ 0.70414466  0.30830595 -0.639631  ]]"
20200223-051212.449668,45,[1.7754486  1.4755754  0.57625514],"[[-0.5000654  -0.09843698 -0.69856495]
 [-0.49292326  0.7060204  -0.10442615]
 [ 0.50814295  0.6930952  -0.10107697]
 [ 0.49875036 -0.10707245 -0.7006324 ]]","[[-0.7034522   0.3081948  -0.64044595]
 [ 0.00941657  0.9050563   0.42518753]
 [ 0.7106802   0.29306832 -0.639566  ]]"
20200223-051212.449668,46,[1.7837802 1.476458  0.5731205],"[[ 0.5001193  -0.10621217 -0.69739157]
 [ 0.4985061   0.70157707 -0.1077585 ]
 [-0.5026737   0.6964322  -0.10564288]
 [-0.49868968 -0.10719404 -0.70062274]]","[[ 0.70699406  0.30031964 -0.64028716]
 [-0.00233279  0.9063437   0.42253464]
 [-0.7072157   0.29723582 -0.64148015]]"
20200223-051212.449668,47,[1.792536  1.4756842 0.5694207],"[[ 0.4999559  -0.1109584  -0.69692   ]
 [ 0.49874297  0.70050925 -0.11240927]
 [-0.50245696  0.6960257  -0.11045244]
 [-0.49883544 -0.11190714 -0.69961953]]","[[ 0.7069469   0.29767066 -0.6415749 ]
 [-0.00204805  0.9079767   0.419016  ]
 [-0.70726377  0.29490796 -0.64250106]]"
20200223-051212.449668,48,[1.8017054 1.473438  0.5651311],"[[-0.49993005 -0.11307188 -0.696597  ]
 [-0.49386594  0.7029551  -0.11850441]
 [ 0.5072745   0.6917215  -0.11535197]
 [ 0.49883795 -0.12079078 -0.6981425 ]]","[[-0.70378906  0.29990727 -0.6440005 ]
 [ 0.00830929  0.90993387  0.4146701 ]
 [ 0.71036047  0.28648922 -0.6428935 ]]"
20200223-051212.449668,49,[1.8106683 1.4685605 0.5619403],"[[-0.49991822 -0.11823361 -0.69574565]
 [-0.49426028  0.7018352  -0.12340101]
 [ 0.5069244   0.69116294 -0.12029469]
 [ 0.49881485 -0.125468   -0.69730854]]","[[-0.7039892   0.29629853 -0.6454505 ]
 [ 0.00787015  0.9120144   0.4100826 ]
 [ 0.71016705  0.28361392 -0.64438033]]"
20200223-051212.449668,50,[1.8196534 1.4681642 0.558292 ],"[[-0.49990264 -0.12280319 -0.69495755]
 [-0.49441016  0.70092833 -0.127901  ]
 [ 0.5068154   0.69047034 -0.12477897]
 [ 0.49879253 -0.12988243 -0.6964954 ]]","[[-0.7040588   0.293835   -0.64650005]
 [ 0.00770448  0.91348857  0.40679127]
 [ 0.71009994  0.2814242  -0.64541346]]"
20200223-051212.449668,51,[1.8285167  1.4721404  0.55434144],"[[ 0.49974597 -0.13291608 -0.6933559 ]
 [ 0.50354296  0.6937284  -0.13059027]
 [-0.49775064  0.69626856 -0.12992685]
 [-0.4989418  -0.12761055 -0.6966511 ]]","[[ 0.7098316   0.28253052 -0.64522547]
 [ 0.0041158   0.9143506   0.4049026 ]
 [-0.7043596   0.29006824 -0.647872  ]]"
20200223-051212.449668,52,[1.8378805 1.470338  0.5503153],"[[ 0.4996916  -0.14068013 -0.6918644 ]
 [ 0.50755113  0.6899426  -0.1350331 ]
 [-0.49370474  0.6980958  -0.1354319 ]
 [-0.4989549  -0.12980874 -0.6962384 ]]","[[ 0.71245676  0.2752451  -0.6454809 ]
 [ 0.00940594  0.9160319   0.40099496]
 [-0.70165294  0.29176292 -0.6500442 ]]"
20200223-051212.449668,53,[1.846984  1.4703182 0.5468136],"[[ 0.49965155 -0.14453538 -0.69108427]
 [ 0.5071634   0.68940586 -0.13923258]
 [-0.49413335  0.6969982  -0.13952999]
 [-0.49896497 -0.1342492  -0.69537675]]","[[ 0.7122258   0.27355754 -0.6464526 ]
 [ 0.00892364  0.9173345   0.39801744]
 [-0.7018939   0.289247   -0.6509082 ]]"
20200223-051212.449668,54,[1.8564324  1.4712123  0.54399455],"[[ 0.49984503 -0.14483197 -0.6907444 ]
 [ 0.5027509   0.6919771  -0.14317146]
 [-0.49859145  0.69314015 -0.14217776]
 [-0.4988015  -0.14052698 -0.69437695]]","[[ 0.7095278   0.27684286 -0.6480187 ]
 [ 0.00313264  0.91834784  0.39576167]
 [-0.7046705   0.2828339  -0.6507261 ]]"
20200223-051212.449668,55,[1.865467  1.4711529 0.5407679],"[[ 0.4999977  -0.1486446  -0.6896877 ]
 [ 0.50260925  0.6914113  -0.14706986]
 [-0.49874863  0.6921031  -0.14595294]
 [-0.49863437 -0.1443898  -0.6938292 ]]","[[ 0.70961004  0.27499244 -0.6487165 ]
 [ 0.00293789  0.91953176  0.39300513]
 [-0.70458865  0.28078616 -0.65170085]]"
20200223-051212.449668,56,[1.8751     1.4719224  0.53807163],"[[ 0.49976057 -0.15426813 -0.6887618 ]
 [ 0.5063396   0.68797684 -0.14962982]
 [-0.4950115   0.69415134 -0.14967869]
 [-0.49882168 -0.14506258 -0.6934077 ]]","[[ 0.71190894  0.2693122  -0.6485805 ]
 [ 0.00788289  0.92042357  0.39084312]
 [-0.70222753  0.2833574  -0.6531349 ]]"
20200223-051212.449668,57,[1.8843447 1.4677467 0.5352724],"[[ 0.49975002 -0.1581857   0.6878697 ]
 [ 0.50600976  0.687302    0.15383472]
 [-0.49537894  0.6929971   0.15382381]
 [-0.49880242 -0.14949374  0.6924656 ]]","[[ 0.7117161   0.26686823  0.64980114]
 [ 0.00745087  0.92210704 -0.3868631 ]
 [-0.70242774  0.28017822  0.65429014]]"
20200223-051212.449668,58,[1.8940831 1.4692165 0.5327944],"[[ 0.49950886 -0.16334817  0.68696713]
 [ 0.50957304  0.6840212   0.15602668]
 [-0.4917827   0.69495296  0.15719555]
 [-0.49897492 -0.14990935  0.6921136 ]]","[[ 0.713921    0.26163423  0.6495108 ]
 [ 0.012203    0.92278326 -0.3851261 ]
 [-0.7001199   0.28287563  0.65560156]]"
20200223-051212.449668,59,[1.9035553  1.4702001  0.53035396],"[[ 0.4995551  -0.16343632  0.686925  ]
 [ 0.5056888   0.68610555  0.159413  ]
 [-0.49570608  0.691661    0.15941955]
 [-0.49899825 -0.15541169  0.6908739 ]]","[[ 0.71135455  0.26468712  0.6510879 ]
 [ 0.00708693  0.9236276  -0.3832257 ]
 [-0.7027976   0.27722353  0.65515083]]"
20200223-051212.449668,60,[1.913224  1.4753609 0.5275004],"[[ 0.49948615 -0.16824244  0.6858235 ]
 [ 0.50922036  0.6830547   0.16121002]
 [-0.492125    0.69354177  0.16234094]
 [-0.49902037 -0.15534148  0.690871  ]]","[[ 0.71371365  0.2602614   0.65028965]
 [ 0.01178228  0.92381275 -0.38266328]
 [-0.7003383   0.28077397  0.6562714 ]]"
20200223-051212.449668,61,[1.9231337 1.4763609 0.524998 ],"[[ 0.49923208 -0.17318827  0.6849054 ]
 [ 0.5124151   0.6799787   0.16345885]
 [-0.48887786  0.69518894  0.16571592]
 [-0.49919593 -0.1560353   0.69045174]]","[[ 0.71570194  0.25528982  0.6500752 ]
 [ 0.01608933  0.9245248  -0.3807821 ]
 [-0.6982204   0.28298575  0.65757674]]"
20200223-051212.449668,62,[1.9329083 1.4834685 0.52062  ],"[[ 0.49907818 -0.17879263  0.68358123]
 [ 0.51574546  0.6767811   0.16620056]
 [-0.48545322  0.6966709   0.16952   ]
 [-0.49926186 -0.15700354  0.6901863 ]]","[[ 0.7179019   0.2509988   0.6493199 ]
 [ 0.02059125  0.92467314 -0.38020447]
 [-0.6958395   0.28631985  0.65865636]]"
20200223-051212.449668,63,[1.9421524 1.4837017 0.5177493],"[[ 0.49889135 -0.18152645  0.6831152 ]
 [ 0.51513493  0.67629546  0.16949622]
 [-0.4860883   0.69557923  0.17272367]
 [-0.49946186 -0.16075595  0.689051  ]]","[[ 0.7173869   0.25010657  0.650233  ]
 [ 0.01985171  0.92561996 -0.37793368]
 [-0.69639224  0.28403288  0.65906245]]"
20200223-051212.449668,64,[1.9522092 1.4823577 0.5142812],"[[ 0.49860066 -0.18726996  0.6818842 ]
 [ 0.51774544  0.6732859   0.17299713]
 [-0.48340204  0.6964515   0.17720118]
 [-0.49965933 -0.16300774  0.6882627 ]]","[[ 0.71902597  0.24484555  0.6504248 ]
 [ 0.02346628  0.9267987  -0.37482494]
 [-0.69458693  0.284772    0.6606467 ]]"
20200223-051212.449668,65,[1.9615234  1.4827087  0.51153463],"[[ 0.4987651  -0.18996765  0.6808688 ]
 [ 0.5171065   0.6731119   0.17619999]
 [-0.48408198  0.69506973  0.18015093]
 [-0.49949864 -0.16646574  0.6876894 ]]","[[ 0.7188431   0.24396844  0.65095633]
 [ 0.02266112  0.9276742  -0.3727024 ]
 [-0.694803    0.28266597  0.66132355]]"
20200223-051212.449668,66,[1.9701613  1.4807181  0.50967425],"[[ 0.49951485 -0.18560387  0.6811073 ]
 [ 0.506488    0.6803475   0.18096504]
 [-0.49499094  0.6866937   0.18105425]
 [-0.4989377  -0.17643705  0.68597686]]","[[ 0.71227354  0.25420412  0.6542528 ]
 [ 0.00841296  0.9289553  -0.37009642]
 [-0.7018516   0.26911402  0.6595317 ]]"
20200223-051212.449668,67,[1.9802698 1.4754943 0.5067627],"[[ 0.4992915  -0.19164349  0.6797071 ]
 [ 0.5092936   0.67714596  0.18460034]
 [-0.4921584   0.68759525  0.18578008]
 [-0.49910712 -0.17877042  0.6851326 ]]","[[ 0.71407485  0.24799323  0.6546726 ]
 [ 0.01222779  0.93059325 -0.36585063]
 [-0.69996256  0.26924998  0.66148084]]"
20200223-051212.449668,68,[1.989823   1.4762485  0.50400865],"[[ 0.49927276 -0.19441587  0.6789257 ]
 [ 0.5090374   0.67651975  0.18760222]
 [-0.49245057  0.68659955  0.18872786]
 [-0.49909925 -0.18194608  0.6842856 ]]","[[ 0.71391976  0.24688265  0.6552616 ]
 [ 0.01189754  0.9313717  -0.36387518]
 [-0.7001265   0.26757362  0.66198736]]"
20200223-051212.449668,69,[1.9998255 1.4735396 0.5023273],"[[ 0.49950826 -0.19472812  0.6785369 ]
 [ 0.505514    0.6783624   0.19095062]
 [-0.4960263   0.68332756  0.1907595 ]
 [-0.49890366 -0.18699996  0.6831808 ]]","[[ 0.7117118   0.24888922  0.6569022 ]
 [ 0.00719897  0.9324968  -0.36110687]
 [-0.7024348   0.2617331   0.6618771 ]]"
20200223-051212.449668,70,[2.00972   1.4749619 0.5003911],"[[ 0.499542   -0.19461371  0.6785583 ]
 [ 0.50229126  0.6799772   0.19364269]
 [-0.49925327  0.68055856  0.19226654]
 [-0.4989066  -0.19130298  0.6819785 ]]","[[ 0.7094746   0.25163373  0.65827537]
 [ 0.00290875  0.9330268  -0.35979563]
 [-0.70472515  0.25718054  0.66122675]]"
20200223-051212.449668,71,[2.0193815  1.4715561  0.49817786],"[[-0.499894   -0.19372924  0.6782986 ]
 [-0.49602723  0.6835417   0.19817145]
 [ 0.5055124   0.67509675  0.19425604]
 [ 0.4985181  -0.19870615  0.6803703 ]]","[[-0.7054053   0.2563079   0.6608401 ]
 [ 0.00543014  0.9342578  -0.35655695]
 [ 0.7087832   0.24792875  0.6604222 ]]"
20200223-051212.449668,72,[2.0289965 1.476552  0.4952841],"[[-0.5000575  -0.19187628  0.67859757]
 [-0.4899418   0.68704665  0.2015613 ]
 [ 0.511496    0.67017776  0.19525443]
 [ 0.4982686  -0.20496866  0.6787889 ]]","[[-0.7012166   0.26280403  0.6627439 ]
 [ 0.01349527  0.9343081  -0.35621116]
 [ 0.71282077  0.24083722  0.65869886]]"
20200223-051212.449668,73,[2.0383635  1.4773945  0.49289858],"[[-0.49988765 -0.19857726  0.6769187 ]
 [-0.49619085  0.68200547  0.20291078]
 [ 0.5053709   0.6738398   0.19906789]
 [ 0.4985053  -0.20340902  0.6789551 ]]","[[-0.7054841   0.25471374  0.6613721 ]
 [ 0.00524459  0.9350355  -0.35451525]
 [ 0.7087064   0.24663624  0.66098857]]"
20200223-051212.449668,74,[2.04792    1.4782903  0.49051243],"[[-0.49970135 -0.2011507   0.6764315 ]
 [-0.49635184  0.68099666  0.20538747]
 [ 0.5052208   0.6733363   0.2016675 ]
 [ 0.49868336 -0.2059119   0.67792827]]","[[-0.70539     0.25344956  0.66195774]
 [ 0.00504637  0.9356599  -0.35286686]
 [ 0.70880127  0.24556822  0.66128427]]"
20200223-051212.449668,75,[2.0582054  1.4821817  0.48989457],"[[ 0.49950776 -0.20364122  0.6759544 ]
 [ 0.49934348  0.67869306  0.20529677]
 [-0.5022635   0.6753422   0.20283677]
 [-0.4988784  -0.20449662  0.67808247]]","[[ 0.7073385   0.25034323  0.66106015]
 [-0.00106238  0.9355622  -0.35316023]
 [-0.7068742   0.24910153  0.66202515]]"
20200223-051212.449668,76,[2.0685306  1.4815212  0.48697013],"[[ 0.4993105  -0.20868595  0.6746718 ]
 [ 0.50214416  0.6756962   0.20792378]
 [-0.49947852  0.676388    0.2066312 ]
 [-0.49906096 -0.20587368  0.6774135 ]]","[[ 0.7091719   0.24546224  0.66092634]
 [ 0.00270182  0.9364837  -0.35070086]
 [-0.7050306   0.25049287  0.6634645 ]]"
20200223-051212.449668,77,[2.0774243  1.4879862  0.48493615],"[[ 0.49950033 -0.20798697  0.6746358 ]
 [ 0.49925014  0.6773967   0.2097481 ]
 [-0.50237256  0.6739375   0.20724097]
 [-0.49886978 -0.20900628  0.6767003 ]]","[[ 0.70727634  0.24916235  0.6615727 ]
 [-0.00116959  0.9362407  -0.35135764]
 [-0.7069363   0.24773316  0.6624722 ]]"
20200223-051212.449668,78,[2.0876281  1.493539   0.48289162],"[[-0.49950793 -0.20736204  0.6748451 ]
 [-0.49635044  0.67890507  0.21166262]
 [ 0.5052388   0.6715767   0.20799609]
 [ 0.4988604  -0.21230537  0.67566305]]","[[-0.7051881   0.25263914  0.6624828 ]
 [ 0.00502669  0.9361215  -0.35164115]
 [ 0.70900255  0.24464291  0.66141164]]"
20200223-051212.449668,79,[2.0969164  1.4918303  0.48141357],"[[ 0.49930248 -0.21163867  0.67378163]
 [ 0.4994108   0.67601675  0.2132981 ]
 [-0.5022504   0.67305493  0.21095778]
 [-0.49902958 -0.21262056  0.675292  ]]","[[ 0.70717067  0.2477582   0.6622128 ]
 [-0.00100331  0.93694544 -0.34947437]
 [-0.7070423   0.24647363  0.6628289 ]]"
20200223-051212.449668,80,[2.1061025  1.4941797  0.47972763],"[[-0.4996693  -0.21150517  0.6733098 ]
 [-0.49656942  0.6776334   0.21562943]
 [ 0.5050939   0.6703427   0.21201539]
 [ 0.49862763 -0.21614657  0.6746908 ]]","[[-0.70547235  0.2503619   0.66304415]
 [ 0.0048169   0.9372008  -0.34875688]
 [ 0.708721    0.24284455  0.6623753 ]]"
20200223-051212.449668,81,[2.1152062  1.4966395  0.47804978],"[[ 0.49929735 -0.21508521  0.67269707]
 [ 0.49959603  0.67482376  0.21659419]
 [-0.5021176   0.67211396  0.21439193]
 [-0.49898353 -0.21590385  0.67424184]]","[[ 7.0726556e-01  2.4661857e-01  6.6253686e-01]
 [-8.2169217e-04  9.3746507e-01 -3.4807882e-01]
 [-7.0694786e-01  2.4563973e-01  6.6323918e-01]]"
20200223-051212.449668,82,[2.1246176  1.4948831  0.47666615],"[[ 0.49908707 -0.21910357  0.67166173]
 [ 0.5023888   0.67211527  0.218178  ]
 [-0.49937275  0.6734004   0.21722569]
 [-0.49914396 -0.21630315  0.67385596]]","[[ 0.7090828   0.2420318   0.6622856 ]
 [ 0.0028815   0.93824303 -0.3459652 ]
 [-0.7051193   0.24722636  0.6645945 ]]"
20200223-051212.449668,83,[2.1341553  1.499827   0.47433484],"[[ 0.4990839  -0.2206923   0.671151  ]
 [ 0.50230986  0.6716255   0.21983643]
 [-0.49943787  0.6728249   0.21884657]
 [-0.49916178 -0.21799368  0.67330146]]","[[ 0.70903367  0.24211924  0.66230625]
 [ 0.0027981   0.9382355  -0.3459862 ]
 [-0.70516914  0.24716906  0.664563  ]]"
20200223-051212.449668,84,[2.145312   1.4974285  0.47369617],"[[ 0.49909356 -0.2222137   0.6706477 ]
 [ 0.5021765   0.6711817   0.22146979]
 [-0.4995619   0.6722115   0.22044002]
 [-0.49916142 -0.2196987   0.6727472 ]]","[[ 0.7089618   0.2408096   0.66286033]
 [ 0.00265197  0.93898135 -0.34395763]
 [-0.7052419   0.2456107   0.66506326]]"
20200223-051212.449668,85,[2.1559741 1.5035092 0.4719147],"[[ 0.49889567 -0.22495712  0.66999495]
 [ 0.5048399   0.66892314  0.22185674]
 [-0.4968952   0.6737899   0.22205402]
 [-0.49933448 -0.21895958  0.67273957]]","[[ 0.71070427  0.23829941  0.661901  ]
 [ 0.00621522  0.9387168  -0.34463295]
 [-0.7034635   0.24904592  0.6656691 ]]"
20200223-051212.449668,86,[2.1658058  1.5063906  0.47094202],"[[ 0.49871    -0.22588436  0.6699486 ]
 [ 0.5048405   0.66846853  0.22279899]
 [-0.49689943  0.67359465  0.22307445]
 [-0.49951547 -0.2199925   0.67213625]]","[[ 0.7105221   0.23822702  0.66212255]
 [ 0.00621361  0.9387889  -0.34443733]
 [-0.7036475   0.2488446   0.66554993]]"
20200223-051212.449668,87,[2.175658   1.50723    0.46894747],"[[ 0.49889648 -0.22789882  0.6689938 ]
 [ 0.5046412   0.6680362   0.22497615]
 [-0.49710798  0.6726224   0.22510886]
 [-0.49932334 -0.22219157  0.67168385]]","[[ 0.71057963  0.23743117  0.6623469 ]
 [ 0.00595604  0.93928236 -0.34309366]
 [-0.70359194  0.24774028  0.66602063]]"
20200223-051212.449668,88,[2.1869724  1.5049652  0.46600017],"[[ 0.49889416 -0.23103069  0.66791576]
 [ 0.50438464  0.66709393  0.22833824]
 [-0.49735695  0.67133343  0.22834744]
 [-0.49933684 -0.22565979  0.6705281 ]]","[[ 0.71043164  0.2356496   0.66314125]
 [ 0.00566638  0.940329   -0.34021983]
 [-0.7037435   0.24546057  0.6667041 ]]"
20200223-051212.449668,89,[2.1961703  1.507577   0.46454594],"[[ 0.49923867 -0.23064104  0.66754925]
 [ 0.501574    0.66874933  0.23045999]
 [-0.5002021   0.6687206   0.22907037]
 [-0.49898115 -0.22889253  0.6699205 ]]","[[ 0.70874506  0.23841469  0.6639571 ]
 [ 0.00190074  0.9405139  -0.33975008]
 [-0.7054622   0.24205819  0.6661314 ]]"
20200223-051212.449668,90,[2.2060845  1.5084876  0.46267137],"[[ 0.49904224 -0.23257725  0.6671499 ]
 [ 0.5015816   0.66792965  0.23240957]
 [-0.5001984   0.668175    0.23107652]
 [-0.49917343 -0.23091087  0.6689548 ]]","[[ 0.70856297  0.23758928  0.6644471 ]
 [ 0.00191561  0.940962   -0.33850673]
 [-0.70564497  0.24112612  0.66627574]]"
20200223-051212.449668,91,[2.2169447  1.5057199  0.46163878],"[[ 0.49886337 -0.23613046  0.66614085]
 [ 0.5039984   0.665503    0.23380257]
 [-0.49778128  0.6692094   0.23364043]
 [-0.49933478 -0.23131657  0.66858435]]","[[ 0.71017545  0.2332426   0.6642657 ]
 [ 0.00517371  0.9417715  -0.336214  ]
 [-0.70400596  0.24220757  0.6676161 ]]"
20200223-051212.449668,92,[2.2271166  1.5069983  0.45969012],"[[ 0.4988349  -0.23799905  0.665485  ]
 [ 0.5038286   0.66492265  0.23584288]
 [-0.49797705  0.66839117  0.23557882]
 [-0.49933907 -0.23342593  0.6678403 ]]","[[ 0.71005464  0.23261254  0.6646157 ]
 [ 0.00495104  0.942187   -0.33505097]
 [-0.70412934  0.24119495  0.6678526 ]]"
20200223-051212.449668,93,[2.2377062  1.5129805  0.45829338],"[[ 0.4988164  -0.2370213   0.66587263]
 [ 0.5013674   0.6663137   0.23708373]
 [-0.50043154  0.66654104  0.23566937]
 [-0.49938065 -0.2357327   0.6669818 ]]","[[ 0.7082221   0.23606312  0.6653537 ]
 [ 0.00164919  0.9418854  -0.33593014]
 [-0.70598763  0.23901044  0.66667485]]"
20200223-051212.449668,94,[2.2483451  1.5165064  0.45577556],"[[-0.4987933  -0.23729089  0.6658193 ]
 [-0.4988775   0.667258    0.23959321]
 [ 0.5029028   0.6642199   0.23700729]
 [ 0.499415   -0.23931414  0.6656632 ]]","[[-0.7063676   0.23854713  0.6664384 ]
 [ 0.00167246  0.94206274 -0.3354324 ]
 [ 0.70784324  0.23582396  0.66584176]]"
20200223-051212.449668,95,[2.2590694  1.5243484  0.45543593],"[[-0.4987853  -0.23526664  0.66657144]
 [-0.49647644  0.6689763   0.23970743]
 [ 0.5052742   0.6627866   0.23603375]
 [ 0.49942252 -0.24048851  0.6652151 ]]","[[-0.7045644   0.24266408  0.6668608 ]
 [ 0.00489272  0.9413555  -0.33738068]
 [ 0.7096233   0.23444368  0.664433  ]]"
20200223-051212.449668,96,[2.2693844  1.5231153  0.45491853],"[[-0.49876535 -0.2366697   0.66608685]
 [-0.496578    0.66842574  0.24103475]
 [ 0.5051986   0.66237366  0.23739754]
 [ 0.4994179  -0.24177605  0.66473526]]","[[-0.704609    0.24153064  0.66722506]
 [ 0.00478888  0.94188607 -0.33589876]
 [ 0.7095798   0.23348203  0.664818  ]]"
20200223-051212.449668,97,[2.279394   1.5239955  0.45322108],"[[-0.49859068 -0.23859572  0.6656646 ]
 [-0.49682635  0.66747665  0.24274032]
 [ 0.5049589   0.6620195   0.23931125]
 [ 0.4995874  -0.24346961  0.66385084]]","[[-0.7045797   0.24055031  0.6676098 ]
 [ 0.00450151  0.9422889  -0.33477068]
 [ 0.70961064  0.2328674   0.6650003 ]]"
20200223-051212.449668,98,[2.2900836  1.5318574  0.45290798],"[[-0.4986599  -0.23977628  0.6651738 ]
 [-0.49928388  0.6660362   0.24169074]
 [ 0.50250334  0.6638007   0.23947766]
 [ 0.4995441  -0.24139583  0.66466504]]","[[-0.70643884  0.23913471  0.66615224]
 [ 0.00122179  0.94160396 -0.33672047]
 [ 0.7077732   0.23705839  0.6654777 ]]"
20200223-051212.449668,99,[2.301129   1.5335699  0.45184138],"[[ 0.49850872 -0.24257876  0.66438293]
 [ 0.50181186  0.6638191   0.24220954]
 [-0.49998674  0.66516966  0.24130383]
 [-0.4996872  -0.24093342  0.66460687]]","[[ 0.7081343   0.23593695  0.66549206]
 [ 0.00213101  0.9418011  -0.33616433]
 [-0.70607466  0.23946768  0.6664187 ]]"
20200223-051212.449668,100,[2.3122032  1.5348864  0.45060083],"[[-0.4986577  -0.24235675  0.66423994]
 [-0.4993454   0.6650657   0.2442204 ]
 [ 0.5024596   0.6629148   0.24204983]
 [ 0.4995291  -0.2439168   0.66374236]]","[[-0.7064672   0.23811495  0.66648746]
 [ 0.00116137  0.94209325 -0.3353492 ]
 [ 0.70774496  0.23613913  0.6658346 ]]"
20200223-051212.449668,101,[2.323013   1.5381877  0.44822043],"[[ 0.49871784 -0.24577428  0.6629291 ]
 [ 0.5017706   0.6628015   0.24542345]
 [-0.500024    0.66384625  0.24447715]
 [-0.49948278 -0.2441262   0.6637196 ]]","[[ 0.70829254  0.23500535  0.6656534 ]
 [ 0.00208002  0.94226104 -0.3348734 ]
 [-0.70591617  0.23857291  0.66690755]]"
20200223-051212.449668,102,[2.333488   1.5347543  0.44686243],"[[-0.49901477 -0.24499384  0.6627778 ]
 [-0.49704152  0.66529286  0.24892926]
 [ 0.5047597   0.65963393  0.2455471 ]
 [ 0.4991507  -0.24949194  0.66216815]]","[[-0.7050687   0.2385303   0.66781855]
 [ 0.00427595  0.9431443  -0.33235613]
 [ 0.7091262   0.23147844  0.66600144]]"
20200223-051212.449668,103,[2.3430035 1.5371969 0.4457204],"[[-0.49935946 -0.24467614  0.6624084 ]
 [-0.49471116  0.66660917  0.25070733]
 [ 0.50708055  0.6574103   0.24609718]
 [ 0.4987688  -0.25214544  0.66166234]]","[[-0.70365447  0.24083823  0.66848147]
 [ 0.00739776  0.9432367  -0.33203915]
 [ 0.71050394  0.22869559  0.6654944 ]]"
20200223-051212.449668,104,[2.353014   1.5379869  0.44419003],"[[ 0.49928144 -0.24947491  0.66077137]
 [ 0.49952817  0.66273487  0.25114056]
 [-0.50231117  0.66007304  0.24902841]
 [-0.49887252 -0.2506964   0.66203856]]","[[ 0.7071087   0.23472233  0.66701066]
 [-0.00101818  0.94363475 -0.3309875 ]
 [-0.70710444  0.23336497  0.6674911 ]]"
20200223-051212.449668,105,[2.3631966  1.5407726  0.44360495],"[[ 0.49918765 -0.2531578   0.65952665]
 [ 0.50415933  0.6593302   0.25058728]
 [-0.49767932  0.6629643   0.2509035 ]
 [-0.49894923 -0.24834086  0.6627807 ]]","[[ 0.71042895  0.22947659  0.6653052 ]
 [ 0.00517259  0.94361806 -0.3309955 ]
 [-0.7037498   0.23859012  0.6691867 ]]"
20200223-051212.449668,106,[2.3744252  1.5424513  0.44272298],"[[ 0.49933317 -0.25262874  0.65951276]
 [ 0.50176907  0.6606367   0.25224945]
 [-0.5000849   0.66089123  0.25129563]
 [-0.49880818 -0.25091952  0.66201484]]","[[ 0.70881003  0.23183139  0.6662152 ]
 [ 0.00197406  0.9437955  -0.3305246 ]
 [-0.7053967   0.23559429  0.6685139 ]]"
20200223-051212.449668,107,[2.383898   1.5449634  0.44162664],"[[ 0.49938    -0.25519824  0.6584615 ]
 [ 0.5039908   0.658764    0.252783  ]
 [-0.49787703  0.66189915  0.25299105]
 [-0.49872923 -0.25058538  0.662212  ]]","[[ 0.71049666  0.2290901   0.66536623]
 [ 0.00494351  0.9438764  -0.33026183]
 [-0.70368314  0.23793925  0.6694886 ]]"
20200223-051212.449668,108,[2.3936388  1.5434573  0.44076964],"[[ 0.49949902 -0.25529632  0.65821576]
 [ 0.50161207  0.6598213   0.25508562]
 [-0.5003034   0.6595818   0.2540011 ]
 [-0.4985807  -0.25379437  0.66118616]]","[[ 0.70887345  0.23061106  0.6665711 ]
 [ 0.00175591  0.944461   -0.32861888]
 [-0.7053335   0.23411964  0.66909856]]"
20200223-051212.449668,109,[2.4050176  1.5404601  0.44007474],"[[ 0.49936402 -0.2583981   0.6572089 ]
 [ 0.50381804  0.65760773  0.25615978]
 [-0.4980981   0.6604785   0.25629696]
 [-0.49869916 -0.25406736  0.6608863 ]]","[[ 0.7103716   0.2266458   0.6663362 ]
 [ 0.00469617  0.94518566 -0.32649937]
 [-0.7038111   0.23506507  0.67036873]]"
20200223-051212.449668,110,[2.4144335  1.5431174  0.43905675],"[[ 0.49927744 -0.257968    0.6574679 ]
 [ 0.50160056  0.65864104  0.25778612]
 [-0.50033885  0.6586483   0.25674665]
 [-0.49877816 -0.25656745  0.65982085]]","[[ 0.7086569   0.22908609  0.667327  ]
 [ 0.00171153  0.9452596  -0.32631487]
 [-0.7055515   0.23238738  0.6694726 ]]"
20200223-051212.449668,111,[2.4238803  1.5457225  0.43802983],"[[ 0.49933764 -0.260431    0.6564271 ]
 [ 0.5037735   0.6568225   0.25824606]
 [-0.4981795   0.6596338   0.25838578]
 [-0.49868965 -0.25620964  0.6600372 ]]","[[ 0.7103113   0.22646469  0.6664618 ]
 [ 0.00459611  0.9453175  -0.32611877]
 [-0.70387256  0.23470908  0.67042905]]"
20200223-051212.449668,112,[2.4341733  1.5509732  0.43631607],"[[ 0.49953267 -0.2613886   0.6557771 ]
 [ 0.50364304  0.6566299   0.2593216 ]
 [-0.4983129   0.659021    0.25935933]
 [-0.498493   -0.25730294  0.65987986]]","[[ 0.71040875  0.22689427  0.6662122 ]
 [ 0.00443987  0.94514364 -0.3266254 ]
 [-0.7037756   0.23499538  0.6704307 ]]"
20200223-051212.449668,113,[2.445209   1.5519989  0.43549263],"[[ 0.4994577  -0.2609389   0.65604454]
 [ 0.5013398   0.65769464  0.26100144]
 [-0.5006052   0.6571322   0.25979188]
 [-0.4985932  -0.25985757  0.65878093]]","[[ 0.7086585   0.22903486  0.6673426 ]
 [ 0.00139604  0.94538814 -0.3259439 ]
 [-0.7055502   0.2319146   0.6696375 ]]"
20200223-051212.449668,114,[2.4546719 1.5547113 0.4345277],"[[-0.49936205 -0.26050004  0.6563191 ]
 [-0.49917465  0.658688    0.26256922]
 [ 0.5027817   0.6553531   0.2601915 ]
 [ 0.49867126 -0.2622631   0.65772617]]","[[-0.7069712   0.23142926  0.66830546]
 [ 0.00150194  0.9454347  -0.32580826]
 [ 0.70724064  0.22933324  0.66874284]]"
20200223-051212.449668,115,[2.4654286  1.5582218  0.43416035],"[[-0.4995839  -0.25808263  0.6569114 ]
 [-0.49478236  0.6615624   0.2641853 ]
 [ 0.50715303  0.65210557  0.2593767 ]
 [ 0.49839935 -0.26549372  0.65680844]]","[[-0.70392674  0.23656468  0.66971964]
 [ 0.0073369   0.94527656 -0.32618773]
 [ 0.7102349   0.22469853  0.66714096]]"
20200223-051212.449668,116,[2.4767063 1.5570939 0.4324902],"[[-0.49949938 -0.25879297  0.6567482 ]
 [-0.49284     0.6619621   0.26666787]
 [ 0.5090501   0.6500902   0.26082593]
 [ 0.49847433 -0.26872823  0.6553929 ]]","[[-0.7023638   0.23759183  0.67099583]
 [ 0.00994654  0.9458341  -0.32449755]
 [ 0.7117486   0.22124118  0.666683  ]]"
