Timestamp,Epoch,s,u,v
20200220-185807.422252,0,[1.6056405  1.3724296  0.10592135],"[[ 0.40718907  0.3796662  -0.09370232]
 [ 0.37518844  0.6267163  -0.43899268]
 [ 0.6012253  -0.67970663 -0.41896772]
 [-0.57615864 -0.03284539 -0.7892853 ]]","[[ 0.25010273  0.8193024   0.5159383 ]
 [ 0.88177145  0.02735615 -0.47088292]
 [ 0.39990956 -0.5727087   0.7155956 ]]"
20200220-185807.422252,1,[1.5964406  1.376481   0.10637429],"[[ 0.39546165  0.3842755  -0.12577212]
 [ 0.36884794  0.63120484 -0.42284605]
 [ 0.6100631  -0.6723057  -0.41711998]
 [-0.5791236  -0.0437972  -0.7946031 ]]","[[ 0.23840636  0.8216618   0.5177206 ]
 [ 0.88222855  0.03962721 -0.46915087]
 [ 0.4059991  -0.5685964   0.7154461 ]]"
20200220-185807.422252,2,[1.6004608  1.3807126  0.10660668],"[[ 0.3880441   0.38506943 -0.15576951]
 [ 0.3688714   0.6322072  -0.40646902]
 [ 0.6132586  -0.67053217 -0.4140126 ]
 [-0.5807491  -0.04921659 -0.7994451 ]]","[[ 0.235949    0.8217772   0.5186619 ]
 [ 0.8818038   0.04322219 -0.46963128]
 [ 0.40834996 -0.56816727  0.7144483 ]]"
20200220-185807.422252,3,[1.5908939  1.3861423  0.10726564],"[[ 0.38175538  0.38435578 -0.18638474]
 [ 0.37122154  0.63172036 -0.3898589 ]
 [ 0.6126044  -0.67124325 -0.41232383]
 [-0.58410037 -0.05130725 -0.8020346 ]]","[[ 0.23464133  0.8216527   0.519452  ]
 [ 0.8827041   0.04372629 -0.46789047]
 [ 0.40715712 -0.56830883  0.71501625]]"
20200220-185807.422252,4,[1.584702   1.3910059  0.10789874],"[[ 0.3728129   0.3863331  -0.21592551]
 [ 0.36886045  0.6338693  -0.37377405]
 [ 0.61718285 -0.66751003 -0.40984732]
 [-0.58654755 -0.05819898 -0.8035512 ]]","[[ 0.22813168  0.8227368   0.5206346 ]
 [ 0.8829911   0.05047239 -0.46666846]
 [ 0.41022286 -0.5661775   0.71495485]]"
20200220-185807.422252,5,[1.5781012  1.3958033  0.10863175],"[[ 0.36441863  0.38761383 -0.24531469]
 [ 0.36757132  0.6354088  -0.35744187]
 [ 0.6205179  -0.6647691  -0.40733343]
 [-0.589108   -0.06397705 -0.8038259 ]]","[[ 0.22284599  0.82352704  0.52167344]
 [ 0.88334215  0.05578027 -0.46539816]
 [ 0.41236705 -0.56452817  0.7150257 ]]"
20200220-185807.422252,6,[1.5729841  1.4004703  0.10935376],"[[ 0.35544884  0.38951576 -0.27374125]
 [ 0.36512646  0.63764    -0.34119526]
 [ 0.6252496  -0.6608088  -0.40443826]
 [-0.5911022  -0.07088158 -0.8031695 ]]","[[ 0.216224    0.82463706  0.5227054 ]
 [ 0.88341874  0.0627088  -0.46436948]
 [ 0.41571444 -0.5621754   0.7149407 ]]"
20200220-185807.422252,7,[1.5725276  1.4050894  0.11002965],"[[ 0.34849045  0.38994315 -0.30047992]
 [ 0.36537892  0.6383332  -0.32536885]
 [ 0.6275357  -0.65939003 -0.4010216 ]
 [-0.592665   -0.07536452 -0.8018909 ]]","[[ 0.21363856  0.82478815  0.5235296 ]
 [ 0.8833093   0.06581818 -0.46414763]
 [ 0.41728115 -0.56159824  0.7144818 ]]"
20200220-185807.422252,8,[1.5729432 1.4096812 0.1109702],"[[ 0.33939672  0.39201915 -0.32683602]
 [ 0.36215198  0.6408412  -0.3099801 ]
 [ 0.6331587  -0.6547637  -0.3974416 ]
 [-0.59394157 -0.08323615 -0.7994567 ]]","[[ 0.20711279  0.8258071   0.5245445 ]
 [ 0.8827366   0.07340071 -0.4640996 ]
 [ 0.42175874 -0.5591555   0.71376806]]"
20200220-185807.422252,9,[1.572534   1.4158214  0.11195792],"[[ 0.33817884  0.38770655 -0.3515882 ]
 [ 0.37152925  0.6363506  -0.29453796]
 [ 0.6256708  -0.66225874 -0.39452115]
 [-0.5967724  -0.07845373 -0.79623264]]","[[ 0.21583535  0.8235454   0.5245838 ]
 [ 0.8835184   0.06400832 -0.46400264]
 [ 0.41570497 -0.56362754  0.7138022 ]]"
20200220-185807.422252,10,[1.5646414  1.4216313  0.11317564],"[[ 0.332721    0.38670778 -0.37623975]
 [ 0.3742784   0.6353659  -0.27976814]
 [ 0.624176   -0.6636441  -0.39209768]
 [-0.5996803  -0.07964455 -0.79147506]]","[[ 0.21568929  0.8231783   0.5252196 ]
 [ 0.8843026   0.06344144 -0.46258405]
 [ 0.41410986 -0.5642275   0.71425515]]"
20200220-185807.422252,11,[1.5645027  1.4250894  0.11426139],"[[ 0.31772816  0.39346263 -0.40042073]
 [ 0.36108935  0.6433027  -0.26570997]
 [ 0.6398449  -0.6495305  -0.387959  ]
 [-0.5993847  -0.09725792 -0.7864792 ]]","[[ 0.19711697  0.82672924  0.526938  ]
 [ 0.8826642   0.08426268 -0.46238938]
 [ 0.42667204 -0.5562541   0.71311474]]"
20200220-185807.422252,12,[1.5561945  1.4298865  0.11552178],"[[ 0.305557    0.39756832 -0.4235863 ]
 [ 0.35264924  0.64836574 -0.25189918]
 [ 0.64953405 -0.64001894 -0.38511074]
 [-0.60031563 -0.1092568  -0.7802635 ]]","[[ 0.18324354  0.8291191   0.52818894]
 [ 0.8819896   0.09864236 -0.46082985]
 [ 0.43418458 -0.5503012   0.71319884]]"
20200220-185807.422252,13,[1.5511743  1.4350461  0.11680139],"[[ 0.29620367  0.39950722 -0.44555423]
 [ 0.34855583  0.65102834 -0.2383642 ]
 [ 0.6549333  -0.6347018  -0.38221946]
 [-0.6015271  -0.11708869 -0.7736746 ]]","[[ 0.17515852  0.83030015  0.5290759 ]
 [ 0.88150924  0.10707057 -0.45986688]
 [ 0.43847597 -0.54693484  0.7131629 ]]"
20200220-185807.422252,14,[1.5520244  1.4425632  0.11774003],"[[ 0.3084788   0.38616544 -0.46506387]
 [ 0.37901095  0.6349838  -0.22391094]
 [ 0.62640995 -0.6628315  -0.3797646 ]
 [-0.60729104 -0.09124899 -0.7676967 ]]","[[ 0.21009544  0.822852    0.52799094]
 [ 0.88515973  0.06922878 -0.46010828]
 [ 0.41515318 -0.56402284  0.71381086]]"
20200220-185807.422252,15,[1.550699   1.446797   0.11894677],"[[ 0.29513606  0.39149582 -0.48584682]
 [ 0.3681243   0.64180195 -0.21072099]
 [ 0.6395478  -0.65081173 -0.37606356]
 [-0.60692513 -0.10613804 -0.76034576]]","[[ 0.19389369  0.8260456   0.5292013 ]
 [ 0.8837607   0.08710223 -0.4597611 ]
 [ 0.42587823 -0.55683213  0.71313804]]"
20200220-185807.422252,16,[1.5421332  1.450916   0.12051044],"[[ 0.2724403   0.40259564 -0.5056175 ]
 [ 0.34198943  0.65608793 -0.19918019]
 [ 0.6660492  -0.6239201  -0.37316522]
 [-0.6043161  -0.13486809 -0.75194824]]","[[ 0.15832436  0.8324348   0.5310233 ]
 [ 0.8801009   0.12482844 -0.45808342]
 [ 0.44761133 -0.5398798   0.7128633 ]]"
20200220-185807.422252,17,[1.5382231  1.4547925  0.12195794],"[[ 0.25035045  0.41218236 -0.5240804 ]
 [ 0.31643736  0.66882527 -0.18798135]
 [ 0.6908622  -0.59693307 -0.369856  ]
 [-0.5999183  -0.16263416 -0.74378043]]","[[ 0.12443739  0.8371248   0.53267014]
 [ 0.8746943   0.16089277 -0.457191  ]
 [ 0.46842864 -0.5228151   0.7122071 ]]"
20200220-185807.422252,18,[1.5361676  1.4612741  0.12335027],"[[ 0.24762239  0.4099805  -0.5410191 ]
 [ 0.3220575   0.66664433 -0.1762865 ]
 [ 0.68720454 -0.6013     -0.3672494 ]
 [-0.6022556  -0.16105774 -0.73576444]]","[[ 0.12867638  0.8363405   0.53289485]
 [ 0.87566644  0.15639244 -0.4568912 ]
 [ 0.46545732 -0.5254292   0.7122314 ]]"
20200220-185807.422252,19,[1.536153   1.4668326  0.12472659],"[[ 0.24057537  0.41029254 -0.5576162 ]
 [ 0.3206429   0.6677493  -0.1648891 ]
 [ 0.68995196 -0.59848416 -0.36437532]
 [-0.60272557 -0.16609563 -0.72739697]]","[[ 0.12464004  0.83664745  0.5333724 ]
 [ 0.8748578   0.16092537 -0.45686668]
 [ 0.46806943 -0.5235688   0.7118896 ]]"
20200220-185807.422252,20,[1.5318258  1.4725083  0.12642457],"[[ 0.22444837  0.41536304 -0.5732844 ]
 [ 0.304473    0.67536354 -0.15493229]
 [ 0.7048216  -0.58087754 -0.36221775]
 [-0.60012156 -0.18422525 -0.7184282 ]]","[[ 0.10223625  0.83917004  0.5341735 ]
 [ 0.87068474  0.18421632 -0.45603976]
 [ 0.48109838 -0.5117206   0.71181905]]"
20200220-185807.422252,21,[1.5339516  1.4794391  0.12777512],"[[ 0.23082705  0.40863112 -0.5877078 ]
 [ 0.3242922   0.66667145 -0.14410788]
 [ 0.6890661  -0.59980243 -0.35956916]
 [-0.60559183 -0.16972525 -0.7103114 ]]","[[ 0.12451228  0.8362371   0.53404516]
 [ 0.8749469   0.1612988  -0.45656383]
 [ 0.46793646 -0.52410895  0.7115795 ]]"
20200220-185807.422252,22,[1.5336493  1.4839019  0.12920184],"[[ 0.2055144   0.41827118 -0.60243726]
 [ 0.29267055  0.681198   -0.13437268]
 [ 0.7177084  -0.565828   -0.35656574]
 [-0.5974965  -0.20213039 -0.70133746]]","[[ 0.08376762  0.84052134  0.53526336]
 [ 0.86604637  0.20428573 -0.45632333]
 [ 0.49289614 -0.50178796  0.71081793]]"
20200220-185807.422252,23,[1.5279497  1.4902807  0.13080099],"[[ 0.18859956  0.42283604 -0.6158932 ]
 [ 0.2746419   0.68881387 -0.12516819]
 [ 0.73281664 -0.5458349  -0.35492095]
 [-0.5932807  -0.22092928 -0.6921269 ]]","[[ 0.05894389  0.8423382   0.5357165 ]
 [ 0.86027914  0.22937265 -0.45531094]
 [ 0.5064044  -0.48770344  0.7111258 ]]"
20200220-185807.422252,24,[1.5254009  1.4915564  0.13243991],"[[-0.10824973  0.44650438 -0.63004106]
 [-0.1535877   0.7251764  -0.11654057]
 [-0.81565654 -0.41264337 -0.3521231 ]
 [ 0.54717195 -0.3232314  -0.68225807]]","[[ 0.0859075   0.8387151   0.53775173]
 [-0.8085646   0.3740456  -0.454217  ]
 [-0.5821023  -0.39578632  0.7102887 ]]"
20200220-185807.422252,25,[1.5243334 1.4934261 0.1341238],"[[-0.03206584  0.45507523 -0.6429555 ]
 [-0.03864884  0.7400949  -0.10825792]
 [-0.870445   -0.2795433  -0.34992275]
 [ 0.48969758 -0.4086828  -0.67263854]]","[[ 0.21680568  0.81384605  0.5391196 ]
 [-0.7396631   0.49736118 -0.4533545 ]
 [-0.6370979  -0.300477    0.7098027 ]]"
20200220-185807.422252,26,[1.5250309  1.4937049  0.13579538],"[[ 0.04929684  0.4504081  -0.65513265]
 [ 0.0859707   0.7359008  -0.10040313]
 [-0.90524364 -0.1287243  -0.34786808]
 [ 0.4131742  -0.4888892  -0.66310495]]","[[ 0.3511166   0.76459527  0.54047346]
 [-0.64483035  0.6159822  -0.45250416]
 [-0.6789044  -0.18963194  0.7093156 ]]"
20200220-185807.422252,27,[1.5306746 1.4977064 0.1371103],"[[ 0.06391112  0.4459953  -0.6664374 ]
 [ 0.10295143  0.73383504 -0.0919138 ]
 [-0.90876067 -0.10581907 -0.34491467]
 [ 0.3993373  -0.5013748  -0.6545582 ]]","[[ 0.36918497  0.75542456  0.54132813]
 [-0.6286171   0.63199556 -0.45323515]
 [-0.6845019  -0.17296043  0.708196  ]]"
20200220-185807.422252,28,[1.5344971  1.4933647  0.13876776],"[[ 0.1238355   0.4298472  -0.67822987]
 [ 0.19504099  0.7144818  -0.08455812]
 [-0.9151446   0.01120322 -0.3425005 ]
 [ 0.33035442 -0.5519255  -0.64462996]]","[[ 0.4620168   0.7009546   0.5433261 ]
 [-0.54239994  0.70802975 -0.4522125 ]
 [-0.70167154 -0.08577028  0.7073194 ]]"
20200220-185807.422252,29,[1.5376167  1.4946605  0.14004421],"[[-0.16212527  0.4143707  -0.6885402 ]
 [-0.25302222  0.6960878  -0.07666361]
 [ 0.9111826   0.08769999 -0.34044382]
 [-0.2818546  -0.57971334 -0.6357148 ]]","[[-0.5189548   0.65927666  0.54409605]
 [ 0.48080707  0.7514123  -0.4518898 ]
 [ 0.70676076 -0.02709482  0.7069337 ]]"
20200220-185807.422252,30,[1.5437397  1.4926391  0.14144294],"[[-0.17728263  0.40512952 -0.69907385]
 [-0.2729833   0.68818927 -0.06938223]
 [ 0.9085674   0.11559671 -0.33777213]
 [-0.26183248 -0.5906802  -0.6264116 ]]","[[-0.5375725   0.6427227   0.54582363]
 [ 0.45733938  0.7660686  -0.4516412 ]
 [ 0.70841837 -0.00683673  0.7057597 ]]"
20200220-185807.422252,31,[1.5489832  1.4935561  0.14298604],"[[-0.19492494  0.39424443 -0.7084557 ]
 [-0.29764083  0.6777705  -0.06249538]
 [ 0.9038361   0.14983393 -0.33578292]
 [-0.23768604 -0.60228556 -0.6176039 ]]","[[-0.56075114  0.6217245   0.54682434]
 [ 0.42763638  0.78299433 -0.45171565]
 [ 0.709003    0.01945813  0.70493704]]"
20200220-185807.422252,32,[1.5548954 1.4948488 0.1441529],"[[-0.20463365  0.38687477 -0.71742815]
 [-0.3094058   0.6723248  -0.05550204]
 [ 0.9012187   0.16738734 -0.3333946 ]
 [-0.22404796 -0.6085134  -0.6091506 ]]","[[-0.5716239   0.61072326  0.54796267]
 [ 0.41211253  0.7911773  -0.45188668]
 [ 0.70951337  0.032487    0.7039428 ]]"
20200220-185807.422252,33,[1.558941   1.4957415  0.14548735],"[[-0.22649927  0.37214264 -0.72573537]
 [-0.34267     0.65589345 -0.04889136]
 [ 0.89152795  0.21365052 -0.33181083]
 [-0.19092704 -0.6210208  -0.60068244]]","[[-0.6021347   0.579965    0.5487026 ]
 [ 0.37025312  0.8117304  -0.45167083]
 [ 0.7073518   0.06880783  0.7035048 ]]"
20200220-185807.422252,34,[1.5630896  1.4995836  0.14649275],"[[-0.24856317  0.35601774 -0.7331642 ]
 [-0.37730703  0.6367594  -0.0419832 ]
 [ 0.8784734   0.26252413 -0.33034992]
 [-0.15537089 -0.6315616  -0.59293884]]","[[-0.6333576   0.54558307  0.54881436]
 [ 0.32436284  0.8310488  -0.45182583]
 [ 0.7026      0.10815233  0.703318  ]]"
20200220-185807.422252,35,[1.5681076 1.5063075 0.1478005],"[[-0.25708887  0.34778634 -0.7407263 ]
 [-0.3882497   0.6303878  -0.03515749]
 [ 0.8735373   0.27943107 -0.32856107]
 [-0.14177561 -0.6352748  -0.5849241 ]]","[[-0.6432364   0.5337712   0.5489402 ]
 [ 0.30785412  0.8367362  -0.4528778 ]
 [ 0.7010512   0.12231399  0.7025429 ]]"
20200220-185807.422252,36,[1.5718675  1.5080485  0.14891225],"[[-0.28874362  0.32015917 -0.74762815]
 [-0.44212714  0.59411126 -0.02845683]
 [ 0.8450304   0.35589764 -0.3277729 ]
 [-0.08411179 -0.6464266  -0.57689494]]","[[-0.6890316   0.47345623  0.54870296]
 [ 0.23136063  0.8611956  -0.45256457]
 [ 0.68680996  0.18488301  0.7029299 ]]"
20200220-185807.422252,37,[1.5774525  1.5116663  0.15010393],"[[-0.29695693  0.31032732 -0.7547709 ]
 [-0.45383525  0.5853254  -0.02191638]
 [ 0.8373499   0.374194   -0.32609358]
 [-0.06852202 -0.6488989  -0.56877357]]","[[-0.69872457  0.4585635   0.54909337]
 [ 0.2121902   0.8658482  -0.453081  ]
 [ 0.683198    0.20006658  0.7022921 ]]"
20200220-185807.422252,38,[1.5829568  1.5152006  0.15133561],"[[-0.30525786  0.3000297  -0.76124376]
 [-0.4661039   0.57557386 -0.01609276]
 [ 0.8287705   0.39335826 -0.32464457]
 [-0.05200199 -0.651127   -0.56111914]]","[[-0.70860726  0.442609    0.5495206 ]
 [ 0.19183987  0.8703084  -0.45360848]
 [ 0.6790237   0.21601026  0.7016169 ]]"
20200220-185807.422252,39,[1.5892489  1.518643   0.15291643],"[[-0.30823272  0.29428196 -0.7679586 ]
 [-0.46835816  0.57363635 -0.01055339]
 [ 0.82673615  0.3981751  -0.323235  ]
 [-0.0462642  -0.65253055 -0.55285406]]","[[-0.7103793   0.4389063   0.55020237]
 [ 0.18638238  0.8711422  -0.45428294]
 [ 0.6786921   0.22016513  0.7006458 ]]"
20200220-185807.422252,40,[1.5957233  1.5230894  0.15420163],"[[-0.30869624  0.29154313 -0.77415985]
 [-0.4658651   0.57552236 -0.00506228]
 [ 0.8280037   0.39647287 -0.3215469 ]
 [-0.04567652 -0.6531356  -0.5452145 ]]","[[-0.7083881   0.44118106  0.5509499 ]
 [ 0.18807301  0.8703407  -0.45512146]
 [ 0.680305    0.21878381  0.6995132 ]]"
20200220-185807.422252,41,[1.6019496  1.5253555  0.15573867],"[[-3.1873637e-01  2.7826846e-01 -7.7970457e-01]
 [-4.8235768e-01  5.6163985e-01 -3.0817676e-04]
 [ 8.1556648e-01  4.2141032e-01 -3.2091436e-01]
 [-2.4286943e-02 -6.5539354e-01 -5.3765678e-01]]","[[-0.7213264   0.41925314  0.55128485]
 [ 0.160841    0.87561053 -0.4554518 ]
 [ 0.6736603   0.23986018  0.69903415]]"
20200220-185807.422252,42,[1.6074778  1.5327563  0.15689214],"[[-0.33734676  0.254101   -0.784752  ]
 [-0.51710975  0.5305799   0.00585878]
 [ 0.78641665  0.47333372 -0.32027742]
 [ 0.01853036 -0.6556466  -0.530615  ]]","[[-0.747708    0.3715153   0.5503718 ]
 [ 0.10305157  0.8837186  -0.45653242]
 [ 0.6559825   0.28463623  0.69904876]]"
20200220-185807.422252,43,[1.6134435 1.5360154 0.1580991],"[[-0.34250897  0.24504404 -0.78989375]
 [-0.52514994  0.52248824  0.01076478]
 [ 0.77841055  0.48672155 -0.31922007]
 [ 0.03134339 -0.6557909  -0.5234986 ]]","[[-0.7534935   0.3589727   0.5508052 ]
 [ 0.08757004  0.88511646 -0.45705634]
 [ 0.65159744  0.2961549   0.6983646 ]]"
20200220-185807.422252,44,[1.6194296  1.5365663  0.15948872],"[[-0.3421775   0.24269876 -0.7956976 ]
 [-0.5217836   0.5255324   0.01581713]
 [ 0.7808509   0.48316056 -0.31800687]
 [ 0.03047218 -0.6568627  -0.51525354]]","[[-0.7510858   0.36254776  0.55175126]
 [ 0.09119076  0.8846871  -0.45717943]
 [ 0.6538765   0.29306635  0.6975369 ]]"
20200220-185807.422252,45,[1.6254332 1.5376699 0.1607111],"[[-0.35179812  0.2265483  -0.8007192 ]
 [-0.54003423  0.50691235  0.0211732 ]
 [ 0.76257366  0.5112557  -0.31744742]
 [ 0.05551985 -0.6559983  -0.50757056]]","[[-0.76409155  0.3342647   0.55175287]
 [ 0.05803449  0.887437   -0.45726123]
 [ 0.6424921   0.31736875  0.69748193]]"
20200220-185807.422252,46,[1.6320446  1.5308733  0.16220744],"[[-0.3511165   0.22460368 -0.80551183]
 [-0.5359931   0.5100014   0.02427165]
 [ 0.7658524   0.50618094 -0.3171609 ]
 [ 0.05384436 -0.6582043  -0.49997097]]","[[-0.76124465  0.3382005   0.5532876 ]
 [ 0.06292318  0.887725   -0.456054  ]
 [ 0.6454049   0.31235394  0.6970565 ]]"
20200220-185807.422252,47,[1.6381361  1.5360363  0.16322592],"[[-0.3586512   0.21097077 -0.8098284 ]
 [-0.550513    0.494577    0.02951796]
 [ 0.75013715  0.5292962  -0.31633133]
 [ 0.0748265  -0.6563007  -0.4931947 ]]","[[-0.77124447  0.3150449   0.5531084 ]
 [ 0.03541763  0.8888235  -0.45687914]
 [ 0.63555306  0.3327757   0.69665813]]"
20200220-185807.422252,48,[1.6448348  1.5367117  0.16463321],"[[-0.35842013  0.20880412 -0.8142433 ]
 [-0.5475366   0.49726865  0.03326644]
 [ 0.75247353  0.5262236  -0.31563002]
 [ 0.07431505 -0.65742975 -0.4860854 ]]","[[-0.76917464  0.3184063   0.5540648 ]
 [ 0.03862123  0.88860595 -0.4570426 ]
 [ 0.6378705   0.33014694  0.69579035]]"
20200220-185807.422252,49,[1.6512668  1.5376413  0.16578417],"[[-0.36459792  0.1960912  -0.81842214]
 [-0.5597668   0.4835397   0.03808662]
 [ 0.73835987  0.5455593  -0.31527165]
 [ 0.09248722 -0.655822   -0.47889286]]","[[-0.7774467   0.2976342   0.55406725]
 [ 0.01465546  0.8892753  -0.45713747]
 [ 0.62877804  0.3472799   0.6957261 ]]"
20200220-185807.422252,50,[1.6578571  1.5409677  0.16682385],"[[-0.36692265  0.18998481 -0.82237995]
 [-0.56305975  0.47954413  0.04255421]
 [ 0.73376346  0.55193466 -0.31447586]
 [ 0.09961247 -0.6552189  -0.47221327]]","[[-0.77961177  0.29119945  0.5544443 ]
 [ 0.00661568  0.8891016  -0.45766214]
 [ 0.62622833  0.35313076  0.69508046]]"
20200220-185807.422252,51,[1.6645502  1.5403601  0.16790377],"[[-0.36868674  0.18450896  0.82632285]
 [-0.56515384  0.47654963 -0.0466244 ]
 [ 0.73046166  0.5563268   0.31389877]
 [ 0.10534188 -0.6552538   0.46527866]]","[[-7.8095764e-01  2.8618628e-01 -5.5516005e-01]
 [ 6.5811776e-04  8.8922423e-01  4.5747113e-01]
 [ 6.2458366e-01  3.5690019e-01 -6.9463474e-01]]"
20200220-185807.422252,52,[1.6713476  1.5373421  0.16907412],"[[-0.37288472  0.17395775  0.8301258 ]
 [-0.5736354   0.4660068  -0.05085358]
 [ 0.71952623  0.56991756  0.31385115]
 [ 0.11908484 -0.65404123  0.45804152]]","[[-0.7864219   0.27013472 -0.55548865]
 [-0.01721563  0.8893657   0.4568723 ]
 [ 0.6174496   0.3688575  -0.69476604]]"
20200220-185807.422252,53,[1.678077   1.5407537  0.17045167],"[[-0.3731272   0.17092     0.8337371 ]
 [-0.5721554   0.46719652 -0.05415972]
 [ 0.72034127  0.5691447   0.3133258 ]
 [ 0.12051114 -0.6546664   0.45141587]]","[[-0.7853459   0.27161855 -0.5562869 ]
 [-0.01656247  0.88906264  0.45748553]
 [ 0.61883557  0.3684979  -0.6937232 ]]"
20200220-185807.422252,54,[1.6857133  1.5522952  0.17155033],"[[-0.3787608   0.15753856  0.8365868 ]
 [-0.5850614   0.45184392 -0.05878749]
 [ 0.70327854  0.5902839   0.31278864]
 [ 0.14015247 -0.6500643   0.4459035 ]]","[[-0.7932684   0.24939202 -0.5554539 ]
 [-0.0429652   0.8870646   0.4596416 ]
 [ 0.6073545   0.3884844  -0.6929651 ]]"
20200220-185807.422252,55,[1.6917222  1.56314    0.17257339],"[[-0.3771018   0.15945005  0.8399529 ]
 [-0.57840633  0.45987672 -0.06251937]
 [ 0.71062535  0.5826603   0.31116167]
 [ 0.1350998  -0.6508425   0.44016925]]","[[-0.78887415  0.2609193  -0.5564162 ]
 [-0.03231889  0.88653046  0.46154025]
 [ 0.6137045   0.38207984 -0.6909282 ]]"
20200220-185807.422252,56,[1.6992046  1.5669224  0.17319089],"[[-0.37840688  0.15561275  0.8425964 ]
 [-0.5795728   0.45777974 -0.06598389]
 [ 0.7080884   0.58611834  0.31044474]
 [ 0.13969499 -0.6501446   0.43508783]]","[[-0.78952724  0.25774083 -0.55697066]
 [-0.03667458  0.8861025   0.46203604]
 [ 0.6126187   0.38521665 -0.6901495 ]]"
20200220-185807.422252,57,[1.7068117 1.5638427 0.1743133],"[[-0.38135126  0.14704488  0.8450578 ]
 [-0.5856603   0.44933328 -0.06872627]
 [ 0.6992729   0.59602106  0.310987  ]
 [ 0.15030026 -0.64902705  0.4294663 ]]","[[-0.79334295  0.24511832 -0.55724704]
 [-0.05049064  0.8857109   0.4614836 ]
 [ 0.6066776   0.3942504  -0.69029623]]"
20200220-185807.422252,58,[1.7149985  1.5611249  0.17540991],"[[ 0.38616723  0.13315149  0.84758145]
 [ 0.5978185   0.4329327  -0.07229282]
 [-0.6818406   0.61502784  0.31168002]
 [-0.16906123 -0.645431    0.42336166]]","[[ 0.80051726  0.22122505 -0.55698454]
 [ 0.0764651   0.8840791   0.4610396 ]
 [-0.5944118   0.4116599  -0.6908045 ]]"
20200220-185807.422252,59,[1.7216301  1.5589367  0.17653233],"[[ 0.38482103  0.13459925  0.85022557]
 [ 0.5916131   0.43986258 -0.07435488]
 [-0.6892301   0.6068658   0.31152773]
 [-0.16391698 -0.6481648   0.41777837]]","[[ 0.7968931   0.2306722  -0.5583473 ]
 [ 0.06648447  0.88513166  0.46056688]
 [-0.6004508   0.40414402 -0.69001925]]"
20200220-185807.422252,60,[1.728666   1.5599227  0.17778134],"[[-0.38426667  0.13392021  0.85295075]
 [-0.58781576  0.4440401  -0.07703051]
 [ 0.69327     0.6023724   0.31132412]
 [ 0.16182934 -0.6496472   0.4118478 ]]","[[-0.7946165   0.23614694 -0.55930257]
 [-0.06115763  0.88542986  0.46073186]
 [ 0.6040235   0.40031075 -0.6891349 ]]"
20200220-185807.422252,61,[1.7357957  1.563294   0.17851686],"[[ 0.38549578  0.12954022  0.85538584]
 [ 0.58934516  0.4414735  -0.08049541]
 [-0.69007224  0.60630333  0.3107592 ]
 [-0.16693045 -0.6486273   0.4065273 ]]","[[ 0.79537416  0.2322727  -0.55984765]
 [ 0.06625793  0.8848057   0.46122545]
 [-0.60248643  0.40394112 -0.6883615 ]]"
20200220-185807.422252,62,[1.7430526  1.5652636  0.17956913],"[[ 0.38677377  0.12426881  0.8578502 ]
 [ 0.591326    0.43826562 -0.08363654]
 [-0.6862632   0.6105814   0.3106347 ]
 [-0.17257553 -0.64782     0.40075454]]","[[ 0.79642755  0.22741215 -0.5603454 ]
 [ 0.07226774  0.88416684  0.46154794]
 [-0.60040045  0.40808436 -0.68774027]]"
20200220-185807.422252,63,[1.7494285  1.5667075  0.18058884],"[[ 0.38630244  0.12363584  0.8605774 ]
 [ 0.5877085   0.4422311  -0.086831  ]
 [-0.69003874  0.60661733  0.31007215]
 [-0.1709258  -0.6489694   0.3946163 ]]","[[ 0.79415536  0.23264232 -0.56142217]
 [ 0.0673097   0.8844688   0.46171892]
 [-0.6039757   0.40446562 -0.68674654]]"
20200220-185807.422252,64,[1.7576618 1.5666556 0.181496 ],"[[ 0.38858768  0.11591385  0.8625468 ]
 [ 0.59295326  0.4347504  -0.08985955]
 [-0.6817986   0.61542845  0.31041953]
 [-0.1804353  -0.6471508   0.38933063]]","[[ 0.79723775  0.22154215 -0.5615434 ]
 [ 0.07967852  0.8834661   0.46166986]
 [-0.59838384  0.41280356 -0.6866804 ]]"
20200220-185807.422252,65,[1.7649379  1.5738317  0.18214539],"[[ 0.38998672  0.11110998  0.8645117 ]
 [ 0.59536767  0.43125835 -0.0933597 ]
 [-0.6772367   0.62082     0.30981785]
 [-0.18654357 -0.6451771   0.38459957]]","[[ 0.798476    0.21646643 -0.5617637 ]
 [ 0.0864616   0.8822146   0.46284097]
 [-0.5957857   0.41813833 -0.6857112 ]]"
20200220-185807.422252,66,[1.7722967  1.5815924  0.18325295],"[[ 0.39045337  0.1080832   0.86660457]
 [ 0.59493554  0.43146962 -0.09621084]
 [-0.67663264  0.62188876  0.3094197 ]
 [-0.18912053 -0.6445204   0.37947264]]","[[ 0.798017    0.21680196 -0.5622864 ]
 [ 0.08762117  0.8813889   0.46419427]
 [-0.59623104  0.419703   -0.6843668 ]]"
20200220-185807.422252,67,[1.7788193  1.5790052  0.18441649],"[[ 0.3896435   0.10842188  0.86909604]
 [ 0.5899449   0.43711418 -0.09894853]
 [-0.6824998   0.6153746   0.30935094]
 [-0.1853028  -0.6469082   0.37307292]]","[[ 0.79512024  0.22411236 -0.56352234]
 [ 0.07989029  0.8824062   0.46365604]
 [-0.60116655  0.41368225 -0.68371475]]"
20200220-185807.422252,68,[1.7864256  1.5813625  0.18546443],"[[ 0.39062303  0.10385868  0.87111396]
 [ 0.59130156  0.4349296  -0.10204071]
 [-0.6795391   0.61856025  0.30934104]
 [-0.18974398 -0.6460904   0.36750022]]","[[ 0.79585534  0.22049083 -0.56391305]
 [ 0.08453779  0.88175243  0.46407536]
 [-0.5995561   0.41700888 -0.68310773]]"
20200220-185807.422252,69,[1.7938932  1.5863345  0.18638389],"[[ 0.39062876  0.10275082  0.87299454]
 [ 0.5889074   0.4375104  -0.10475794]
 [-0.6816852   0.61653346  0.308985  ]
 [-0.18947937 -0.6464623   0.36253902]]","[[ 0.794355    0.22398616 -0.56465083]
 [ 0.08184995  0.88159376  0.46485826]
 [-0.6019144   0.41547906 -0.68196505]]"
20200220-185807.422252,70,[1.801363   1.5912483  0.18729733],"[[ 0.39080298  0.10130019  0.8746127 ]
 [ 0.5869905   0.43926364 -0.10702824]
 [-0.6830815   0.6153306   0.30877432]
 [-0.19003984 -0.64664817  0.35812834]]","[[ 0.79308045  0.22656323 -0.5654137 ]
 [ 0.08020827  0.8813245   0.4656543 ]
 [-0.603813    0.41465217 -0.6807889 ]]"
20200220-185807.422252,71,[1.8088315 1.5917959 0.1883279],"[[ 0.3907092   0.10033023  0.8762542 ]
 [ 0.58403873  0.44193536 -0.10886349]
 [-0.6858855   0.6122195   0.30896392]
 [-0.18922558 -0.6479308   0.35336775]]","[[ 0.79123867  0.23039189 -0.566446  ]
 [ 0.07665489  0.8816352   0.4656646 ]
 [-0.606684    0.41187263 -0.6799233 ]]"
20200220-185807.422252,72,[1.8172345  1.5967894  0.18878976],"[[ 0.39281857  0.09361572  0.8774362 ]
 [ 0.5892838   0.43484625 -0.11202423]
 [-0.67755914  0.6213242   0.3089673 ]
 [-0.19837269 -0.64505905  0.3494212 ]]","[[ 0.7943135   0.2199766  -0.56628305]
 [ 0.08877879  0.8801023   0.46641004]
 [-0.6009862   0.42074957 -0.6795479 ]]"
20200220-185807.422252,73,[1.8248808  1.5987228  0.18989952],"[[ 0.39372095  0.08911367  0.8790848 ]
 [ 0.5905286   0.43279666 -0.11475722]
 [-0.6747628   0.6240466   0.30933008]
 [-0.20237342 -0.6444469   0.3440289 ]]","[[ 0.7950341   0.21650949 -0.5666078 ]
 [ 0.09312278  0.87948394  0.46672916]
 [-0.5993737   0.42382962 -0.6790579 ]]"
20200220-185807.422252,74,[1.832843   1.5991603  0.19053715],"[[ 0.3953944   0.08256891  0.88045526]
 [ 0.5948351   0.42646447 -0.11787015]
 [-0.6674605   0.6315604   0.30949682]
 [-0.21054931 -0.6422165   0.3392886 ]]","[[ 0.7973987   0.20711984 -0.566795  ]
 [ 0.10364947  0.878286    0.46676585]
 [-0.5944847   0.43094653 -0.6788763 ]]"
20200220-185807.422252,75,[1.8405516  1.5943373  0.19147624],"[[ 0.39567018  0.08050965  0.881893  ]
 [ 0.5933072   0.4272936  -0.1198673 ]
 [-0.66851586  0.6299676   0.3100694 ]
 [-0.21099293 -0.64348966  0.33429626]]","[[ 0.7965805   0.20778558 -0.56770116]
 [ 0.10274801  0.8788767   0.4658525 ]
 [-0.5957368   0.4294192  -0.6787466 ]]"
20200220-185807.422252,76,[1.8485117  1.5948786  0.19231194],"[[ 0.39706767  0.07439183  0.8832676 ]
 [ 0.5968681   0.42219263 -0.12305345]
 [-0.6623258   0.63600665  0.3104284 ]
 [-0.21773845 -0.64164996  0.329136  ]]","[[ 0.7986119   0.19975565 -0.5677293 ]
 [ 0.11168914  0.87773734  0.46594256]
 [-0.591392    0.43551654 -0.6786611 ]]"
20200220-185807.422252,77,[1.8561608  1.5959591  0.19334692],"[[ 0.39691868  0.07393239  0.8846429 ]
 [ 0.5936191   0.42562905 -0.12488733]
 [-0.66583014  0.6323444   0.31064266]
 [-0.2161997  -0.643051    0.32451734]]","[[ 0.7967515   0.20443326 -0.5686776 ]
 [ 0.10730909  0.8782226   0.4660577 ]
 [-0.59470326  0.43235645 -0.6777876 ]]"
20200220-185807.422252,78,[1.864245  1.6002977 0.1939455],"[[ 0.39849567  0.06739677  0.8857584 ]
 [ 0.5981714   0.41927314 -0.12816736]
 [-0.6580294   0.6402979   0.31069404]
 [-0.2244766  -0.6400678   0.3201176 ]]","[[ 0.79920185  0.19498967 -0.56855553]
 [ 0.1182469   0.87642616  0.4667921 ]
 [-0.58931655  0.44029102 -0.67738456]]"
20200220-185807.422252,79,[1.8733648  1.6026356  0.19498993],"[[ 0.39993522  0.06029575  0.88673306]
 [ 0.6025874   0.4128885  -0.13061234]
 [-0.65037006  0.6474185   0.31156066]
 [-0.2322914  -0.6377593   0.31555486]]","[[ 0.80163574  0.18542668 -0.56832856]
 [ 0.12895381  0.87466276  0.4672645 ]
 [-0.583739    0.44786397 -0.6772494 ]]"
20200220-185807.422252,80,[1.8811135  1.6018213  0.19586842],"[[ 0.40034464  0.05798343  0.8878352 ]
 [ 0.6017717   0.4131769  -0.13269113]
 [-0.650463    0.64698225  0.31204286]
 [-0.23343718 -0.63822955  0.3110808 ]]","[[ 0.8012366   0.18533954 -0.56891936]
 [ 0.12928744  0.8747299   0.46704656]
 [-0.58421296  0.44776893 -0.67690367]]"
20200220-185807.422252,81,[1.8892798  1.6060855  0.19664936],"[[ 0.40159875  0.05185658  0.88884807]
 [ 0.6056011   0.4078623  -0.13587007]
 [-0.64359146  0.6534704   0.31234556]
 [-0.24032466 -0.6355597   0.30647793]]","[[ 0.8032947   0.1770721  -0.56865036]
 [ 0.13874994  0.87287205  0.46780658]
 [-0.5791944   0.45468673 -0.6766048 ]]"
20200220-185807.422252,82,[1.8989437  1.6105015  0.19742882],"[[ 0.40341714  0.04266545  0.8894816 ]
 [ 0.612826    0.3976792  -0.13888961]
 [-0.63124526  0.66470724  0.3131329 ]
 [-0.25145215 -0.6310272   0.30245668]]","[[ 0.80705136  0.1620192  -0.5678186 ]
 [ 0.15519145  0.86961347  0.46870884]
 [-0.5697225   0.46639273 -0.6766789 ]]"
20200220-185807.422252,83,[1.9064212  1.6125457  0.19797012],"[[ 0.40328497  0.04364267  0.8905815 ]
 [ 0.608915    0.40216342 -0.14089555]
 [-0.6360621   0.6603615   0.31292102]
 [-0.24901593 -0.632679    0.29848516]]","[[ 0.804985    0.16829205 -0.5689264 ]
 [ 0.14929734  0.87060905  0.46877542]
 [-0.57420343  0.46229628 -0.6757015 ]]"
20200220-185807.422252,84,[1.9159985  1.6062918  0.19858006],"[[ 0.40438882  0.03820891  0.8911856 ]
 [ 0.6118609   0.3968275  -0.14300211]
 [-0.63027906  0.66493076  0.31394866]
 [-0.25464582 -0.631613    0.29457626]]","[[ 0.80660737  0.16002707 -0.5690134 ]
 [ 0.15740888  0.86973834  0.46773702]
 [-0.5697433   0.46684775 -0.67634755]]"
20200220-185807.422252,85,[1.9238278  1.605652   0.19941759],"[[ 0.40468353  0.03645221  0.8921075 ]
 [ 0.61058015  0.39782307 -0.14498998]
 [-0.6311511   0.6637832   0.31441787]
 [-0.2550904  -0.63229704  0.2902816 ]]","[[ 0.8059926   0.16091155 -0.56963444]
 [ 0.15674083  0.86997104  0.46752855]
 [-0.57079613  0.46610942 -0.67596865]]"
20200220-185807.422252,86,[1.9322628 1.6061385 0.2001592],"[[ 0.4054407   0.03194004  0.8930077 ]
 [ 0.6124576   0.39473554 -0.14787492]
 [-0.6270699   0.6671871   0.31480435]
 [-0.25941697 -0.6308926   0.28560272]]","[[ 0.8069436   0.15577006 -0.5697174 ]
 [ 0.16241637  0.86888427  0.46761253]
 [-0.56785846  0.46986833 -0.67584085]]"
20200220-185807.422252,87,[1.9415344  1.6061776  0.20136929],"[[ 0.40577656  0.02862409  0.89380956]
 [ 0.6122161   0.39418086 -0.14928135]
 [-0.6262752   0.6673285   0.3158313 ]
 [-0.2613745  -0.6312489   0.2811948 ]]","[[ 0.80682784  0.15469031 -0.5701754 ]
 [ 0.16392617  0.86859804  0.46761733]
 [-0.567589    0.47075325 -0.6754513 ]]"
20200220-185807.422252,88,[1.9495614  1.6056697  0.20195416],"[[ 0.40602812  0.02736474  0.8947199 ]
 [ 0.6106636   0.39543512 -0.15158162]
 [-0.6274971   0.66604376  0.31594202]
 [-0.26168376 -0.6318763   0.27691206]]","[[ 0.8060101   0.15608287 -0.5709516 ]
 [ 0.16278258  0.8689571   0.4673493 ]
 [-0.5690776   0.4696293  -0.6749809 ]]"
20200220-185807.422252,89,[1.958101   1.6061609  0.20264219],"[[ 0.40673533  0.02315999  0.89546764]
 [ 0.61233896  0.3926196  -0.15436943]
 [-0.62372696  0.66911495  0.31634355]
 [-0.26565343 -0.630554    0.27246   ]]","[[ 0.8068459   0.15135922 -0.57104325]
 [ 0.16800019  0.86792415  0.46742257]
 [-0.56637084  0.47307324 -0.6748526 ]]"
20200220-185807.422252,90,[1.9663014  1.6083454  0.20356661],"[[ 0.40709     0.02039926  0.89628005]
 [ 0.6120909   0.3924777  -0.15660767]
 [-0.62298584  0.66950876  0.31678006]
 [-0.26741675 -0.6303203   0.26796764]]","[[ 0.80669415  0.1506571  -0.5714432 ]
 [ 0.16932492  0.86749494  0.4677415 ]
 [-0.56619245  0.4740838  -0.674293  ]]"
20200220-185807.422252,91,[1.9765328  1.6089622  0.20426132],"[[ 0.40813372  0.01385906  0.89667046]
 [ 0.61636645  0.38596234 -0.15924127]
 [-0.61498016  0.6760661   0.31763434]
 [-0.27444208 -0.62751544  0.2640694 ]]","[[ 0.8088208   0.14067899 -0.5709804 ]
 [ 0.17986374  0.86524934  0.4679669 ]
 [-0.55987334  0.48119998 -0.6745285 ]]"
20200220-185807.422252,92,[1.9863065  1.6085336  0.20480525],"[[ 0.40876895  0.01040131  0.8971197 ]
 [ 0.6173813   0.38353583 -0.16127978]
 [-0.6120493   0.67823374  0.31822738]
 [-0.2777477  -0.6267305   0.2605701 ]]","[[ 0.80930924  0.13688958 -0.5712091 ]
 [ 0.18397185  0.8644616   0.4678253 ]
 [-0.5578286   0.48370165 -0.67443305]]"
20200220-185807.422252,93,[1.9956291  1.6016169  0.20538217],"[[ 0.40925732  0.00880378  0.8974555 ]
 [ 0.6163069   0.3835372  -0.1624337 ]
 [-0.6126163   0.67694426  0.31923953]
 [-0.2781636  -0.6281462   0.25743842]]","[[ 0.8089265   0.13641658 -0.5718636 ]
 [ 0.18388796  0.8651914   0.46650705]
 [-0.5584109   0.4825288  -0.67479116]]"
20200220-185807.422252,94,[2.004325   1.6023545  0.20604514],"[[ 0.4098054   0.00514317  0.89807415]
 [ 0.6174649   0.38146618 -0.1652151 ]
 [-0.60961497  0.67922026  0.31958088]
 [-0.28136492 -0.6269904   0.25305134]]","[[ 0.8094622   0.1327058  -0.5719792 ]
 [ 0.18803132  0.86424214  0.46661523]
 [-0.556251    0.48525733 -0.6746186 ]]"
20200220-185807.422252,95,[2.0142744 1.6021025 0.2065518],"[[ 0.4104091   0.00191298  0.8984385 ]
 [ 0.61833215  0.37929085 -0.1672471 ]
 [-0.60692793  0.6811373   0.3201588 ]
 [-0.28437376 -0.6262481   0.24967024]]","[[ 0.8098571   0.12927483 -0.57220584]
 [ 0.19176498  0.8634879   0.4664919 ]
 [-0.5543986   0.48752075 -0.67451143]]"
20200220-185807.422252,96,[2.0253465  1.5972037  0.20695215],"[[ 0.4113681  -0.00398489  0.89865136]
 [ 0.62216103  0.3729532  -0.17013119]
 [-0.59946674  0.6866373   0.32102498]
 [-0.29039848 -0.62403446  0.24581291]]","[[ 0.81169325  0.1192626  -0.5717785 ]
 [ 0.20149226  0.86166364  0.46576452]
 [-0.548229    0.4932668  -0.6753761 ]]"
20200220-185807.422252,97,[2.0350661  1.5982182  0.20730928],"[[ 0.4120041  -0.00658709  0.8988552 ]
 [ 0.6227746   0.37119532 -0.1720156 ]
 [-0.5971582   0.68829405  0.32150528]
 [-0.2929286  -0.6232354   0.24311511]]","[[ 0.8119907   0.11643368 -0.57193935]
 [ 0.20467095  0.860879    0.46582964]
 [-0.5466087   0.49530858 -0.67519516]]"
20200220-185807.422252,98,[2.0441961  1.598696   0.20772225],"[[ 0.41248152 -0.00969405  0.89931095]
 [ 0.62358004  0.36919808 -0.1746066 ]
 [-0.5944363   0.6903919   0.32165962]
 [-0.29606196 -0.62205946  0.2393482 ]]","[[ 0.8122228   0.11323899 -0.57225096]
 [ 0.20832129  0.85998774  0.46585748]
 [-0.54488206  0.49759194 -0.6749117 ]]"
20200220-185807.422252,99,[2.0524864  1.6022074  0.20822024],"[[ 0.412836   -0.01141859  0.89971644]
 [ 0.622995    0.36928338 -0.17653754]
 [-0.5940264   0.6907693   0.32179222]
 [-0.29761824 -0.62156004  0.23620926]]","[[ 0.8118412   0.11327422 -0.5727851 ]
 [ 0.20907886  0.85955065  0.46632445]
 [-0.5451605   0.4983387  -0.6741355 ]]"
20200220-185807.422252,100,[2.0632875  1.5989283  0.20883851],"[[ 0.41343305 -0.01566034 -0.8999327 ]
 [ 0.62474793  0.3658326   0.17873196]
 [-0.58991694  0.69338894 -0.32269332]
 [-0.30126622 -0.6205912  -0.23247631]]","[[ 0.81266904  0.10759977  0.5727054 ]
 [ 0.21460727  0.8584635  -0.46581572]
 [-0.54176825  0.5014608   0.67455506]]"
20200220-185807.422252,101,[2.0719862 1.6049273 0.2094998],"[[ 0.4137169  -0.01841861  0.9003558 ]
 [ 0.62503266  0.36494815 -0.18090297]
 [-0.588036    0.695017    0.32282686]
 [-0.30395082 -0.6192134   0.22894639]]","[[ 0.81261486  0.10626425 -0.5730314 ]
 [ 0.2170614   0.85731274  0.4667966 ]
 [-0.54087096  0.5037089  -0.67359936]]"
20200220-185807.422252,102,[2.0783646  1.6137401  0.20975822],"[[ 0.4137034  -0.01747379  0.90103674]
 [ 0.62181634  0.3686861  -0.18285291]
 [-0.591715    0.692866    0.32197732]
 [-0.3034261  -0.6194366   0.2258944 ]]","[[ 0.8108074   0.11235739 -0.57442784]
 [ 0.21262176  0.85782087  0.46790534]
 [-0.54532874  0.5015169  -0.67163795]]"
20200220-185807.422252,103,[2.0874453  1.6199797  0.21026374],"[[ 0.4140345  -0.02009492  0.9013999 ]
 [ 0.6222356   0.36761954 -0.18519992]
 [-0.5895499   0.6948594   0.3219294 ]
 [-0.30631575 -0.61775595  0.22257803]]","[[ 0.81076115  0.11085214 -0.57478565]
 [ 0.2153307   0.85658324  0.46893287]
 [-0.5443338   0.50396144 -0.6706145 ]]"
20200220-185807.422252,104,[2.0949512 1.6179093 0.2111795],"[[ 0.41402516 -0.01928652  0.90196085]
 [ 0.61816406  0.37234527 -0.18623549]
 [-0.5952419   0.68977416  0.32246685]
 [-0.30355147 -0.6206436   0.21862727]]","[[ 0.80890965  0.11733209 -0.5761063 ]
 [ 0.20897944  0.8585133   0.4682759 ]
 [-0.5495387   0.4991871  -0.6699399 ]]"
20200220-185807.422252,105,[2.103447   1.6203831  0.21200918],"[[ 0.41426778 -0.0213867   0.9023552 ]
 [ 0.6175286   0.372826   -0.18827783]
 [-0.5951905   0.6895296   0.32290038]
 [-0.30461347 -0.62055826  0.21457466]]","[[ 0.8085553   0.11754483 -0.5765602 ]
 [ 0.20937967  0.8582386   0.46860072]
 [-0.54990786  0.4996096  -0.66932195]]"
20200220-185807.422252,106,[2.1138525  1.6201166  0.21244584],"[[ 0.41477317 -0.02403475  0.9024813 ]
 [ 0.617966    0.37128147 -0.1902154 ]
 [-0.59320945  0.6907435   0.32346305]
 [-0.30689365 -0.6200368   0.21146417]]","[[ 0.8087323   0.11500622 -0.57682383]
 [ 0.21215943  0.8576374   0.46845117]
 [-0.54858047  0.5012302  -0.6691995 ]]"
20200220-185807.422252,107,[2.1213892 1.6193131 0.2129466],"[[ 0.4148878  -0.02276888  0.9029308 ]
 [ 0.61402035  0.37562034 -0.1914926 ]
 [-0.5984616   0.6862557   0.32358956]
 [-0.3044512  -0.62245     0.20817393]]","[[ 0.8068599   0.12120014 -0.57817596]
 [ 0.20620094  0.85938543  0.46790782]
 [-0.5535865   0.4967565  -0.6684123 ]]"
20200220-185807.422252,108,[2.1312585  1.6125801  0.21338154],"[[ 0.41539735 -0.02391707 -0.902973  ]
 [ 0.6127774   0.3758087   0.19256985]
 [-0.5993398   0.6847157  -0.32452688]
 [-0.30453402 -0.6239872  -0.20552145]]","[[ 0.8063871   0.12110268  0.57885575]
 [ 0.20572576  0.86023164 -0.46656016]
 [-0.55445176  0.49531353  0.6687658 ]]"
20200220-185807.422252,109,[2.1397977  1.6164583  0.21379565],"[[ 0.41576308 -0.02538158  0.9032327 ]
 [ 0.6121613   0.3762135  -0.19486353]
 [-0.59914076  0.6848741   0.3245533 ]
 [-0.30566403 -0.6235121   0.20214933]]","[[ 0.80599946  0.12138709 -0.5793359 ]
 [ 0.20618467  0.8598717   0.46702108]
 [-0.55484486  0.49586898 -0.66802794]]"
20200220-185807.422252,110,[2.1489007  1.617371   0.21434556],"[[ 0.41620487 -0.02829679  0.903419  ]
 [ 0.612882    0.37486675 -0.19750221]
 [-0.59691083  0.68636835  0.32487893]
 [-0.30797204 -0.62255317  0.19819316]]","[[ 0.8062902   0.11872534 -0.5794831 ]
 [ 0.20922475  0.85908103  0.46712404]
 [-0.5532824   0.4978797  -0.6678282 ]]"
20200220-185807.422252,111,[2.1591294 1.6185379 0.214598 ],"[[ 0.41681814 -0.03050071 -0.9033539 ]
 [ 0.6133809   0.37337816  0.1992905 ]
 [-0.5948768   0.6877449  -0.32536754]
 [-0.31007764 -0.6218241  -0.19588526]]","[[ 0.8065313   0.11628442  0.57964224]
 [ 0.21199536  0.85837203 -0.46717823]
 [-0.5518742   0.4996754   0.6676522 ]]"
20200220-185807.422252,112,[2.1673656  1.6187083  0.21522495],"[[ 0.41710308 -0.03146148 -0.9035835 ]
 [ 0.61184996  0.3748006   0.20105082]
 [-0.5962837   0.68625814 -0.32574442]
 [-0.3100176  -0.62256294 -0.19237037]]","[[ 0.8057977   0.11789794  0.5803362 ]
 [ 0.21068189  0.85879254 -0.4669997 ]
 [-0.5534467   0.49857354  0.66717416]]"
20200220-185807.422252,113,[2.1739497  1.6229202  0.21599439],"[[ 0.4169774  -0.03063468  0.9041384 ]
 [ 0.60788727  0.37938422 -0.20261146]
 [-0.6013012   0.6823059   0.32557443]
 [-0.30828547 -0.6241698   0.18837124]]","[[ 0.8036803   0.12477467 -0.58183306]
 [ 0.20482518  0.8600157   0.46735424]
 [-0.55869937  0.4947773  -0.66562057]]"
20200220-185807.422252,114,[2.1826446  1.6284858  0.21646324],"[[ 0.4172104  -0.03109357  0.9043326 ]
 [ 0.60609627  0.38107628 -0.20407888]
 [-0.60273415  0.6813511   0.3256038 ]
 [-0.308699   -0.62415934  0.1857889 ]]","[[ 0.8026165   0.12751904 -0.58270586]
 [ 0.20319942  0.860002    0.46808863]
 [-0.56081825  0.494101   -0.6643399 ]]"
20200220-185807.422252,115,[2.1897628  1.6348432  0.21701238],"[[ 0.41734684 -0.0317771   0.9046613 ]
 [ 0.6043858   0.38304228 -0.2063484 ]
 [-0.604157    0.6804331   0.32535955]
 [-0.30908495 -0.62392265  0.18207023]]","[[ 0.80156213  0.13030422 -0.58354   ]
 [ 0.20158796  0.8599247   0.46892622]
 [-0.5629035   0.4935082  -0.66301554]]"
20200220-185807.422252,116,[2.198688   1.6334994  0.21771553],"[[ 0.41759777 -0.0331516   0.9048467 ]
 [ 0.6029878   0.38407916 -0.20820314]
 [-0.6052689   0.67901826  0.3258415 ]
 [-0.30930153 -0.6247548   0.17813171]]","[[ 0.8008103   0.1314588  -0.58431304]
 [ 0.20061313  0.86037874  0.46851134]
 [-0.5643205   0.49240947 -0.6626277 ]]"
