Timestamp,Epoch,s,u,v
20200221-062521.621535,0,[0.04220691 0.01976477 0.00905347],"[[ 0.16558711  0.28129303 -0.93774414]
 [ 0.7233907   0.4010122   0.30757657]
 [ 0.60414654 -0.7613664  -0.145137  ]
 [-0.2903341  -0.42471704 -0.07048586]]","[[ 0.72514045 -0.6273895  -0.28381974]
 [ 0.5833612   0.77870333 -0.23089117]
 [ 0.36587012  0.0018591   0.93066406]]"
20200221-062521.621535,1,[0.05019571 0.01978865 0.01026016],"[[ 0.02276671  0.2596612  -0.96331286]
 [ 0.714008    0.41238722  0.1639675 ]
 [ 0.6059795  -0.7519909  -0.19939026]
 [-0.34994695 -0.4438723  -0.07339339]]","[[ 0.7006284  -0.6324148  -0.33041102]
 [ 0.5726766   0.774629   -0.2683124 ]
 [ 0.4256307  -0.0012314   0.9048962 ]]"
20200221-062521.621535,2,[0.05893496 0.01985239 0.01100677],"[[-0.07454979  0.24030393 -0.9673034 ]
 [ 0.69801795  0.41408968  0.06823937]
 [ 0.59684056 -0.75067776 -0.23758419]
 [-0.38858077 -0.4552655  -0.05675882]]","[[ 0.6794484  -0.64082456 -0.35734272]
 [ 0.5679987   0.76768625 -0.29670763]
 [ 0.46446455 -0.00137268  0.88559073]]"
20200221-062521.621535,3,[0.06817235 0.01992625 0.01149331],"[[-0.14350487  0.2257707  -0.9634886 ]
 [ 0.6806826   0.4141053   0.00262969]
 [ 0.5876755  -0.75025505 -0.2650282 ]
 [-0.41317683 -0.46331602 -0.03798675]]","[[ 0.6634955  -0.64776343 -0.37440115]
 [ 0.565342    0.7618393  -0.31621096]
 [ 0.4900634  -0.00186015  0.8716848 ]]"
20200221-062521.621535,4,[0.07750253 0.02000509 0.01183383],"[[-0.19502936  0.21472375 -0.9569987 ]
 [ 0.66451716  0.4139412  -0.04469771]
 [ 0.5798199  -0.74972343 -0.28589   ]
 [-0.42917305 -0.4695332  -0.02056113]]","[[ 0.6517138  -0.6529943  -0.3858338 ]
 [ 0.56373054  0.757358   -0.32957065]
 [ 0.50742203 -0.00272057  0.86169344]]"
20200221-062521.621535,5,[0.08692284 0.02008904 0.01208017],"[[-0.2341284   0.20653489 -0.94991046]
 [ 0.6502052   0.4135667  -0.0796896 ]
 [ 0.57320374 -0.74916315 -0.30213398]
 [-0.44028923 -0.4744053  -0.00590016]]","[[ 0.6427188  -0.65701234 -0.39401427]
 [ 0.5629084   0.7538691  -0.3388442 ]
 [ 0.51966006 -0.0040124   0.8543638 ]]"
20200221-062521.621535,6,[0.09638148 0.02018273 0.01226096],"[[-0.26341927  0.2009746  -0.9432543 ]
 [ 0.63867     0.4123599  -0.10555808]
 [ 0.5668705  -0.74929357 -0.3147938 ]
 [-0.44874126 -0.47762707  0.00580977]]","[[ 0.6355442  -0.66038406 -0.39997074]
 [ 0.5628381   0.75090766 -0.3454725 ]
 [ 0.5284855  -0.00555572  0.8489242 ]]"
20200221-062521.621535,7,[0.10584253 0.02027668 0.01240028],"[[-0.28650388  0.1972075  -0.937129  ]
 [ 0.62860405  0.41179395 -0.12524095]
 [ 0.5621275  -0.74873114 -0.3253868 ]
 [-0.4547366  -0.48055908  0.01507574]]","[[ 0.6299323  -0.6626814  -0.405017  ]
 [ 0.56290615  0.7488624  -0.3497741 ]
 [ 0.53509074 -0.00765256  0.84475994]]"
20200221-062521.621535,8,[0.11504702 0.02036938 0.01251473],"[[-0.30587012  0.19448894 -0.93138653]
 [ 0.6194726   0.4119184  -0.14106607]
 [ 0.55862176 -0.74750316 -0.334813  ]
 [-0.45895445 -0.48346332  0.02279728]]","[[ 0.6255413  -0.664095   -0.40948263]
 [ 0.56295204  0.74758065 -0.3524321 ]
 [ 0.54016966 -0.01005821  0.84149617]]"
20200221-062521.621535,9,[0.12409656 0.02046746 0.01260794],"[[-0.32150668  0.19296776 -0.9262592 ]
 [ 0.61192304  0.4117421  -0.15357158]
 [ 0.5552417  -0.7465674  -0.34295815]
 [-0.4624831  -0.48566392  0.02897345]]","[[ 0.62187016 -0.66516584 -0.4133182 ]
 [ 0.5631986   0.74659014 -0.3541336 ]
 [ 0.5441369  -0.01255508  0.8389026 ]]"
20200221-062521.621535,10,[0.13274476 0.02057126 0.01268636],"[[-0.3343692   0.19250426 -0.9216379 ]
 [ 0.6057897   0.41114458 -0.16368422]
 [ 0.5516341  -0.7460797  -0.35019448]
 [-0.46574226 -0.4871007   0.03398857]]","[[ 0.6187802  -0.66598177 -0.4166288 ]
 [ 0.56357485  0.7458165  -0.35516363]
 [ 0.5472611  -0.01503331  0.83682704]]"
20200221-062521.621535,11,[0.14229493 0.02067223 0.0127534 ],"[[-0.34525147  0.19248782 -0.917481  ]
 [ 0.60013574  0.41137138 -0.17172699]
 [ 0.5493559  -0.7447691  -0.35680294]
 [-0.46781072 -0.48891857  0.03781495]]","[[ 0.6160191  -0.6663511  -0.42011523]
 [ 0.5639406   0.74542147 -0.35541242]
 [ 0.5499923  -0.0179792   0.8349762 ]]"
20200221-062521.621535,12,[0.15153098 0.02077622 0.01281282],"[[-0.3546656   0.19304226 -0.9136389 ]
 [ 0.59530646  0.41147855 -0.17846446]
 [ 0.5470347  -0.7436224  -0.3629535 ]
 [-0.46965528 -0.4903529   0.0409812 ]]","[[ 0.61366606 -0.66649514 -0.423318  ]
 [ 0.5643226   0.74521655 -0.35523558]
 [ 0.5522264  -0.02089186  0.8334324 ]]"
20200221-062521.621535,13,[0.16006595 0.02088338 0.01286383],"[[-0.36241785  0.19426826 -0.91021323]
 [ 0.59127253  0.41145727 -0.18379013]
 [ 0.5447864  -0.7426016  -0.36859137]
 [-0.47144255 -0.49143255  0.04328006]]","[[ 0.6117205  -0.6663795  -0.42630562]
 [ 0.56470054  0.7452323  -0.35460147]
 [ 0.55399585 -0.02381804  0.8321787 ]]"
20200221-062521.621535,14,[0.16908732 0.0209846  0.01291196],"[[-0.37000504  0.19515991 -0.90686053]
 [ 0.5869453   0.4125134  -0.18850501]
 [ 0.5438677  -0.74054253 -0.37418664]
 [-0.4720165  -0.49329734  0.04532227]]","[[ 0.6100412  -0.66585636 -0.42951742]
 [ 0.5649274   0.7455911  -0.35348427]
 [ 0.555614   -0.02700618  0.83100176]]"
20200221-062521.621535,15,[0.17745808 0.02109297 0.01295368],"[[-0.37598628  0.19690563 -0.90392077]
 [ 0.58369756  0.41282135 -0.19214207]
 [ 0.5422392  -0.7392247  -0.37925526]
 [-0.47318956 -0.49432126  0.04662409]]","[[ 0.6085522  -0.6653484  -0.43240696]
 [ 0.56525594  0.7459275  -0.35224685]
 [ 0.5569112  -0.03006003  0.83002794]]"
20200221-062521.621535,16,[0.18621424 0.02120066 0.01299297],"[[-0.38161045  0.1985823  -0.9011073 ]
 [ 0.5805948   0.4134629  -0.19532149]
 [ 0.54106295 -0.7375976  -0.38415742]
 [-0.47385028 -0.49554342  0.04772807]]","[[ 0.607191   -0.66469663 -0.43531296]
 [ 0.56554765  0.7463765  -0.35082474]
 [ 0.55809945 -0.03317256  0.8291106 ]]"
20200221-062521.621535,17,[0.19530383 0.02130904 0.01302894],"[[-0.38651326  0.2004179  -0.8985305 ]
 [ 0.57781106  0.41424093 -0.19785532]
 [ 0.540195   -0.735834   -0.38878548]
 [-0.47426882 -0.49677533  0.04839258]]","[[ 0.6059378  -0.6639365  -0.43820977]
 [ 0.56584084  0.746905   -0.34922352]
 [ 0.55916333 -0.03634926  0.82826036]]"
20200221-062521.621535,18,[0.20461516 0.0214207  0.01306138],"[[-0.39045194  0.20267594 -0.8962481 ]
 [ 0.5756324   0.4148064  -0.1996862 ]
 [ 0.53921586 -0.73428774 -0.3930768 ]
 [-0.4748064  -0.49767426  0.04853078]]","[[ 0.6047548  -0.66315717 -0.44101515]
 [ 0.566184    0.7474358  -0.34752774]
 [ 0.560096   -0.03952663  0.82748425]]"
20200221-062521.621535,19,[0.21310294 0.02153066 0.01309314],"[[-0.3946444   0.2046823  -0.8938883 ]
 [ 0.5732126   0.41572937 -0.2015295 ]
 [ 0.5385943  -0.7324037  -0.39745107]
 [-0.47497287 -0.4988579   0.04881116]]","[[ 0.6037984  -0.66217697 -0.4437895 ]
 [ 0.56640565  0.7481325  -0.34566224]
 [ 0.56090295 -0.0426546   0.82678205]]"
20200221-062521.621535,20,[0.22149375 0.02164441 0.01312177],"[[-0.3979499   0.20714915 -0.89179134]
 [ 0.57137626  0.41634384 -0.2027752 ]
 [ 0.5377256  -0.7308298  -0.40153   ]
 [-0.47541133 -0.49963447  0.04861972]]","[[ 0.6028994  -0.66120046 -0.44645962]
 [ 0.5666738   0.74881274 -0.34374434]
 [ 0.5615986  -0.04575373  0.8261436 ]]"
20200221-062521.621535,21,[0.23054789 0.02176028 0.01314985],"[[-0.4011059   0.20958586 -0.8897545 ]
 [ 0.5698014   0.4168625  -0.20393106]
 [ 0.53674704 -0.7293741  -0.40546402]
 [-0.4757558  -0.5003126   0.04845732]]","[[ 0.60199773 -0.6602743  -0.44903937]
 [ 0.566963    0.7494394  -0.34189674]
 [ 0.56227356 -0.04876765  0.82551193]]"
20200221-062521.621535,22,[0.23950717 0.02187737 0.01317548],"[[-0.40363777  0.21226467 -0.887924  ]
 [ 0.56850946  0.41739225 -0.20459223]
 [ 0.5359068  -0.7279024  -0.40919444]
 [-0.47610644 -0.5008848   0.04788216]]","[[ 0.6011804  -0.65926754 -0.45160645]
 [ 0.5672469   0.7501209  -0.33992583]
 [ 0.56286156 -0.05181568  0.8249254 ]]"
20200221-062521.621535,23,[0.24684478 0.02199511 0.01320087],"[[-0.4064542   0.21491987 -0.8859483 ]
 [ 0.56707114  0.41790172 -0.20543158]
 [ 0.5348854  -0.7264738  -0.4130791 ]
 [-0.4765746  -0.50140154  0.04753294]]","[[ 0.600538   -0.6581623  -0.45406675]
 [ 0.5674467   0.75088376 -0.3379022 ]
 [ 0.56334585 -0.05473553  0.8244062 ]]"
20200221-062521.621535,24,[0.25522047 0.02211243 0.01322436],"[[-0.40876248  0.21752542 -0.88420653]
 [ 0.56579     0.41868716 -0.2057996 ]
 [ 0.5344033  -0.7247538  -0.41669548]
 [-0.47666347 -0.5021115   0.04679967]]","[[ 0.59989357 -0.6570002  -0.4565944 ]
 [ 0.567657    0.7516749  -0.33578324]
 [ 0.5638202  -0.05775483  0.8238757 ]]"
20200221-062521.621535,25,[0.26200998 0.02223264 0.01324648],"[[-0.41090196  0.22038308 -0.8824586 ]
 [ 0.5646342   0.41918787 -0.20611522]
 [ 0.5335366  -0.72331715 -0.42031285]
 [-0.4771647  -0.5025187   0.04604708]]","[[ 0.59937096 -0.65580744 -0.45898914]
 [ 0.5678368   0.75248796 -0.33365124]
 [ 0.5641948  -0.06065008  0.8234111 ]]"
20200221-062521.621535,26,[0.2694678  0.02235156 0.01326815],"[[-0.41306943  0.22293855 -0.8807647 ]
 [ 0.5633722   0.4200245  -0.20633544]
 [ 0.5331566  -0.7215417  -0.42382663]
 [-0.4772104  -0.50324476  0.04527849]]","[[ 0.5988679  -0.6545594  -0.4614213 ]
 [ 0.56799096  0.75333315 -0.33147532]
 [ 0.5645741  -0.0635732   0.8229306 ]]"
20200221-062521.621535,27,[0.27724805 0.02247193 0.01328839],"[[-0.41483897  0.22558491 -0.8792236 ]
 [ 0.56234187  0.42083415 -0.20626941]
 [ 0.5328573  -0.7197882  -0.4271506 ]
 [-0.47722447 -0.5038995   0.04428101]]","[[ 0.59837556 -0.6533092  -0.46382517]
 [ 0.568158    0.75416607 -0.32928714]
 [ 0.5649275  -0.06648858  0.8224573 ]]"
20200221-062521.621535,28,[0.2858834  0.02259425 0.01330807],"[[-0.41634527  0.22826156 -0.87779224]
 [ 0.56157005  0.42156374 -0.20604855]
 [ 0.53252745 -0.7181274  -0.43030256]
 [-0.4771902  -0.50445414  0.043182  ]]","[[ 0.5978567  -0.6521105  -0.46617517]
 [ 0.5683542   0.75494456 -0.327158  ]
 [ 0.5652796  -0.06935899  0.8219783 ]]"
20200221-062521.621535,29,[0.29392007 0.02271663 0.01332713],"[[-0.41788352  0.23086946 -0.8763504 ]
 [ 0.56071436  0.42238942 -0.20580432]
 [ 0.5323098  -0.7163707  -0.4334535 ]
 [-0.47709444 -0.5050738   0.04209543]]","[[ 0.5974101  -0.65085244 -0.4684999 ]
 [ 0.56851196  0.7557635  -0.3249856 ]
 [ 0.5655929  -0.07219812  0.8215182 ]]"
20200221-062521.621535,30,[0.30044982 0.02284028 0.01334549],"[[-0.419447    0.23360302 -0.8748445 ]
 [ 0.55980825  0.42312545 -0.2055925 ]
 [ 0.53190064 -0.7147117  -0.43668598]
 [-0.47724274 -0.50555086  0.04103805]]","[[ 0.59705454 -0.64954656 -0.47076017]
 [ 0.56863326  0.75661653 -0.32278115]
 [ 0.5658463  -0.07497195  0.8210951 ]]"
20200221-062521.621535,31,[0.3074651  0.02296514 0.01336326],"[[-0.42086765  0.2362625  -0.8734186 ]
 [ 0.559008    0.42385927 -0.20528813]
 [ 0.53157306 -0.71305066 -0.4397743 ]
 [-0.47729513 -0.50604534  0.03994107]]","[[ 0.596695   -0.6482641  -0.47297874]
 [ 0.56876135  0.75744045 -0.32061586]
 [ 0.56609696 -0.07770214  0.8206684 ]]"
20200221-062521.621535,32,[0.31388718 0.02309148 0.01338088],"[[-0.4223294   0.23898986 -0.87193954]
 [ 0.55824584  0.4245031  -0.20503907]
 [ 0.53104824 -0.7115028  -0.4429062 ]
 [-0.47748005 -0.50640386  0.03891072]]","[[ 0.5963678  -0.64698654 -0.47513556]
 [ 0.5688796   0.7582543  -0.3184753 ]
 [ 0.56632286 -0.0803665   0.82025594]]"
20200221-062521.621535,33,[0.32118344 0.02321859 0.01339737],"[[-0.4233972   0.24171901 -0.8706446 ]
 [ 0.5576795   0.42521745 -0.20448789]
 [ 0.5307773  -0.709874   -0.44581038]
 [-0.47749752 -0.50679463  0.03762092]]","[[ 0.5960271  -0.64570844 -0.4772969 ]
 [ 0.56901413  0.7590539  -0.3163227 ]
 [ 0.5665464  -0.08305178  0.81983393]]"
20200221-062521.621535,34,[0.32729903 0.02334572 0.01341354],"[[-0.4247251   0.24428321 -0.86925465]
 [ 0.55686486  0.4260148  -0.20409092]
 [ 0.5305628  -0.7081534  -0.44878805]
 [-0.47750732 -0.5073021   0.03650816]]","[[ 0.5957601  -0.64438295 -0.47941676]
 [ 0.5691003   0.75988835 -0.31415665]
 [ 0.5667406  -0.08567422  0.8194297 ]]"
20200221-062521.621535,35,[0.33445495 0.02347288 0.01342946],"[[-0.42595774  0.24667399 -0.8679559 ]
 [ 0.5560981   0.42697632 -0.20357852]
 [ 0.53063875 -0.7062725  -0.45162025]
 [-0.4772184  -0.50795925  0.03532086]]","[[ 0.5954757  -0.64306206 -0.48153928]
 [ 0.56919223  0.7607068  -0.31200254]
 [ 0.5669471  -0.08829851  0.81900823]]"
20200221-062521.621535,36,[0.3405384  0.02360175 0.01344457],"[[-0.4270623   0.24923992 -0.86665404]
 [ 0.55538434  0.42780414 -0.20301586]
 [ 0.5305268  -0.7045288  -0.45446035]
 [-0.47718686 -0.5084311   0.03407467]]","[[ 0.5952355  -0.6417296  -0.48360926]
 [ 0.56927407  0.76152784 -0.3098428 ]
 [ 0.5671172  -0.09087677  0.8186082 ]]"
20200221-062521.621535,37,[0.34646717 0.02373339 0.01345911],"[[-0.42797455  0.25196707 -0.86538965]
 [ 0.55489016  0.42840528 -0.20240144]
 [ 0.53014266 -0.7030246  -0.45722905]
 [-0.4773712  -0.50866276  0.03279932]]","[[ 0.59499264 -0.640451   -0.48559892]
 [ 0.56937325  0.76230127 -0.30775148]
 [ 0.5672725  -0.09337717  0.8182193 ]]"
20200221-062521.621535,38,[0.3534612  0.02386454 0.01347356],"[[-0.42890415  0.2543989  -0.86420083]
 [ 0.5543455   0.42923105 -0.2017334 ]
 [ 0.5301414  -0.70128876 -0.45985502]
 [-0.4771711  -0.50915235  0.03152136]]","[[ 0.5947404  -0.6391682  -0.48759398]
 [ 0.5694659   0.76306796 -0.30567315]
 [ 0.5674439  -0.09587193  0.8178117 ]]"
20200221-062521.621535,39,[0.3592501  0.02399765 0.01348749],"[[-0.42980433  0.25700113 -0.8629601 ]
 [ 0.55382884  0.42989513 -0.2011007 ]
 [ 0.5298677  -0.6997272  -0.4625393 ]
 [-0.47726506 -0.50943345  0.03026384]]","[[ 0.59452593 -0.6378895  -0.48952618]
 [ 0.56954956  0.763828   -0.30361167]
 [ 0.5675846  -0.09830442  0.8174253 ]]"
20200221-062521.621535,40,[0.36488783 0.02413039 0.01350125],"[[-0.43087915  0.25935656 -0.86169803]
 [ 0.55313224  0.43072668 -0.20053627]
 [ 0.52981925 -0.6979912  -0.4652034 ]
 [-0.47715753 -0.5099191   0.02911165]]","[[ 0.594339   -0.6365863  -0.49144587]
 [ 0.5696068   0.7646017  -0.30154997]
 [ 0.567723   -0.10070798  0.81703645]]"
20200221-062521.621535,41,[0.37225673 0.02426554 0.01351438],"[[-0.43148264  0.2617968  -0.86064655]
 [ 0.5528401   0.4314495  -0.19969265]
 [ 0.5298087  -0.6963716  -0.4675914 ]
 [-0.47696266 -0.51027477  0.02772132]]","[[ 0.5940961  -0.6353573  -0.49332643]
 [ 0.56970984  0.7653069  -0.29956004]
 [ 0.5678737  -0.10308545  0.8166351 ]]"
20200221-062521.621535,42,[0.37719464 0.02440138 0.01352727],"[[-0.43237543  0.26430482 -0.85940754]
 [ 0.5522831   0.43211192 -0.1990698 ]
 [ 0.52954787 -0.6948199  -0.47019905]
 [-0.47708893 -0.5105363   0.02651671]]","[[ 0.5939324  -0.63408244 -0.49516028]
 [ 0.5697692   0.76604784 -0.2975463 ]
 [ 0.5679854  -0.10540465  0.81626123]]"
20200221-062521.621535,43,[0.38368922 0.0245392  0.01353989],"[[-0.43297017  0.26682508 -0.8583138 ]
 [ 0.55202574  0.43271315 -0.19827265]
 [ 0.52932525 -0.6933439  -0.47260073]
 [-0.47709432 -0.5107229   0.02517991]]","[[ 0.5937215  -0.6328736  -0.49695638]
 [ 0.5698633   0.7667293  -0.29560447]
 [ 0.5681113  -0.1076905   0.81587505]]"
20200221-062521.621535,44,[0.38836366 0.02467553 0.0135524 ],"[[-0.43404582  0.2690309  -0.85705996]
 [ 0.55127215  0.43355575 -0.19772595]
 [ 0.5293157  -0.6916083  -0.47515467]
 [-0.47699896 -0.511204    0.02410016]]","[[ 0.5935922  -0.63158303 -0.4987496 ]
 [ 0.5698918   0.76747286 -0.29361326]
 [ 0.56821793 -0.10994676  0.8154999 ]]"
20200221-062521.621535,45,[0.39417493 0.02481516 0.0135642 ],"[[-0.43461108  0.2715015  -0.8559779 ]
 [ 0.5509812   0.4341597  -0.19691628]
 [ 0.52912086 -0.69013256 -0.4775011 ]
 [-0.47703698 -0.51138014  0.02277498]]","[[ 0.593416   -0.63037324 -0.50048715]
 [ 0.56996936  0.7681463  -0.29169577]
 [ 0.56832445 -0.11216542  0.8151235 ]]"
20200221-062521.621535,46,[0.39992556 0.0249546  0.01357612],"[[-0.4354064   0.27371633 -0.8548536 ]
 [ 0.55050075  0.43490398 -0.19622724]
 [ 0.5290952  -0.6885119  -0.47984758]
 [-0.47689444 -0.5117513   0.02159906]]","[[ 0.5932582  -0.6291537  -0.5022053 ]
 [ 0.57002425  0.7688242  -0.28979594]
 [ 0.5684339  -0.11434535  0.8147441 ]]"
20200221-062521.621535,47,[0.40556034 0.02509606 0.01358758],"[[-0.4360077   0.27609056 -0.85376763]
 [ 0.5501881   0.43551552 -0.19545588]
 [ 0.52891195 -0.6870399  -0.48214516]
 [-0.47690898 -0.5119336   0.02033813]]","[[ 0.59309846 -0.62796247 -0.5038822 ]
 [ 0.570092    0.7694758  -0.28792688]
 [ 0.5685325  -0.11649024  0.81437135]]"
20200221-062521.621535,48,[0.41255102 0.02523857 0.01359854],"[[-0.4363652   0.2783513  -0.8528446 ]
 [ 0.550041    0.4361743  -0.1945099 ]
 [ 0.52896297 -0.68551433 -0.4842136 ]
 [-0.4766956  -0.51219434  0.01894746]]","[[ 0.5929152  -0.6268032  -0.5055387 ]
 [ 0.5701745   0.7700966  -0.28609836]
 [ 0.568641   -0.11861325  0.81398916]]"
20200221-062521.621535,49,[0.4194003  0.02538173 0.01360899],"[[-0.43661225  0.28063244 -0.8519623 ]
 [ 0.54990226  0.43687102 -0.19347444]
 [ 0.52909964 -0.6839503  -0.48623306]
 [-0.47647747 -0.512446    0.01746035]]","[[ 0.5927455  -0.6256302  -0.507188  ]
 [ 0.57025254  0.77072066 -0.2842566 ]
 [ 0.56873983 -0.12073345  0.8136082 ]]"
20200221-062521.621535,50,[0.42418885 0.02552724 0.01361932],"[[-0.43706134  0.2830696  -0.85090685]
 [ 0.54967505  0.43733048 -0.19267516]
 [ 0.5287679  -0.682641   -0.4884376 ]
 [-0.47669643 -0.5124599   0.01619422]]","[[ 0.59261376 -0.6244793  -0.508758  ]
 [ 0.5703152   0.7713336  -0.2824627 ]
 [ 0.5688142  -0.12276115  0.8132528 ]]"
20200221-062521.621535,51,[0.42830792 0.02567198 0.01362971],"[[-0.43783882  0.2852075  -0.8497733 ]
 [ 0.5491354   0.43798316 -0.19204341]
 [ 0.52864665 -0.6811276  -0.49068934]
 [-0.47673887 -0.5127307   0.01511233]]","[[ 0.592517   -0.6232955  -0.5103198 ]
 [ 0.5703425   0.77197015 -0.28066275]
 [ 0.5688875  -0.12475959  0.8128972 ]]"
20200221-062521.621535,52,[0.43226418 0.02581817 0.01364003],"[[-0.43864352  0.28733775 -0.84862083]
 [ 0.5486125   0.43858886 -0.19145463]
 [ 0.5284405  -0.6796742  -0.49293935]
 [-0.47682983 -0.51295215  0.01408996]]","[[ 0.5924221  -0.62213564 -0.5118428 ]
 [ 0.5703705   0.7725873  -0.2789019 ]
 [ 0.5689581  -0.12671244  0.8125458 ]]"
20200221-062521.621535,53,[0.4389065  0.025966   0.01364982],"[[-0.43888164  0.2895224  -0.8477494 ]
 [ 0.54853964  0.43920285 -0.19047521]
 [ 0.52848226 -0.6782253  -0.49485192]
 [-0.47664833 -0.513116    0.01270959]]","[[ 0.5922687  -0.6210283  -0.51336324]
 [ 0.57044345  0.7731531  -0.27718005]
 [ 0.5690449  -0.12867962  0.8121758 ]]"
20200221-062521.621535,54,[0.44558802 0.02611528 0.01365913],"[[-0.43903252  0.29167438 -0.8469291 ]
 [ 0.54851186  0.43976948 -0.18946587]
 [ 0.5285415  -0.6768167  -0.4966743 ]
 [-0.47647578 -0.51327163  0.01131683]]","[[ 0.5921192  -0.6199436  -0.51484436]
 [ 0.5705164   0.773701   -0.27549556]
 [ 0.5691273  -0.13060091  0.8118112 ]]"
20200221-062521.621535,55,[0.45142698 0.02626473 0.01366841],"[[-0.43940115  0.29370105 -0.8460294 ]
 [ 0.54827654  0.440419   -0.18858263]
 [ 0.5286429  -0.6753267  -0.49856758]
 [-0.47629473 -0.513522    0.01005004]]","[[ 0.5919983  -0.61883914 -0.5163101 ]
 [ 0.57056624  0.77426296 -0.27380833]
 [ 0.56920314 -0.13249505  0.811451  ]]"
20200221-062521.621535,56,[0.45727775 0.0264151  0.01367761],"[[-0.43979108  0.295681   -0.8451305 ]
 [ 0.5480474   0.44106728 -0.1877203 ]
 [ 0.5287394  -0.67384815 -0.50043756]
 [-0.47609103 -0.51377183  0.00882236]]","[[ 0.59188074 -0.6177491  -0.5177483 ]
 [ 0.57061344  0.77481294 -0.27214932]
 [ 0.56927806 -0.1343542   0.81109285]]"
20200221-062521.621535,57,[0.45995882 0.02656694 0.01368679],"[[-0.44059956  0.29774383 -0.8439604 ]
 [ 0.5474908   0.44156387 -0.18721782]
 [ 0.5283971  -0.67252797 -0.502611  ]
 [-0.47636366 -0.5138835   0.00791508]]","[[ 0.5918206  -0.6166479  -0.5191279 ]
 [ 0.57062715  0.7753785  -0.27050495]
 [ 0.56932694 -0.13613811  0.810761  ]]"
20200221-062521.621535,58,[0.46498773 0.02672054 0.01369518],"[[-0.44081044  0.2998955  -0.84307534]
 [ 0.54736096  0.4420564  -0.18630686]
 [ 0.5283076  -0.6712169  -0.50444996]
 [-0.47641706 -0.513923    0.0066213 ]]","[[ 0.5917146  -0.6155876  -0.5205054 ]
 [ 0.57067996  0.7759028  -0.2688857 ]
 [ 0.5693842  -0.13793838  0.81041634]]"
20200221-062521.621535,59,[0.46847668 0.02687412 0.01370383],"[[-0.44146177  0.30184045 -0.84202194]
 [ 0.5468945   0.44262487 -0.18568145]
 [ 0.52817374 -0.6698311  -0.5064481 ]
 [-0.47649798 -0.5141032   0.0056238 ]]","[[ 0.5916476  -0.6145085  -0.5218548 ]
 [ 0.57069737  0.77644503 -0.2672781 ]
 [ 0.5694363  -0.13968676  0.81008023]]"
20200221-062521.621535,60,[0.47337174 0.02702878 0.01371261],"[[-0.44201225  0.30369633 -0.84105664]
 [ 0.546572    0.44322914 -0.184977  ]
 [ 0.52815396 -0.6684246  -0.508317  ]
 [-0.47638008 -0.51432025  0.00458568]]","[[ 0.5915564  -0.6134633  -0.52318645]
 [ 0.5707286   0.776959   -0.26571354]
 [ 0.5694999  -0.14141293  0.80973595]]"
20200221-062521.621535,61,[0.47580364 0.02718515 0.01372096],"[[-0.4427437   0.30567592 -0.8399311 ]
 [ 0.5460657   0.44368023 -0.18447122]
 [ 0.52780133 -0.66717285 -0.5103654 ]
 [-0.47667202 -0.5143835   0.00371129]]","[[ 0.5915044  -0.61241776 -0.5244683 ]
 [ 0.5707411   0.7774781  -0.2641637 ]
 [ 0.56954116 -0.14308165  0.8094137 ]]"
20200221-062521.621535,62,[0.47982347 0.02734333 0.01372859],"[[-0.44298127  0.30777058 -0.8390241 ]
 [ 0.5458969   0.44410145 -0.18363786]
 [ 0.52761394 -0.66595393 -0.51216173]
 [-0.47685227 -0.514351    0.00251853]]","[[ 0.5914229  -0.6114014  -0.52574456]
 [ 0.57078224  0.7779672  -0.26263046]
 [ 0.56958467 -0.14475998  0.80908465]]"
20200221-062521.621535,63,[0.48524162 0.02750242 0.01373622],"[[-0.44310153  0.30976218 -0.83821994]
 [ 0.5458597   0.44458073 -0.18270767]
 [ 0.52759    -0.66468835 -0.51381326]
 [-0.47680932 -0.51437825  0.00126078]]","[[ 0.59131986 -0.6104134  -0.5270072 ]
 [ 0.57083535  0.7784322  -0.26113346]
 [ 0.5696386  -0.14642096  0.80874777]]"
20200221-062521.621535,64,[0.48841137 0.02766214 0.01374399],"[[-4.4360569e-01  3.1170824e-01 -8.3721220e-01]
 [ 5.4550886e-01  4.4504485e-01 -1.8205844e-01]
 [ 5.2735770e-01 -6.6344404e-01 -5.1568425e-01]
 [-4.7699884e-01 -5.1440775e-01  2.6734298e-04]]","[[ 0.5912586  -0.6094076  -0.5282383 ]
 [ 0.57085824  0.7789147  -0.2596398 ]
 [ 0.5696791  -0.14803497  0.80842525]]"
20200221-062521.621535,65,[0.4929976  0.02782317 0.01375149],"[[-4.4394317e-01  3.1354871e-01 -8.3633620e-01]
 [ 5.4530907e-01  4.4553185e-01 -1.8129453e-01]
 [ 5.2729380e-01 -6.6217822e-01 -5.1737136e-01]
 [-4.7698417e-01 -5.1449853e-01 -8.0185663e-04]]","[[ 0.59117645 -0.6084375  -0.529447  ]
 [ 0.57089365  0.7793699  -0.25819176]
 [ 0.5697286  -0.14962108  0.8080982 ]]"
20200221-062521.621535,66,[0.49838185 0.02798506 0.01375913],"[[-0.44426322  0.3153033  -0.8355025 ]
 [ 0.5451739   0.44605562 -0.18050858]
 [ 0.5273054  -0.6608886  -0.5189875 ]
 [-0.4768276  -0.5146304  -0.00186701]]","[[ 0.5910847  -0.60748684 -0.53063995]
 [ 0.5709326   0.77980965 -0.25677413]
 [ 0.569785   -0.15118437  0.8077675 ]]"
20200221-062521.621535,67,[0.50202805 0.02814914 0.01376608],"[[-0.4445011   0.3172971  -0.8346053 ]
 [ 0.5450325   0.44640663 -0.17974333]
 [ 0.52704084 -0.65977544 -0.5206896 ]
 [-0.47706026 -0.5145289  -0.00295082]]","[[ 0.5910129  -0.60654306 -0.5317981 ]
 [ 0.570971    0.780245   -0.25536206]
 [ 0.56982106 -0.15271905  0.8074534 ]]"
20200221-062521.621535,68,[0.50483096 0.02831535 0.01377293],"[[-0.44475803  0.31940338 -0.8336429 ]
 [ 0.5449158   0.4466044  -0.17906725]
 [ 0.5265173  -0.6588277  -0.52245414]
 [-0.4775319  -0.5142685  -0.00395415]]","[[ 0.59094644 -0.6056297  -0.53291184]
 [ 0.5710121   0.7806625  -0.25399107]
 [ 0.5698488  -0.15420395  0.80715144]]"
20200221-062521.621535,69,[0.510034   0.02848008 0.01377956],"[[-0.44494104  0.32105985 -0.832905  ]
 [ 0.5447588   0.4471818  -0.17818624]
 [ 0.52672315 -0.65748215 -0.52392066]
 [-0.47731367 -0.51445746 -0.00510358]]","[[ 0.59087026 -0.6046906  -0.53406173]
 [ 0.57104254  0.7810903  -0.25260356]
 [ 0.56989735 -0.15571605  0.80682683]]"
20200221-062521.621535,70,[0.514387   0.02864784 0.01378616],"[[-0.44505587  0.32299238 -0.8320856 ]
 [ 0.5447516   0.44749895 -0.17737216]
 [ 0.5264894  -0.6564249  -0.52548474]
 [-0.4774726  -0.51432204 -0.00620213]]","[[ 0.5907895  -0.6037996  -0.535158  ]
 [ 0.5710886   0.7814871  -0.25126857]
 [ 0.56993484 -0.15717581  0.80651736]]"
20200221-062521.621535,71,[0.5195825  0.02881587 0.01379265],"[[-0.44512454  0.32476833 -0.83135253]
 [ 0.5447421   0.44794604 -0.17647696]
 [ 0.5265127  -0.6552366  -0.5269294 ]
 [-0.47739387 -0.5143293  -0.00736065]]","[[ 0.5907061  -0.602906   -0.5362565 ]
 [ 0.57113177  0.78188246 -0.24993747]
 [ 0.5699782  -0.15863349  0.8062013 ]]"
20200221-062521.621535,72,[0.52219874 0.02898575 0.01379906],"[[-0.4455127   0.32660007 -0.8304079 ]
 [ 0.54449385  0.44823447 -0.1758888 ]
 [ 0.526146   -0.6542112  -0.5286001 ]
 [-0.4777187  -0.51422346 -0.00823485]]","[[ 0.59065557 -0.60202515 -0.53730035]
 [ 0.5711558   0.782278   -0.24864054]
 [ 0.57000613 -0.16002128  0.805907  ]]"
20200221-062521.621535,73,[0.52721524 0.02915551 0.01380533],"[[-0.44571748  0.32819843 -0.8296646 ]
 [ 0.5443756   0.44873536 -0.175081  ]
 [ 0.52624243 -0.65297514 -0.5300163 ]
 [-0.47755614 -0.51434046 -0.00927822]]","[[ 0.5905834  -0.6011466  -0.5383623 ]
 [ 0.5711862   0.7826652  -0.24734911]
 [ 0.5700506  -0.16142486  0.8055957 ]]"
20200221-062521.621535,74,[0.53140706 0.02932784 0.01381128],"[[-0.445825    0.32997325 -0.8288934 ]
 [ 0.54434025  0.4490466  -0.17429781]
 [ 0.5260784  -0.6519363  -0.5314598 ]
 [-0.47767693 -0.5142509  -0.01031128]]","[[ 0.5905135  -0.6003029  -0.5393794 ]
 [ 0.57122505  0.7830314  -0.24609739]
 [ 0.570084   -0.16278319  0.8052986 ]]"
20200221-062521.621535,75,[0.5372837  0.02949996 0.01381744],"[[-0.44592986  0.33150285 -0.82822996]
 [ 0.5443346   0.44955337 -0.17343052]
 [ 0.52625495 -0.6507106  -0.53275454]
 [-0.4773914  -0.5143771  -0.01138819]]","[[ 0.59043187 -0.5994582  -0.5404076 ]
 [ 0.571262    0.78339434 -0.24485368]
 [ 0.57013166 -0.16414489  0.80498844]]"
20200221-062521.621535,76,[0.5421462  0.02967344 0.01382333],"[[-0.44609603  0.3330635  -0.827511  ]
 [ 0.54424566  0.45001113 -0.17263485]
 [ 0.5263254  -0.64953464 -0.5341058 ]
 [-0.4772595  -0.5144544  -0.01240375]]","[[ 0.5903642  -0.59861726 -0.54141253]
 [ 0.571292    0.78375643 -0.24362169]
 [ 0.5701717  -0.16547911  0.8046869 ]]"
20200221-062521.621535,77,[0.54699296 0.02984915 0.01382892],"[[-0.44605365  0.3348094  -0.82682365]
 [ 0.5443269   0.4503356  -0.1717565 ]
 [ 0.5262489  -0.6485049  -0.5354244 ]
 [-0.47729078 -0.51433665 -0.01351469]]","[[ 0.5902887  -0.5978042  -0.54239243]
 [ 0.5713365   0.7840982  -0.24241433]
 [ 0.5702052  -0.16679415  0.8043915 ]]"
20200221-062521.621535,78,[0.55082124 0.03002479 0.01383494],"[[-0.44643298  0.3363598  -0.82598   ]
 [ 0.5441022   0.450777   -0.171127  ]
 [ 0.52615327 -0.6473676  -0.5369039 ]
 [-0.4772976  -0.51437074 -0.01437175]]","[[ 0.5902351  -0.59697366 -0.54336447]
 [ 0.5713567   0.7844552  -0.24120875]
 [ 0.57024044 -0.16808505  0.80409783]]"
20200221-062521.621535,79,[0.55467117 0.03020346 0.01384061],"[[-0.4465645   0.33813345 -0.82517415]
 [ 0.54412264  0.4509953  -0.1704299 ]
 [ 0.5258106  -0.64646727 -0.53833705]
 [-0.4775289  -0.514149   -0.01529665]]","[[ 0.590168   -0.5961947  -0.5442919 ]
 [ 0.5713978   0.78477895 -0.24005567]
 [ 0.57026875 -0.16933401  0.8038156 ]]"
20200221-062521.621535,80,[0.55855596 0.03038248 0.01384604],"[[-0.44671252  0.33978322 -0.82440686]
 [ 0.5440606   0.4513206  -0.16970435]
 [ 0.5256547  -0.6454549  -0.5397124 ]
 [-0.47763264 -0.51404786 -0.01624478]]","[[ 0.5901095  -0.59540427 -0.5452197 ]
 [ 0.5714294   0.7851093  -0.23889728]
 [ 0.57029754 -0.17057903  0.8035318 ]]"
20200221-062521.621535,81,[0.5632622  0.03056265 0.0138514 ],"[[-0.44683084  0.3413194  -0.82370514]
 [ 0.5440457   0.45167026 -0.1689562 ]
 [ 0.5256038  -0.64442194 -0.540988  ]
 [-0.4775957  -0.51401925 -0.01718719]]","[[ 0.5900443  -0.5946349  -0.54612935]
 [ 0.57146275  0.78542686 -0.23777135]
 [ 0.57033175 -0.1717969   0.8032481 ]]"
20200221-062521.621535,82,[0.56694776 0.03074358 0.01385666],"[[-0.4471022   0.34279716 -0.8229354 ]
 [ 0.5438643   0.45205024 -0.16831146]
 [ 0.52553266 -0.64335734 -0.54233164]
 [-0.47762617 -0.51403534 -0.01803794]]","[[ 0.589996   -0.59385806 -0.54702604]
 [ 0.57148284  0.7857515  -0.23664749]
 [ 0.57036155 -0.17299494  0.8029698 ]]"
20200221-062521.621535,83,[0.5678039  0.03092585 0.01386206],"[[-0.44770753  0.34438452 -0.8219161 ]
 [ 0.5434132   0.4523356  -0.16795358]
 [ 0.5250809  -0.6423994  -0.54396474]
 [-0.47806928 -0.51392156 -0.01864903]]","[[ 0.58997726 -0.593072   -0.5478985 ]
 [ 0.5714862   0.7860872  -0.2355223 ]
 [ 0.5703775  -0.17416361  0.80270576]]"
20200221-062521.621535,84,[0.57048994 0.03110876 0.01386728],"[[-0.44813523  0.3458402  -0.8210569 ]
 [ 0.54310524  0.45273122 -0.16742031]
 [ 0.52492344 -0.6413351  -0.5453985 ]
 [-0.47819138 -0.5139246  -0.01939534]]","[[ 0.58994275 -0.59229666 -0.5487736 ]
 [ 0.57149625  0.78641164 -0.23441175]
 [ 0.5704032  -0.1753325   0.8024329 ]]"
20200221-062521.621535,85,[0.5741855  0.03129332 0.01387179],"[[-0.44820154  0.34735253 -0.8203725 ]
 [ 0.5430121   0.45309561 -0.16665645]
 [ 0.5249229  -0.6402971  -0.54662585]
 [-0.47823521 -0.51387745 -0.02036823]]","[[ 0.58989686 -0.5915399  -0.54963833]
 [ 0.57151973  0.78672063 -0.23331535]
 [ 0.5704272  -0.17649713  0.8021606 ]]"
20200221-062521.621535,86,[0.5786539  0.03147937 0.0138764 ],"[[-0.44825768  0.3487843  -0.819731  ]
 [ 0.54298574  0.45344785 -0.16589522]
 [ 0.52495104 -0.6392803  -0.5477829 ]
 [-0.47818223 -0.51386344 -0.02130388]]","[[ 0.5898413  -0.59081316 -0.55047905]
 [ 0.571548    0.7870122  -0.23226054]
 [ 0.57045627 -0.1776283   0.8018902 ]]"
20200221-062521.621535,87,[0.5813382  0.0316661  0.01388131],"[[-0.44864365  0.3501965  -0.81890386]
 [ 0.5427138   0.45381945 -0.16536172]
 [ 0.5247944  -0.63825715 -0.5491505 ]
 [-0.47830063 -0.5138464  -0.02203465]]","[[ 0.58980775 -0.5900714  -0.55131   ]
 [ 0.571559    0.7873164  -0.23120008]
 [ 0.57047987 -0.17874257  0.8016258 ]]"
20200221-062521.621535,88,[0.58296764 0.0318541  0.01388592],"[[-0.44913787  0.35155985 -0.8180292 ]
 [ 0.54229796  0.45417586 -0.16492438]
 [ 0.5245983  -0.63724035 -0.5505577 ]
 [-0.4785235  -0.5138628  -0.02267788]]","[[ 0.5897895  -0.5893326  -0.55211914]
 [ 0.57155895  0.7876228  -0.23015366]
 [ 0.5704987  -0.17982642  0.8013699 ]]"
20200221-062521.621535,89,[0.5856348  0.03204301 0.01389043],"[[-0.4494719   0.35290614 -0.817253  ]
 [ 0.54201335  0.45458305 -0.16435035]
 [ 0.52454746 -0.636185   -0.551849  ]
 [-0.47858852 -0.5138874  -0.02344173]]","[[ 0.5897611  -0.5886003  -0.5529301 ]
 [ 0.5715663   0.78792113 -0.22911236]
 [ 0.5705209  -0.18091461  0.80110914]]"
20200221-062521.621535,90,[0.5881204  0.03223453 0.01389466],"[[-0.44970095  0.35435733 -0.81648433]
 [ 0.5418402   0.45483002 -0.16378745]
 [ 0.52431583 -0.6352955  -0.5531201 ]
 [-0.47882265 -0.51377094 -0.02418963]]","[[ 0.5897262  -0.5879088  -0.55370235]
 [ 0.57158417  0.78819656 -0.22811788]
 [ 0.57053876 -0.1819604   0.80085945]]"
20200221-062521.621535,91,[0.59072566 0.03242601 0.01389891],"[[-0.45005116  0.35561883 -0.81573087]
 [ 0.54153854  0.45522484 -0.16324538]
 [ 0.5242865  -0.63425714 -0.5543587 ]
 [-0.4788672  -0.51383215 -0.02490432]]","[[ 0.5897011  -0.58720094 -0.5544798 ]
 [ 0.57158834  0.78848267 -0.22711661]
 [ 0.5705608  -0.18300323  0.80060613]]"
20200221-062521.621535,92,[0.5931975  0.03261897 0.01390319],"[[-0.45044672  0.35687634 -0.81495076]
 [ 0.5412296   0.4555963  -0.162751  ]
 [ 0.5241916  -0.6332523  -0.55562   ]
 [-0.47894794 -0.5138707  -0.0255664 ]]","[[ 0.58967537 -0.5865079  -0.55524015]
 [ 0.5715929   0.7887609  -0.22613683]
 [ 0.57058275 -0.184024    0.80035645]]"
20200221-062521.621535,93,[0.59666306 0.03281371 0.01390739],"[[-0.450663    0.3581694  -0.8142583 ]
 [ 0.54110765  0.45591947 -0.1621534 ]
 [ 0.52411675 -0.6323075  -0.55677414]
 [-0.47896495 -0.51384777 -0.02630886]]","[[ 0.58963495 -0.5858432  -0.55598456]
 [ 0.57161057  0.78902    -0.22518681]
 [ 0.57060695 -0.18502861  0.8001077 ]]"
20200221-062521.621535,94,[0.60005987 0.03300969 0.01391155],"[[-0.450901    0.35943696 -0.81356156]
 [ 0.5409643   0.45624644 -0.16157474]
 [ 0.52404165 -0.6313635  -0.55792516]
 [-0.47898477 -0.51383305 -0.02702907]]","[[ 0.5895965  -0.585185   -0.55671775]
 [ 0.5716261   0.7892757  -0.22424906]
 [ 0.5706309  -0.18601795  0.799861  ]]"
20200221-062521.621535,95,[0.60427916 0.03320721 0.01391533],"[[-0.4509247   0.36072093 -0.81297815]
 [ 0.5409601   0.45655957 -0.16085987]
 [ 0.5240759  -0.6304341  -0.5589396 ]
 [-0.47893035 -0.51379675 -0.02788211]]","[[ 0.5895492  -0.58454406 -0.55744076]
 [ 0.571651    0.7895188  -0.22332819]
 [ 0.5706551  -0.18699859  0.79961514]]"
20200221-062521.621535,96,[0.6065491  0.033406   0.01391935],"[[-0.45123598  0.3620646  -0.8121928 ]
 [ 0.54074824  0.45682693 -0.16037408]
 [ 0.523826   -0.62956333 -0.5601863 ]
 [-0.4791492  -0.5136812  -0.02853267]]","[[ 0.5895197  -0.58389735 -0.5581493 ]
 [ 0.5716641   0.7897691  -0.22240803]
 [ 0.57067245 -0.18795995  0.7993773 ]]"
20200221-062521.621535,97,[0.61082345 0.03360599 0.01392331],"[[-0.4513311   0.3633299  -0.81157404]
 [ 0.5407517   0.45715335 -0.15970244]
 [ 0.52380794 -0.6286437  -0.5612329 ]
 [-0.47907507 -0.5136236  -0.0293252 ]]","[[ 0.58947057 -0.5832709  -0.5588555 ]
 [ 0.5716892   0.7900032  -0.2215096 ]
 [ 0.5706978  -0.18891826  0.7991332 ]]"
20200221-062521.621535,98,[0.6131083  0.03380686 0.01392718],"[[-0.4517171   0.3645091  -0.810819  ]
 [ 0.5404639   0.4574826  -0.15925194]
 [ 0.5236774  -0.6277141  -0.56242025]
 [-0.47917917 -0.5136322  -0.02991778]]","[[ 0.589448   -0.58263487 -0.5595426 ]
 [ 0.5716931   0.7902504  -0.22061598]
 [ 0.57071733 -0.18984501  0.7988997 ]]"
20200221-062521.621535,99,[0.61826193 0.03401032 0.01393041],"[[-0.4515068   0.36580744 -0.810356  ]
 [ 0.5406701   0.45772862 -0.15841642]
 [ 0.52374697 -0.62687534 -0.56327206]
 [-0.47906828 -0.51351446 -0.0308553 ]]","[[ 0.58938855 -0.5820471  -0.5602164 ]
 [ 0.5717312   0.79046106 -0.21976112]
 [ 0.5707406  -0.19076851  0.7986631 ]]"
20200221-062521.621535,100,[0.6213996  0.03421469 0.0139338 ],"[[-0.4515613   0.36713007 -0.8097184 ]
 [ 0.54063475  0.45796746 -0.15778421]
 [ 0.52362245 -0.62604845 -0.56432223]
 [-0.47919333 -0.5133663  -0.03163227]]","[[ 0.58935046 -0.5814447  -0.5608817 ]
 [ 0.5717546   0.7906839  -0.21889694]
 [ 0.5707566  -0.19167963  0.79843336]]"
20200221-062521.621535,101,[0.6235475  0.03442018 0.01393728],"[[-0.45184758  0.36835194 -0.8089908 ]
 [ 0.5404197   0.45821726 -0.15731849]
 [ 0.5234231  -0.6252137  -0.5654606 ]
 [-0.47938362 -0.5132852  -0.03223455]]","[[ 0.58932585 -0.5808454  -0.56152844]
 [ 0.5717645   0.7909108  -0.21805002]
 [ 0.57077205 -0.19255948  0.7982106 ]]"
20200221-062521.621535,102,[0.6286842  0.03462758 0.01394031],"[[-0.45164976  0.3695943  -0.80853933]
 [ 0.5406139   0.45846263 -0.15650716]
 [ 0.5235048  -0.6243883  -0.5662784 ]
 [-0.4792615  -0.5131775  -0.03313999]]","[[ 0.5892695  -0.5802798  -0.5621714 ]
 [ 0.57179976  0.79111034 -0.21723129]
 [ 0.57079464 -0.19344173  0.7979811 ]]"
20200221-062521.621535,103,[0.6316972  0.03483513 0.01394374],"[[-0.45194092  0.37067786 -0.80787456]
 [ 0.5404098   0.4588002  -0.15600528]
 [ 0.52347094 -0.62347543 -0.56732863]
 [-0.47925457 -0.51320446 -0.03375087]]","[[ 0.5892421  -0.5796899  -0.56280875]
 [ 0.57180744  0.79133177 -0.21640392]
 [ 0.5708155  -0.19430391  0.7977567 ]]"
20200221-062521.621535,104,[0.63359106 0.03504403 0.01394718],"[[-0.45236337  0.3717678  -0.8071237 ]
 [ 0.54008365  0.4591097  -0.15562184]
 [ 0.52331465 -0.6225943  -0.568471  ]
 [-0.479394   -0.51320887 -0.03426154]]","[[ 0.5892252  -0.57910156 -0.5634315 ]
 [ 0.5718075   0.7915549  -0.21558484]
 [ 0.57083243 -0.19514637  0.7975388 ]]"
20200221-062521.621535,105,[0.6386971  0.03525403 0.01395018],"[[-0.45230103  0.3728217  -0.80667895]
 [ 0.54013443  0.45951653 -0.15483485]
 [ 0.5235893  -0.6216208  -0.5692636 ]
 [-0.47909582 -0.5132601  -0.03512937]]","[[ 0.5891811  -0.5785263  -0.56406826]
 [ 0.57182765  0.79176193 -0.21477027]
 [ 0.570858   -0.19601122  0.79730844]]"
20200221-062521.621535,106,[0.6426477  0.03546668 0.01395327],"[[-0.45233518  0.37398925 -0.8061185 ]
 [ 0.5401662   0.45974532 -0.15421446]
 [ 0.5235247  -0.6208355  -0.5701812 ]
 [-0.47909808 -0.51315653 -0.0358375 ]]","[[ 0.5891385  -0.57798535 -0.5646671 ]
 [ 0.571852    0.7919535  -0.21399757]
 [ 0.57087743 -0.19683181  0.7970923 ]]"
20200221-062521.621535,107,[0.6444524  0.03568013 0.01395672],"[[-0.45275426  0.37513596 -0.8053351 ]
 [ 0.53989416  0.4599975  -0.15386607]
 [ 0.5232375  -0.62003666 -0.57135093]
 [-0.47932267 -0.51305926 -0.03631107]]","[[ 0.58911735 -0.577427   -0.56525993]
 [ 0.57185876  0.7921595  -0.21321581]
 [ 0.5708925  -0.1976397   0.7968816 ]]"
20200221-062521.621535,108,[0.64516383 0.03589451 0.01395963],"[[-0.45321316  0.37620074 -0.8045591 ]
 [ 0.5394595   0.46028066 -0.15354864]
 [ 0.5230368  -0.6191908  -0.5724995 ]
 [-0.47959733 -0.5130473  -0.03676994]]","[[ 0.589114   -0.57685995 -0.56584233]
 [ 0.57185185  0.7923749  -0.2124327 ]
 [ 0.57090306 -0.19843087  0.7966775 ]]"
20200221-062521.621535,109,[0.64694715 0.03611047 0.01396262],"[[-0.45358437  0.3772431  -0.80384827]
 [ 0.53915733  0.46056527 -0.15316395]
 [ 0.5228891  -0.61835647 -0.57356757]
 [-0.47974753 -0.51303285 -0.03726664]]","[[ 0.5890988  -0.576312   -0.56641585]
 [ 0.57185286  0.7925776  -0.21167174]
 [ 0.57091755 -0.19921093  0.79647225]]"
20200221-062521.621535,110,[0.6497427  0.03632869 0.01396562],"[[-0.45379186  0.3783555  -0.8032018 ]
 [ 0.53905874  0.4607768  -0.15269572]
 [ 0.52270234 -0.6176092  -0.57456106]
 [-0.4798658  -0.51292384 -0.03782276]]","[[ 0.5890676  -0.5757948  -0.56697416]
 [ 0.57186884  0.7927609  -0.21094112]
 [ 0.57093376 -0.19997625  0.79626894]]"
20200221-062521.621535,111,[0.65462077 0.03654743 0.0139683 ],"[[-0.4537774   0.37932545 -0.80276   ]
 [ 0.5391113   0.46111572 -0.15200189]
 [ 0.52289224 -0.6167321  -0.5753124 ]
 [-0.47961265 -0.5129579  -0.03856855]]","[[ 0.58902615 -0.5752768  -0.5675429 ]
 [ 0.5718877   0.7929412  -0.2102111 ]
 [ 0.5709577  -0.20075098  0.79605687]]"
20200221-062521.621535,112,[0.65514225 0.03676797 0.01397122],"[[-0.45422706  0.3804477  -0.8019511 ]
 [ 0.5387345   0.461331   -0.15172592]
 [ 0.52254504 -0.615984   -0.57648426]
 [-0.47998932 -0.5128324  -0.03898213]]","[[ 0.5890177  -0.5747474  -0.56808794]
 [ 0.5718883   0.7931356  -0.20947503]
 [ 0.5709658  -0.20149833  0.7958621 ]]"
20200221-062521.621535,113,[0.655794  0.0369905 0.013974 ],"[[-0.45463705  0.38157398 -0.8011627 ]
 [ 0.5384256   0.4614834  -0.15145707]
 [ 0.5221443  -0.6153039  -0.5776232 ]
 [-0.48038355 -0.5126748  -0.03937012]]","[[ 0.5890057  -0.5742407  -0.5686123 ]
 [ 0.57189274  0.79331875 -0.2087677 ]
 [ 0.57097375 -0.20221986  0.7956734 ]]"
20200221-062521.621535,114,[0.65950924 0.0372157  0.01397661],"[[-0.4545089   0.38287503 -0.80061185]
 [ 0.53863573  0.4615383  -0.15083957]
 [ 0.5218508  -0.6147392  -0.5785009 ]
 [-0.48058835 -0.5123331  -0.04006258]]","[[ 0.58895487 -0.5737797  -0.5691303 ]
 [ 0.5719334   0.79346675 -0.20809333]
 [ 0.5709857  -0.20294707  0.7954798 ]]"
20200221-062521.621535,115,[0.66324973 0.03744055 0.01397892],"[[-0.454539    0.38385895 -0.8001232 ]
 [ 0.53860706  0.4618156  -0.1502344 ]
 [ 0.5219243  -0.6139371  -0.5792868 ]
 [-0.48051217 -0.5123084  -0.04073574]]","[[ 0.588923   -0.57328856 -0.56965786]
 [ 0.57194906  0.79363614 -0.20740296]
 [ 0.5710028  -0.20367087  0.7952823 ]]"
20200221-062521.621535,116,[0.6647197  0.03766792 0.01398152],"[[-0.4547549   0.38506177 -0.7994049 ]
 [ 0.53847617  0.46191788 -0.14985986]
 [ 0.52152    -0.6133261  -0.5803397 ]
 [-0.48089284 -0.5120451  -0.04121823]]","[[ 0.58889765 -0.5728149  -0.5701601 ]
 [ 0.57196784  0.79379815 -0.20672959]
 [ 0.57101    -0.20437066  0.79509765]]"
