Timestamp,Epoch,s,u,v
20200224-230433.074225,0,[1.8221254  1.4207389  0.76285416],"[[ 0.26123074  0.49998486  0.65707844]
 [ 0.6570602   0.50004387 -0.26124585]
 [ 0.65708774 -0.49998838 -0.26126263]
 [ 0.26127762 -0.49998257  0.65706944]]","[[ 4.9529091e-01  7.0712829e-01  5.0463504e-01]
 [ 7.1365190e-01  4.4996006e-05 -7.0050055e-01]
 [ 4.9536639e-01 -7.0708537e-01  5.0462115e-01]]"
20200224-230433.074225,1,[1.8071125 1.4273151 0.7595671],"[[ 0.25083557  0.5000248   0.66123354]
 [ 0.6604719   0.500588   -0.25099817]
 [ 0.661623   -0.4994604  -0.25106204]
 [ 0.25122464 -0.49992627  0.6608617 ]]","[[ 4.9013939e-01  7.0731741e-01  5.0937760e-01]
 [ 7.2015214e-01  6.2129938e-04 -6.9381613e-01]
 [ 4.9106464e-01 -7.0689589e-01  5.0907159e-01]]"
20200224-230433.074225,2,[1.788617   1.4338773  0.75641406],"[[ 0.24760784 -0.49766096  0.6643738 ]
 [ 0.6704965  -0.49151903 -0.24175423]
 [ 0.65889776  0.5084793  -0.2403485 ]
 [ 0.2344758   0.5021866   0.6651278 ]]","[[ 0.49336246 -0.702547    0.5128561 ]
 [ 0.72664243  0.00880617 -0.6869595 ]
 [ 0.47810507  0.71158284  0.5148451 ]]"
20200224-230433.074225,3,[1.765682  1.4406306 0.7535188],"[[ 0.23855624 -0.49755535  0.66774106]
 [ 0.67440516 -0.49078974 -0.23222363]
 [ 0.6617514   0.5092307  -0.23075098]
 [ 0.22439688  0.50224304  0.6685422 ]]","[[ 0.4891421  -0.70212644  0.5174542 ]
 [ 0.7331951   0.00967612 -0.67994964]
 [ 0.47240344  0.7119867   0.5195286 ]]"
20200224-230433.074225,4,[1.7436495 1.4474694 0.750505 ],"[[ 0.22918655 -0.4974923   0.6710302 ]
 [ 0.67801195 -0.49035493 -0.22253409]
 [ 0.66466975  0.5096909  -0.22112234]
 [ 0.2144467   0.50226367  0.6717903 ]]","[[ 0.48453024 -0.70186484  0.52212673]
 [ 0.7397736   0.01021137 -0.67277855]
 [ 0.46686795  0.7122371   0.52416885]]"
20200224-230433.074225,5,[1.716202  1.454623  0.7463401],"[[ 0.21774413 -0.49735048  0.6749338 ]
 [ 0.68269986 -0.48923504 -0.21033822]
 [ 0.6677783   0.5107875  -0.2088801 ]
 [ 0.20144652  0.50238186  0.6757156 ]]","[[ 0.4791093  -0.7012212   0.527961  ]
 [ 0.7480576   0.01152517 -0.6635336 ]
 [ 0.459199    0.71285045  0.53007585]]"
20200224-230433.074225,6,[1.6961808 1.4616739 0.7430916],"[[ 0.1988884   0.5001976   0.6783061 ]
 [ 0.67747384  0.50129026 -0.1997541 ]
 [ 0.67909163 -0.49888018 -0.19990149]
 [ 0.20076698 -0.49962923  0.67826146]]","[[ 0.46273482  0.7078328   0.53371274]
 [ 0.7546912   0.00132203 -0.6560789 ]
 [ 0.46509966 -0.7063788   0.5335834 ]]"
20200224-230433.074225,7,[1.6822456 1.4686664 0.739297 ],"[[ 0.1887412  -0.500188    0.68104327]
 [ 0.68087596 -0.5008946  -0.18951665]
 [ 0.6815489   0.49929625 -0.18968733]
 [ 0.19046187  0.49961942  0.68138266]]","[[ 0.45780164 -0.7077228   0.5380952 ]
 [ 0.76107854 -0.00087265 -0.6486594 ]
 [ 0.45954046  0.7064898   0.53823304]]"
20200224-230433.074225,8,[1.6623613  1.4760705  0.73428524],"[[ 0.17576261  0.50023043  0.68446904]
 [ 0.68406504  0.5012271  -0.1767497 ]
 [ 0.6851943  -0.4989626  -0.17697889]
 [ 0.17796503 -0.49957708  0.68479204]]","[[ 0.45069984  0.7079122   0.5438106 ]
 [ 0.76912975  0.00126843 -0.6390914 ]
 [ 0.4531104  -0.70629925  0.5439048 ]]"
20200224-230433.074225,9,[1.6471621  1.4833369  0.72969973],"[[ 0.17154893 -0.49841303  0.68686825]
 [ 0.6940182  -0.49117255 -0.1657984 ]
 [ 0.6808158   0.5089306  -0.16513313]
 [ 0.1593723   0.50132203  0.68808   ]]","[[ 0.4541665  -0.7024671   0.54797155]
 [ 0.7760621   0.00985352 -0.63057953]
 [ 0.4375619   0.7116479   0.54963326]]"
20200224-230433.074225,10,[1.6402168 1.4903023 0.7251505],"[[ 0.17693593 -0.49432793  0.6886077 ]
 [ 0.71120524 -0.4689461  -0.15634051]
 [ 0.66719806  0.5302919  -0.15388656]
 [ 0.13314465  0.50449955  0.69115555]]","[[ 0.4696579  -0.69006443  0.5506657 ]
 [ 0.78120804  0.0342788  -0.62332904]
 [ 0.4112609   0.7229358   0.55518323]]"
20200224-230433.074225,11,[1.6286314  1.4975818  0.72095364],"[[ 0.1691729  -0.49393803  0.69081   ]
 [ 0.71550316 -0.46567443 -0.14629953]
 [ 0.6669494   0.533394   -0.14393999]
 [ 0.12088928  0.5046417   0.69329584]]","[[ 0.46748468 -0.68815625  0.5548865 ]
 [ 0.78696805  0.0380521  -0.6158193 ]
 [ 0.4026653   0.724564    0.5593458 ]]"
20200224-230433.074225,12,[1.6151948 1.5048225 0.7160872],"[[ 0.17158765 -0.49043688  0.6928476 ]
 [ 0.729917   -0.44590145 -0.13556899]
 [ 0.6546637   0.5515292  -0.13234577]
 [ 0.09588518  0.5064178   0.6957502 ]]","[[ 0.47946116 -0.6765603   0.5589125 ]
 [ 0.7922456   0.05977557 -0.60726756]
 [ 0.37744376  0.73395705  0.564662  ]]"
20200224-230433.074225,13,[1.6080651  1.5126246  0.71222395],"[[ 0.15579407 -0.49276584  0.69473964]
 [ 0.72543705 -0.4561129  -0.12635624]
 [ 0.6637309   0.5422737  -0.1242182 ]
 [ 0.09449913  0.50505614  0.69709414]]","[[ 0.46593416 -0.6825437   0.5630623 ]
 [ 0.79784393  0.04895489 -0.60087293]
 [ 0.3825575   0.7292032   0.5673732 ]]"
20200224-230433.074225,14,[1.5987729 1.519998  0.707827 ],"[[ 0.15046218 -0.49186113  0.69668216]
 [ 0.73075855 -0.4499467  -0.11664034]
 [ 0.6609733   0.5479296  -0.11462217]
 [ 0.08042131  0.50536525  0.69849193]]","[[ 0.4666017  -0.67872185  0.56711525]
 [ 0.8028372   0.05596528 -0.5935659 ]
 [ 0.37112734  0.73226005  0.5710166 ]]"
20200224-230433.074225,15,[1.5874563 1.5271842 0.7027465],"[[ 0.16734059 -0.4844569   0.69816256]
 [ 0.7563832  -0.40796182 -0.10628127]
 [ 0.6310285   0.5844835  -0.10331136]
 [ 0.04104727  0.507196    0.70042866]]","[[ 0.49765044 -0.6531236   0.570766  ]
 [ 0.80453545  0.10166562 -0.5851384 ]
 [ 0.3241404   0.7503958   0.57605493]]"
20200224-230433.074225,16,[1.5790576  1.5345063  0.69823724],"[[ 0.17711517 -0.47888717  0.6995637 ]
 [ 0.7733635  -0.37740028 -0.09676906]
 [ 0.60860956  0.6093134  -0.09392969]
 [ 0.01154408  0.5069253   0.701729  ]]","[[ 0.5181757  -0.633608    0.5744865 ]
 [ 0.8049852   0.13437504 -0.5778772 ]
 [ 0.28895104  0.7618951   0.57967496]]"
20200224-230433.074225,17,[1.5733807 1.5422962 0.694367 ],"[[ 0.1650529  -0.4808828   0.70111185]
 [ 0.7712167  -0.38388172 -0.08826558]
 [ 0.6147523   0.60422796 -0.08648175]
 [ 0.00785488  0.50625557  0.70226204]]","[[ 0.5091036  -0.6374421   0.5783433 ]
 [ 0.8102276   0.12820378 -0.57192206]
 [ 0.29042152  0.75975746  0.58174217]]"
20200224-230433.074225,18,[1.5667536 1.5492642 0.6897998],"[[ 0.21695293 -0.45822272  0.70197606]
 [ 0.8156217  -0.2805481  -0.0790733 ]
 [ 0.53226596  0.67893094 -0.07742098]
 [-0.06622584  0.5003777   0.70355064]]","[[ 0.58252114 -0.5677759   0.5816353 ]
 [ 0.7914699   0.23330748 -0.5649274 ]
 [ 0.18505225  0.78942907  0.5852842 ]]"
20200224-230433.074225,19,[1.5620753 1.5567584 0.685913 ],"[[ 0.31161726 -0.39748263  0.70332277]
 [ 0.8595086  -0.08045082 -0.07083252]
 [ 0.35830197  0.78544617 -0.07030512]
 [-0.18910234  0.46755722  0.70383024]]","[[ 0.6962151  -0.41552836  0.5853382 ]
 [ 0.71775645  0.41490558 -0.55917716]
 [-0.01050609  0.8094378   0.5871116 ]]"
20200224-230433.074225,20,[1.566144  1.5490699 0.6818113],"[[-0.5038477  -0.0028137   0.70416236]
 [-0.5863765   0.6345166  -0.06200706]
 [ 0.4059195   0.7626826  -0.06156546]
 [ 0.48737034  0.12528455  0.70464224]]","[[-0.7523997   0.2951709   0.5888712 ]
 [-0.10737225  0.8270659  -0.551755  ]
 [ 0.64989716  0.47836858  0.5905908 ]]"
20200224-230433.074225,21,[1.5740898 1.5448154 0.6778937],"[[-0.5031836  -0.02261015  0.7042696 ]
 [-0.6018215   0.6205515  -0.05509344]
 [ 0.38707757  0.77302897 -0.05361758]
 [ 0.4845495   0.12973301  0.7057581 ]]","[[-0.759796    0.2719749   0.590542  ]
 [-0.12819421  0.82780033 -0.54618025]
 [ 0.6373982   0.49068964  0.5940938 ]]"
20200224-230433.074225,22,[1.5817157  1.5384303  0.67506427],"[[-0.50299644 -0.00193835  0.70473915]
 [-0.56799126  0.65218216 -0.04886754]
 [ 0.4276718   0.75175184 -0.04746225]
 [ 0.49140334  0.09758939  0.7061882 ]]","[[-0.74383444  0.30839178  0.5929625 ]
 [-0.08428638  0.83682    -0.540951  ]
 [ 0.6630279   0.45235673  0.5964624 ]]"
20200224-230433.074225,23,[1.5896438  1.5348622  0.67110395],"[[-0.5024644  -0.01730533  0.70519435]
 [-0.57892764  0.6426192  -0.04219023]
 [ 0.41487727  0.75966007 -0.03966073]
 [ 0.49015254  0.09827349  0.7066457 ]]","[[-0.7491606   0.29147503  0.5948115 ]
 [-0.09886983  0.8387148  -0.5355207 ]
 [ 0.6549681   0.4599998   0.59951407]]"
20200224-230433.074225,24,[1.598026  1.5271401 0.6658268],"[[-0.50197154 -0.02809206  0.70518124]
 [-0.5806188   0.6416419  -0.033203  ]
 [ 0.41288495  0.7611782  -0.02972636]
 [ 0.490339    0.09007818  0.7076252 ]]","[[-0.750256    0.28356293  0.5972502 ]
 [-0.10164477  0.843144   -0.52799284]
 [ 0.65328723  0.4568372   0.6037513 ]]"
20200224-230433.074225,25,[1.6062272  1.5174477  0.66162604],"[[-0.5017064  -0.02222894  0.70555013]
 [-0.56238455  0.65808696 -0.02481875]
 [ 0.43409485  0.74953246 -0.02153996]
 [ 0.49353424  0.06803448  0.70789766]]","[[-0.7414303   0.29949927  0.6004844 ]
 [-0.07833888  0.8501178  -0.5207334 ]
 [ 0.66644156  0.43312868  0.6068405 ]]"
20200224-230433.074225,26,[1.6139733 1.5156147 0.6558428],"[[-0.5008526  -0.01442835  0.70634097]
 [-0.540079    0.676818   -0.01518179]
 [ 0.45890826  0.7347817  -0.01306332]
 [ 0.49685434  0.0424899   0.7075884 ]]","[[-0.7295953   0.32024992  0.60426044]
 [-0.05003434  0.85621345 -0.5141938 ]
 [ 0.68204635  0.40538716  0.6086658 ]]"
20200224-230433.074225,27,[1.6220803 1.5051417 0.6510321],"[[-0.50017846 -0.00921544  0.7067382 ]
 [-0.52042836  0.692376   -0.00555832]
 [ 0.47984475  0.7212187  -0.00461331]
 [ 0.49872327  0.01934939  0.70743847]]","[[-0.7189842   0.3360288   0.6083967 ]
 [-0.02548944  0.8620205  -0.50623256]
 [ 0.6945589   0.37948084  0.61121374]]"
20200224-230433.074225,28,[1.6307203 1.5007586 0.6463236],"[[-0.50000095 -0.01533019  0.70675457]
 [-0.5181549   0.6941012   0.00220827]
 [ 0.48220414  0.7196454   0.00313317]
 [ 0.4989926   0.00996158  0.7074484 ]]","[[-0.7177476   0.334051    0.6109405 ]
 [-0.02273983  0.8656924  -0.50005984]
 [ 0.6959319   0.37280932  0.61375225]]"
20200224-230433.074225,29,[1.6390973  1.494245   0.64290184],"[[-0.4995085  -0.01290128  0.7069864 ]
 [-0.5054688   0.7035184   0.00930057]
 [ 0.49521166  0.7105394   0.00901449]
 [ 0.49975768 -0.00541266  0.70710826]]","[[-0.71056306  0.34351027  0.6140855 ]
 [-0.00698673  0.8692472  -0.4943283 ]
 [ 0.7035988   0.35554183  0.6152548 ]]"
20200224-230433.074225,30,[1.6474963  1.4935392  0.63713616],"[[ 0.4988996  -0.01354017  0.7073955 ]
 [ 0.49461898  0.71102595  0.01816218]
 [-0.50604916  0.7027116   0.01669941]
 [-0.5003656  -0.02133452  0.7063872 ]]","[[ 0.7040856   0.3507784   0.6174286 ]
 [-0.00637041  0.8725619  -0.48846212]
 [-0.7100866   0.3399857   0.61659294]]"
20200224-230433.074225,31,[1.655576  1.4880435 0.63377  ],"[[ 0.49848232 -0.01358377 -0.70751196]
 [ 0.48562297  0.7171869  -0.02493367]
 [-0.5149195   0.6959358  -0.02224017]
 [-0.500543   -0.03364336 -0.7059112 ]]","[[ 0.6986986   0.35632482 -0.620365  ]
 [-0.01747212  0.8753789   0.48312125]
 [-0.7152026   0.32671693 -0.6178519 ]]"
20200224-230433.074225,32,[1.6638921  1.480991   0.62972957],"[[ 0.49860138 -0.02190142 -0.7072158 ]
 [ 0.4873192   0.7157536  -0.03205898]
 [-0.51331395  0.6968827  -0.0294427 ]
 [-0.5004251  -0.03964453 -0.70565665]]","[[ 0.699644    0.35019568 -0.6227851 ]
 [-0.01552024  0.87889117  0.47677013]
 [-0.71432304  0.32390368 -0.6203461 ]]"
20200224-230433.074225,33,[1.6721601  1.4786223  0.62532204],"[[ 0.49855486 -0.02911913 -0.70712954]
 [ 0.48828587  0.714608   -0.03869116]
 [-0.5123987   0.69741416 -0.03621855]
 [-0.5004671  -0.04583396 -0.70509493]]","[[ 0.7000284   0.34566963 -0.6248782 ]
 [-0.01441039  0.8816982   0.4715937 ]
 [-0.7139695   0.3211244  -0.62219495]]"
20200224-230433.074225,34,[1.6809351  1.4731376  0.62203074],"[[ 0.49836972 -0.0309063  -0.707045  ]
 [ 0.48218268  0.7185192  -0.0450877 ]
 [-0.5183303   0.6925754  -0.04154158]
 [-0.5004611  -0.05580487 -0.70450616]]","[[ 0.6962524   0.34830892 -0.62762517]
 [-0.02204735  0.88434184  0.4663189 ]
 [-0.71745837  0.31083822 -0.62340444]]"
20200224-230433.074225,35,[1.689948  1.4661888 0.6180746],"[[ 0.49846548 -0.03869546 -0.70659137]
 [ 0.48355243  0.7171377  -0.05192995]
 [-0.517004    0.6931185  -0.04835939]
 [-0.50041586 -0.06166822 -0.70405495]]","[[ 0.69701654  0.3425409  -0.62994766]
 [-0.02044415  0.88765645  0.4600523 ]
 [-0.7167637   0.30778533 -0.6257141 ]]"
20200224-230433.074225,36,[1.6983255  1.4674215  0.61511004],"[[ 0.49870518 -0.04359845 -0.7059944 ]
 [ 0.48435563  0.71643203 -0.05616249]
 [-0.5162412   0.6932343  -0.05257135]
 [-0.5001883  -0.06519706 -0.7040272 ]]","[[ 0.6976573   0.33963194 -0.6308129 ]
 [-0.019517    0.88917553  0.45715016]
 [-0.71616614  0.30662253 -0.6269682 ]]"
20200224-230433.074225,37,[1.7072816 1.4596206 0.6105656],"[[-0.49863204 -0.04808176 -0.70562756]
 [-0.4796985   0.7190199  -0.06424653]
 [ 0.52073556  0.6891625  -0.05959356]
 [ 0.5000898  -0.07585403 -0.7031436 ]]","[[-0.69467956  0.33964792 -0.6340817 ]
 [ 0.02544661  0.8925545   0.45022103]
 [ 0.71886915  0.29662398 -0.6286822 ]]"
20200224-230433.074225,38,[1.715997  1.4600828 0.6069578],"[[-0.49892834 -0.05789522 -0.70483017]
 [-0.48697734  0.7135438  -0.06854632]
 [ 0.5137358   0.69407135 -0.06525455]
 [ 0.49999925 -0.07595042 -0.70303464]]","[[-0.6991561   0.3296537  -0.63443625]
 [ 0.01648875  0.89456004  0.44664368]
 [ 0.71477896  0.3018125  -0.63087267]]"
20200224-230433.074225,39,[1.7249056 1.4675382 0.6043159],"[[-0.49866888 -0.05621839 -0.7051471 ]
 [-0.48084155  0.7173909  -0.07164517]
 [ 0.5196636   0.6894539  -0.06720422]
 [ 0.50007033 -0.08272226 -0.70222354]]","[[-0.69519025  0.33575702 -0.63559246]
 [ 0.02415186  0.8946203   0.4461741 ]
 [ 0.71841985  0.29482514 -0.63004047]]"
20200224-230433.074225,40,[1.7335349 1.461926  0.6005657],"[[-0.4987281  -0.06326465 -0.704501  ]
 [-0.48218882  0.7158543  -0.07775594]
 [ 0.5184086   0.6897952  -0.07336407]
 [ 0.5000171  -0.08793843 -0.7016056 ]]","[[-0.69593567  0.3305299  -0.6375137 ]
 [ 0.02259638  0.8974133   0.44061217]
 [ 0.71774864  0.29223222 -0.6320107 ]]"
20200224-230433.074225,41,[1.7416103 1.4627494 0.5971031],"[[-0.49876174 -0.07221542 -0.70389354]
 [-0.48890722  0.7105399  -0.08163288]
 [ 0.51194835  0.6943632  -0.0787355 ]
 [ 0.5001155  -0.08819614 -0.7011929 ]]","[[-0.6999078   0.3213846  -0.6378409 ]
 [ 0.01426215  0.89915365  0.43740076]
 [ 0.71409076  0.2970432  -0.6339083 ]]"
20200224-230433.074225,42,[1.7509665 1.4567193 0.593454 ],"[[-0.49879846 -0.07870155 -0.7031756 ]
 [-0.48966897  0.70930296 -0.08756641]
 [ 0.5111982   0.6942137  -0.08470321]
 [ 0.50010085 -0.09360756 -0.7005011 ]]","[[-0.7003341   0.31665495 -0.63973576]
 [ 0.01334794  0.9018731   0.43179467]
 [ 0.71369034  0.2938613  -0.6358392 ]]"
20200224-230433.074225,43,[1.7601656  1.4525263  0.59050214],"[[-0.49877053 -0.08068117 -0.7028322 ]
 [-0.4852855   0.7117716  -0.09300428]
 [ 0.5154791   0.690357   -0.08899458]
 [ 0.5000071  -0.10138552 -0.6996119 ]]","[[-0.69752467  0.31815514 -0.6420566 ]
 [ 0.01898566  0.90391654  0.42728734]
 [ 0.7163092   0.2858536  -0.6365445 ]]"
20200224-230433.074225,44,[1.7689484 1.4551092 0.5878202],"[[-0.49881405 -0.08432984 -0.70236313]
 [-0.48579478  0.7109972  -0.09628011]
 [ 0.51502395  0.69027543 -0.09234822]
 [ 0.4999382  -0.10436177 -0.69920534]]","[[-0.6978227   0.31626457 -0.64266664]
 [ 0.01840383  0.9048606   0.42531028]
 [ 0.7160342   0.28496364 -0.6372526 ]]"
20200224-230433.074225,45,[1.7773075 1.4519377 0.5849318],"[[-0.49887213 -0.09278985 -0.7013853 ]
 [-0.4916013   0.7063005  -0.10021739]
 [ 0.5094223   0.69388765 -0.09766316]
 [ 0.49994415 -0.10511966 -0.6989117 ]]","[[-0.70141065  0.30729797 -0.6431105 ]
 [ 0.01113872  0.90690106  0.42119676]
 [ 0.71267045  0.28826842 -0.6395329 ]]"
20200224-230433.074225,46,[1.785496  1.4574528 0.5812913],"[[-0.49890533 -0.09980905 -0.7005321 ]
 [-0.49665365  0.7021706  -0.10322299]
 [ 0.5044556   0.69705534 -0.10197365]
 [ 0.4999531  -0.10539651 -0.69871366]]","[[-0.7045708   0.30084792 -0.6427057 ]
 [ 0.00469595  0.9076434   0.41971615]
 [ 0.70961815  0.2927016  -0.6409118 ]]"
20200224-230433.074225,47,[1.795082   1.459259   0.57876784],"[[-0.4989301  -0.10314846 -0.70004225]
 [-0.4969701   0.70147544 -0.10630023]
 [ 0.5041357   0.6968236  -0.10514452]
 [ 0.49993703 -0.10830405 -0.6982737 ]]","[[-0.7047548   0.2990936  -0.6433225 ]
 [ 0.00432037  0.9085818   0.41768503]
 [ 0.70943785  0.2915861  -0.6416195 ]]"
20200224-230433.074225,48,[1.8038723 1.4630343 0.5744743],"[[-0.49910417 -0.10783762 -0.6990677 ]
 [-0.4970729   0.7008577  -0.11084429]
 [ 0.5040501   0.69604844 -0.1096208 ]
 [ 0.4997472  -0.11263328 -0.6978548 ]]","[[-0.70499194  0.29722667 -0.64392793]
 [ 0.00421403  0.90968347  0.4152814 ]
 [ 0.709203    0.2900564  -0.6425718 ]]"
20200224-230433.074225,49,[1.8127022 1.4626818 0.5707179],"[[-0.49896324 -0.11266201 -0.6985469 ]
 [-0.4974093   0.6997167  -0.11546054]
 [ 0.5037351   0.6956719  -0.11443149]
 [ 0.49987042 -0.11723632 -0.6968549 ]]","[[-0.705014    0.29450256 -0.645154  ]
 [ 0.00381867  0.9112642   0.4118048 ]
 [ 0.70918316  0.2878644  -0.64357865]]"
20200224-230433.074225,50,[1.8217063  1.4622475  0.56692636],"[[-0.4989642  -0.11751337 -0.6977363 ]
 [-0.49764186  0.6987742  -0.12013458]
 [ 0.50354314  0.69503397 -0.11916538]
 [ 0.49983197 -0.12179232 -0.69608307]]","[[-0.70513743  0.29183096 -0.64623225]
 [ 0.00357499  0.9128307   0.40832275]
 [ 0.7090618   0.28561318 -0.64471424]]"
20200224-230433.074225,51,[1.8302106  1.4636098  0.56392616],"[[ 0.49901697 -0.12417246 -0.6965312 ]
 [ 0.5020741   0.69508207 -0.12315032]
 [-0.49915588  0.6974799  -0.12334986]
 [-0.4997469  -0.12232677 -0.6960339 ]]","[[ 0.7080618   0.28529385 -0.6459536 ]
 [ 0.00215575  0.9138759   0.40598825]
 [-0.7061472   0.28885734 -0.6464656 ]]"
20200224-230433.074225,52,[1.8392441 1.4635241 0.5601904],"[[ 0.49899048 -0.12864159 -0.6957216 ]
 [ 0.50203204  0.6943153  -0.12766546]
 [-0.49923757  0.69662124 -0.12784843]
 [-0.49973392 -0.12687147 -0.69521785]]","[[ 0.70802987  0.28303435 -0.64698166]
 [ 0.00209274  0.91532284  0.40271544]
 [-0.7061794   0.2864885  -0.6474835 ]]"
20200224-230433.074225,53,[1.8487402 1.4600157 0.5576689],"[[-0.4991037  -0.129862   -0.69527024]
 [-0.49794385  0.6965627  -0.13222323]
 [ 0.5033357   0.6928927  -0.13118778]
 [ 0.49960074 -0.13355285 -0.6941947 ]]","[[-0.70546937  0.28485307 -0.6489772 ]
 [ 0.00325697  0.91697043  0.39894187]
 [ 0.7087328   0.27932757 -0.64782256]]"
20200224-230433.074225,54,[1.8571656 1.4658253 0.5544435],"[[ 0.499314   -0.13562323 -0.69388074]
 [ 0.5020102   0.69334286 -0.13454899]
 [-0.49929154  0.69502306 -0.13458413]
 [-0.49937886 -0.13351038 -0.694488  ]]","[[ 0.7083663   0.27972904 -0.64805025]
 [ 0.00203206  0.91730756  0.39817458]
 [-0.70584226  0.2833703  -0.6492212 ]]"
20200224-230433.074225,55,[1.866335   1.4615252  0.55137986],"[[ 0.49929863 -0.1401612  -0.6929784 ]
 [ 0.5019777   0.6924736  -0.1391239 ]
 [-0.49936107  0.6940864  -0.13916561]
 [-0.4993577  -0.13812885 -0.6935837 ]]","[[ 0.70833653  0.27674225 -0.64936376]
 [ 0.00196109  0.9191665   0.39386436]
 [-0.7058723   0.2802619  -0.65053636]]"
20200224-230433.074225,56,[1.8758252  1.4642612  0.54695255],"[[ 0.49930435 -0.1471894  -0.69151914]
 [ 0.5057527   0.6889298  -0.1429717 ]
 [-0.49555606  0.6957955  -0.14413716]
 [-0.49933314 -0.13992658 -0.6932422 ]]","[[ 0.71087503  0.27071983 -0.6491283 ]
 [ 0.00694553  0.9202036   0.39137837]
 [-0.7032842   0.28272963 -0.6522694 ]]"
20200224-230433.074225,57,[1.885415  1.4629999 0.5428974],"[[ 0.49942866 -0.14921613  0.6908504 ]
 [ 0.5016323   0.6909437   0.1484374 ]
 [-0.4997163   0.69179565  0.14825736]
 [-0.49921927 -0.14747964  0.69189024]]","[[ 0.7083051   0.27263242  0.65113395]
 [ 0.00155568  0.9218032  -0.387655  ]
 [-0.70590466  0.275591    0.6524938 ]]"
20200224-230433.074225,58,[1.8950924  1.4574385  0.53942484],"[[-0.49955508 -0.15170626  0.69006985]
 [-0.49777234  0.69264334  0.15415701]
 [ 0.50358     0.68787646  0.15265024]
 [ 0.49907398 -0.15510252  0.6904617 ]]","[[-0.7058647   0.273371    0.6534704 ]
 [ 0.0035032   0.92386496 -0.3827029 ]
 [ 0.70833814  0.2678472   0.6530811 ]]"
20200224-230433.074225,59,[1.9042368 1.460226  0.5374395],"[[-0.49971735 -0.1538845   0.6893382 ]
 [-0.49774578  0.6923211   0.15632442]
 [ 0.50361943  0.687248    0.15472618]
 [ 0.4988982  -0.15716714  0.69024295]]","[[-0.7060212   0.27259898  0.6536236 ]
 [ 0.00354543  0.92429745 -0.38165614]
 [ 0.7081818   0.26713994  0.6535402 ]]"
20200224-230433.074225,60,[1.9134103 1.460628  0.5342878],"[[-0.49989492 -0.15761979  0.6882405 ]
 [-0.49785843  0.6915519   0.15993027]
 [ 0.5035194   0.6863766   0.1583092 ]
 [ 0.49870822 -0.16061978  0.68969953]]","[[-0.706261    0.2706474   0.65417534]
 [ 0.00342805  0.92533624 -0.37913182]
 [ 0.70794314  0.2655235   0.6544568 ]]"
20200224-230433.074225,61,[1.9231926 1.4622586 0.5318574],"[[ 0.49974787 -0.16270202  0.68729794]
 [ 0.50149846  0.6882894   0.16196953]
 [-0.49990642  0.6883991   0.16163994]
 [-0.4988438  -0.1609102   0.6893906 ]]","[[ 0.70856637  0.26548716  0.6537968 ]
 [ 0.0013399   0.92601687 -0.37747964]
 [-0.70564306  0.26834542  0.65578866]]"
20200224-230433.074225,62,[1.9326826  1.458456   0.52913713],"[[ 0.4994068  -0.17115338  0.6857365 ]
 [ 0.5082351   0.68239444  0.16472533]
 [-0.4931495   0.6923171   0.16684534]
 [-0.49909264 -0.1604397   0.6890525 ]]","[[ 0.7128466   0.25523603  0.6532261 ]
 [ 0.01029982  0.9275131  -0.37364855]
 [-0.7012445   0.27308223  0.65854555]]"
20200224-230433.074225,63,[1.9417726  1.4654703  0.52698874],"[[ 0.49937168 -0.17241755  0.6854507 ]
 [ 0.50808376  0.6821603   0.16613115]
 [-0.49329454  0.69189304  0.16817069]
 [-0.49913862 -0.16190518  0.6886772 ]]","[[ 0.7127443   0.2557753   0.65312684]
 [ 0.01012878  0.92729396 -0.3741968 ]
 [-0.701351    0.27332202  0.6583327 ]]"
20200224-230433.074225,64,[1.9514186  1.4659538  0.52385247],"[[ 0.4989676  -0.18024068  0.68397933]
 [ 0.51462835  0.6764111   0.1683335 ]
 [-0.4866376   0.6957409   0.17286491]
 [-0.49937308 -0.16101676  0.6884435 ]]","[[ 0.7168557   0.24666443  0.6521308 ]
 [ 0.01889357  0.92811215 -0.37182134]
 [-0.69696563  0.27886337  0.6606621 ]]"
20200224-230433.074225,65,[1.9614865  1.4672555  0.52139467],"[[ 0.49874195 -0.18477042  0.68305194]
 [ 0.5174086   0.67362165  0.17044732]
 [-0.48377648  0.69706655  0.17608161]
 [-0.49950486 -0.16183916  0.68802816]]","[[ 0.7186217   0.24219882  0.65186095]
 [ 0.02270333  0.92871714 -0.3700932 ]
 [-0.6950306   0.28075635  0.66189754]]"
20200224-230433.074225,66,[1.9708083 1.4679538 0.518493 ],"[[ 0.498887   -0.18756779  0.68202937]
 [ 0.5167524   0.6734489   0.17377093]
 [-0.48447484  0.6956497   0.17911322]
 [-0.49936268 -0.16539788  0.68742865]]","[[ 0.71841806  0.24131835  0.6524116 ]
 [ 0.02187624  0.9295946  -0.3679342 ]
 [-0.6952675   0.27860293  0.66255826]]"
20200224-230433.074225,67,[1.9795135 1.4702084 0.5162293],"[[ 0.49887407 -0.18744396  0.6820575 ]
 [ 0.5131847   0.6754025   0.1767972 ]
 [-0.4881799   0.69261473  0.18083963]
 [-0.4994464  -0.17023884  0.68617624]]","[[ 0.7160052   0.24458835  0.6538448 ]
 [ 0.01709209  0.93019015 -0.3666799 ]
 [-0.69788563  0.27372032  0.6618406 ]]"
20200224-230433.074225,68,[1.988892   1.4709305  0.51343983],"[[ 0.49901563 -0.19014542  0.6810507 ]
 [ 0.512586    0.6751863   0.17999184]
 [-0.4888113   0.6912504   0.18371971]
 [-0.49930242 -0.17361303  0.6855805 ]]","[[ 0.7158292   0.24371274  0.65436447]
 [ 0.01634752  0.9310091  -0.36462978]
 [-0.6980842   0.27170986  0.6624593 ]]"
20200224-230433.074225,69,[1.9984586 1.4674349 0.5110063],"[[ 0.49901292 -0.19333035  0.6801371 ]
 [ 0.5121126   0.6745985   0.18357699]
 [-0.48932922  0.68995446  0.18720108]
 [-0.4992834  -0.1774919   0.68459374]]","[[ 0.7155583   0.24179468  0.6553712 ]
 [ 0.0157338   0.93236756 -0.36116922]
 [-0.69837576  0.26874918  0.66335905]]"
20200224-230433.074225,70,[2.0076938 1.4723756 0.5080133],"[[ 0.49898586 -0.19550695  0.67952985]
 [ 0.5118606   0.67413765  0.18597403]
 [-0.4895765   0.6891411   0.18948996]
 [-0.49932593 -0.17999874  0.6839194 ]]","[[ 0.7154016   0.2417108   0.6555732 ]
 [ 0.01542603  0.9325651  -0.36067197]
 [-0.6985431   0.26813823  0.66343   ]]"
20200224-230433.074225,71,[2.0179772 1.4695444 0.5062578],"[[ 0.49881524 -0.19999126  0.6784633 ]
 [ 0.51445687  0.6714227   0.18815629]
 [-0.4869226   0.6902256   0.19283707]
 [-0.49942374 -0.18106273  0.68344647]]","[[ 0.7170951   0.23668581  0.65555686]
 [ 0.01897013  0.93359727 -0.35782182]
 [-0.6967175   0.26902828  0.66498786]]"
20200224-230433.074225,72,[2.0274637 1.4703708 0.5036651],"[[ 0.49897295 -0.2024706   0.67746407]
 [ 0.5139223   0.67117274  0.19107334]
 [-0.48748764  0.6889276   0.19548577]
 [-0.49926558 -0.18415096  0.6828753 ]]","[[ 0.7169582   0.23589262  0.65599203]
 [ 0.01829593  0.9343168  -0.3559737 ]
 [-0.69687617  0.26722023  0.66555023]]"
20200224-230433.074225,73,[2.0376472 1.4738467 0.5001688],"[[ 0.4988861  -0.20704779  0.6761267 ]
 [ 0.5162647   0.6686736   0.1935661 ]
 [-0.48506847  0.6896427   0.19886616]
 [-0.4992915  -0.18547161  0.68252283]]","[[ 0.7186326   0.23220178  0.65547657]
 [ 0.02155041  0.9347136  -0.3547482 ]
 [-0.69505596  0.2690594   0.66671157]]"
20200224-230433.074225,74,[2.0473514  1.4773805  0.49879724],"[[ 0.498843   -0.20800507  0.6758436 ]
 [ 0.5158128   0.66864216  0.19495013]
 [-0.48556548  0.6889568   0.20003091]
 [-0.4993187  -0.18705712  0.68206847]]","[[ 0.71835333  0.23253931  0.6556632 ]
 [ 0.0209819   0.93480927 -0.35453016]
 [-0.69536203  0.26843497  0.6666441 ]]"
20200224-230433.074225,75,[2.0576253  1.480764   0.49541333],"[[ 0.4987629  -0.21249597  0.67448694]
 [ 0.5181844   0.6661301   0.19730918]
 [-0.48310694  0.6896923   0.20333341]
 [-0.49932766 -0.18825687  0.6817563 ]]","[[ 0.7200435   0.2288551   0.6551052 ]
 [ 0.02427202  0.9351684  -0.35337088]
 [-0.6935044   0.2703431   0.66780704]]"
20200224-230433.074225,76,[2.067711  1.4761968 0.4927597],"[[ 0.49900976 -0.21373728  0.6737594 ]
 [ 0.51447153  0.6678234   0.20182823]
 [-0.48695293  0.68592685  0.20634079]
 [-0.49918446 -0.19450694  0.6802478 ]]","[[ 0.7177654   0.23033278  0.6570842 ]
 [ 0.01932511  0.93674666 -0.34947473]
 [-0.69601685  0.2635391   0.6679129 ]]"
20200224-230433.074225,77,[2.0778975  1.4759079  0.48976797],"[[ 0.499202   -0.2147055   0.6731763 ]
 [ 0.51115245  0.6693246   0.20574108]
 [-0.49036476  0.68259513  0.20884141]
 [-0.49906224 -0.19992541  0.67888826]]","[[ 0.7156719   0.23240417  0.65863675]
 [ 0.01489258  0.9377234  -0.34706378]
 [-0.6982781   0.25819257  0.6676409 ]]"
20200224-230433.074225,78,[2.088145   1.4734151  0.48832926],"[[ 0.49939787 -0.21490112  0.67284095]
 [ 0.50788176  0.67099655  0.20883468]
 [-0.49370277  0.6795336   0.21052605]
 [-0.4989142  -0.20448786  0.67775464]]","[[ 0.71359754  0.2342902   0.660217  ]
 [ 0.01054067  0.9387215  -0.3445155 ]
 [-0.7004765   0.25280455  0.6673997 ]]"
20200224-230433.074225,79,[2.0980895  1.476256   0.48712212],"[[ 0.49920383 -0.2195312   0.67159426]
 [ 0.5130122   0.6669499   0.20887437]
 [-0.48848218  0.68269897  0.21284077]
 [-0.49899834 -0.20225254  0.67825615]]","[[ 0.7171197   0.22808217  0.6585727 ]
 [ 0.01752471  0.93873537 -0.34419298]
 [-0.69673     0.25836882  0.6691884 ]]"
20200224-230433.074225,80,[2.1079707  1.4733459  0.48511422],"[[ 0.49919796 -0.22202529  0.67074513]
 [ 0.51238775  0.66649914  0.21193565]
 [-0.48914897  0.68132716  0.21563943]
 [-0.49899182 -0.20561257  0.67726177]]","[[ 0.71675855  0.22667034  0.65945256]
 [ 0.01674928  0.9398247  -0.34124613]
 [-0.69712025  0.25563636  0.6698308 ]]"
20200224-230433.074225,81,[2.1186063  1.4754443  0.48350227],"[[ 0.49899632 -0.22517076  0.66994506]
 [ 0.51468706  0.6642667   0.21302234]
 [-0.48679805  0.6824418   0.21778756]
 [-0.49912664 -0.20572174  0.6770256 ]]","[[ 0.7182669   0.22342482  0.6589188 ]
 [ 0.01992696  0.9400443  -0.34046996]
 [-0.69548225  0.25767854  0.6707505 ]]"
20200224-230433.074225,82,[2.1281145  1.4806005  0.48105878],"[[ 0.49895498 -0.22666039  0.66947377]
 [ 0.5143885   0.66392833  0.21479072]
 [-0.48709157  0.6817094   0.21939027]
 [-0.49919    -0.20759864  0.6764155 ]]","[[ 0.718072    0.22377026  0.6590139 ]
 [ 0.0195749   0.9400333  -0.34052035]
 [-0.69569343  0.2574183   0.67063135]]"
20200224-230433.074225,83,[2.1374958  1.4830605  0.47938818],"[[ 0.49853647 -0.22977595  0.66894263]
 [ 0.5166909   0.66154027  0.21586671]
 [-0.48473394  0.68293685  0.22158033]
 [-0.49952507 -0.20776203  0.6758842 ]]","[[ 0.7193785   0.22068223  0.65863043]
 [ 0.02275131  0.94019574 -0.33987394]
 [-0.6942456   0.2594827   0.67133576]]"
20200224-230433.074225,84,[2.1474257 1.4802041 0.4775068],"[[ 0.49853507 -0.23204131  0.66812307]
 [ 0.5159533   0.66119283  0.218802  ]
 [-0.48552322  0.6814999   0.22419848]
 [-0.49952212 -0.21104199  0.6748867 ]]","[[ 0.71895397  0.21948254  0.6594942 ]
 [ 0.02183324  0.9412341  -0.33704847]
 [-0.69471484  0.25672123  0.6719118 ]]"
20200224-230433.074225,85,[2.1580393  1.488241   0.47684547],"[[ 0.49849764 -0.2333975   0.6676739 ]
 [ 0.5183015   0.65961736  0.21801814]
 [-0.4830867   0.68313664  0.22444169]
 [-0.4994908  -0.2091763   0.67550415]]","[[ 0.72063833  0.21804129  0.6581324 ]
 [ 0.02506182  0.94044703 -0.33901507]
 [-0.692858    0.2608012   0.6722577 ]]"
20200224-230433.074225,86,[2.1684058  1.4923404  0.47380182],"[[ 0.49862623 -0.23370343  0.66734916]
 [ 0.5152763   0.66109794  0.2210918 ]
 [-0.48622444  0.680253    0.22604498]
 [-0.49944767 -0.21351239  0.6742902 ]]","[[ 0.7186785   0.22107072  0.6592641 ]
 [ 0.02099024  0.9407845  -0.3383547 ]
 [-0.69502586  0.25700632  0.67148113]]"
20200224-230433.074225,87,[2.1787353  1.4931469  0.47177604],"[[ 0.49840134 -0.23885524  0.6657635 ]
 [ 0.51975113  0.65714556  0.2221508 ]
 [-0.48160052  0.6825632   0.22920719]
 [-0.4995156  -0.21263893  0.6744421 ]]","[[ 0.721775    0.21476808  0.65796334]
 [ 0.02717566  0.9411113  -0.3370027 ]
 [-0.69159424  0.26112065  0.6734341 ]]"
20200224-230433.074225,88,[2.1885793  1.500841   0.47062725],"[[ 0.4985191  -0.23894075  0.6655161 ]
 [ 0.51945347  0.6573964   0.22252592]
 [-0.48192298  0.6821716   0.22930135]
 [-0.4993972  -0.21302474  0.67453057]]","[[ 0.7217365   0.2161523   0.6575522 ]
 [ 0.02679827  0.9405508  -0.33859453]
 [-0.69164914  0.26199725  0.67303723]]"
20200224-230433.074225,89,[2.1998968 1.498663  0.4700103],"[[ 0.49859205 -0.23998201  0.6650774 ]
 [ 0.5187233   0.6574157   0.22419734]
 [-0.48267144  0.6811409   0.23073637]
 [-0.49936    -0.21508212  0.67392015]]","[[ 0.72134715  0.21554083  0.65817976]
 [ 0.0258894   0.9412828  -0.33662546]
 [-0.69208986  0.25986364  0.67341125]]"
20200224-230433.074225,90,[2.2094078  1.5011541  0.46847704],"[[ 0.49855816 -0.24281223  0.6640402 ]
 [ 0.52070636  0.6555387   0.22519934]
 [-0.4806387   0.68190056  0.23267397]
 [-0.49929065 -0.21522672  0.6739423 ]]","[[ 0.72281873  0.21274337  0.6574749 ]
 [ 0.02865112  0.941387   -0.3361094 ]
 [-0.69044346  0.26178348  0.67435694]]"
20200224-230433.074225,91,[2.220237   1.5005013  0.46607903],"[[ 0.4985549  -0.24647112  0.6626402 ]
 [ 0.52223474  0.6536108   0.22742455]
 [-0.47903824  0.6819493   0.23562121]
 [-0.4992359  -0.21677287  0.67354935]]","[[ 0.7240529   0.20932554  0.6572141 ]
 [ 0.03089234  0.94203925 -0.33407766]
 [-0.68905246  0.26219276  0.67561954]]"
20200224-230433.074225,92,[2.2313116 1.4956809 0.4639839],"[[ 0.49842486 -0.2504253   0.6612984 ]
 [ 0.5234792   0.65159184  0.23019955]
 [-0.4777434   0.6816959   0.23910953]
 [-0.4993032  -0.21910374  0.67269605]]","[[ 0.7249835   0.20523036  0.65748   ]
 [ 0.03278949  0.9432099  -0.33057597]
 [-0.6879856   0.26122048  0.677082  ]]"
20200224-230433.074225,93,[2.2414303  1.4929347  0.46236894],"[[ 0.4984489  -0.2522189   0.6605417 ]
 [ 0.5224823   0.65148824  0.23291904]
 [-0.47881266  0.68011063  0.24135374]
 [-0.49929872 -0.22225715  0.67170036]]","[[ 0.72442615  0.20447522  0.65832865]
 [ 0.03155736  0.9441579  -0.32797882]
 [-0.6886296   0.25837153  0.6775199 ]]"
20200224-230433.074225,94,[2.2513676  1.4963064  0.46156275],"[[ 0.4986086  -0.2525788   0.660161  ]
 [ 0.5218712   0.6517828   0.23384382]
 [-0.47946322  0.6793254   0.24191768]
 [-0.49915454 -0.2233836   0.67155105]]","[[ 0.7242267   0.20512767  0.6583451 ]
 [ 0.03080203  0.944153   -0.32806426]
 [-0.6888737   0.2578713   0.6774626 ]]"
20200224-230433.074225,95,[2.2604337  1.5037092  0.46057263],"[[ 0.498504   -0.24944866  0.66147923]
 [ 0.51703036  0.65506685  0.2352661 ]
 [-0.48446444  0.6761996   0.24082913]
 [-0.4994675  -0.22675401  0.6701469 ]]","[[ 0.7206793   0.21199502  0.66006047]
 [ 0.02423187  0.94381434 -0.32958686]
 [-0.6928451   0.2535209   0.6750503 ]]"
20200224-230433.074225,96,[2.2700393  1.5063999  0.45922375],"[[ 0.4984741  -0.25199276  0.66050047]
 [ 0.51888096  0.6533371   0.23610327]
 [-0.4825736   0.67691237  0.24255572]
 [-0.4994086  -0.22680385  0.6701945 ]]","[[ 0.72206897  0.20948529  0.6593425 ]
 [ 0.0268124   0.9438635  -0.3292461 ]
 [-0.6913015   0.25541684  0.6759176 ]]"
20200224-230433.074225,97,[2.2802994  1.507859   0.45732766],"[[ 0.49841943 -0.25345498  0.6599619 ]
 [ 0.51825905  0.65310293  0.23816542]
 [-0.48324227  0.67581433  0.24427521]
 [-0.499462   -0.22911164  0.6693707 ]]","[[ 0.72167575  0.20940824  0.6597975 ]
 [ 0.02604662  0.94425625 -0.32817996]
 [-0.6917413   0.25402495  0.6759923 ]]"
20200224-230433.074225,98,[2.290976  1.505466  0.4564005],"[[ 0.49862576 -0.2533094   0.6597362 ]
 [ 0.5152717   0.65465015  0.2407759 ]
 [-0.4863375   0.6730578   0.24538206]
 [-0.49934313 -0.23293988  0.6682538 ]]","[[ 0.7197763   0.21131267  0.6612636 ]
 [ 0.02204795  0.94510716 -0.32601643]
 [-0.69385606  0.2492384   0.6756066 ]]"
20200224-230433.074225,99,[2.3026688  1.5038455  0.45368937],"[[ 0.498619   -0.255739    0.6587759 ]
 [ 0.5145293   0.6541099   0.2438947 ]
 [-0.48709175  0.671474    0.24810925]
 [-0.49937978 -0.23634721  0.66706175]]","[[ 0.71934754  0.2102875   0.66205597]
 [ 0.02117709  0.9459964  -0.3234845 ]
 [-0.69432735  0.24671817  0.676047  ]]"
20200224-230433.074225,100,[2.3124292  1.5155332  0.45263264],"[[ 0.49853194 -0.25510275  0.65910625]
 [ 0.5144707   0.6543392   0.24334614]
 [-0.4871343   0.6717061   0.24742037]
 [-0.49948594 -0.23574145  0.6671921 ]]","[[ 0.7192583   0.21262698  0.66140556]
 [ 0.02112612  0.94488114 -0.32673204]
 [-0.6944216   0.24897772  0.6751216 ]]"
20200224-230433.074225,101,[2.3223367  1.5141101  0.45162633],"[[ 0.49836117 -0.25803292  0.65816873]
 [ 0.51625615  0.6523681   0.24462558]
 [-0.4853347   0.6722808   0.24968775]
 [-0.4995661  -0.2363764   0.66680485]]","[[ 0.7204626   0.2092793   0.66116273]
 [ 0.02361312  0.94542354 -0.32498798]
 [-0.69309187  0.24975379  0.67620045]]"
20200224-230433.074225,102,[2.3319252  1.5197623  0.44968396],"[[ 0.4984052  -0.25596324  0.65886223]
 [ 0.51139057  0.6553474   0.24711159]
 [-0.49032837  0.66862065  0.24953666]
 [-0.49965003 -0.24072582  0.6652579 ]]","[[ 0.71704173  0.21530509  0.662944  ]
 [ 0.01706571  0.94539016 -0.32549372]
 [-0.69682133  0.2447062   0.67420995]]"
20200224-230433.074225,103,[2.3432806  1.5151787  0.44788015],"[[ 0.49828136 -0.25984257  0.6575026 ]
 [ 0.51306635  0.6530826   0.24942829]
 [-0.48861954  0.66872346  0.25279364]
 [-0.49972978 -0.2424336   0.66450834]]","[[ 0.718215    0.21103601  0.66304696]
 [ 0.01942684  0.9464452  -0.3222798 ]
 [-0.69555026  0.24434711  0.6756513 ]]"
20200224-230433.074225,104,[2.3536642 1.5168657 0.4461814],"[[ 0.49824458 -0.26124787  0.6569611 ]
 [ 0.5126726   0.6527194   0.2512135 ]
 [-0.48904473  0.6678218   0.2543629 ]
 [-0.49975404 -0.24437791  0.6637721 ]]","[[ 0.7179597   0.21084419  0.6633841 ]
 [ 0.0189497   0.94674873 -0.321415  ]
 [-0.6958267   0.24333395  0.67573214]]"
20200224-230433.074225,105,[2.3635287  1.5239211  0.44543043],"[[ 0.49821728 -0.26114246  0.65704167]
 [ 0.51250416  0.6528112   0.25126624]
 [-0.48919812  0.66773605  0.25431028]
 [-0.4998042  -0.24448061  0.6636928 ]]","[[ 0.7178332   0.21211675  0.6631154 ]
 [ 0.01875504  0.94622046 -0.32297885]
 [-0.6959624   0.2442817   0.6752502 ]]"
20200224-230433.074225,106,[2.3739593  1.5255197  0.44377333],"[[ 0.49818495 -0.26254123  0.6564983 ]
 [ 0.51213616  0.6524328   0.25301865]
 [-0.4895971   0.66685575  0.25586778]
 [-0.499823   -0.24638797  0.6629654 ]]","[[ 0.71758693  0.21191403  0.6634468 ]
 [ 0.01828788  0.94652456 -0.3221132 ]
 [-0.6962289   0.2432772   0.67533803]]"
20200224-230433.074225,107,[2.385466   1.5316377  0.44256732],"[[ 0.49797758 -0.26429778  0.65604997]
 [ 0.514088    0.6507996   0.25297472]
 [-0.4876004   0.66805166  0.25685477]
 [-0.49997747 -0.24558789  0.6630439 ]]","[[ 0.7188633   0.21038195  0.6625519 ]
 [ 0.02096367  0.94611    -0.32316625]
 [-0.6948353   0.2462019   0.67571336]]"
20200224-230433.074225,108,[2.3959813 1.5307558 0.4422518],"[[ 0.49799094 -0.2651415   0.65569323]
 [ 0.51367515  0.6506569   0.25419527]
 [-0.48804578  0.66732806  0.2579135 ]
 [-0.4999542  -0.24701962  0.66251945]]","[[ 0.71861243  0.20992456  0.6629692 ]
 [ 0.02043885  0.94656116 -0.32187638]
 [-0.69511056  0.24485469  0.67591995]]"
20200224-230433.074225,109,[2.4070833  1.5306457  0.44028467],"[[ 0.49812815 -0.26552325  0.6553269 ]
 [ 0.5110463   0.65173286  0.25702924]
 [-0.4907424   0.6646931   0.2593102 ]
 [-0.49987167 -0.25084832  0.6612421 ]]","[[ 0.716884    0.21178417  0.6642475 ]
 [ 0.01694695  0.94717145 -0.3202795 ]
 [-0.6969866   0.24086016  0.675423  ]]"
20200224-230433.074225,110,[2.4182599  1.5281012  0.43963253],"[[ 0.4982859  -0.26544815  0.6551349 ]
 [ 0.50847065  0.65294486  0.2593428 ]
 [-0.49336895  0.66227543  0.26023495]
 [-0.49975553 -0.2541479   0.66016465]]","[[ 0.7151858   0.21327093  0.66560096]
 [ 0.01351672  0.9479097  -0.31825158]
 [-0.6988036   0.23660572  0.675049  ]]"
20200224-230433.074225,111,[2.4285247  1.5311166  0.43919158],"[[ 0.49807727 -0.26586857  0.65525347]
 [ 0.50836706  0.6526766   0.25986165]
 [-0.49347147  0.66213804  0.26075074]
 [-0.49996844 -0.25475615  0.65963966]]","[[ 0.7149221   0.21355735  0.6657929 ]
 [ 0.01338329  0.94786096 -0.31840342]
 [-0.69907624  0.23654404  0.67478853]]"
20200224-230433.074225,112,[2.438493   1.534326   0.43872947],"[[ 0.498088   -0.26346403  0.65615386]
 [ 0.50389224  0.6555064   0.26162806]
 [-0.49799016  0.65897447  0.26000527]
 [-0.50000745 -0.25816905  0.65833914]]","[[ 0.71169114  0.21881746  0.6675439 ]
 [ 0.0074025   0.9478615  -0.31859627]
 [-0.7024536   0.23168358  0.6729648 ]]"
20200224-230433.074225,113,[2.4487767  1.5355356  0.43733755],"[[ 0.49829677 -0.26480836  0.6553358 ]
 [ 0.50367385  0.6551881   0.2631631 ]
 [-0.49821144  0.65812033  0.26141784]
 [-0.49979836 -0.25977486  0.6579827 ]]","[[ 0.71173155  0.21840061  0.6676371 ]
 [ 0.00712554  0.9481451  -0.3177579 ]
 [-0.7024154   0.2309156   0.67326856]]"
20200224-230433.074225,114,[2.4583025 1.538381  0.4363619],"[[ 0.49838787 -0.26705125  0.6543332 ]
 [ 0.5056695   0.6535181   0.26354107]
 [-0.49622098  0.6590008   0.26295456]
 [-0.49967265 -0.259452    0.65821666]]","[[ 0.71327066  0.21603242  0.6667645 ]
 [ 0.0097962   0.94814736 -0.31768033]
 [-0.7008202   0.23312381  0.67416936]]"
20200224-230433.074225,115,[2.4699337  1.5375214  0.43668956],"[[ 0.49828956 -0.268905    0.6537511 ]
 [ 0.50758666  0.6518968   0.26358932]
 [-0.4942876   0.6600813   0.26417175]
 [-0.4997431  -0.2588699   0.65828824]]","[[ 0.7145858   0.21310918  0.6662972 ]
 [ 0.01239318  0.94846195 -0.3166483 ]
 [-0.69943833  0.23452984  0.67511624]]"
20200224-230433.074225,116,[2.4802537 1.5386839 0.4353573],"[[ 0.49808243 -0.2702422   0.6534758 ]
 [ 0.5074715   0.65126926  0.2650367 ]
 [-0.49440122  0.65955335  0.26559383]
 [-0.49995413 -0.26039678  0.6574075 ]]","[[ 0.7143208   0.21271336  0.66670763]
 [ 0.01225325  0.94873875 -0.31582385]
 [-0.69971126  0.23376885  0.6750974 ]]"
20200224-230433.074225,117,[2.490935   1.5359236  0.43424767],"[[ 0.49808207 -0.2720355   0.65271306]
 [ 0.50717384  0.65067375  0.26711255]
 [-0.49472222  0.65853184  0.26751056]
