Timestamp,Epoch,s,u,v
20200221-180318.908626,0,[0.02510055 0.02383041 0.00065721],"[[-0.47420096 -0.5184892   0.5921438 ]
 [-0.6267066   0.7655892   0.09553906]
 [ 0.50990456  0.28713635  0.12602541]
 [-0.34981346 -0.25018927 -0.79016185]]","[[-0.30810612  0.664578   -0.6807399 ]
 [-0.1199672   0.682697    0.7207863 ]
 [ 0.9437577   0.30374506 -0.13061556]]"
20200221-180318.908626,1,[0.03438748 0.02498877 0.00057821],"[[-0.61523813  0.24804062  0.6191317 ]
 [ 0.47752345  0.87067527  0.05488957]
 [ 0.47747242 -0.36228716  0.0788759 ]
 [-0.4067838   0.22169404 -0.77938545]]","[[ 0.5154643   0.5300001  -0.6733472 ]
 [ 0.58073974  0.36174288  0.7293034 ]
 [ 0.6301094  -0.7669694  -0.12132658]]"
20200221-180318.908626,2,[0.0446923  0.02505268 0.00053565],"[[-0.5851094   0.26364273  0.63079256]
 [ 0.49756563  0.8609235   0.03176774]
 [ 0.47954103 -0.37222797  0.05209485]
 [-0.42440078  0.22527653 -0.7735488 ]]","[[ 0.53589314  0.5148958  -0.66910446]
 [ 0.58481646  0.3452167   0.7340403 ]
 [ 0.6089405  -0.7846705  -0.11612035]]"
20200221-180318.908626,3,[0.05482332 0.02511418 0.00050888],"[[-0.56737226  0.2695135   0.6375118 ]
 [ 0.503893    0.85789114  0.01632619]
 [ 0.48301437 -0.37578028  0.03585404]
 [-0.4368956   0.22399735 -0.7694327 ]]","[[ 0.5451187   0.5086825  -0.6663992 ]
 [ 0.5848459   0.3387809   0.73700935]
 [ 0.600667   -0.7914984  -0.11282505]]"
20200221-180318.908626,4,[0.06493816 0.02517736 0.0004904 ],"[[-0.5549951   0.27341035  0.6420266 ]
 [ 0.50740874  0.85609716  0.00491494]
 [ 0.4857018  -0.378214    0.025416  ]
 [-0.4456576   0.22203289 -0.76624537]]","[[ 0.5509391   0.5048831  -0.6644991 ]
 [ 0.5844396   0.33497086  0.7390703 ]
 [ 0.59573203 -0.79554236 -0.11052509]]"
20200221-180318.908626,5,[0.07493649 0.02523929 0.00047784],"[[-0.5463184   0.27583012  0.6445586 ]
 [ 0.5088564   0.8553458  -0.00378984]
 [ 0.48846093 -0.37970254  0.01808954]
 [-0.45167142  0.21937917 -0.7643316 ]]","[[ 0.5547944   0.50244796 -0.663136  ]
 [ 0.5838697   0.33268768  0.7405507 ]
 [ 0.5927053  -0.79803824 -0.10879091]]"
20200221-180318.908626,6,[0.08495997 0.02530329 0.00046734],"[[-0.53912556  0.27815682  0.6475185 ]
 [ 0.510143    0.85455    -0.01129355]
 [ 0.49025702 -0.38126     0.01382911]
 [-0.45688722  0.21682782 -0.76184076]]","[[ 0.55775046  0.5005562  -0.6620863 ]
 [ 0.5834193   0.33094603  0.74168503]
 [ 0.59036976 -0.79994905 -0.10744878]]"
20200221-180318.908626,7,[0.09457539 0.02536742 0.00046057],"[[-0.5338474   0.2800551   0.6486795 ]
 [ 0.5109572   0.8540058  -0.01725307]
 [ 0.49223378 -0.38257754  0.01039362]
 [-0.46003878  0.2141909  -0.76079524]]","[[ 0.5599358   0.49915594 -0.6612983 ]
 [ 0.5830221   0.32972723  0.7425397 ]
 [ 0.5886911  -0.80132604 -0.10639291]]"
20200221-180318.908626,8,[0.1040797  0.02543272 0.00045463],"[[-0.5293033   0.28184882  0.65026826]
 [ 0.5115872   0.8535037  -0.0226724 ]
 [ 0.49374288 -0.3838571   0.00861356]
 [-0.4629621   0.21153206 -0.75931734]]","[[ 0.56168455  0.49801922 -0.6606719 ]
 [ 0.582689    0.32877874  0.7432214 ]
 [ 0.58735347 -0.80242217 -0.1055203 ]]"
20200221-180318.908626,9,[0.11357605 0.02549709 0.00045001],"[[-0.52570885  0.28312173  0.6514759 ]
 [ 0.51145446  0.8534336  -0.02748931]
 [ 0.49547142 -0.38473052  0.00756222]
 [-0.46535245  0.20850846 -0.7581334 ]]","[[ 0.56304306  0.49713874 -0.6601785 ]
 [ 0.58234257  0.32815164  0.7437699 ]
 [ 0.58639556 -0.8032245  -0.10474155]]"
20200221-180318.908626,10,[0.12299947 0.02556526 0.00044663],"[[-0.5223211   0.28516042  0.6522911 ]
 [ 0.5126242   0.85256916 -0.0317607 ]
 [ 0.49651533 -0.3863519   0.00708882]
 [-0.46676505  0.20625502 -0.7572696 ]]","[[ 0.5643419   0.49625513 -0.65973413]
 [ 0.58215255  0.32740006  0.74424976]
 [ 0.5853348  -0.8040772  -0.1041306 ]]"
20200221-180318.908626,11,[0.13262476 0.02563084 0.00044377],"[[-0.51972455  0.2862878   0.6531173 ]
 [ 0.5123531   0.8525485  -0.03575434]
 [ 0.49811563 -0.3871713   0.00719416]
 [-0.46825334  0.20322098 -0.7563779 ]]","[[ 0.5653161   0.49559984 -0.65939236]
 [ 0.5818766   0.32700688  0.74463826]
 [ 0.58466846 -0.80464095 -0.10351571]]"
20200221-180318.908626,12,[0.14147    0.02569962 0.00044075],"[[-0.5170175   0.28793815  0.65445364]
 [ 0.5128614   0.8520076  -0.03970791]
 [ 0.498925   -0.38847464  0.00801558]
 [-0.4698301   0.20065373 -0.7550161 ]]","[[ 0.56617475  0.49499482 -0.6591102 ]
 [ 0.581713    0.3265797   0.7449535 ]
 [ 0.5840002  -0.8051868  -0.10304377]]"
20200221-180318.908626,13,[0.1502465  0.02576778 0.00043901],"[[-0.51496816  0.2892814   0.6549828 ]
 [ 0.51299626  0.8517079  -0.04319813]
 [ 0.5000689  -0.38955078  0.00873386]
 [-0.4707162   0.19789009 -0.75435734]]","[[ 0.56688714  0.49448562 -0.65888005]
 [ 0.5815408   0.32628185  0.74521846]
 [ 0.58348036 -0.80562043 -0.10259861]]"
20200221-180318.908626,14,[0.15880923 0.02583592 0.00043812],"[[-0.51342195  0.29040936  0.6550448 ]
 [ 0.5128526   0.8515818  -0.04635518]
 [ 0.5013734  -0.39045116  0.00951976]
 [-0.47117352  0.19498436 -0.7541064 ]]","[[ 0.5674783   0.49405235 -0.6586962 ]
 [ 0.58137125  0.3260821   0.74543804]
 [ 0.58307445 -0.8059671  -0.10218322]]"
20200221-180318.908626,15,[0.16776346 0.02590742 0.00043726],"[[-0.51157296  0.2921542   0.6552629 ]
 [ 0.5137099   0.8508431  -0.04944801]
 [ 0.50219077 -0.3919151   0.01062128]
 [-0.47138092  0.19265151 -0.7537062 ]]","[[ 0.56812465  0.49357346 -0.65849805]
 [ 0.5812725   0.3257489   0.7456608 ]
 [ 0.58254343 -0.806395   -0.10183475]]"
20200221-180318.908626,16,[0.1765895  0.02597894 0.00043569],"[[-0.50970244  0.29368204  0.6562876 ]
 [ 0.5141197   0.85031766 -0.05271567]
 [ 0.50287503 -0.39316958  0.01238814]
 [-0.47222993  0.1900754  -0.7525653 ]]","[[ 0.56866306  0.49316317 -0.65834063]
 [ 0.5811641   0.32551903  0.7458457 ]
 [ 0.582126   -0.80673885 -0.1014981 ]]"
20200221-180318.908626,17,[0.18531953 0.02605059 0.00043535],"[[-0.50833607  0.29508764  0.65637666]
 [ 0.5144708   0.849863   -0.05556697]
 [ 0.5038282  -0.39435124  0.01379989]
 [-0.4723045   0.18746543 -0.75225765]]","[[ 0.5691371   0.49279422 -0.65820724]
 [ 0.5810598   0.3253367   0.7460064 ]
 [ 0.5817666  -0.8070377  -0.10118172]]"
20200221-180318.908626,18,[0.1939581  0.02612349 0.0004343 ],"[[-0.50676847  0.2965571   0.65720624]
 [ 0.51482654  0.84935415 -0.0586053 ]
 [ 0.50448775 -0.39556795  0.01576346]
 [-0.4728971   0.18487115 -0.7512638 ]]","[[ 0.5695674   0.49245086 -0.65809226]
 [ 0.5809694   0.32517484  0.7461475 ]
 [ 0.5814359  -0.80731267 -0.10088991]]"
20200221-180318.908626,19,[0.20120755 0.02619642 0.00043369],"[[-0.5056741   0.29775974  0.65775114]
 [ 0.5147552   0.8490869  -0.06149033]
 [ 0.50513357 -0.39654297  0.01766792]
 [-0.47345683  0.18205558 -0.75051296]]","[[ 0.56986845  0.49219015 -0.65802634]
 [ 0.5808824   0.3251169   0.7462404 ]
 [ 0.5812277  -0.8074947  -0.1006307 ]]"
20200221-180318.908626,20,[0.21027496 0.02627005 0.00043329],"[[-0.50441366  0.29907596  0.6581765 ]
 [ 0.51494694  0.84868526 -0.06426852]
 [ 0.5060367  -0.39763895  0.01963142]
 [-0.47362798  0.17936024 -0.7498583 ]]","[[ 0.57023966  0.49188125 -0.6579358 ]
 [ 0.5807913   0.32500857  0.7463583 ]
 [ 0.58095443 -0.80772656 -0.10034752]]"
20200221-180318.908626,21,[0.21723385 0.02634375 0.00043324],"[[-0.50363684  0.30015594  0.6583744 ]
 [ 0.51474434  0.84848934 -0.06695299]
 [ 0.5067441  -0.3985388   0.02149336]
 [-0.47391805  0.17646168 -0.74939865]]","[[ 0.5704737   0.4916617  -0.6578972 ]
 [ 0.5807116   0.32499963  0.74642444]
 [ 0.5808046  -0.8078639  -0.10010989]]"
20200221-180318.908626,22,[0.22518228 0.02641791 0.00043346],"[[-0.5028625   0.30123255  0.65835154]
 [ 0.5146041   0.84827626 -0.06952457]
 [ 0.507681   -0.39944702  0.0233062 ]
 [-0.47389063  0.17357634 -0.7491305 ]]","[[ 0.570731    0.49142438 -0.6578515 ]
 [ 0.58062834  0.32497874  0.7464983 ]
 [ 0.5806352  -0.8080169  -0.09985948]]"
20200221-180318.908626,23,[0.2330707  0.02649541 0.00043346],"[[-0.5017321   0.3028436   0.6585625 ]
 [ 0.51530045  0.8475355  -0.07214598]
 [ 0.508121   -0.40082926  0.02529309]
 [-0.4738599   0.17118815 -0.7486325 ]]","[[ 0.57102454  0.4911678  -0.6577881 ]
 [ 0.5805888   0.324861    0.7465803 ]
 [ 0.5803859  -0.8082199  -0.09966296]]"
20200221-180318.908626,24,[0.24152629 0.02657079 0.00043378],"[[-0.5009971   0.30389446  0.65852326]
 [ 0.5151542   0.84731656 -0.07464371]
 [ 0.50912553 -0.40172496  0.02722652]
 [-0.4737188   0.16828547 -0.7483544 ]]","[[ 0.571261    0.49094063 -0.6577524 ]
 [ 0.5805097   0.32485506  0.7466443 ]
 [ 0.58023226 -0.8083604  -0.09941878]]"
20200221-180318.908626,25,[0.2495059  0.02664865 0.00043385],"[[-0.5000938   0.30521083  0.65877765]
 [ 0.5153748   0.84684587 -0.0772036 ]
 [ 0.5097651  -0.40282476  0.02938188]
 [-0.47374538  0.16562262 -0.74778897]]","[[ 0.5714918   0.49071997 -0.6577167 ]
 [ 0.5804562   0.32481518  0.74670327]
 [ 0.5800586  -0.8085103  -0.0992123 ]]"
20200221-180318.908626,26,[0.25657523 0.02672709 0.0004341 ],"[[-0.49937865  0.30648124  0.65888566]
 [ 0.51553357  0.8463948  -0.07971079]
 [ 0.51027524 -0.40390542  0.03145654]
 [-0.4737773   0.16292831 -0.747346  ]]","[[ 0.5716795   0.49052858 -0.6576961 ]
 [ 0.5804103   0.32479894  0.7467459 ]
 [ 0.5799192  -0.80863297 -0.09902696]]"
20200221-180318.908626,27,[0.26364854 0.02680817 0.00043415],"[[-0.4984475   0.3080497   0.65919113]
 [ 0.5161349   0.8456589  -0.08225189]
 [ 0.51051027 -0.4052199   0.03369026]
 [-0.47385055  0.16051155 -0.74670404]]","[[ 0.5718848   0.49033022 -0.65766555]
 [ 0.5803855   0.3247337   0.7467936 ]
 [ 0.5797416  -0.8087796  -0.09887026]]"
20200221-180318.908626,28,[0.2709775  0.02688983 0.0004341 ],"[[-0.49747372  0.30960524  0.65961313]
 [ 0.5167121   0.8449215  -0.08480955]
 [ 0.5107528  -0.4065262   0.0360278 ]
 [-0.47398347  0.15807806 -0.7459355 ]]","[[ 0.5720843   0.4901351  -0.65763783]
 [ 0.58035964  0.32467577  0.74683905]
 [ 0.5795711  -0.8089213  -0.09871271]]"
20200221-180318.908626,29,[0.2778524  0.02697045 0.00043427],"[[-0.49684897  0.31077075  0.6598516 ]
 [ 0.51667845  0.8445495  -0.08729967]
 [ 0.51125574 -0.4074859   0.03827703]
 [-0.4741329   0.15528311 -0.7453251 ]]","[[ 0.5722281   0.48996985 -0.6576357 ]
 [ 0.5803149   0.32469755  0.74686414]
 [ 0.5794737  -0.80901235 -0.09853572]]"
20200221-180318.908626,30,[0.28462824 0.02705112 0.00043469],"[[-0.49636972  0.3118378   0.659851  ]
 [ 0.5165379   0.84424424 -0.08971749]
 [ 0.5118493  -0.40838757  0.04037634]
 [-0.47414783  0.15240912 -0.7449277 ]]","[[ 0.5723552   0.48981446 -0.6576408 ]
 [ 0.5802679   0.32473817  0.7468831 ]
 [ 0.5793951  -0.80909026 -0.09835798]]"
20200221-180318.908626,31,[0.29213122 0.02713277 0.00043538],"[[-0.4958599   0.312972    0.6596476 ]
 [ 0.5165698   0.8438553  -0.09204203]
 [ 0.5125611  -0.40935597  0.04240796]
 [-0.47387785  0.14961652 -0.7447112 ]]","[[ 0.5724999   0.4896473  -0.6576394 ]
 [ 0.5802233   0.3247609   0.7469078 ]
 [ 0.57929707 -0.80918235 -0.09817912]]"
20200221-180318.908626,32,[0.29961407 0.02721585 0.00043577],"[[-0.49520493  0.31423202  0.6596702 ]
 [ 0.51677346  0.84333545 -0.09443086]
 [ 0.5131049  -0.4104331   0.04457945]
 [-0.47375202  0.14693105 -0.74426556]]","[[ 0.5726464   0.4894813  -0.6576355 ]
 [ 0.5801881   0.32476622  0.74693286]
 [ 0.57918745 -0.80928063 -0.09801508]]"
20200221-180318.908626,33,[0.3065377  0.02729943 0.00043627],"[[-0.49469742  0.315396    0.6596423 ]
 [ 0.51681876  0.84289736 -0.09679262]
 [ 0.5136225  -0.41142124  0.04673697]
 [-0.47367153  0.14415966 -0.743854  ]]","[[ 0.57276684  0.4893312  -0.657642  ]
 [ 0.5801523   0.32479548  0.746948  ]
 [ 0.57910407 -0.8093596  -0.09785449]]"
20200221-180318.908626,34,[0.3142363  0.02738386 0.0004367 ],"[[-0.4940673   0.3166136   0.65967923]
 [ 0.5169742   0.84239197 -0.0991513 ]
 [ 0.514207   -0.41246465  0.04897206]
 [-0.47352555  0.14143763 -0.74336636]]","[[ 0.5729014   0.48917115 -0.65764385]
 [ 0.5801172   0.32481226  0.7469678 ]
 [ 0.5790059  -0.80944943 -0.09769118]]"
20200221-180318.908626,35,[0.3208796  0.02746992 0.00043705],"[[-0.49351904  0.31786087  0.6597748 ]
 [ 0.5171178   0.8418659  -0.10152834]
 [ 0.5145696  -0.41349214  0.0512251 ]
 [-0.47354653  0.13874654 -0.74280906]]","[[ 0.5730123   0.48903    -0.6576523 ]
 [ 0.5800902   0.32483453  0.7469792 ]
 [ 0.5789234  -0.8095259  -0.09754736]]"
20200221-180318.908626,36,[0.32950622 0.02755712 0.00043737],"[[-0.49264574  0.31929126  0.6599126 ]
 [ 0.5176274   0.84113944 -0.10388288]
 [ 0.5151167  -0.41470188  0.05356378]
 [-0.47330377  0.13623266 -0.7421957 ]]","[[ 0.5731674   0.4888592  -0.6576442 ]
 [ 0.58006483  0.32481757  0.74700624]
 [ 0.5787952  -0.8096359  -0.09739522]]"
20200221-180318.908626,37,[0.3364626  0.02764582 0.00043782],"[[-0.4919987   0.32071838  0.6599257 ]
 [ 0.5180938   0.8404129  -0.10620706]
 [ 0.5153848  -0.41588753  0.05579988]
 [-0.47317496  0.1337297  -0.74169046]]","[[ 0.5732876   0.48871627 -0.6576457 ]
 [ 0.5800486   0.3248119   0.7470215 ]
 [ 0.5786926  -0.8097246  -0.09726854]]"
20200221-180318.908626,38,[0.34238485 0.027735   0.00043821],"[[-0.49151555  0.3220198   0.66001374]
 [ 0.5183169   0.8398019  -0.10854691]
 [ 0.5155556  -0.41695094  0.05808596]
 [-0.4732468   0.13110359 -0.7410977 ]]","[[ 0.5733771   0.48859265 -0.6576595 ]
 [ 0.580031    0.32483435  0.7470251 ]
 [ 0.5786214  -0.80978996 -0.09714629]]"
20200221-180318.908626,39,[0.3487521  0.0278252  0.00043866],"[[-0.49097493  0.3233763   0.66002244]
 [ 0.5186594   0.8391222  -0.11085959]
 [ 0.51576495 -0.41806623  0.06032325]
 [-0.47320437  0.12853871 -0.7405685 ]]","[[ 0.57347494  0.48846474 -0.65766895]
 [ 0.5800154   0.32484585  0.74703234]
 [ 0.57854    -0.80986243 -0.0970261 ]]"
20200221-180318.908626,40,[0.35666367 0.02791611 0.00043932],"[[-0.49027038  0.32483503  0.6597859 ]
 [ 0.5192827   0.8383073  -0.11309651]
 [ 0.51619947 -0.41931474  0.06241966]
 [-0.4727774   0.12608759 -0.7402669 ]]","[[ 0.57360154  0.48831868 -0.65766716]
 [ 0.5800003   0.32483166  0.7470502 ]
 [ 0.57842964 -0.80995625 -0.09690101]]"
20200221-180318.908626,41,[0.36273497 0.02800872 0.00043981],"[[-0.4897204   0.32628226  0.65977824]
 [ 0.5197725   0.83751833 -0.11538197]
 [ 0.51626986 -0.4205005   0.06466698]
 [-0.47273254  0.12362228 -0.73972845]]","[[ 0.5736946   0.48819807 -0.65767556]
 [ 0.5799917   0.32483265  0.7470565 ]
 [ 0.578346   -0.8100287  -0.0967961 ]]"
20200221-180318.908626,42,[0.36994383 0.02810016 0.00044055],"[[-0.48927063  0.32748258  0.65949607]
 [ 0.5199794   0.83693135 -0.11759456]
 [ 0.5167776  -0.42151752  0.06674533]
 [-0.47241575  0.120929   -0.7394468 ]]","[[ 0.57378435  0.48807117 -0.65769154]
 [ 0.5799684   0.32486674  0.7470597 ]
 [ 0.5782803  -0.8100915  -0.09666242]]"
20200221-180318.908626,43,[0.37592292 0.02819334 0.00044088],"[[-0.48881036  0.32872647  0.65958285]
 [ 0.5201372   0.8363146  -0.11990621]
 [ 0.51696    -0.42252737  0.0690328 ]
 [-0.47251898  0.1182677  -0.738788  ]]","[[ 0.5738555   0.48795968 -0.6577121 ]
 [ 0.5799517   0.32490334  0.7470568 ]
 [ 0.57822645 -0.8101439  -0.09654553]]"
20200221-180318.908626,44,[0.38239592 0.0282874  0.00044133],"[[-0.48831588  0.32999468  0.6595957 ]
 [ 0.52036893  0.8356597  -0.12218031]
 [ 0.51721495 -0.42356187  0.07130317]
 [-0.47249618  0.11563538 -0.7381878 ]]","[[ 0.573933    0.4878441  -0.6577303 ]
 [ 0.5799349   0.32493505  0.747056  ]
 [ 0.5781665  -0.81020087 -0.09642689]]"
20200221-180318.908626,45,[0.38942385 0.02838254 0.00044176],"[[-0.48772654  0.33132452  0.6595632 ]
 [ 0.52073056  0.83492965 -0.12444356]
 [ 0.51751673 -0.42465526  0.07353092]
 [-0.47237656  0.1130697  -0.7376202 ]]","[[ 0.57401913  0.4877241  -0.6577442 ]
 [ 0.5799201   0.32495525  0.7470588 ]
 [ 0.57809603 -0.81026506 -0.09631042]]"
20200221-180318.908626,46,[0.39507648 0.02847813 0.00044242],"[[-0.48741356  0.3325366   0.6593233 ]
 [ 0.5209067   0.8342941  -0.1266636 ]
 [ 0.51770025 -0.42565712  0.07560097]
 [-0.47230357  0.11040305 -0.73724705]]","[[ 0.57407904  0.487622   -0.6577675 ]
 [ 0.5799056   0.3249958   0.7470524 ]
 [ 0.57805085 -0.81031007 -0.09620145]]"
20200221-180318.908626,47,[0.4006447  0.02857529 0.00044295],"[[-0.4870413   0.33381316  0.6592189 ]
 [ 0.5211484   0.8336015  -0.12889756]
 [ 0.51779705 -0.42668068  0.07778163]
 [-0.47231448  0.10779957 -0.7367262 ]]","[[ 0.5741405   0.48752087 -0.6577887 ]
 [ 0.57989466  0.32502803  0.74704677]
 [ 0.5780007  -0.81035787 -0.096099  ]]"
20200221-180318.908626,48,[0.40680283 0.02867266 0.0004437 ],"[[-0.48668227  0.33504397  0.6588881 ]
 [ 0.5214033   0.8329207  -0.13107911]
 [ 0.5180655  -0.4277022   0.07980208]
 [-0.47210947  0.10516593 -0.7364215 ]]","[[ 0.5742049   0.48741627 -0.65781015]
 [ 0.5798805   0.32506427  0.747042  ]
 [ 0.57795095 -0.81040657 -0.09598958]]"
20200221-180318.908626,49,[0.4110107  0.02877069 0.0004441 ],"[[-0.48656273  0.33608565  0.65884733]
 [ 0.52121574  0.83243936 -0.13334364]
 [ 0.5181005  -0.4285072   0.08197765]
 [-0.47240123  0.10233673 -0.7358123 ]]","[[ 0.57423216  0.4873341  -0.6578471 ]
 [ 0.5798642   0.325137    0.74702317]
 [ 0.5779403  -0.81042665 -0.09588353]]"
20200221-180318.908626,50,[0.4183724  0.02886959 0.0004447 ],"[[-0.48606858  0.3372889   0.65859157]
 [ 0.5214542   0.8317687  -0.13552965]
 [ 0.5185771  -0.429489    0.08405744]
 [-0.4721234   0.09967886 -0.735407  ]]","[[ 0.57430464  0.48722023 -0.65786815]
 [ 0.57984626  0.325176    0.74702007]
 [ 0.5778862  -0.8104795  -0.09576274]]"
20200221-180318.908626,51,[0.42311993 0.02896951 0.00044541],"[[-0.48590824  0.33840716  0.6582873 ]
 [ 0.5214851   0.83117163 -0.13771564]
 [ 0.51868415 -0.43039098  0.08607177]
 [-0.47213733  0.09694608 -0.73504007]]","[[ 0.57434255  0.487134   -0.657899  ]
 [ 0.5798331   0.32523212  0.7470059 ]
 [ 0.57786185 -0.81050885 -0.09566182]]"
20200221-180318.908626,52,[0.4269829  0.02907079 0.00044594],"[[-0.48583844  0.33949536  0.65806854]
 [ 0.5213984   0.8306129  -0.13993143]
 [ 0.51864225 -0.43122432  0.0881094 ]
 [-0.4723509   0.09418688 -0.73457617]]","[[ 0.574368    0.48705715 -0.6579338 ]
 [ 0.5798215   0.3252951   0.7469874 ]
 [ 0.5778482  -0.8105299  -0.0955671 ]]"
20200221-180318.908626,53,[0.43161625 0.02917228 0.00044667],"[[-0.48572472  0.34055796  0.65769136]
 [ 0.52135813  0.83004516 -0.14210719]
 [ 0.5187843  -0.4320752   0.09004372]
 [-0.47235575  0.09141298 -0.73426116]]","[[ 0.5743999   0.4869739  -0.65796757]
 [ 0.5798072   0.32535875  0.7469706 ]
 [ 0.5778307  -0.81055427 -0.09546492]]"
20200221-180318.908626,54,[0.43682456 0.02927685 0.00044712],"[[-0.4852682   0.34196168  0.657524  ]
 [ 0.52182204  0.8291539  -0.14432229]
 [ 0.51870835 -0.4331858   0.09211044]
 [-0.47239605  0.08897329 -0.73372245]]","[[ 0.5744576   0.48688313 -0.65798426]
 [ 0.57980573  0.3253719   0.7469661 ]
 [ 0.57777476 -0.8106035  -0.09538524]]"
20200221-180318.908626,55,[0.4412344  0.02938222 0.00044756],"[[-0.48493782  0.34329265  0.6573721 ]
 [ 0.5221398   0.8283255  -0.14653958]
 [ 0.51854426 -0.43422374  0.0941763 ]
 [-0.47256482  0.08646845 -0.7331569 ]]","[[ 0.57450235  0.48680058 -0.6580064 ]
 [ 0.57980376  0.32539752  0.74695665]
 [ 0.57773256 -0.8106429  -0.09530716]]"
20200221-180318.908626,56,[4.4842532e-01 2.9486615e-02 4.4833063e-04],"[[-0.4844875  -0.34449315 -0.6568905 ]
 [ 0.52245885 -0.82757473  0.14865756]
 [ 0.5190103   0.4352175  -0.0960834 ]
 [-0.4721619  -0.08384585  0.7329146 ]]","[[ 0.574566   -0.48669553  0.6580283 ]
 [ 0.57979    -0.32543427 -0.74695116]
 [ 0.57768273  0.81069094  0.09519771]]"
20200221-180318.908626,57,[4.5334390e-01 2.9590869e-02 4.4903744e-04],"[[-0.48444682 -0.34539753 -0.65646076]
 [ 0.5222115  -0.8271092   0.15081204]
 [ 0.51930875  0.4359355  -0.09796671]
 [-0.47214913 -0.08093635  0.7326099 ]]","[[ 0.5745883  -0.4866147   0.65806884]
 [ 0.57977027 -0.32551846 -0.7469298 ]
 [ 0.5776806   0.81070584  0.09508558]]"
20200221-180318.908626,58,[4.5825359e-01 2.9697059e-02 4.4985829e-04],"[[-0.48434374 -0.34644672 -0.65589327]
 [ 0.5222208  -0.8264942   0.15293545]
 [ 0.5195127   0.4367707  -0.09974448]
 [-0.4720198  -0.07818583  0.73243815]]","[[ 0.5746195  -0.4865337   0.65810126]
 [ 0.5797571  -0.32557884 -0.7469136 ]
 [ 0.5776626   0.8107301   0.09498753]]"
20200221-180318.908626,59,[4.6317092e-01 2.9805237e-02 4.5048390e-04],"[[-0.4841068  -0.3476143  -0.6555785 ]
 [ 0.5223643  -0.8257728   0.15507649]
 [ 0.51959395  0.43767077 -0.10173881]
 [-0.47201568 -0.07555011  0.7319958 ]]","[[ 0.57465655 -0.4864511   0.6581301 ]
 [ 0.57974887 -0.32562557 -0.7468998 ]
 [ 0.57763433  0.81076103  0.09489655]]"
20200221-180318.908626,60,[4.6804813e-01 2.9913533e-02 4.5109578e-04],"[[-0.4839618  -0.34864545 -0.65516174]
 [ 0.5223111  -0.82516843  0.1572258 ]
 [ 0.5197927   0.43845803 -0.10360436]
 [-0.47200435 -0.072788    0.7316483 ]]","[[ 0.5746845  -0.4863712   0.6581647 ]
 [ 0.5797355  -0.32569027 -0.74688196]
 [ 0.57761973  0.81078297  0.09479742]]"
20200221-180318.908626,61,[4.7284073e-01 3.0023744e-02 4.5168932e-04],"[[-0.48373264 -0.3498148  -0.6547572 ]
 [ 0.5224711  -0.82442236  0.15936995]
 [ 0.51985043  0.4393558  -0.10547481]
 [-0.47199807 -0.07017109  0.7312793 ]]","[[ 0.5747196  -0.48629147  0.65819293]
 [ 0.57972825 -0.3257348  -0.7468681 ]
 [ 0.5775919   0.81081295  0.09471074]]"
20200221-180318.908626,62,[4.7682846e-01 3.0134600e-02 4.5243278e-04],"[[-0.4836369  -0.3509315  -0.6542619 ]
 [ 0.52255714 -0.82370514  0.16149338]
 [ 0.5198274   0.44022608 -0.10727779]
 [-0.4720266  -0.06751312  0.7309944 ]]","[[ 0.5747449  -0.48621982  0.6582239 ]
 [ 0.5797214  -0.3257858  -0.74685115]
 [ 0.57757384  0.8108354   0.09462835]]"
20200221-180318.908626,63,[4.8144129e-01 3.0245781e-02 4.5328168e-04],"[[-0.48357096 -0.35196277 -0.6536114 ]
 [ 0.5225735  -0.82305175  0.16358459]
 [ 0.5199951   0.44103435 -0.10897412]
 [-0.47189113 -0.06478254  0.7308603 ]]","[[ 0.57477057 -0.4861445   0.65825707]
 [ 0.5797103  -0.32584572 -0.7468336 ]
 [ 0.5775594   0.81085646  0.09453644]]"
20200221-180318.908626,64,[4.8674476e-01 3.0359050e-02 4.5391690e-04],"[[-0.4832728  -0.35315964 -0.6531824 ]
 [ 0.52282685 -0.82224286  0.16568944]
 [ 0.52011037  0.44195473 -0.11085387]
 [-0.47178897 -0.06221637  0.7304871 ]]","[[ 0.5748104  -0.4860626   0.6582828 ]
 [ 0.5797039  -0.3258842  -0.74682176]
 [ 0.5775261   0.8108901   0.09445078]]"
20200221-180318.908626,65,[4.9284562e-01 3.0472755e-02 4.5463414e-04],"[[-0.48291594 -0.3543455  -0.65257746]
 [ 0.5231519  -0.8214109   0.16777757]
 [ 0.52037984  0.4429062  -0.11258139]
 [-0.471497   -0.05964853  0.730287  ]]","[[ 0.5748564  -0.4859764   0.6583064 ]
 [ 0.57969654 -0.32591936 -0.7468123 ]
 [ 0.5774879   0.8109278   0.09436196]]"
20200221-180318.908626,66,[4.9888736e-01 3.0586792e-02 4.5538219e-04],"[[-0.48263872 -0.35542074 -0.6519834 ]
 [ 0.5233111  -0.82067245  0.1698557 ]
 [ 0.5207238   0.4437646  -0.11433199]
 [-0.4712243  -0.05697578  0.7300651 ]]","[[ 0.57489467 -0.4858912   0.6583358 ]
 [ 0.5796852  -0.32597092 -0.74679863]
 [ 0.5774611   0.810958    0.09426501]]"
20200221-180318.908626,67,[5.0400555e-01 3.0702317e-02 4.5600411e-04],"[[-0.48244676 -0.35647774 -0.6514967 ]
 [ 0.52336425 -0.8199627   0.17195594]
 [ 0.5209087   0.44456387 -0.11613136]
 [-0.4711569  -0.05429294  0.72972363]]","[[ 0.5749232  -0.48581418  0.65836763]
 [ 0.57967496 -0.32602713 -0.74678195]
 [ 0.57744294  0.81098145  0.09417371]]"
20200221-180318.908626,68,[5.0829029e-01 3.0819148e-02 4.5647938e-04],"[[-0.48229897 -0.35753796 -0.6511454 ]
 [ 0.5233632  -0.8192458   0.17407824]
 [ 0.52092797  0.44535238 -0.11800955]
 [-0.47128803 -0.0516166   0.7292325 ]]","[[ 0.5749446  -0.48574412  0.6584005 ]
 [ 0.5796668  -0.32608357 -0.74676365]
 [ 0.5774296   0.81100076  0.09408976]]"
20200221-180318.908626,69,[5.1251835e-01 3.0935679e-02 4.5732647e-04],"[[-0.48235792 -0.35841724 -0.6504861 ]
 [ 0.5231744  -0.81867164  0.17613219]
 [ 0.5211364   0.44602108 -0.11970025]
 [-0.47120732 -0.04877861  0.72905225]]","[[ 0.5749569  -0.48567647  0.6584398 ]
 [ 0.5796528  -0.3261609  -0.7467408 ]
 [ 0.57743186  0.8110102   0.09399521]]"
20200221-180318.908626,70,[5.1664048e-01 3.1053543e-02 4.5806239e-04],"[[-0.48237038 -0.35934138 -0.6498853 ]
 [ 0.5230381  -0.8180454   0.17820574]
 [ 0.5212696   0.44672245 -0.12140111]
 [-0.4711988  -0.04599003  0.7288029 ]]","[[ 0.57497025 -0.48560897  0.658478  ]
 [ 0.57964057 -0.32623327 -0.74671876]
 [ 0.5774307   0.81102157  0.09390423]]"
20200221-180318.908626,71,[5.2079731e-01 3.1174328e-02 4.5854805e-04],"[[-0.48213923 -0.36051565 -0.64950454]
 [ 0.52322793 -0.8171902   0.180315  ]
 [ 0.5211799   0.44759443 -0.12322941]
 [-0.47132358 -0.04345378  0.7283165 ]]","[[ 0.5749974  -0.48553997  0.6585052 ]
 [ 0.5796379  -0.32627198 -0.74670386]
 [ 0.57740647  0.81104726  0.09383181]]"
20200221-180318.908626,72,[5.2660120e-01 3.1295151e-02 4.5931476e-04],"[[-0.48183414 -0.3616457  -0.6488151 ]
 [ 0.52351683 -0.81633574  0.18236227]
 [ 0.52142906  0.44848233 -0.1248633 ]
 [-0.47103885 -0.04088941  0.7281427 ]]","[[ 0.5750348  -0.48546067  0.65853083]
 [ 0.5796312  -0.32631147 -0.74669176]
 [ 0.57737565  0.81107867  0.09374769]]"
20200221-180318.908626,73,[5.3146243e-01 3.1416025e-02 4.6011261e-04],"[[-0.48177838 -0.36257187 -0.64811534]
 [ 0.5234657  -0.8156682   0.184392  ]
 [ 0.5216933   0.44919127 -0.12650837]
 [-0.47085983 -0.03813233  0.72797084]]","[[ 0.57505363 -0.48539042  0.65856606]
 [ 0.579619   -0.32637826 -0.7466719 ]
 [ 0.57736915  0.81109375  0.09365648]]"
20200221-180318.908626,74,[5.354478e-01 3.153899e-02 4.606511e-04],"[[-0.48169693 -0.36357185 -0.6476402 ]
 [ 0.5234175  -0.81494504  0.18647484]
 [ 0.52171856  0.4499146  -0.12825653]
 [-0.4709687  -0.03545078  0.7275573 ]]","[[ 0.5750691  -0.48532578  0.6586003 ]
 [ 0.5796108  -0.3264383  -0.74665207]
 [ 0.57736194  0.81110835  0.09357548]]"
20200221-180318.908626,75,[5.3850210e-01 3.1662144e-02 4.6144784e-04],"[[-0.48186773 -0.36442375 -0.64692956]
 [ 0.5231749  -0.8143401   0.18851933]
 [ 0.5217474   0.4505329  -0.12983952]
 [-0.47103143 -0.03263858  0.72738165]]","[[ 0.5750713  -0.48526913  0.6586402 ]
 [ 0.5795997  -0.32651478 -0.7466272 ]
 [ 0.5773709   0.81111145  0.09349252]]"
20200221-180318.908626,76,[5.4162782e-01 3.1787436e-02 4.6208585e-04],"[[-0.48190627 -0.3653927  -0.64633304]
 [ 0.5230789  -0.8136327   0.19057967]
 [ 0.5216997   0.451213   -0.1314831 ]
 [-0.47115245 -0.02995089  0.72707987]]","[[ 0.5750801  -0.48521054  0.6586758 ]
 [ 0.57959265 -0.3265774  -0.74660546]
 [ 0.57736945  0.81112146  0.09341627]]"
20200221-180318.908626,77,[5.4366517e-01 3.1913754e-02 4.6263007e-04],"[[-0.48209092 -0.36629716 -0.6457976 ]
 [ 0.5228178  -0.8129822   0.19265674]
 [ 0.521497    0.45182514 -0.13313924]
 [-0.4714773  -0.02720727  0.7267068 ]]","[[ 0.575078   -0.48516032  0.6587145 ]
 [ 0.57958543 -0.32664764 -0.7465802 ]
 [ 0.5773787   0.81112325  0.09334404]]"
20200221-180318.908626,78,[5.4929537e-01 3.2040656e-02 4.6327707e-04],"[[-0.48181176 -0.36734924 -0.6451382 ]
 [ 0.52301276 -0.81213796  0.19468772]
 [ 0.5217541   0.45263728 -0.13475767]
 [-0.47126138 -0.02461474  0.72645265]]","[[ 0.57510823 -0.48508638  0.65874255]
 [ 0.57957804 -0.3266937  -0.74656594]
 [ 0.57735604  0.8111489   0.09326117]]"
20200221-180318.908626,79,[5.5313581e-01 3.2168835e-02 4.6400062e-04],"[[-0.48176405 -0.3683347  -0.64446574]
 [ 0.52303445 -0.81136036  0.1967122 ]
 [ 0.52179587  0.45336705 -0.13635466]
 [-0.47124082 -0.02197156  0.7262068 ]]","[[ 0.57512313 -0.48502457  0.6587751 ]
 [ 0.5795712  -0.3267497  -0.74654675]
 [ 0.5773481   0.8111633   0.09318491]]"
20200221-180318.908626,80,[5.568447e-01 3.229696e-02 4.647667e-04],"[[-0.4818793  -0.3691351  -0.6436906 ]
 [ 0.5227922  -0.81074315  0.198733  ]
 [ 0.5219679   0.45394707 -0.13785696]
 [-0.47120118 -0.01915498  0.72605985]]","[[ 0.57512736 -0.48496532  0.6588149 ]
 [ 0.5795585  -0.3268279  -0.74652237]
 [ 0.57735664  0.81116724  0.09309805]]"
20200221-180318.908626,81,[5.5969477e-01 3.2427967e-02 4.6530613e-04],"[[-0.4819126  -0.3701086  -0.64311254]
 [ 0.52271134 -0.80998117  0.2007791 ]
 [ 0.5218445   0.4546179  -0.13947341]
 [-0.47139302 -0.01651798  0.7257005 ]]","[[ 0.57513505 -0.48491043  0.6588487 ]
 [ 0.5795534  -0.32688507 -0.7465013 ]
 [ 0.57735413  0.8111771   0.09302846]]"
20200221-180318.908626,82,[5.6417358e-01 3.2559838e-02 4.6585352e-04],"[[-0.4817541  -0.37112224 -0.6425328 ]
 [ 0.5227863  -0.8091575   0.202794  ]
 [ 0.5219368   0.45534435 -0.14112979]
 [-0.4713695  -0.01392923  0.7253332 ]]","[[ 0.57515544 -0.48484525  0.65887874]
 [ 0.5795473  -0.3269348  -0.74648416]
 [ 0.5773397   0.8111959   0.09295244]]"
20200221-180318.908626,83,[5.6676835e-01 3.2693729e-02 4.6642162e-04],"[[-0.48177132 -0.37216717 -0.6419227 ]
 [ 0.52281743 -0.8083108   0.20482297]
 [ 0.52169967  0.4560651  -0.142711  ]
 [-0.47157988 -0.01138824  0.7249942 ]]","[[ 0.57516557 -0.48479304  0.6589083 ]
 [ 0.5795457  -0.32698005 -0.74646556]
 [ 0.57733124  0.81120884  0.09289207]]"
20200221-180318.908626,84,[5.7213765e-01 3.2827828e-02 4.6702323e-04],"[[-0.48149502 -0.37321526 -0.6412742 ]
 [ 0.5230201  -0.8074271   0.20681469]
 [ 0.5219113   0.4568297  -0.14431575]
 [-0.4714033  -0.00885606  0.7246845 ]]","[[ 0.5751933  -0.4847235   0.6589354 ]
 [ 0.57954    -0.32702294 -0.74645114]
 [ 0.5773095   0.8112331   0.09281526]]"
20200221-180318.908626,85,[5.7747352e-01 3.2964103e-02 4.6752929e-04],"[[-0.48110443 -0.37440935 -0.64067405]
 [ 0.5234287  -0.8063993   0.20881511]
 [ 0.52196723  0.4577072  -0.14592691]
 [-0.4712867  -0.00648088  0.72431904]]","[[ 0.57522744 -0.4846548   0.658956  ]
 [ 0.57953966 -0.32704657 -0.74644107]
 [ 0.5772756   0.8112645   0.0927506 ]]"
20200221-180318.908626,86,[5.8095729e-01 3.3099517e-02 4.6817880e-04],"[[-0.48115334 -0.37526068 -0.6399652 ]
 [ 0.52327687 -0.8056753   0.21081975]
 [ 0.522033    0.45831522 -0.14743291]
 [-0.47133303 -0.00377142  0.7240605 ]]","[[ 0.5752332  -0.48459888  0.65899235]
 [ 0.5795306  -0.32711393 -0.7464187 ]
 [ 0.57727927  0.81127095  0.09267304]]"
20200221-180318.908626,87,[5.8147645e-01 3.3236001e-02 4.6885433e-04],"[[-0.48161647 -0.37596044 -0.6392468 ]
 [ 0.52275133 -0.8051054   0.2128368 ]
 [ 0.52176625  0.4587572  -0.14889033]
 [-0.47173733 -0.00092692  0.72380644]]","[[ 0.57521343 -0.4845614   0.6590369 ]
 [ 0.5795203  -0.32720175 -0.746388  ]
 [ 0.5773089   0.81125766  0.09260238]]"
20200221-180318.908626,88,[5.8401108e-01 3.3374239e-02 4.6946117e-04],"[[-0.4817278  -0.37683645 -0.6385234 ]
 [ 0.52260345 -0.80434614  0.21484123]
 [ 0.52167225  0.45936748 -0.15035036]
 [-0.4718919   0.00173291  0.72355074]]","[[ 0.5752153  -0.48451173  0.65907186]
 [ 0.5795141  -0.327264   -0.74636567]
 [ 0.5773135   0.8112623   0.09253412]]"
20200221-180318.908626,89,[5.9021592e-01 3.3513565e-02 4.7013510e-04],"[[-0.48138037 -0.3778572  -0.6377395 ]
 [ 0.5228941  -0.8034145   0.21678637]
 [ 0.5220285   0.46014303 -0.15185104]
 [-0.47153074  0.00424146  0.72334844]]","[[ 0.57524705 -0.48444003  0.6590969 ]
 [ 0.5795079  -0.32730347 -0.74635315]
 [ 0.5772881   0.8112893   0.09245654]]"
20200221-180318.908626,90,[5.9262782e-01 3.3655610e-02 4.7067038e-04],"[[-0.48138663 -0.37888107 -0.6370737 ]
 [ 0.5229388  -0.80252     0.21878363]
 [ 0.5217842   0.46083117 -0.15333474]
 [-0.47174516  0.00672794  0.7230209 ]]","[[ 0.5752561  -0.4843903   0.65912545]
 [ 0.57950735 -0.32734606 -0.7463348 ]
 [ 0.5772795   0.81130177  0.09239998]]"
20200221-180318.908626,91,[5.9487480e-01 3.3797361e-02 4.7122038e-04],"[[-0.48156357 -0.3796896  -0.6364184 ]
 [ 0.52266085 -0.8018132   0.22077125]
 [ 0.5216863   0.46134838 -0.15483746]
 [-0.47198033  0.00942311  0.7226737 ]]","[[ 0.57525307 -0.48434332  0.6591628 ]
 [ 0.57949954 -0.3274153  -0.7463107 ]
 [ 0.57729053  0.81130207  0.09233004]]"
20200221-180318.908626,92,[5.9814459e-01 3.3941541e-02 4.7167987e-04],"[[-0.48145148 -0.38072    -0.63579875]
 [ 0.5227647  -0.80088586  0.2227537 ]
 [ 0.52155733  0.4620529  -0.1563548 ]
 [-0.47212213  0.01188341  0.7222836 ]]","[[ 0.57526726 -0.4842897   0.6591897 ]
 [ 0.5794982  -0.32745522 -0.7462942 ]
 [ 0.57727784  0.8113179   0.09227073]]"
20200221-180318.908626,93,[6.0133338e-01 3.4086172e-02 4.7214143e-04],"[[-0.48142907 -0.3816364  -0.6351947 ]
 [ 0.52269906 -0.80005354  0.22472642]
 [ 0.5215023   0.4626656  -0.15789321]
 [-0.47227904  0.0144507   0.72186935]]","[[ 0.57527506 -0.48423702  0.6592217 ]
 [ 0.57949287 -0.32750988 -0.74627423]
 [ 0.5772752   0.81132734  0.09220367]]"
20200221-180318.908626,94,[6.045527e-01 3.423095e-02 4.726721e-04],"[[-0.48152766 -0.38239908 -0.63444614]
 [ 0.52244157 -0.7993507   0.2267015 ]
 [ 0.52160037  0.46315822 -0.15929736]
 [-0.47235498  0.01715934  0.7216017 ]]","[[ 0.5752754  -0.48418605  0.6592588 ]
 [ 0.57948273 -0.3275814  -0.74625087]
 [ 0.5772852   0.8113288   0.09212793]]"
20200221-180318.908626,95,[6.0970247e-01 3.4378618e-02 4.7324595e-04],"[[-0.48120582 -0.38347962 -0.63373584]
 [ 0.52277625 -0.7983339   0.2286144 ]
 [ 0.5217266   0.4639231  -0.16081102]
 [-0.47217315  0.0195343   0.72128654]]","[[ 0.57530355 -0.4841231   0.6592804 ]
 [ 0.57948124 -0.32760975 -0.74623936]
 [ 0.57725847  0.8113548   0.09206524]]"
20200221-180318.908626,96,[6.1372566e-01 3.4525931e-02 4.7386705e-04],"[[-0.48116627 -0.3843302  -0.63290644]
 [ 0.52275306 -0.7975077   0.23054875]
 [ 0.5218683   0.46452332 -0.16218366]
 [-0.4720826   0.02212958  0.72109145]]","[[ 0.5753137  -0.48406816  0.6593119 ]
 [ 0.57947356 -0.32766667 -0.74622035]
 [ 0.5772561   0.8113647   0.09199359]]"
20200221-180318.908626,97,[6.2077034e-01 3.4674365e-02 4.7447631e-04],"[[-0.48073563 -0.38528827 -0.6320647 ]
 [ 0.5230727  -0.7965477   0.232444  ]
 [ 0.5223795   0.465251   -0.16360448]
 [-0.4716011   0.02461193  0.72090054]]","[[ 0.57534647 -0.4839959   0.65933645]
 [ 0.5794664  -0.32770625 -0.74620855]
 [ 0.5772306   0.81139183  0.09191477]]"
20200221-180318.908626,98,[6.2679726e-01 3.4824792e-02 4.7504072e-04],"[[-0.48034698 -0.3863106  -0.63125736]
 [ 0.5234252  -0.7955294   0.23435211]
 [ 0.52266514  0.46601218 -0.16500704]
 [-0.47129005  0.02701359  0.72067076]]","[[ 0.57537615 -0.4839298   0.659359  ]
 [ 0.579463   -0.3277386  -0.7461971 ]
 [ 0.5772044   0.81141824  0.09184643]]"
20200221-180318.908626,99,[6.3271469e-01 3.4976091e-02 4.7567792e-04],"[[-0.4800433  -0.3872604  -0.6304258 ]
 [ 0.5236834  -0.7945688   0.23623312]
 [ 0.5229827   0.46671262 -0.16642326]
 [-0.47095945  0.02947609  0.7204583 ]]","[[ 0.5754017  -0.4838651   0.6593841 ]
 [ 0.5794575  -0.32777867 -0.7461836 ]
 [ 0.5771843   0.81144047  0.09177488]]"
20200221-180318.908626,100,[6.3553178e-01 3.5128593e-02 4.7637650e-04],"[[-0.4801636  -0.38806447 -0.6295284 ]
 [ 0.52356726 -0.7937589   0.23815076]
 [ 0.52296114  0.46725178 -0.16770612]
 [-0.4709901   0.03206602  0.72031426]]","[[ 0.57540345 -0.48381904  0.6594162 ]
 [ 0.57945114 -0.327837   -0.7461629 ]
 [ 0.5771889   0.8114443   0.09171102]]"
20200221-180318.908626,101,[6.3929462e-01 3.5282243e-02 4.7693224e-04],"[[-0.4801306  -0.38890067 -0.62877053]
 [ 0.523533   -0.7929012   0.2400515 ]
 [ 0.52303416  0.46783042 -0.1691166 ]
 [-0.47098053  0.03461827  0.72001535]]","[[ 0.57541203 -0.4837667   0.6594473 ]
 [ 0.5794447  -0.32789186 -0.74614394]
 [ 0.57718694  0.81145346  0.0916432 ]]"
20200221-180318.908626,102,[6.4414990e-01 3.5438534e-02 4.7746528e-04],"[[-0.47985232 -0.389928   -0.627994  ]
 [ 0.5238278  -0.7918731   0.24193881]
 [ 0.5231173   0.46853772 -0.17050825]
 [-0.47084484  0.0369609   0.71973354]]","[[ 0.5754353  -0.48370954  0.65946907]
 [ 0.5794438  -0.3279211  -0.7461319 ]
 [ 0.5771649   0.81147593  0.0915851 ]]"
20200221-180318.908626,103,[6.4473927e-01 3.5595737e-02 4.7787759e-04],"[[-0.4801441  -0.39072287 -0.62734514]
 [ 0.52350783 -0.79108286  0.24387853]
 [ 0.52273774  0.46900007 -0.17190024]
 [-0.47132388  0.03952556  0.71931344]]","[[ 0.57542515 -0.48367456  0.65950334]
 [ 0.5794398  -0.32798195 -0.7461081 ]
 [ 0.5771787   0.81147194  0.09153125]]"
20200221-180318.908626,104,[6.4737844e-01 3.5754580e-02 4.7830120e-04],"[[-0.48013625 -0.39164996 -0.6266616 ]
 [ 0.5235126  -0.79014665  0.24578772]
 [ 0.5225471   0.46959448 -0.17329675]
 [-0.47153825  0.04194537  0.7189242 ]]","[[ 0.5754321  -0.48362967  0.65953034]
 [ 0.5794383  -0.32802382 -0.74609077]
 [ 0.5771733   0.81148183  0.09147814]]"
20200221-180318.908626,105,[6.5000534e-01 3.5914309e-02 4.7886145e-04],"[[-0.48019564 -0.39250672 -0.6258727 ]
 [ 0.5234594  -0.7892658   0.24766946]
 [ 0.52244526  0.4701331  -0.17463891]
 [-0.47164991  0.04441905  0.7186409 ]]","[[ 0.5754363  -0.48358488  0.6595595 ]
 [ 0.5794345  -0.32807302 -0.7460721 ]
 [ 0.5771728   0.8114886   0.0914207 ]]"
20200221-180318.908626,106,[6.5265745e-01 3.6076017e-02 4.7937685e-04],"[[-0.48017678 -0.3934612  -0.6250764 ]
 [ 0.52354807 -0.78828865  0.2495561 ]
 [ 0.5222492   0.47074473 -0.17594635]
 [-0.47178715  0.04677967  0.718362  ]]","[[ 0.5754456  -0.48354062  0.6595838 ]
 [ 0.57943463 -0.3281082  -0.74605656]
 [ 0.57716364  0.81150067  0.09137173]]"
20200221-180318.908626,107,[6.5633947e-01 3.6236871e-02 4.8005211e-04],"[[-0.4802165  -0.3942004  -0.624162  ]
 [ 0.5234533  -0.7874672   0.25141212]
 [ 0.5224079   0.47123852 -0.1772146 ]
 [-0.47167614  0.0493516   0.7181984 ]]","[[ 0.5754499  -0.483492    0.65961576]
 [ 0.5794262  -0.32816824 -0.7460367 ]
 [ 0.5771677   0.81150544  0.09130362]]"
20200221-180318.908626,108,[6.5892172e-01 3.6399100e-02 4.8060576e-04],"[[-0.4803743  -0.39490777 -0.6232913 ]
 [ 0.52322876 -0.78667456  0.25329962]
 [ 0.522402    0.4716914  -0.17844857]
 [-0.47177106  0.05194322  0.71798575]]","[[ 0.57544667 -0.48344958  0.65964967]
 [ 0.57941836 -0.32823265 -0.7460146 ]
 [ 0.57717896  0.8115047   0.09123918]]"
20200221-180318.908626,109,[6.5938258e-01 3.6562894e-02 4.8119144e-04],"[[-0.48078343 -0.3955531  -0.62244654]
 [ 0.52279496 -0.78594935  0.25519425]
 [ 0.522144    0.47206163 -0.17967264]
 [-0.47212103  0.05458171  0.7177424 ]]","[[ 0.5754303  -0.4834186   0.6596866 ]
 [ 0.5794106  -0.32830444 -0.7459889 ]
 [ 0.577203    0.81149405  0.09118157]]"
20200221-180318.908626,110,[6.6294265e-01 3.6727641e-02 4.8180661e-04],"[[-0.48084208 -0.39627108 -0.6215536 ]
 [ 0.5226768  -0.78512245  0.25703165]
 [ 0.52227616  0.47253272 -0.18094075]
 [-0.47204587  0.05713671  0.7175419 ]]","[[ 0.57543325 -0.48337212  0.6597181 ]
 [ 0.5794024  -0.3283638  -0.7459692 ]
 [ 0.57720834  0.81149775  0.09111556]]"
20200221-180318.908626,111,[6.6431224e-01 3.6895178e-02 4.8236788e-04],"[[-0.4810175  -0.39709398 -0.6207433 ]
 [ 0.52256024 -0.7842146   0.25889564]
 [ 0.52198833  0.47304887 -0.1822019 ]
 [-0.47231472  0.05956988  0.71725404]]","[[ 0.575431   -0.48333624  0.6597463 ]
 [ 0.5794004  -0.32841074 -0.74595004]
 [ 0.5772125   0.81150013  0.09106748]]"
20200221-180318.908626,112,[6.6675329e-01 3.7061624e-02 4.8298173e-04],"[[-0.4813078  -0.39763248 -0.61982965]
 [ 0.52213174 -0.7835392   0.2607478 ]
 [ 0.5221055   0.4733659  -0.1834074 ]
 [-0.47236332  0.06228234  0.71706575]]","[[ 0.57541984 -0.48329687  0.65978485]
 [ 0.5793876  -0.32849118 -0.74592465]
 [ 0.57723665  0.8114909   0.09099591]]"
20200221-180318.908626,113,[6.6812515e-01 3.7231300e-02 4.8338322e-04],"[[-0.48154476 -0.3983363  -0.6190872 ]
 [ 0.52181566 -0.7827385   0.26261723]
 [ 0.52191794  0.47375903 -0.18468156]
 [-0.4726781   0.06481145  0.716698  ]]","[[ 0.5754113  -0.48326144  0.6598183 ]
 [ 0.57938135 -0.3285536  -0.74590206]
 [ 0.5772514   0.8114869   0.09093922]]"
20200221-180318.908626,114,[6.695266e-01 3.740164e-02 4.840368e-04],"[[-0.48184618 -0.3989817  -0.61811864]
 [ 0.5215103  -0.781964    0.26446706]
 [ 0.5218196   0.47413695 -0.18580727]
 [-0.47281626  0.06738245  0.71656287]]","[[ 0.57540137 -0.48322734  0.6598521 ]
 [ 0.5793736  -0.3286189  -0.7458793 ]
 [ 0.57726914  0.81148076  0.09088137]]"
20200221-180318.908626,115,[6.7204320e-01 3.7573267e-02 4.8455957e-04],"[[-0.48197633 -0.39966625 -0.61725557]
 [ 0.52130497 -0.78113526  0.2663098 ]
 [ 0.5218311   0.47455987 -0.18701372]
