Timestamp,Epoch,s,u,v
20200223-140537.394763,0,[1.8275107 1.4206325 0.7625173],"[[ 0.2547501  -0.5021858  -0.6577982 ]
 [ 0.6515421  -0.50799996  0.2601079 ]
 [ 0.6628597   0.49195215  0.26151425]
 [ 0.26685578  0.4977228  -0.65670025]]","[[ 0.4882609  -0.7112468  -0.5056968 ]
 [ 0.71357906 -0.00821271  0.70052654]
 [ 0.5024004   0.70289433 -0.50352085]]"
20200223-140537.394763,1,[1.8080679  1.4271997  0.75951654],"[[ 0.24474476  0.5021404   0.66146433]
 [ 0.65562296  0.5079247  -0.2502395 ]
 [ 0.6664463  -0.4920494  -0.25163743]
 [ 0.25711474 -0.49774995  0.6606995 ]]","[[ 0.4834991   0.7112848   0.51019865]
 [ 0.720109    0.00816922 -0.69381326]
 [ 0.49766675 -0.7028565   0.50825256]]"
20200223-140537.394763,2,[1.7883668 1.4341099 0.7563669],"[[ 0.2343876   0.50217783  0.6651782 ]
 [ 0.6588809   0.5085228  -0.24026048]
 [ 0.67055297 -0.4914415  -0.24172911]
 [ 0.24758337 -0.49770218  0.6643644 ]]","[[ 0.47801027  0.71159923  0.51491064]
 [ 0.726701    0.00888131 -0.6868968 ]
 [ 0.4933683  -0.70252955  0.5128744 ]]"
20200223-140537.394763,3,[1.7653583  1.4408759  0.75347966],"[[ 0.22458325  0.50218934  0.66854864]
 [ 0.66193485  0.50895363 -0.23074178]
 [ 0.6742492  -0.49103796 -0.23217341]
 [ 0.23831192 -0.49764827  0.66775495]]","[[ 0.47264266  0.71182406  0.5195341 ]
 [ 0.73324156  0.0093727  -0.6799035 ]
 [ 0.48884094 -0.7022954   0.51750916]]"
20200223-140537.394763,4,[1.7496464  1.4477125  0.75138426],"[[ 0.21683021  0.5022429   0.67104894]
 [ 0.66401255  0.50954556 -0.22338912]
 [ 0.6771523  -0.49047148 -0.22484297]
 [ 0.23137967 -0.49754706  0.6702511 ]]","[[ 0.4682059   0.71215844  0.523081  ]
 [ 0.73822594  0.0100611  -0.6744785 ]
 [ 0.48559833 -0.7019468   0.5210231 ]]"
20200223-140537.394763,5,[1.733466  1.4545467 0.7478892],"[[ 0.20676497  0.50219136  0.67411286]
 [ 0.6676875   0.509253   -0.21334045]
 [ 0.6800692  -0.49079144 -0.21468833]
 [ 0.22123985 -0.49758306  0.6737704 ]]","[[ 0.46334532  0.7120935   0.527479  ]
 [ 0.74470013  0.00975733 -0.66732794]
 [ 0.48034662 -0.70201695  0.52577513]]"
20200223-140537.394763,6,[1.7159376 1.4615523 0.7451025],"[[ 0.19287583  0.5035778   0.6770227 ]
 [ 0.66545165  0.51610166 -0.20423806]
 [ 0.6874331  -0.4837959  -0.20644021]
 [ 0.21773568 -0.495974    0.676247  ]]","[[ 0.45213744  0.7157788   0.53219616]
 [ 0.7503951   0.01728768 -0.6607638 ]
 [ 0.48216102 -0.6981132   0.5293004 ]]"
20200223-140537.394763,7,[1.6962923 1.4685417 0.7417788],"[[ 0.18207602  0.50369895  0.67991567]
 [ 0.6673058   0.517496   -0.19441713]
 [ 0.6913211  -0.48239517 -0.19660509]
 [ 0.20886953 -0.4957626   0.67916375]]","[[ 0.4454092   0.71653813  0.5368278 ]
 [ 0.7568989   0.01892061 -0.6532582 ]
 [ 0.47824144 -0.6972915   0.5339195 ]]"
20200223-140537.394763,8,[1.6793927 1.4757751 0.7373731],"[[ 0.1755685   0.50232244  0.68265986]
 [ 0.67551404  0.51079255 -0.1834058 ]
 [ 0.6897851  -0.4892862  -0.18468931]
 [ 0.19249232 -0.49735576  0.68280905]]","[[ 0.44579569  0.7130344   0.5411548 ]
 [ 0.7642363   0.01158555 -0.64483255]
 [ 0.46605724 -0.70103353  0.539762  ]]"
20200223-140537.394763,9,[1.6613188  1.482932   0.73386943],"[[ 0.16512422  0.5023978   0.685208  ]
 [ 0.67735666  0.51175827 -0.17363158]
 [ 0.6930419  -0.48833933 -0.17487513]
 [ 0.18334343 -0.4972168   0.68539095]]","[[ 0.4394163   0.71356213  0.5456578 ]
 [ 0.770607    0.01270664 -0.6371837 ]
 [ 0.4616037  -0.7004767   0.5442925 ]]"
20200223-140537.394763,10,[1.6491119 1.4900742 0.7298195],"[[ 0.15356342  0.5025257   0.6879399 ]
 [ 0.6779844   0.5140592  -0.16345733]
 [ 0.6973198  -0.48599413 -0.16479541]
 [ 0.17464425 -0.49701178  0.6876503 ]]","[[ 0.43187946  0.714684    0.55018824]
 [ 0.77668417  0.01541996 -0.62970144]
 [ 0.4585215  -0.6992776   0.54842424]]"
20200223-140537.394763,11,[1.6348616 1.4973034 0.7250979],"[[ 0.13198414  0.5044312   0.6910069 ]
 [ 0.6699628   0.52802134 -0.15163533]
 [ 0.7096781  -0.4714294  -0.15395828]
 [ 0.17345652 -0.49446663  0.689792  ]]","[[ 0.41184533  0.72208166  0.5558611 ]
 [ 0.7830431   0.03156075 -0.6211661 ]
 [ 0.4660759  -0.6910876   0.55242294]]"
20200223-140537.394763,12,[1.6240728 1.504551  0.7208813],"[[ 0.11909559  0.50464046  0.6933448 ]
 [ 0.6685637   0.532315   -0.14169602]
 [ 0.7149466  -0.4668708  -0.14398904]
 [ 0.16640344 -0.49397466  0.69171005]]","[[ 0.40213478  0.7242382   0.5601487 ]
 [ 0.7886674   0.03676143 -0.6137202 ]
 [ 0.46507135 -0.6885693   0.55640006]]"
20200223-140537.394763,13,[1.6109467 1.5118059 0.7159363],"[[ 0.09206393  0.5066774   0.69581187]
 [ 0.6541599   0.55302465 -0.1299673 ]
 [ 0.7310855  -0.444293   -0.13322744]
 [ 0.17062524 -0.48994455  0.69368905]]","[[ 0.3740269   0.7350329   0.5655355 ]
 [ 0.7937721   0.06163601 -0.6050842 ]
 [ 0.47961414 -0.67522407  0.5603952 ]]"
20200223-140537.394763,14,[1.602597  1.5180715 0.7115349],"[[ 0.04766953  0.50910044  0.6983252 ]
 [ 0.6169898   0.59668946 -0.11914181]
 [ 0.76114845 -0.39316344 -0.12439475]
 [ 0.19417596 -0.4797926   0.6947471 ]]","[[ 0.31940335  0.75622565  0.5710555 ]
 [ 0.79329026  0.11624552 -0.59764326]
 [ 0.5183358  -0.64390194  0.5627773 ]]"
20200223-140537.394763,15,[1.5957477  1.5257248  0.70773727],"[[ 0.04340626  0.508264    0.6992172 ]
 [ 0.62315595  0.5917631  -0.11131249]
 [ 0.7594156  -0.3992581  -0.11548156]
 [ 0.18188022 -0.48174366  0.6966843 ]]","[[ 0.32032567  0.75404376  0.57341915]
 [ 0.7987588   0.11043616 -0.591429  ]
 [ 0.50928926 -0.6474735   0.5669237 ]]"
20200223-140537.394763,16,[1.5872723 1.5329664 0.7049382],"[[ 0.01779497  0.5083412   0.7002811 ]
 [ 0.60196763  0.6145159  -0.10439297]
 [ 0.77473444 -0.37084046 -0.10847197]
 [ 0.19262592 -0.47585362  0.6978123 ]]","[[ 0.28832167  0.76467884  0.5763132 ]
 [ 0.79822767  0.14048512 -0.5857445 ]
 [ 0.5288698  -0.62891203  0.56988287]]"
20200223-140537.394763,17,[1.578652  1.5385439 0.7015292],"[[-0.05392988  0.5035595   0.7017113 ]
 [ 0.521296    0.68573284 -0.09578367]
 [ 0.81613594 -0.2702848  -0.10087906]
 [ 0.24344346 -0.45071587  0.69874924]]","[[ 0.18625672  0.792741    0.5804052 ]
 [ 0.77882713  0.24099572 -0.57909364]
 [ 0.5989466  -0.5598954   0.57252103]]"
20200223-140537.394763,18,[1.5728205  1.5420251  0.69632685],"[[-0.17582378  0.47214052  0.70360273]
 [ 0.35291344  0.787037   -0.08464652]
 [ 0.8574252  -0.07688282 -0.09073342]
 [ 0.33069628 -0.3895451   0.69967544]]","[[-0.00290157  0.8107153   0.58543366]
 [ 0.7086916   0.41470134 -0.5707706 ]
 [ 0.7055125  -0.41323575  0.57575023]]"
20200223-140537.394763,19,[1.5686076  1.5420023  0.69211006],"[[-0.33590367  0.37357345  0.7046587 ]
 [ 0.05574275  0.86156446 -0.07542128]
 [ 0.83084273  0.22902526 -0.08134941]
 [ 0.44018385 -0.256314    0.7008211 ]]","[[-0.29012656  0.7540856   0.58922124]
 [ 0.5221396   0.6407179  -0.56289494]
 [ 0.80199546 -0.1443449   0.5796272 ]]"
20200223-140537.394763,20,[1.5697353 1.5392712 0.688669 ],"[[-0.43502495  0.2502299   0.70518005]
 [-0.20230295  0.8398012  -0.06827857]
 [ 0.7258824   0.46629825 -0.07302902]
 [ 0.49287114 -0.12118243  0.7019449 ]]","[[-0.5037681   0.62953216  0.59152967]
 [ 0.309984    0.7709023  -0.55643487]
 [ 0.80630505  0.09694946  0.58350074]]"
20200223-140537.394763,21,[1.5781356 1.5384994 0.6859122],"[[-0.44398978  0.23082483 -0.70620483]
 [-0.22898549  0.83338934  0.06234974]
 [ 0.7106911   0.48983705  0.06814927]
 [ 0.4953348  -0.11064212 -0.7019566 ]]","[[-0.5234039   0.6106515  -0.5942669 ]
 [ 0.28601137  0.78287077  0.55254936]
 [ 0.80264914  0.11923937 -0.5844109 ]]"
20200223-140537.394763,22,[1.5845563 1.5331239 0.6830542],"[[-0.4659029   0.18059863 -0.70672137]
 [-0.30841854  0.80783194  0.05600752]
 [ 0.6601539   0.55687875  0.06165934]
 [ 0.50200504 -0.06839363 -0.70257133]]","[[-0.58107525  0.55341727 -0.59672534]
 [ 0.20985958  0.81030583  0.5471413 ]
 [ 0.78632736  0.19270176 -0.5869885 ]]"
20200223-140537.394763,23,[1.594924   1.5269595  0.67906445],"[[-0.45806837  0.19262806 -0.7083327 ]
 [-0.2727323   0.8214532   0.04684803]
 [ 0.68378925  0.5278065   0.05574564]
 [ 0.4982192  -0.09761728 -0.7021129 ]]","[[-0.55426997  0.5750216  -0.6017766 ]
 [ 0.24616458  0.8039017   0.54142886]
 [ 0.79510254  0.15196167 -0.58712846]]"
20200223-140537.394763,24,[1.601659  1.5226421 0.6744103],"[[-0.4692106   0.16103297 -0.709095  ]
 [-0.31391066  0.8068951   0.03839984]
 [ 0.6564029   0.5625547   0.04706262]
 [ 0.5004366  -0.08075204 -0.70249224]]","[[-0.5837752   0.541601   -0.604876  ]
 [ 0.20616113  0.81946206  0.5347706 ]
 [ 0.78530514  0.18748388 -0.5900389 ]]"
20200223-140537.394763,25,[1.6089681 1.5219085 0.6710774],"[[-0.4746424   0.14239508 -0.7096188 ]
 [-0.33584136  0.7981272   0.03246991]
 [ 0.64091057  0.58083826  0.04091987]
 [ 0.50115734 -0.07309969 -0.7026467 ]]","[[-0.5989923   0.5223443  -0.6069306 ]
 [ 0.1842751   0.827523    0.53032845]
 [ 0.77926314  0.20582038 -0.59193486]]"
20200223-140537.394763,26,[1.6136783 1.5219537 0.6671114],"[[ 0.48890024  0.09048384 -0.7087833 ]
 [ 0.40983474  0.76264477  0.02728008]
 [-0.58328056  0.6396369   0.0320663 ]
 [-0.50278795 -0.03240349 -0.704169  ]]","[[ 0.6495871   0.4583325  -0.6066037 ]
 [-0.10549726  0.8444809   0.525093  ]
 [-0.7529323   0.27709863 -0.59691674]]"
20200223-140537.394763,27,[1.6214572 1.5174985 0.662476 ],"[[ 0.49107018  0.07450722 -0.709297  ]
 [ 0.42237175  0.75585747  0.01928432]
 [-0.5727074   0.6496799   0.02388244]
 [-0.5024519  -0.03231227 -0.7042408 ]]","[[ 0.65744025  0.44311532 -0.6094433 ]
 [-0.09193785  0.8499394   0.5187973 ]
 [-0.7478769   0.28504732 -0.59952337]]"
20200223-140537.394763,28,[1.6286546 1.5136926 0.6578032],"[[ 0.49593195  0.04162256 -0.7089094 ]
 [ 0.46062264  0.7329962   0.01251266]
 [-0.5386911   0.67879826  0.01466615]
 [-0.5016872  -0.01472188 -0.70503616]]","[[ 0.68160737  0.40340436 -0.61047214]
 [-0.04833017  0.857298    0.51254696]
 [-0.7301201   0.31985158 -0.6038373 ]]"
20200223-140537.394763,29,[1.636782  1.513794  0.6544928],"[[ 0.49641153  0.03394747 -0.7089652 ]
 [ 0.46388784  0.7310254   0.00708184]
 [-0.5357006   0.6812688   0.00916951]
 [-0.5014058  -0.01793038 -0.70514816]]","[[ 0.6835837   0.39759666 -0.6120706 ]
 [-0.04464198  0.8598058   0.5086659 ]
 [-0.7285056   0.3203916  -0.60549873]]"
20200223-140537.394763,30,[1.6450037 1.5035566 0.6496588],"[[ 4.9793747e-01  1.3589158e-02 -7.0873213e-01]
 [ 4.8083189e-01  7.1985936e-01 -1.2415391e-03]
 [-5.1967883e-01  6.9381809e-01 -3.9309260e-04]
 [-5.0079226e-01 -1.5305296e-02 -7.0547652e-01]]","[[ 0.6938316   0.37542427 -0.61453575]
 [-0.02465372  0.8652422   0.5007477 ]
 [-0.719715    0.33228388 -0.6095881 ]]"
20200223-140537.394763,31,[1.6535335 1.4996624 0.6450867],"[[ 0.4964189   0.01903985 -0.7095025 ]
 [ 0.46161798  0.7324454  -0.00982689]
 [-0.5378512   0.67961454 -0.00670438]
 [-0.5011914  -0.03585408 -0.7046026 ]]","[[ 0.68175447  0.39046386 -0.618667  ]
 [-0.04776749  0.86761117  0.49494347]
 [-0.7300199   0.3078779  -0.6101493 ]]"
20200223-140537.394763,32,[1.6622275 1.4943867 0.6398076],"[[ 0.49603212  0.01452629 -0.7098803 ]
 [ 0.45572868  0.7359506  -0.01877277]
 [-0.5432804   0.67515445 -0.01461146]
 [-0.5011087  -0.04829072 -0.7039204 ]]","[[ 0.67778313  0.39156958 -0.6223209 ]
 [-0.05497336  0.8710123   0.4881756 ]
 [-0.7332038   0.2966661  -0.61188346]]"
20200223-140537.394763,33,[1.6710148  1.4918528  0.63329244],"[[ 0.49679178  0.00228944 -0.7095088 ]
 [ 0.4601155   0.7329112  -0.02792488]
 [-0.53923833  0.6781303  -0.02403104]
 [-0.50071317 -0.05454767 -0.70373315]]","[[ 0.6805249   0.3825872  -0.62491053]
 [-0.05004989  0.87513757  0.48127887]
 [-0.73101383  0.2962454  -0.6147014 ]]"
20200223-140537.394763,34,[1.6792513 1.493626  0.6282885],"[[ 0.49709338 -0.00577847 -0.7094163 ]
 [ 0.46239486  0.73104733 -0.03446989]
 [-0.53716457  0.67967564 -0.03084266]
 [-0.5005432  -0.0598102  -0.70327044]]","[[ 0.68179774  0.37742984 -0.6266567 ]
 [-0.0475135   0.87766415  0.47691512]
 [-0.72999614  0.295385   -0.61632246]]"
20200223-140537.394763,35,[1.6881878 1.493716  0.6251823],"[[-0.4960963  -0.00076881 -0.7099666 ]
 [-0.447687    0.7400373  -0.04020302]
 [ 0.55063635  0.6684529  -0.03432485]
 [ 0.500264   -0.07426202 -0.70224833]]","[[-0.6722114   0.38947546 -0.6296352 ]
 [ 0.06521168  0.8782879   0.47366408]
 [ 0.73748165  0.27734295 -0.61579347]]"
20200223-140537.394763,36,[1.6965132  1.486856   0.62127227],"[[-0.4966461  -0.01116242 -0.70950896]
 [-0.45316446  0.7362884  -0.04683213]
 [ 0.5457103   0.6721422  -0.04123741]
 [ 0.5001849  -0.07732918 -0.70192826]]","[[-0.67547774  0.3801874  -0.6318128 ]
 [ 0.05902683  0.8819635   0.46760696]
 [ 0.7350141   0.27856413 -0.618188  ]]"
20200223-140537.394763,37,[1.7047929 1.4847296 0.6169447],"[[-0.49730322 -0.02014497 -0.7087263 ]
 [-0.45691916  0.73367465 -0.05307083]
 [ 0.5422743   0.6743582  -0.04770973]
 [ 0.49985293 -0.0809743  -0.7018649 ]]","[[-0.6779575   0.37317252 -0.6333371 ]
 [ 0.05477631  0.88481486  0.46271205]
 [ 0.7330573   0.27900732 -0.620308  ]]"
20200223-140537.394763,38,[1.7131407  1.4891851  0.61286926],"[[-0.49819314 -0.03097715 -0.7077299 ]
 [-0.4658607   0.7276942  -0.05724416]
 [ 0.53398496  0.6805486  -0.05325427]
 [ 0.49963734 -0.07972001 -0.7021434 ]]","[[-0.6838373   0.36249292 -0.6332183 ]
 [ 0.04409118  0.88680094  0.4600434 ]
 [ 0.72830117  0.28667557 -0.62241024]]"
20200223-140537.394763,39,[1.7216038  1.4928071  0.60879016],"[[ 0.49885896 -0.04157135 -0.7067258 ]
 [ 0.47428018  0.72187704 -0.06150812]
 [-0.52604413  0.68625945 -0.05877959]
 [-0.49947518 -0.07882057 -0.7023532 ]]","[[ 0.6892969   0.35203332 -0.63320005]
 [-0.03387922  0.88871413  0.45720834]
 [-0.7236865   0.29369998 -0.6245146 ]]"
20200223-140537.394763,40,[1.7298827  1.4969559  0.60484385],"[[-0.4988164  -0.0420579  -0.7065626 ]
 [-0.46800265  0.725684   -0.06668875]
 [ 0.5319833   0.6811356  -0.0627902 ]
 [ 0.49914938 -0.08756901 -0.70169795]]","[[-0.68538696  0.3566605  -0.6348528 ]
 [ 0.04167095  0.8896183   0.45479986]
 [ 0.72698575  0.28525892 -0.62459505]]"
20200223-140537.394763,41,[1.7389909  1.4989218  0.60016495],"[[-0.49849525 -0.03974797 -0.70676047]
 [-0.45598027  0.73283136 -0.07337514]
 [ 0.543134    0.6716656  -0.06730944]
 [ 0.4985877  -0.10121015 -0.70041096]]","[[-0.67758673  0.36622283 -0.63777494]
 [ 0.05648781  0.89055264  0.451359  ]
 [ 0.7332702   0.26980838 -0.6241139 ]]"
20200223-140537.394763,42,[1.7481824 1.5009123 0.595673 ],"[[-0.49799272 -0.03729692 -0.7072447 ]
 [-0.4442287   0.73935914 -0.07972857]
 [ 0.55378103  0.6624654  -0.07155318]
 [ 0.49798656 -0.1144403  -0.69880515]]","[[-0.6696395   0.3754975  -0.6407687 ]
 [ 0.07085252  0.8911359   0.4481705 ]
 [ 0.7392988   0.25471276 -0.6233448 ]]"
20200223-140537.394763,43,[1.7565984  1.4977161  0.59093785],"[[-0.49866247 -0.050837   -0.7061181 ]
 [-0.45514384  0.7318491  -0.08538446]
 [ 0.543947    0.6699783  -0.07891067]
 [ 0.49829873 -0.11376087 -0.69848394]]","[[-0.6765193   0.36152303 -0.64157856]
 [ 0.05798278  0.89465135  0.44298655]
 [ 0.7341389   0.26248837 -0.62621117]]"
20200223-140537.394763,44,[1.7652657 1.4933062 0.5879884],"[[-0.4986555  -0.05385774 -0.70573753]
 [-0.4522772   0.73315924 -0.09067698]
 [ 0.5466111   0.6671514  -0.08319288]
 [ 0.49800023 -0.12035692 -0.6977044 ]]","[[-0.6744609   0.3614858  -0.64376277]
 [ 0.06172041  0.89649403  0.43873587]
 [ 0.7357261   0.25617686 -0.6269613 ]]"
20200223-140537.394763,45,[1.7739462 1.4876091 0.5844733],"[[-0.49884748 -0.0618245  -0.7049609 ]
 [-0.45588505  0.73020905 -0.09613034]
 [ 0.54335994  0.66911596 -0.08890257]
 [ 0.49807593 -0.12351619 -0.6970548 ]]","[[-0.67656326  0.35455367 -0.64540976]
 [ 0.05759169  0.8992496   0.43362817]
 [ 0.73412883  0.25620678 -0.62881863]]"
20200223-140537.394763,46,[1.7826738 1.4820727 0.5810237],"[[-0.499015   -0.06947695 -0.704146  ]
 [-0.4592042   0.727386   -0.10144119]
 [ 0.54035175  0.6708333  -0.0945103 ]
 [ 0.4981318  -0.12674795 -0.69638723]]","[[-0.6785002   0.34792224 -0.6469834 ]
 [ 0.05377385  0.9018892   0.42860714]
 [ 0.73262924  0.2560193  -0.63064116]]"
20200223-140537.394763,47,[1.7908107 1.4816701 0.5770806],"[[-0.49937612 -0.08295295 -0.7027248 ]
 [-0.47219363  0.7181787  -0.10507561]
 [ 0.5282892   0.67981577 -0.10098805]
 [ 0.4985658  -0.12324278 -0.6963755 ]]","[[-0.6867871   0.33240193 -0.6463996 ]
 [ 0.03787689  0.90446424  0.42486456]
 [ 0.725871    0.26730785 -0.63376474]]"
20200223-140537.394763,48,[1.8002665 1.4788485 0.5725767],"[[-0.49947003 -0.08662792 -0.7020708 ]
 [-0.46874976  0.7196242  -0.11148137]
 [ 0.5315424   0.67630816 -0.10630136]
 [ 0.4982636  -0.13131757 -0.6952475 ]]","[[-0.68447596  0.33269024 -0.6486986 ]
 [ 0.0423521   0.9064472   0.4201907 ]
 [ 0.72780436  0.26013666 -0.63453144]]"
20200223-140537.394763,49,[1.8098493  1.4749154  0.56750464],"[[-0.49962783 -0.09466571 -0.7009551 ]
 [-0.4709558   0.71711946 -0.11789729]
 [ 0.5294603   0.6768886  -0.11300902]
 [ 0.4982417  -0.1363828  -0.69425595]]","[[-0.68578374  0.32672063 -0.65034956]
 [ 0.03977106  0.9090639   0.4147546 ]
 [ 0.72671795  0.25856674 -0.63641524]]"
20200223-140537.394763,50,[1.8184732 1.4801239 0.5641304],"[[-0.49980736 -0.09528071 -0.700599  ]
 [-0.4669      0.7193012  -0.12163929]
 [ 0.5332761   0.67326826 -0.11573111]
 [ 0.49780932 -0.14225939 -0.6935211 ]]","[[-0.68317676  0.33005422 -0.6514093 ]
 [ 0.04495787  0.9093498   0.4135965 ]
 [ 0.7288682   0.25327355 -0.6360849 ]]"
20200223-140537.394763,51,[1.827495  1.4806821 0.5610793],"[[-0.49991298 -0.10322591 -0.6995433 ]
 [-0.47336018  0.71439743 -0.12459788]
 [ 0.5272189   0.67741865 -0.12023971]
 [ 0.4980537  -0.14172043 -0.69329417]]","[[-0.6872805   0.32171258 -0.6512655 ]
 [ 0.03698598  0.9109114   0.41094136]
 [ 0.72545004  0.25834438 -0.63795036]]"
20200223-140537.394763,52,[1.8365169 1.4855729 0.5576972],"[[-0.5001512  -0.11008835 -0.6983303 ]
 [-0.47877458  0.71032506 -0.12715179]
 [ 0.5220497   0.6807159  -0.12410648]
 [ 0.49808472 -0.14122637 -0.693372  ]]","[[-0.6909415   0.31517464 -0.65058815]
 [ 0.03018843  0.91175103  0.40963304]
 [ 0.72228026  0.26339227 -0.63948125]]"
20200223-140537.394763,53,[1.8456249  1.4836221  0.55363476],"[[-0.5002833  -0.11902124 -0.6967957 ]
 [-0.48449573  0.7056034  -0.13153484]
 [ 0.5165289   0.68387777 -0.12983453]
 [ 0.49817526 -0.14236924 -0.6930494 ]]","[[-0.6947061   0.30637842 -0.650781  ]
 [ 0.02297912  0.9137413   0.4056463 ]
 [ 0.71892667  0.26685065 -0.641822  ]]"
20200223-140537.394763,54,[1.8542557 1.4890686 0.5504685],"[[-0.5001426  -0.11906186 -0.6970187 ]
 [-0.48051006  0.7075609  -0.13483985]
 [ 0.52040404  0.6806297  -0.13223961]
 [ 0.4981434  -0.14807044 -0.69173366]]","[[-0.6918182   0.31012335 -0.65208215]
 [ 0.02813629  0.9139632   0.40482035]
 [ 0.7215233   0.26171482 -0.64102215]]"
20200223-140537.394763,55,[1.8639778  1.4850744  0.54806054],"[[-0.50022    -0.12083115 -0.6965243 ]
 [-0.47738442  0.7089866  -0.13915718]
 [ 0.52340895  0.67754173 -0.13546933]
 [ 0.49792272 -0.15386839 -0.69075155]]","[[-0.6897041   0.31087118 -0.6539629 ]
 [ 0.03222799  0.91543394  0.40117604]
 [ 0.7233739   0.25561687 -0.64139724]]"
20200223-140537.394763,56,[1.8725853 1.4892762 0.5443057],"[[-0.50026315 -0.1306729  -0.6948555 ]
 [-0.48676562  0.7019673  -0.14144376]
 [ 0.51438063  0.6836051  -0.14037621]
 [ 0.49820536 -0.15116344 -0.69098765]]","[[-0.69589484  0.29988182 -0.6525345 ]
 [ 0.02028709  0.9164869   0.3995499 ]
 [ 0.71785724  0.26480672 -0.6438621 ]]"
20200223-140537.394763,57,[1.8816206 1.4932498 0.5405948],"[[-0.5004717  -0.1345257  -0.69381815]
 [-0.48710647  0.7011743  -0.14498991]
 [ 0.514059    0.6829611  -0.14387162]
 [ 0.49799478 -0.15434292 -0.6905764 ]]","[[-0.6962828   0.29836917 -0.652814  ]
 [ 0.01989597  0.91717964  0.39797693]
 [ 0.7174917   0.2641161  -0.6445528 ]]"
20200223-140537.394763,58,[1.8901874  1.4945757  0.53799397],"[[-0.50046766 -0.14068751 -0.6925836 ]
 [-0.4917439   0.6974444  -0.14737953]
 [ 0.50955796  0.6855734  -0.14747907]
 [ 0.4980669  -0.15416573 -0.6905485 ]]","[[-0.6993721   0.29207677 -0.6523569 ]
 [ 0.01393909  0.91809654  0.39611134]
 [ 0.7146217   0.26793596 -0.6461624 ]]"
20200223-140537.394763,59,[1.8989992 1.4957964 0.5354031],"[[-0.500456   -0.14105597 -0.6924979 ]
 [-0.4879546   0.69936854 -0.1509067 ]
 [ 0.51330966  0.68225455 -0.14987811]
 [ 0.4979529  -0.15973413 -0.68935496]]","[[-0.6967578   0.2949278  -0.65387005]
 [ 0.01890534  0.91879684  0.39427763]
 [ 0.7170571   0.2623542  -0.6457547 ]]"
20200223-140537.394763,60,[1.9084287 1.4983175 0.5312812],"[[-0.50049424 -0.14819661 -0.6909864 ]
 [-0.49251935  0.69541305 -0.15428138]
 [ 0.5088268   0.6845712  -0.15454796]
 [ 0.4980213  -0.16062626 -0.68909353]]","[[-0.69982404  0.28845167 -0.6534842 ]
 [ 0.01303254  0.9198439   0.39206782]
 [ 0.71419626  0.26586193 -0.64748824]]"
20200223-140537.394763,61,[1.9174477  1.5006025  0.52937376],"[[-0.50023913 -0.15591381 -0.6896058 ]
 [-0.50080615  0.68912816 -0.15513718]
 [ 0.5006155   0.6900037  -0.15789929]
 [ 0.4983355  -0.15712476 -0.68952453]]","[[-0.70519096  0.2786422  -0.65196955]
 [ 0.00223907  0.9204102   0.3909479 ]
 [ 0.70901394  0.2742331  -0.64968884]]"
20200223-140537.394763,62,[1.926835   1.4961479  0.52667326],"[[-0.5002134  -0.15996112  0.6886825 ]
 [-0.5009188   0.68815553  0.15910578]
 [ 0.5005397   0.68914527  0.16189115]
 [ 0.49832398 -0.16103822  0.6886167 ]]","[[-0.70524496  0.27583665  0.65310293]
 [ 0.00212477  0.9220261  -0.38712147]
 [ 0.7089604   0.27162787  0.6508404 ]]"
20200223-140537.394763,63,[1.9362237  1.4918001  0.52403307],"[[-0.50017214 -0.16383779  0.6877789 ]
 [-0.50088584  0.6872808   0.16303854]
 [ 0.50061005  0.6881777   0.16576214]
 [ 0.49832797 -0.16496512  0.6876783 ]]","[[-0.7052097   0.27321345  0.6542428 ]
 [ 0.00217569  0.9235995  -0.3833524 ]
 [ 0.7089954   0.2689204   0.6519257 ]]"
20200223-140537.394763,64,[1.9452411 1.4892641 0.5219555],"[[-0.5003347  -0.16457905  0.6873239 ]
 [-0.49732974  0.6891367   0.1667866 ]
 [ 0.50421494  0.6847989   0.16825294]
 [ 0.49809203 -0.17045459  0.6866288 ]]","[[-0.7029254   0.27511844  0.65590066]
 [ 0.00690812  0.92476    -0.38048843]
 [ 0.71123016  0.26292393  0.65193766]]"
20200223-140537.394763,65,[1.9540507 1.4911124 0.5196032],"[[-0.49994862 -0.16959238  0.68663967]
 [-0.5011756   0.6856134   0.16862176]
 [ 0.50041354  0.68708897  0.17149946]
 [ 0.49845818 -0.17053254  0.68606156]]","[[-0.70517975  0.26998502  0.65561384]
 [ 0.00187665  0.9253724  -0.37905455]
 [ 0.709026    0.2660712   0.65306056]]"
20200223-140537.394763,66,[1.9640096  1.4876615  0.51769704],"[[-0.49972907 -0.17500469  0.68556505]
 [-0.5047373   0.68225914  0.17102109]
 [ 0.49684286  0.6889028   0.17516732]
 [ 0.4986568  -0.17119923  0.68561554]]","[[-0.7074391   0.26386702  0.6556707 ]
 [-0.00283451  0.92662805 -0.3759689 ]
 [ 0.7067688   0.26783368  0.65478486]]"
20200223-140537.394763,67,[1.9740543  1.4863731  0.51423836],"[[ 0.4994907  -0.18108265  0.68426675]
 [ 0.5079016   0.67892694  0.17440125]
 [-0.49364674  0.69016445  0.17968391]
 [-0.49885696 -0.17303222  0.684892  ]]","[[ 0.70946324  0.25812504  0.65576917]
 [ 0.00709011  0.9278477  -0.37289187]
 [-0.7047067   0.26920256  0.6564438 ]]"
20200223-140537.394763,68,[1.9830264 1.4882284 0.5120082],"[[ 0.49942297 -0.18566628  0.6830547 ]
 [ 0.511086    0.6760987   0.17621651]
 [-0.49043182  0.69167846  0.18260346]
 [-0.49884334 -0.1732054   0.6848655 ]]","[[ 0.71166867  0.25354075  0.6551679 ]
 [ 0.01135824  0.92832834 -0.37158787]
 [-0.7024236   0.271889    0.6577825 ]]"
20200223-140537.394763,69,[1.9931773 1.4849032 0.5102133],"[[ 0.49920452 -0.19041172  0.68201536]
 [ 0.513862    0.6732565   0.17854023]
 [-0.48759192  0.6928989   0.18603976]
 [-0.49899417 -0.17424148  0.68437415]]","[[ 0.71347415  0.24822429  0.65524   ]
 [ 0.01516548  0.9294568  -0.36861923]
 [-0.7005175   0.2729373   0.6593789 ]]"
20200223-140537.394763,70,[2.0037398 1.4865359 0.5059489],"[[ 0.49917635 -0.19419421  0.68095994]
 [ 0.51355636  0.67242277  0.18256097]
 [-0.4878979   0.6915945   0.1899819 ]
 [-0.49903762 -0.17841902  0.6832803 ]]","[[ 0.71330655  0.24685736  0.6559384 ]
 [ 0.0148187   0.9303941  -0.36626127]
 [-0.70069546  0.27097675  0.6599981 ]]"
20200223-140537.394763,71,[2.0133157  1.497838   0.50389254],"[[ 0.49894756 -0.19907133  0.679696  ]
 [ 0.519898    0.6677481   0.18186903]
 [-0.48132262  0.6957477   0.19146858]
 [-0.4990853  -0.17440774  0.68430763]]","[[ 0.7176066   0.24106573  0.65339756]
 [ 0.0234197   0.9293013  -0.3685794 ]
 [-0.696055    0.27979726  0.6612268 ]]"
20200223-140537.394763,72,[2.0227554 1.5024524 0.500915 ],"[[ 0.49871126 -0.20121351  0.6793528 ]
 [ 0.51959455  0.66718686  0.18431363]
 [-0.48164508  0.6949945   0.1938531 ]
 [-0.49932638 -0.17708126  0.6833221 ]]","[[ 0.7172479   0.2410123   0.6538109 ]
 [ 0.02306722  0.9295539  -0.36796403]
 [-0.6964364   0.27900308  0.66116095]]"
20200223-140537.394763,73,[2.0331566 1.5036823 0.4990436],"[[ 0.49843812 -0.20501125  0.67851377]
 [ 0.5221688   0.6646419   0.1858348 ]
 [-0.47896293  0.69624305  0.1964095 ]
 [-0.4994938  -0.17738914  0.68301404]]","[[ 0.71889067  0.23710178  0.6534365 ]
 [ 0.02662946  0.929946   -0.36673114]
 [-0.6946132   0.28104025  0.6622154 ]]"
20200223-140537.394763,74,[2.0426705  1.5039726  0.49657622],"[[ 0.49826077 -0.20726816  0.6780626 ]
 [ 0.5215862   0.6642007   0.18860929]
 [-0.47957733  0.69517845  0.19908525]
 [-0.49968976 -0.18056723  0.6819256 ]]","[[ 0.7184038   0.23645565  0.65420544]
 [ 0.02591758  0.93070406 -0.364854  ]
 [-0.6951434   0.2790679   0.6624928 ]]"
20200223-140537.394763,75,[2.0522118  1.5042278  0.49417263],"[[ 0.4980816  -0.20945914  0.6776198 ]
 [ 0.5209848   0.6637811   0.19133937]
 [-0.48021117  0.6941038   0.20168434]
 [-0.4998875  -0.18368992  0.68084073]]","[[ 0.71790147  0.23585983  0.65497166]
 [ 0.02517644  0.93144345 -0.3630144 ]
 [-0.6956896   0.2770984   0.66274625]]"
20200223-140537.394763,76,[2.0619624  1.5005294  0.49204206],"[[ 0.49812126 -0.21209195  0.6767224 ]
 [ 0.52023846  0.66347367  0.19459407]
 [-0.48102403  0.69261664  0.20473404]
 [-0.49984294 -0.18735537  0.67990005]]","[[ 0.7175104   0.23442905  0.65591294]
 [ 0.02422464  0.9326946  -0.35985294]
 [-0.6961264   0.27408758  0.6635391 ]]"
20200223-140537.394763,77,[2.0720627  1.4953177  0.48949373],"[[ 0.49841356 -0.21320815  0.6759776 ]
 [ 0.5163768   0.66535246  0.19910091]
 [-0.48505744  0.6887258   0.20768745]
 [-0.49965787 -0.19366246  0.67843866]]","[[ 0.7151674   0.23601994  0.6578983 ]
 [ 0.01909077  0.9343151  -0.35593647]
 [-0.6986925   0.26711398  0.6636859 ]]"
20200223-140537.394763,78,[2.0819025  1.4918472  0.48745194],"[[ 0.49843428 -0.21587956  0.67507786]
 [ 0.5158526   0.6648608   0.20221081]
 [-0.48563048  0.68740356  0.21065041]
 [-0.4996225  -0.19706023  0.6775008 ]]","[[ 0.71489114  0.23440786  0.6587744 ]
 [ 0.01842959  0.9354911  -0.35286978]
 [-0.69899285  0.26440436  0.66445416]]"
20200223-140537.394763,79,[2.0915663  1.4968344  0.48478317],"[[ 0.49856994 -0.21772358  0.67423123]
 [ 0.51555437  0.6646252   0.20430695]
 [-0.4859524   0.68644255  0.21250066]
 [-0.49948183 -0.19916356  0.6771369 ]]","[[ 0.7148879   0.23450798  0.6587421 ]
 [ 0.01806692  0.9355749  -0.35266557]
 [-0.69900566  0.26401773  0.6645944 ]]"
20200223-140537.394763,80,[2.1016104 1.4960251 0.4820782],"[[ 0.49861807 -0.21846685  0.6739383 ]
 [ 0.5122517   0.6660553   0.207995  ]
 [-0.48934126  0.68327665  0.21481663]
 [-0.49952376 -0.20439251  0.67557347]]","[[ 0.7126392   0.23662776  0.66041857]
 [ 0.01367948  0.9365305  -0.3503195 ]
 [-0.70139754  0.25868568  0.6641713 ]]"
20200223-140537.394763,81,[2.1114233  1.5049276  0.47926787],"[[ 0.49843687 -0.2235323   0.672373  ]
 [ 0.5176103   0.66185665  0.20826223]
 [-0.48380232  0.6864168   0.21718632]
 [-0.4995754  -0.2020176   0.6762923 ]]","[[ 0.7164252   0.23117273  0.65825087]
 [ 0.02102503  0.93592435 -0.35157272]
 [-0.6973472   0.26571527  0.6656594 ]]"
20200223-140537.394763,82,[2.1219127  1.5038974  0.47667187],"[[ 0.4983813  -0.22786112  0.6709139 ]
 [ 0.5196467   0.65952986  0.21072072]
 [-0.4816772   0.6867996   0.22049443]
 [-0.49957007 -0.20348425  0.6759095 ]]","[[ 0.7179682   0.2270274   0.6580121 ]
 [ 0.02392489  0.9367096  -0.34928867]
 [-0.6956644   0.2665211   0.6670963 ]]"
20200223-140537.394763,83,[2.1318743 1.50266   0.4758665],"[[ 0.49840942 -0.22907664  0.67044735]
 [ 0.51907146  0.65946466  0.21244489]
 [-0.4823051   0.68585634  0.22201224]
 [-0.49953473 -0.20550461  0.6753356 ]]","[[ 0.71765524  0.22646588  0.6585473 ]
 [ 0.02318873  0.9373516  -0.34761307]
 [-0.6960127   0.26473716  0.6674436 ]]"
20200223-140537.394763,84,[2.1426651  1.4996493  0.47461691],"[[ 0.49822187 -0.23255105  0.6694623 ]
 [ 0.52094406  0.65733355  0.21419996]
 [-0.48035797  0.68644047  0.22467886]
 [-0.4996483  -0.20647557  0.67487603]]","[[ 0.7189404   0.2224336   0.65851957]
 [ 0.02586084  0.9381963  -0.34513608]
 [-0.6945905   0.26516202  0.6687548 ]]"
20200223-140537.394763,85,[2.152201   1.5009253  0.47245622],"[[ 0.49862698 -0.2308476   0.6694839 ]
 [ 0.5150716   0.6610578   0.21783528]
 [-0.48649177  0.6815463   0.22555234]
 [-0.4993982  -0.21261877  0.67339885]]","[[ 0.7151849   0.22824222  0.66061795]
 [ 0.01791401  0.9388811  -0.34377533]
 [-0.69870573  0.25769717  0.667385  ]]"
20200223-140537.394763,86,[2.162242   1.5043122  0.47153464],"[[ 0.49859658 -0.23151551  0.66924727]
 [ 0.51476073  0.6610102   0.21880776]
 [-0.48683947  0.68102854  0.22633006]
 [-0.49940994 -0.21369688  0.67305756]]","[[ 0.71499574  0.22859722  0.6607001 ]
 [ 0.01752426  0.93887633 -0.34380853]
 [-0.6989094   0.25739983  0.6672865 ]]"
20200223-140537.394763,87,[2.1720443 1.5117798 0.4703701],"[[ 0.498368   -0.2317783   0.6694411 ]
 [ 0.51473325  0.6607967   0.21913597]
 [-0.48687056  0.6810327   0.22663447]
 [-0.49963617 -0.21405904  0.6726552 ]]","[[ 0.7147885   0.22970638  0.66053945]
 [ 0.01750523  0.9383448  -0.34525776]
 [-0.69912153  0.2583492   0.6666969 ]]"
20200223-140537.394763,88,[2.1819139  1.5191323  0.46922392],"[[ 0.4985016  -0.23201329  0.6691072 ]
 [ 0.51450336  0.6609947   0.21959783]
 [-0.48712024  0.6806327   0.22681312]
 [-0.49949634 -0.21446587  0.67277676]]","[[ 0.7148138   0.23087026  0.6601063 ]
 [ 0.01722897  0.9378323  -0.34666115]
 [-0.69910264  0.25917113  0.66639775]]"
20200223-140537.394763,89,[2.1916306  1.5171652  0.46795544],"[[ 0.49827242 -0.23552305  0.6681211 ]
 [ 0.5166474   0.65871006  0.2211765 ]
 [-0.48495     0.6814265   0.22940427]
 [-0.49962333 -0.21514551  0.6723608 ]]","[[ 0.716238    0.22691607  0.65993357]
 [ 0.02019163  0.93852407 -0.3446229 ]
 [-0.6975639   0.2601572   0.66762483]]"
20200223-140537.394763,90,[2.2021983  1.5122247  0.46583757],"[[ 0.4985284  -0.2365755   0.66741234]
 [ 0.5134748   0.6600327   0.22507508]
 [-0.4882336   0.6780842   0.23187338]
 [-0.4994407  -0.2204326   0.67092216]]","[[ 0.71424884  0.22803591  0.661701  ]
 [ 0.01595219  0.93988353 -0.3411225 ]
 [-0.69970995  0.25420198  0.6676731 ]]"
20200223-140537.394763,91,[2.2119305  1.5105082  0.46462953],"[[ 0.49831495 -0.23997657  0.6664245 ]
 [ 0.515584    0.6577954   0.2265687 ]
 [-0.48610222  0.6788598   0.23438482]
 [-0.4995601  -0.22105522  0.670529  ]]","[[ 0.7156604   0.22419143  0.6614896 ]
 [ 0.01886208  0.94053525 -0.33917218]
 [-0.69819385  0.25520912  0.66887516]]"
20200223-140537.394763,92,[2.2225382  1.510148   0.46219856],"[[ 0.49848944 -0.24055633  0.66593933]
 [ 0.51251584  0.6591809   0.22995223]
 [-0.48927048  0.6757825   0.23623222]
 [-0.4994495  -0.22567791  0.6692095 ]]","[[ 0.7136884   0.22625913  0.6629144 ]
 [ 0.01478026  0.941319   -0.3371937 ]
 [-0.70030725  0.2504493   0.6684645 ]]"
20200223-140537.394763,93,[2.2340217  1.5079697  0.45940804],"[[ 0.49849966 -0.24341552  0.6648759 ]
 [ 0.512109    0.6583885   0.23315942]
 [-0.48967808  0.67438966  0.23927696]
 [-0.4994577  -0.22906779  0.6680742 ]]","[[ 0.7134638   0.22473253  0.663675  ]
 [ 0.01429061  0.942307   -0.33444497]
 [-0.7005463   0.24809873  0.6690904 ]]"
20200223-140537.394763,94,[2.244005   1.5089209  0.45766655],"[[ 0.4986837  -0.24506982  0.66398466]
 [ 0.51174027  0.6581326   0.23513804]
 [-0.49006262  0.6733365   0.24101119]
 [-0.4992744  -0.2311281   0.66764355]]","[[ 0.7134291   0.22423911  0.6638792 ]
 [ 0.01383597  0.9427219  -0.33329275]
 [-0.7005907   0.24696617  0.6694626 ]]"
20200223-140537.394763,95,[2.2542171  1.5059716  0.45615676],"[[ 0.4986735  -0.24717705  0.663176  ]
 [ 0.51130176  0.657607    0.23765516]
 [-0.49053547  0.6721502   0.24329549]
 [-0.49926987 -0.23381828  0.66672707]]","[[ 0.71317255  0.22289713  0.66460645]
 [ 0.01329705  0.94362676 -0.33074436]
 [-0.70086235  0.2447151   0.67000484]]"
20200223-140537.394763,96,[2.263963   1.5153786  0.45388404],"[[ 0.49861246 -0.2478238   0.6629794 ]
 [ 0.5111716   0.6574258   0.23844293]
 [-0.490651    0.67182153  0.24392493]
 [-0.4993504  -0.23458563  0.66641134]]","[[ 0.71307266  0.22429785  0.6642423 ]
 [ 0.01316744  0.94299036 -0.33255962]
 [-0.70096636  0.24588555  0.6694674 ]]"
20200223-140537.394763,97,[2.2742257  1.5144392  0.45339614],"[[ 0.49861008 -0.24891303  0.6625507 ]
 [ 0.510877    0.65718126  0.23980878]
 [-0.49097586  0.67113453  0.24514464]
 [-0.49933514 -0.23607951  0.6658998 ]]","[[ 0.7128961   0.22362942  0.6646572 ]
 [ 0.01278744  0.94348806 -0.3311597 ]
 [-0.70115316  0.24458167  0.66974926]]"
20200223-140537.394763,98,[2.2837384  1.513127   0.45239365],"[[ 0.49876073 -0.2489452   0.66229135]
 [ 0.50823075  0.6584731   0.24228248]
 [-0.49371234  0.66860384  0.24624188]
 [-0.499187   -0.23960118  0.66485673]]","[[ 0.7111418   0.2254076   0.66593444]
 [ 0.00922683  0.94413596 -0.32942724]
 [-0.7029881   0.2404139   0.6693347 ]]"
20200223-140537.394763,99,[2.2935262 1.5181549 0.4505642],"[[ 0.49873737 -0.24998644  0.66190815]
 [ 0.5080423   0.6581778   0.24350491]
 [-0.4938855   0.6680572   0.24731012]
 [-0.49923065 -0.24084891  0.664395  ]]","[[ 0.7110241   0.22585967  0.66590697]
 [ 0.00901841  0.9440033  -0.32981268]
 [-0.70311     0.24051017  0.6691723 ]]"
20200223-140537.394763,100,[2.3045177  1.515471   0.44974956],"[[ 0.49890986 -0.2500812   0.66163206]
 [ 0.5054754   0.6593703   0.24594204]
 [-0.49649075  0.66558516  0.24843828]
 [-0.4990801  -0.2443083   0.66335046]]","[[ 0.7093192   0.22722904  0.66725814]
 [ 0.00557484  0.9447785  -0.32766247]
 [-0.7048656   0.2361371   0.66888267]]"
20200223-140537.394763,101,[2.3149116 1.5145669 0.4493497],"[[ 0.4988972  -0.2511913   0.6612075 ]
 [ 0.5053167   0.65903306  0.24720763]
 [-0.49667242  0.665012    0.2496132 ]
 [-0.49907282 -0.24563801  0.6628623 ]]","[[ 0.70922023  0.2264411   0.6676314 ]
 [ 0.00537394  0.945248   -0.3263093 ]
 [-0.7049669   0.23501287  0.66917187]]"
20200223-140537.394763,102,[2.3248777  1.5195873  0.44753784],"[[ 0.4989881  -0.25521305  0.6595485 ]
 [ 0.5096734   0.65572315  0.24719913]
 [-0.49223882  0.6674062   0.25182432]
 [-0.49894398 -0.24384885  0.6636813 ]]","[[ 0.712549    0.22164911  0.6656919 ]
 [ 0.01127975  0.9450479  -0.32673734]
 [-0.7015317   0.24032515  0.6708927 ]]"
20200223-140537.394763,103,[2.3358848  1.5151011  0.44579926],"[[ 0.4991425  -0.25617927  0.65892744]
 [ 0.5069538   0.656654    0.25068012]
 [-0.49500796  0.6644517   0.25383627]
 [-0.4988202  -0.24835746  0.66222465]]","[[ 0.7107601   0.22244884  0.66733557]
 [ 0.00768132  0.9461709  -0.32357648]
 [-0.7033927   0.23511131  0.67079186]]"
20200223-140537.394763,104,[2.3471825  1.5145788  0.44600552],"[[ 0.49900708 -0.25818658  0.65833473]
 [ 0.5089989   0.65492636  0.2507957 ]
 [-0.4929362   0.66562057  0.25506705]
 [-0.49892494 -0.24770984  0.662297  ]]","[[ 0.71217084  0.21939248  0.66684306]
 [ 0.01047585  0.9464835  -0.32258248]
 [-0.70192796  0.23671961  0.6717596 ]]"
20200223-140537.394763,105,[2.3591263  1.5103962  0.44485807],"[[ 0.49903348 -0.26021764  0.65750945]
 [ 0.50870603  0.65428144  0.2530789 ]
 [-0.4932237   0.6645564   0.2572412 ]
 [-0.4989129  -0.25013438  0.66140693]]","[[ 0.71201277  0.21767364  0.6675748 ]
 [ 0.01012256  0.94745505 -0.31972942]
 [-0.7020937   0.234409    0.6723964 ]]"
20200223-140537.394763,106,[2.369608  1.5114349 0.4433684],"[[ 0.49896014 -0.26449025  0.6559149 ]
 [ 0.51279324  0.65084267  0.2535267 ]
 [-0.489053    0.6666523   0.25993553]
 [-0.49890813 -0.24904533  0.6617653 ]]","[[ 0.7149969   0.21223603  0.66613483]
 [ 0.01569055  0.9476969  -0.31878555]
 [-0.6989518   0.23838261  0.6742702 ]]"
20200223-140537.394763,107,[2.378807   1.51458    0.44232264],"[[ 0.49884382 -0.26390922  0.65624297]
 [ 0.5104236   0.65204585  0.255199  ]
 [-0.49148843  0.6647556   0.2602381 ]
 [-0.4990611  -0.2515714   0.66067743]]","[[ 0.7132029   0.21495016  0.66718686]
 [ 0.01252851  0.9477607  -0.31873643]
 [-0.7008458   0.23568255  0.6732525 ]]"
20200223-140537.394763,108,[2.3880851  1.5176318  0.44130656],"[[ 0.49914435 -0.26330957  0.65603566]
 [ 0.5079783   0.6535361   0.25688398]
 [-0.4939939   0.6625592   0.26051086]
 [-0.4987816  -0.25411406  0.66012275]]","[[ 0.7117246   0.21761553  0.6679007 ]
 [ 0.00925135  0.94781816 -0.31867674]
 [-0.7023975   0.23298906  0.67257243]]"
20200223-140537.394763,109,[2.3976302  1.5206012  0.44028756],"[[ 0.49879333 -0.2656748   0.6555401 ]
 [ 0.5101413   0.6514897   0.25725496]
 [-0.491805    0.66378754  0.26208055]
 [-0.49908817 -0.2537007   0.6598492 ]]","[[ 0.7130052   0.21517347  0.6673259 ]
 [ 0.01216169  0.94780886 -0.3186069 ]
 [-0.7010534   0.23528418  0.6731757 ]]"
20200223-140537.394763,110,[2.4085357 1.5242741 0.439878 ],"[[ 0.4985014  -0.26878622  0.65465295]
 [ 0.51429564  0.6483376   0.25648996]
 [-0.48756704  0.66649425  0.2636087 ]
 [-0.49927443 -0.2513921   0.66041887]]","[[ 0.7158253   0.21071465  0.66572785]
 [ 0.01779594  0.94756836 -0.31905735]
 [-0.69805264  0.24023657  0.67454344]]"
20200223-140537.394763,111,[2.419087   1.5215724  0.43870568],"[[ 0.49850044 -0.27053854  0.6538924 ]
 [ 0.51382995  0.6478766   0.2586869 ]
 [-0.48806486  0.66533625  0.2655335 ]
 [-0.49926794 -0.25375614  0.65954363]]","[[ 0.71555954  0.20958316  0.66637045]
 [ 0.0172412   0.9483419  -0.31678125]
 [-0.698339    0.23816486  0.6749818 ]]"
20200223-140537.394763,112,[2.4303715  1.5211515  0.43695292],"[[ 0.4985683  -0.27353427  0.6525352 ]
 [ 0.5153678   0.64610153  0.26022133]
 [-0.48647004  0.6654818   0.26790103]
 [-0.49917185 -0.25468707  0.6593265 ]]","[[ 0.7168419   0.20655145  0.6659385 ]
 [ 0.01943065  0.94882333 -0.31520858]
 [-0.69696504  0.23889436  0.676143  ]]"
20200223-140537.394763,113,[2.4417026  1.5271516  0.43601608],"[[ 0.4986048  -0.27497858  0.6518591 ]
 [ 0.5171161   0.6448308   0.260017  ]
 [-0.48465237  0.6664671   0.26860762]
 [-0.49909544 -0.25377503  0.65978897]]","[[ 0.71821696  0.20525523  0.664857  ]
 [ 0.02185883  0.9483753  -0.31639633]
 [-0.69547594  0.2417742   0.67665255]]"
20200223-140537.394763,114,[2.451448   1.5301006  0.43509504],"[[ 0.49862036 -0.2769985   0.65093553]
 [ 0.5187787   0.643368    0.26047507]
 [-0.48294607  0.66712105  0.26993498]
 [-0.49900866 -0.25357294  0.6599776 ]]","[[ 0.71952707  0.20320113  0.664071  ]
 [ 0.02417843  0.9483249  -0.31637838]
 [-0.6940436   0.24369895  0.67743224]]"
20200223-140537.394763,115,[2.4622123  1.5341008  0.43309462],"[[ 0.49848464 -0.27674577  0.6511596 ]
 [ 0.5162976   0.644482    0.26261505]
 [-0.48549604  0.66501594  0.27055103]
 [-0.49924296 -0.25653157  0.6586551 ]]","[[ 0.717689    0.20603976  0.6651844 ]
 [ 0.02092294  0.9484137  -0.3163441 ]
 [-0.6960494   0.2409543   0.67635506]]"
20200223-140537.394763,116,[2.4739614 1.5314051 0.432567 ],"[[ 0.49838522 -0.27928936  0.65021056]
 [ 0.5178539   0.64273334  0.26366258]
 [-0.4838882   0.6654394   0.27255628]
 [-0.4992912  -0.25706407  0.6583477 ]]","[[ 0.7188008   0.20276324  0.66499054]
 [ 0.02310782  0.949027   -0.31434697]
 [-0.69483197  0.24131933  0.6774759 ]]"
20200223-140537.394763,117,[2.4847863  1.5311157  0.43093333],"[[ 0.49829602 -0.27947247  0.65019494]
 [ 0.515302    0.6437093   0.2662917 ]
 [-0.4865074   0.66305876  0.2736415 ]
