Timestamp,Epoch,s,u,v
20200221-174637.824766,0,[1.374769   1.201096   0.68803096],"[[ 0.7041566  -0.05070052  0.4657447 ]
 [-0.49668196  0.3313467   0.80208653]
 [ 0.5070429   0.42718777  0.12538882]
 [-0.01944376  0.8397316  -0.35215998]]","[[ 0.9634806  -0.22219501 -0.14944682]
 [-0.03907025 -0.6687746   0.7424378 ]
 [ 0.26491222  0.7094856   0.65303266]]"
20200221-174637.824766,1,[1.3627217  1.2012246  0.69129443],"[[ 0.6983137  -0.03795952  0.46668798]
 [-0.5117278   0.31391305  0.7997125 ]
 [ 0.49899238  0.44025648  0.13978948]
 [-0.03872064  0.8403522  -0.35088643]]","[[ 0.9700443  -0.19928451 -0.13892366]
 [-0.03301998 -0.6747288   0.73732686]
 [ 0.2406736   0.71065235  0.66109705]]"
20200221-174637.824766,2,[1.3489096 1.2031817 0.6944711],"[[ 0.69105345 -0.03132443  0.4689588 ]
 [-0.52437365  0.30491742  0.7950189 ]
 [ 0.495149    0.44806793  0.1532196 ]
 [-0.04801435  0.83980924 -0.3529112 ]]","[[ 0.9744716  -0.18662739 -0.12480152]
 [-0.03531142 -0.6763672   0.7357176 ]
 [ 0.22171673  0.7125291   0.66569066]]"
20200221-174637.824766,3,[1.3389993 1.2047428 0.697188 ],"[[ 0.68436307 -0.02689277  0.46994382]
 [-0.5349812   0.2962933   0.7911945 ]
 [ 0.4922683   0.4545634   0.16635971]
 [-0.05580467  0.839559   -0.3542438 ]]","[[ 0.9778275  -0.17607632 -0.11335953]
 [-0.03720956 -0.67879826  0.73338157]
 [ 0.20607936  0.7129026   0.6702994 ]]"
20200221-174637.824766,4,[1.335824  1.2059542 0.6990995],"[[ 0.6794441  -0.02662512  0.46795076]
 [-0.5408582   0.28934056  0.7897183 ]
 [ 0.49208584  0.45832577  0.17817767]
 [-0.06066238  0.8399469  -0.35442916]]","[[ 0.9794336  -0.17027803 -0.10823755]
 [-0.03790795 -0.6821919   0.73019   ]
 [ 0.19817407  0.7110694   0.6746166 ]]"
20200221-174637.824766,5,[1.3266233  1.2075411  0.70169795],"[[ 0.67266464 -0.02175481  0.46897382]
 [-0.5517657   0.27980724  0.78550774]
 [ 0.48815477  0.46517196  0.19125856]
 [-0.06914891  0.839553   -0.3556136 ]]","[[ 0.98260206 -0.15865423 -0.09655137]
 [-0.03907678 -0.684837    0.7276477 ]
 [ 0.18156636  0.7112152   0.6791219 ]]"
20200221-174637.824766,6,[1.3177631 1.2092031 0.7043165],"[[ 0.66582423 -0.01498935  0.46975958]
 [-0.563354    0.26836032  0.78113633]
 [ 0.48256725  0.47345337  0.20440692]
 [-0.08024587  0.8388087  -0.35688928]]","[[ 0.98594505 -0.14395253 -0.0847958 ]
 [-0.0380418  -0.6876453   0.7250497 ]
 [ 0.16268218  0.7116331   0.68345654]]"
20200221-174637.824766,7,[1.3123174  1.2105912  0.70646006],"[[ 0.6598771  -0.01246967  0.46912053]
 [-0.5717154   0.25943992  0.77790016]
 [ 0.47969294  0.4787602   0.21683908]
 [-0.08716888  0.8386441  -0.35746112]]","[[ 0.9879445  -0.13475856 -0.07619624]
 [-0.03855701 -0.69087684  0.72194356]
 [ 0.1499303   0.7103022   0.68774384]]"
20200221-174637.824766,8,[1.303942   1.2115422  0.70773745],"[[ 0.6522411   0.00202796  0.47077882]
 [-0.58760816  0.23756461  0.77282757]
 [ 0.46619576  0.4929428   0.23170802]
 [-0.10936186  0.8369984  -0.35695392]]","[[ 0.9922974  -0.10638525 -0.0634686 ]
 [-0.02879421 -0.69638526  0.7170903 ]
 [ 0.12048643  0.7097392   0.6940846 ]]"
20200221-174637.824766,9,[1.2963094  1.2112515  0.71272844],"[[ 0.64551425  0.02404405  0.47025278]
 [-0.60300636  0.20660317  0.7696201 ]
 [ 0.44621587  0.512335    0.24549666]
 [-0.14347981  0.8332166  -0.35535705]]","[[ 0.9964585  -0.06543509 -0.05281085]
 [-0.00849652 -0.7031821   0.7109592 ]
 [ 0.08365732  0.70799243  0.70124763]]"
20200221-174637.824766,10,[1.2894017 1.2108458 0.717863 ],"[[ 0.63766956 -0.0495556   0.46972552]
 [-0.618111   -0.17086715  0.7661225 ]
 [ 0.42184898 -0.5334734   0.25934145]
 [-0.18264776 -0.8268947  -0.35377464]]","[[ 0.9989552   0.01804558 -0.04198812]
 [ 0.01680727  0.70929766  0.70470876]
 [ 0.04249895 -0.7046781   0.70825326]]"
20200221-174637.824766,11,[1.2830708 1.2102249 0.7200658],"[[ 0.6275776  -0.07527503  0.47090334]
 [-0.63341016 -0.13154042  0.7610745 ]
 [ 0.39419866 -0.553823    0.27477655]
 [-0.22258772 -0.8187253  -0.35144496]]","[[ 0.9990605  -0.03183103 -0.02941296]
 [ 0.04332423  0.71532017  0.69745266]
 [-0.00116096 -0.6980717   0.7160271 ]]"
20200221-174637.824766,12,[1.2819021 1.2116462 0.7247364],"[[ 0.62406933 -0.07519799  0.466929  ]
 [-0.6359058  -0.12374427  0.7599659 ]
 [ 0.39237097 -0.55711913  0.28425184]
 [-0.22848721 -0.8177106  -0.35161066]]","[[ 0.9989333  -0.038181   -0.0259726 ]
 [ 0.04550301  0.71810085  0.6944498 ]
 [-0.00786384 -0.6948908   0.71907234]]"
20200221-174637.824766,13,[1.2762624  1.2121676  0.72528446],"[[ 0.613129   -0.09618039  0.46882007]
 [-0.6488925  -0.0888746   0.7534911 ]
 [ 0.36683172 -0.57329476  0.29920354]
 [-0.2616213  -0.8088164  -0.3506226 ]]","[[ 0.9966202  -0.08120988 -0.01238422]
 [ 0.06738621  0.7219572   0.6886485 ]
 [-0.04698419 -0.6871555   0.72498953]]"
20200221-174637.824766,14,[1.2734165 1.2114847 0.7271145],"[[ 0.60356194 -0.11578013  0.46791792]
 [-0.65681726 -0.0522667   0.74964696]
 [ 0.3416688  -0.58788127  0.3135104 ]
 [-0.29591712 -0.7989111  -0.3475532 ]]","[[ 0.99232113 -0.12363672 -0.00356018]
 [ 0.09295754  0.72648084  0.6808704 ]
 [-0.08159418 -0.675973    0.73239523]]"
20200221-174637.824766,15,[1.2687322 1.2116548 0.730281 ],"[[ 0.5910433  -0.14091714  0.46841013]
 [-0.66480625 -0.01094663  0.7439322 ]
 [ 0.3097718  -0.60443807  0.32703447]
 [-0.33577064 -0.7840133  -0.34670684]]","[[ 0.98458385 -0.1746842   0.00894648]
 [ 0.12289563  0.7272682   0.6752612 ]
 [-0.12446393 -0.6637518   0.73752445]]"
20200221-174637.824766,16,[1.2641846  1.2137157  0.73374957],"[[ 0.5785976  -0.16175912  0.46820682]
 [-0.6710983   0.0213817   0.737591  ]
 [ 0.28263202 -0.6178817   0.3382886 ]
 [-0.36738476 -0.769155   -0.3497189 ]]","[[ 0.9759497  -0.21695103  0.0213251 ]
 [ 0.14623603  0.7240924   0.6740218 ]
 [-0.16167103 -0.6546928   0.73840374]]"
20200221-174637.824766,17,[1.2613602 1.2108651 0.736879 ],"[[ 0.5594856  -0.19828506  0.46849346]
 [-0.67169434  0.08568023  0.73189443]
 [ 0.23188059 -0.6361982   0.3544812 ]
 [-0.4266544  -0.7406713  -0.3452364 ]]","[[ 0.955748   -0.2922165   0.03398867]
 [ 0.1970444   0.72165734  0.6636147 ]
 [-0.21844731 -0.62755114  0.7473021 ]]"
20200221-174637.824766,18,[1.2600574  1.2100326  0.73828256],"[[ 0.54763466 -0.21323201  0.46753407]
 [-0.67059064  0.12245809  0.727172  ]
 [ 0.20518136 -0.64335203  0.36857077]
 [-0.45640457 -0.7250065  -0.34174296]]","[[ 0.9429942  -0.3300173   0.04301883]
 [ 0.2227667   0.721933    0.65512407]
 [-0.24725898 -0.60819507  0.75429547]]"
20200221-174637.824766,19,[1.2575489  1.2095598  0.74115497],"[[ 0.52755934 -0.24276325  0.4677338 ]
 [-0.6652923   0.17604882  0.7205207 ]
 [ 0.15953276 -0.6543665   0.3819382 ]
 [-0.5036039  -0.69417435 -0.340879  ]]","[[ 0.91803175 -0.39254844  0.05588886]
 [ 0.26534483  0.7129578   0.6490636 ]
 [-0.29463518 -0.5810311   0.75867856]]"
20200221-174637.824766,20,[1.2553138 1.2106023 0.739529 ],"[[ 0.50584406 -0.26856408  0.469275  ]
 [-0.6589228   0.22627673  0.71178293]
 [ 0.11498909 -0.661404    0.39540792]
 [-0.54472005 -0.66273427 -0.34175807]]","[[ 0.8904349  -0.44968364  0.07007392]
 [ 0.3035404   0.70152515  0.64476794]
 [-0.3391002  -0.5528537   0.76115966]]"
20200221-174637.824766,21,[1.2545044 1.2114744 0.7442033],"[[ 0.49064952 -0.28606898  0.46679094]
 [-0.64978504  0.2617882   0.7074449 ]
 [ 0.08384231 -0.66566294  0.4055104 ]
 [-0.5744678  -0.6375927  -0.34232986]]","[[ 0.86833876 -0.48980802  0.07794847]
 [ 0.33248353  0.6914922   0.6413216 ]
 [-0.36802524 -0.53096783  0.76330245]]"
20200221-174637.824766,22,[1.2531176  1.2118196  0.74537945],"[[ 0.46423805 -0.3146122   0.4673519 ]
 [-0.6328592   0.31728837  0.69949275]
 [ 0.03187751 -0.66815126  0.41771612]
 [-0.6188348  -0.594913   -0.34322894]]","[[ 0.8286553  -0.5522565   0.09134272]
 [ 0.37754327  0.6718918   0.6371989 ]
 [-0.41326976 -0.4935324   0.7652673 ]]"
20200221-174637.824766,23,[1.2522995 1.2119192 0.7464871],"[[ 0.43592533 -0.3414348   0.46779132]
 [-0.610761    0.37229902  0.6914209 ]
 [-0.02090476 -0.66641915  0.42975587]
 [-0.66068417 -0.5483626  -0.34412017]]","[[ 0.78364414 -0.6123332   0.10464343]
 [ 0.42239758  0.64874834  0.6330135 ]
 [-0.4555023  -0.45185617  0.7670358 ]]"
20200221-174637.824766,24,[1.2526739 1.2110258 0.7476948],"[[ 0.4242135  -0.34771416  0.46604788]
 [-0.5974077   0.40151235  0.68611217]
 [-0.04305421 -0.6623589   0.4428549 ]
 [-0.6791858  -0.52835953 -0.3404834 ]]","[[ 0.7630817  -0.6363293   0.11309913]
 [ 0.44371814  0.6430446   0.6241859 ]
 [-0.46991557 -0.42612076  0.7730464 ]]"
20200221-174637.824766,25,[1.2527027 1.2116451 0.7522046],"[[ 0.40618318 -0.36187154  0.46358776]
 [-0.57814664  0.43537536  0.68133944]
 [-0.07544933 -0.6583576   0.45249808]
 [-0.7036114  -0.496047   -0.34074652]]","[[ 0.7312266  -0.6713143   0.12101676]
 [ 0.47221157  0.6261935   0.62040174]
 [-0.49226445 -0.39650878  0.7748916 ]]"
20200221-174637.824766,26,[1.2530949 1.2102408 0.7546637],"[[ 0.38253638  0.37735406  0.46351337]
 [-0.55217564 -0.47844782  0.67335445]
 [-0.11610301  0.6490862   0.46516693]
 [-0.73163396  0.45538867 -0.33965963]]","[[ 0.6892617   0.7119843   0.13415353]
 [ 0.5063896  -0.60584646  0.6136121 ]
 [-0.5181585   0.3550052   0.7781279 ]]"
20200221-174637.824766,27,[1.2536715 1.2109028 0.7540718],"[[ 0.36838531  0.38414803  0.4617937 ]
 [-0.53376794 -0.506187    0.6672303 ]
 [-0.14044234  0.6413859   0.47665963]
 [-0.74810433  0.42991766 -0.33814988]]","[[ 0.6623997   0.7354763   0.14248209]
 [ 0.52823794 -0.5934064   0.6073165 ]
 [-0.53121674  0.32702187  0.7815787 ]]"
20200221-174637.824766,28,[1.2545779 1.2109967 0.7568233],"[[ 0.35454145  0.3907708   0.45954025]
 [-0.5138622  -0.5324491   0.66174173]
 [-0.1640417   0.63314205  0.48746508]
 [-0.76376486  0.40364283 -0.33659893]]","[[ 0.634952    0.7577282   0.15061215]
 [ 0.5497036  -0.5801097   0.6010813 ]
 [-0.54282796  0.2988657   0.78486764]]"
20200221-174637.824766,29,[1.2554014  1.2088177  0.76066816],"[[ 0.32562768  0.40453085  0.46101955]
 [-0.47953358 -0.5757463   0.65055233]
 [-0.20862626  0.61570555  0.5000662 ]
 [-0.7877116   0.3546523  -0.33790034]]","[[ 0.5817222   0.7956904   0.16874899]
 [ 0.58293337 -0.5525216   0.5957422 ]
 [-0.5672637   0.24818699  0.7852486 ]]"
20200221-174637.824766,30,[1.2564747  1.2084928  0.75939035],"[[ 0.30884537  0.4091513   0.4609085 ]
 [-0.4555101  -0.60416245  0.64129996]
 [-0.23465845  0.6016523   0.5125609 ]
 [-0.8012869   0.32495722 -0.3370151 ]]","[[ 0.5484407   0.8162363   0.18157887]
 [ 0.6041808  -0.53693736  0.5887816 ]
 [-0.57808137  0.21320532  0.7876327 ]]"
20200221-174637.824766,31,[1.2578963 1.2053943 0.762551 ],"[[ 0.29651916  0.40805694  0.4622292 ]
 [-0.43549922 -0.63002485  0.62957644]
 [-0.25391746  0.58676666  0.52753824]
 [-0.8111368   0.30374876 -0.33418727]]","[[ 0.5230159   0.8285662   0.19983135]
 [ 0.6199875  -0.5307262   0.57788   ]
 [-0.58486754  0.17834748  0.79127884]]"
20200221-174637.824766,32,[1.2593204 1.2050097 0.766475 ],"[[ 0.28051543  0.41171265  0.46168685]
 [-0.41121337 -0.6540929   0.6206422 ]
 [-0.2776677   0.5720603   0.5380862 ]
 [-0.8216538   0.27459356 -0.33483085]]","[[ 0.4900942   0.84525716  0.21295056]
 [ 0.63818896 -0.51435363  0.5728482 ]
 [-0.59373593  0.14484689  0.7915156 ]]"
20200221-174637.824766,33,[1.2602496 1.2056497 0.7670095],"[[ 0.27567616  0.41020072  0.45923725]
 [-0.39521712 -0.66882175  0.6146037 ]
 [-0.2868527   0.56240565  0.54946625]
 [-0.8279624   0.2609839  -0.3308328 ]]","[[ 0.47534576  0.8517697   0.22030625]
 [ 0.6507342  -0.5089069   0.56352365]
 [-0.5921077   0.12450777  0.79618233]]"
20200221-174637.824766,34,[1.2619733  1.2053947  0.76870996],"[[ 0.26467788  0.41024405  0.45858538]
 [-0.3744132  -0.6883811   0.6052715 ]
 [-0.3034916   0.5482034   0.5608744 ]
 [-0.8352567   0.23938318 -0.32979682]]","[[ 0.45042628  0.86186546  0.2330331 ]
 [ 0.6652433  -0.4980614   0.5562253 ]
 [-0.5954561   0.09551476  0.79769   ]]"
20200221-174637.824766,35,[1.2634844 1.206132  0.7710382],"[[ 0.2553338   0.41173357  0.45604023]
 [-0.35277197 -0.704243    0.59929353]
 [-0.31790683  0.5359115   0.570316  ]
 [-0.8421947   0.2175229  -0.32804605]]","[[ 0.42688134  0.8717356   0.24051929]
 [ 0.68024653 -0.48479488  0.5497624 ]
 [-0.59584993  0.07107087  0.7999449 ]]"
20200221-174637.824766,36,[1.26553   1.2084854 0.774548 ],"[[ 0.24057612  0.41847092  0.45175782]
 [-0.3256529  -0.7187392   0.5966931 ]
 [-0.33854762  0.52334285  0.57524556]
 [-0.8493872   0.18549505 -0.3300977 ]]","[[ 0.3930182   0.88692164  0.24270707]
 [ 0.6973945  -0.45953423  0.54997206]
 [-0.5993143   0.04688645  0.79913956]]"
20200221-174637.824766,37,[1.2666206  1.209955   0.77878433],"[[ 0.23743123  0.41857505  0.44732288]
 [-0.30736613 -0.7285105   0.59381205]
 [-0.34482366  0.5147369   0.5844473 ]
 [-0.8545464   0.17062712 -0.3251321 ]]","[[ 0.37898842  0.892279    0.24536957]
 [ 0.71019083 -0.4504333   0.5410538 ]
 [-0.5932935   0.0307939   0.80439717]]"
20200221-174637.824766,38,[1.2685182 1.2096307 0.7786758],"[[ 0.23217618  0.4153821   0.44635415]
 [-0.2901373  -0.7425223   0.58435243]
 [-0.35325545  0.50149417  0.59627813]
 [-0.8585599   0.15691361 -0.3221071 ]]","[[ 0.36310038  0.8955266   0.2572748 ]
 [ 0.7209087  -0.44494566  0.5313324 ]
 [-0.59029555  0.0074553   0.807153  ]]"
20200221-174637.824766,39,[1.2704755  1.2104251  0.78082836],"[[ 0.22294697  0.41660616  0.44380793]
 [-0.26642123 -0.7555491   0.5782152 ]
 [-0.36614698  0.4874687   0.6050004 ]
 [-0.8632791   0.13401245 -0.32043177]]","[[ 0.33855042  0.90300155  0.2645224 ]
 [ 0.7348519  -0.42931575  0.52505314]
 [-0.5876874  -0.01662789  0.8089174 ]]"
20200221-174637.824766,40,[1.2723446 1.2106211 0.7803726],"[[ 0.21715994  0.41398266  0.44263557]
 [-0.24684598 -0.7687736   0.56868434]
 [-0.3746841   0.472895    0.6163601 ]
 [-0.8669026   0.11821751 -0.31744632]]","[[ 0.32083407  0.906027    0.27600837]
 [ 0.74631494 -0.42126244  0.51531726]
 [-0.58316326 -0.04065783  0.811337  ]]"
20200221-174637.824766,41,[1.2737424 1.2113752 0.7819582],"[[ 0.21551837  0.41181874  0.4395164 ]
 [-0.2283561  -0.77854455  0.56236345]
 [-0.37815717  0.46165225  0.6274923 ]
 [-0.8708633   0.10559958 -0.31116945]]","[[ 0.30910212  0.9080522   0.28266105]
 [ 0.7582474  -0.4147056   0.5030709 ]
 [-0.57403576 -0.05882667  0.81671435]]"
20200221-174637.824766,42,[1.2754502  1.2129834  0.78601825],"[[ 0.21042721  0.41347155  0.43495473]
 [-0.20472099 -0.78678256  0.5592575 ]
 [-0.38518298  0.4502617   0.6358422 ]
 [-0.87489635  0.0853169  -0.30618593]]","[[ 0.29005867  0.9136135   0.28491467]
 [ 0.772203   -0.39929238  0.4942348 ]
 [-0.56530386 -0.07665487  0.8213134 ]]"
20200221-174637.824766,43,[1.278568  1.2133534 0.7838462],"[[ 0.19358256  0.4137811   0.43547544]
 [-0.1763124  -0.80173916  0.5468119 ]
 [-0.40517107  0.4277613   0.64365697]
 [-0.8759431   0.05495902 -0.3115505 ]]","[[ 0.25323004  0.9195332   0.3005555 ]
 [ 0.78377455 -0.37712488  0.49343133]
 [-0.5670733  -0.11061615  0.8162058 ]]"
20200221-174637.824766,44,[1.2807438 1.2142366 0.7871072],"[[ 0.1891133   0.41287646  0.43261835]
 [-0.15480515 -0.81016386  0.5401588 ]
 [-0.41077918  0.41440722  0.6530895 ]
 [-0.8783689   0.03787475 -0.3074801 ]]","[[ 0.23626432  0.92166865  0.30774328]
 [ 0.7951763  -0.36541453  0.4839077 ]
 [-0.5584565  -0.13038006  0.81922364]]"
20200221-174637.824766,45,[1.2837249  1.2149749  0.78506935],"[[ 0.18052968  0.41205838  0.43088132]
 [-0.13236853 -0.819396    0.5313609 ]
 [-0.42077494  0.39811257  0.66116804]
 [-0.87911075  0.01744407 -0.3079834 ]]","[[ 0.2132318   0.9239845   0.31746593]
 [ 0.80497617 -0.35029596  0.4788592 ]
 [-0.55366564 -0.15344453  0.81847996]]"
20200221-174637.824766,46,[1.2862537  1.2160379  0.78516823],"[[ 0.1750999  -0.41226056  0.42748687]
 [-0.10975727  0.82582694  0.5257826 ]
 [-0.4267491  -0.3847709   0.6692136 ]
 [-0.88044226  0.00155989 -0.3048944 ]]","[[ 0.19438507 -0.9263867   0.32252488]
 [ 0.81589514  0.3352187   0.4711087 ]
 [-0.5445452   0.17157     0.82099575]]"
20200221-174637.824766,47,[1.2891018  1.2162957  0.78353083],"[[ 0.17092164 -0.40775493  0.42724866]
 [-0.09165177  0.835504    0.5131367 ]
 [-0.43150088 -0.36805823  0.6797662 ]
 [-0.88101816  0.01424234 -0.30342573]]","[[ 0.17977557 -0.924048    0.33736712]
 [ 0.82396156  0.32879543  0.46149877]
 [-0.53737175  0.19501133  0.820489  ]]"
20200221-174637.824766,48,[1.2926675 1.2172052 0.7864135],"[[ 0.16076283 -0.40879488  0.4247899 ]
 [-0.0695413   0.8406835   0.5073859 ]
 [-0.44244432 -0.35327578  0.6841663 ]
 [-0.8795238   0.03652376 -0.3066425 ]]","[[ 0.15413718 -0.92633224  0.34373015]
 [ 0.8310974   0.30969223  0.4619176 ]
 [-0.5343396   0.21447451  0.8176074 ]]"
20200221-174637.824766,49,[1.2955412  1.2179197  0.78771645],"[[ 0.15463515 -0.40681133  0.42316848]
 [-0.04793641  0.84742707  0.49787363]
 [-0.44838506 -0.33682746  0.6924392 ]
 [-0.8790569   0.05403368 -0.30590606]]","[[ 0.13500889 -0.92529035  0.35441557]
 [ 0.8395448   0.29679844  0.45505542]
 [-0.52624846  0.23611118  0.81689304]]"
20200221-174637.824766,50,[1.2983109  1.2192444  0.79162425],"[[ 0.14962642  0.40867704  0.41859278]
 [-0.02270188 -0.8497935   0.4948854 ]
 [-0.45207384  0.32429743  0.699387  ]
 [-0.8790485  -0.07526949 -0.30120853]]","[[ 0.11565099  0.92735755  0.35585564]
 [ 0.85046613 -0.27753508  0.44685784]
 [-0.5131594  -0.2509636   0.82078314]]"
20200221-174637.824766,51,[1.3021579 1.2200185 0.7923963],"[[ 0.14204174  0.40913337  0.41594008]
 [-0.00260898 -0.85264903  0.48976865]
 [-0.4594155   0.31102294  0.70383996]
 [-0.8767867  -0.09415095 -0.30286962]]","[[ 0.09459435  0.927797    0.36089456]
 [ 0.85643756 -0.2606546   0.44561625]
 [-0.5075102  -0.26693088  0.8192567 ]]"
20200221-174637.824766,52,[1.3058572  1.2208439  0.79024535],"[[ 0.13652694  0.40760306  0.4137953 ]
 [ 0.01558157 -0.85658944  0.48183417]
 [-0.4644088   0.29694176  0.7101491 ]
 [-0.8748955  -0.10927092 -0.30380493]]","[[ 0.07764687  0.92616796  0.36903125]
 [ 0.8621993  -0.24823153  0.44158062]
 [-0.500583   -0.28389114  0.8178157 ]]"
20200221-174637.824766,53,[1.3095084 1.2217475 0.7922215],"[[ 0.13216612  0.40707716  0.41081274]
 [ 0.03389658 -0.8589094   0.47601083]
 [-0.46779078  0.28480414  0.7161372 ]
 [-0.87324405 -0.12429633 -0.30297577]]","[[ 0.06217053  0.92512715  0.37453222]
 [ 0.8683224  -0.23515414  0.4367139 ]
 [-0.49208868 -0.2980639   0.8179284 ]]"
20200221-174637.824766,54,[1.3132252 1.2224426 0.7929327],"[[ 0.12752777  0.40482563  0.4093084 ]
 [ 0.05273177 -0.8626552   0.46678343]
 [-0.4711209   0.26961073  0.72308934]
 [-0.87120664 -0.13875245 -0.3028558 ]]","[[ 0.04645864  0.921923    0.3845776 ]
 [ 0.87428045 -0.2237545   0.43077552]
 [-0.48319277 -0.3162155   0.81641454]]"
20200221-174637.824766,55,[1.3174206 1.2232828 0.7957643],"[[ 0.12051407  0.40444493  0.4070333 ]
 [ 0.0701025  -0.8640526   0.46118137]
 [-0.47739783  0.25662813  0.7266208 ]
 [-0.8675562  -0.1548542  -0.30603668]]","[[ 0.02725545  0.92022794  0.3904334 ]
 [ 0.8776287  -0.20901534  0.43137094]
 [-0.47856608 -0.33089828  0.813315  ]]"
20200221-174637.824766,56,[1.321288   1.2241958  0.79863375],"[[ 0.11606079  0.4059994   0.4026666 ]
 [ 0.08923805 -0.8629999   0.4590931 ]
 [-0.47997048  0.24690413  0.73109686]
 [-0.86498255 -0.1715625  -0.30428648]]","[[ 0.01115071  0.9203934   0.3908347 ]
 [ 0.8833104  -0.19225639  0.42755136]
 [-0.4686559  -0.34046087  0.81513673]]"
20200221-174637.824766,57,[1.3253093  1.224984   0.80155617],"[[ 0.11218736  0.40284905  0.40175495]
 [ 0.10484045 -0.8662547   0.4489401 ]
 [-0.48252946  0.23215148  0.7372822 ]
 [-0.86231554 -0.18281458 -0.3057133 ]]","[[-0.00221522  0.9155198   0.40226704]
 [ 0.8871349  -0.18384993  0.42330942]
 [-0.46150482 -0.35780287  0.81178224]]"
20200221-174637.824766,58,[1.3292102 1.2259319 0.799164 ],"[[ 0.11072698  0.39899412  0.40061873]
 [ 0.11972412 -0.8698835   0.43740252]
 [-0.48223493  0.21768154  0.7450669 ]
 [-0.86072946 -0.19162837 -0.30505568]]","[[-0.01126961  0.90996754  0.41452616]
 [ 0.89218056 -0.1780478   0.4151058 ]
 [-0.4515383  -0.37451026  0.8098489 ]]"
20200221-174637.824766,59,[1.333214   1.2268542  0.79773706],"[[ 0.10825743  0.39752084  0.39800325]
 [ 0.13677019 -0.87083364  0.42974785]
 [-0.4823102   0.20511238  0.7515056 ]
 [-0.85845894 -0.20385043 -0.30356184]]","[[-0.02283136  0.9064672   0.42165866]
 [ 0.8975229  -0.16720073  0.40803993]
 [-0.44037652 -0.38776448  0.80975753]]"
20200221-174637.824766,60,[1.3376347 1.2277226 0.7953689],"[[ 0.10522836  0.39613023  0.3953937 ]
 [ 0.14982095 -0.8715277   0.42317727]
 [-0.48413864  0.19437085  0.755999  ]
 [-0.85562277 -0.21386907 -0.3050419 ]]","[[-0.03398658  0.9032223   0.42782506]
 [ 0.9003959  -0.1581086   0.4053259 ]
 [-0.43374228 -0.39898762  0.80788404]]"
20200221-174637.824766,61,[1.3424094  1.2283466  0.79308033],"[[ 0.10101312  0.39673784  0.39168972]
 [ 0.16071366 -0.8701505   0.42117473]
 [-0.48806587  0.18728916  0.75775325]
 [-0.85191506 -0.22441055 -0.3082222 ]]","[[-0.04672434  0.90230906  0.42855018]
 [ 0.9013059  -0.14687951  0.40752184]
 [-0.43065593 -0.4052961   0.8063935 ]]"
20200221-174637.824766,62,[1.3468616 1.229314  0.7928423],"[[ 0.0982824   0.39466476  0.38970944]
 [ 0.17152676 -0.8712541   0.4138492 ]
 [-0.4900581   0.17662495  0.76168853]
 [-0.8489772  -0.23229273 -0.31094342]]","[[-0.05676636  0.89815944  0.43599   ]
 [ 0.90292484 -0.14016221  0.40630224]
 [-0.42603356 -0.41673046  0.8030136 ]]"
20200221-174637.824766,63,[1.3511045  1.2304739  0.79064274],"[[ 0.09753759  0.3914726   0.38820636]
 [ 0.18504222 -0.8731435   0.40331426]
 [-0.48861724  0.1635796   0.7683061 ]
 [-0.8470532  -0.24002387 -0.31038523]]","[[-0.0640803   0.8923325   0.44680706]
 [ 0.90715444 -0.13450299  0.39872265]
 [-0.41589007 -0.43087327  0.8008642 ]]"
20200221-174637.824766,64,[1.3557111 1.230961  0.7936658],"[[ 0.09527916  0.39280498  0.38407493]
 [ 0.19874536 -0.87052494  0.40171826]
 [-0.48881274  0.1569407   0.7717718 ]
 [-0.8440877  -0.2515158  -0.30899388]]","[[-0.07468255  0.8916304   0.4465622 ]
 [ 0.9102174  -0.12197261  0.39576092]
 [-0.40734085 -0.43602523  0.80246836]]"
20200221-174637.824766,65,[1.3601283 1.2313955 0.7968211],"[[ 0.09308578  0.39426327  0.37962702]
 [ 0.21252616 -0.86758703  0.40022916]
 [-0.48866957  0.15051623  0.7753878 ]
 [-0.8410528  -0.2630481  -0.3073664 ]]","[[-0.08515909  0.89096475  0.44601542]
 [ 0.9132153  -0.10923098  0.3925639 ]
 [-0.3984793  -0.44073853  0.80434066]]"
20200221-174637.824766,66,[1.3649291  1.2325104  0.79317355],"[[ 0.09130172  0.39154232  0.37803116]
 [ 0.22297528 -0.8687274   0.39131317]
 [-0.48922494  0.13902992  0.77972955]
 [-0.83821535 -0.26958844 -0.30981922]]","[[-0.09309658  0.8855097   0.45519823]
 [ 0.9151028  -0.10404876  0.38956463]
 [-0.3923261  -0.45282033  0.8006458 ]]"
20200221-174637.824766,67,[1.3695985 1.2330031 0.7932932],"[[ 0.09048254  0.39191535  0.3742068 ]
 [ 0.23524496 -0.8667669   0.38775292]
 [-0.48775193  0.13216326  0.78409106]
 [-0.8358055  -0.278658   -0.30792546]]","[[-0.10049914  0.8837119   0.45711434]
 [ 0.9183086  -0.09442379  0.38443914]
 [-0.38289583 -0.45840785  0.80203074]]"
20200221-174637.824766,68,[1.3743671 1.2334679 0.7952899],"[[ 0.08849446  0.3918596   0.3709482 ]
 [ 0.2485938  -0.86477906  0.3831425 ]
 [-0.48704675  0.12339768  0.78816307]
 [-0.83255965 -0.28875014 -0.30724347]]","[[-0.10999289  0.8807699   0.4605932 ]
 [ 0.9209835  -0.08393998  0.38045177]
 [-0.37375262 -0.46604568  0.80194163]]"
20200221-174637.824766,69,[1.379357   1.2342509  0.79579896],"[[ 0.0874458   0.38999176  0.36928424]
 [ 0.25996494 -0.86463964  0.37533697]
 [-0.48596483  0.1129114   0.7925374 ]
 [-0.8298251  -0.29589826 -0.30762944]]","[[-0.11710452  0.8757663   0.4683164 ]
 [ 0.9233895  -0.07756501  0.3759465 ]
 [-0.3655661  -0.47646332  0.79959005]]"
20200221-174637.824766,70,[1.3843492 1.2348994 0.798561 ],"[[ 0.0873754   0.3897107   0.36633974]
 [ 0.27280122 -0.8628516   0.36976528]
 [-0.48279616  0.1047169   0.79761636]
 [-0.82755864 -0.3043806  -0.30475757]]","[[-0.12314925  0.8726266   0.47260675]
 [ 0.9269865  -0.06887303  0.36871704]
 [-0.35430214 -0.4835074   0.8004315 ]]"
20200221-174637.824766,71,[1.3895415 1.2352831 0.7995267],"[[ 0.08646797  0.38906398  0.36394352]
 [ 0.27846238 -0.8623293   0.36613286]
 [-0.4838783   0.09929861  0.7994755 ]
 [-0.8251324  -0.3084754  -0.30713278]]","[[-0.12882562  0.87012887  0.47568876]
 [ 0.927021   -0.0646909   0.3693876 ]
 [-0.35218745 -0.48856008  0.79829377]]"
20200221-174637.824766,72,[1.3943777  1.2363082  0.80039775],"[[ 0.08643016  0.38722786  0.3621105 ]
 [ 0.28744704 -0.8623739   0.3584817 ]
 [-0.4821554   0.09027366  0.8036091 ]
 [-0.82306194 -0.31339622 -0.30753797]]","[[-0.13354231  0.86538357  0.48298883]
 [ 0.9289837  -0.06044271  0.36515266]
 [-0.34519014 -0.49745202  0.7958551 ]]"
20200221-174637.824766,73,[1.3996656 1.236455  0.8033776],"[[ 0.085973    0.38841367  0.35834384]
 [ 0.2958926  -0.8597348   0.35727897]
 [-0.48123044  0.08667998  0.8062535 ]
 [-0.82065433 -0.3201214  -0.3064256 ]]","[[-0.13937719  0.86481535  0.48235708]
 [ 0.930357   -0.05246042  0.36288267]
 [-0.33913124 -0.49934193  0.79727525]]"
20200221-174637.824766,74,[1.4049574  1.2371002  0.80714595],"[[ 0.08487839  0.3874118   0.3563857 ]
 [ 0.30529287 -0.85864985  0.35140938]
 [-0.480508    0.07828135  0.8093319 ]
 [-0.8177434  -0.32635123 -0.30738038]]","[[-0.14613505  0.86067367  0.48773518]
 [ 0.93154746 -0.04621964  0.36067054]
 [-0.33296257 -0.5070553   0.79500395]]"
20200221-174637.824766,75,[1.4103506 1.2374446 0.8088247],"[[ 0.08483769  0.3870072   0.35388   ]
 [ 0.31311822 -0.8574319   0.34694672]
 [-0.4791711   0.07225493  0.8123863 ]
 [-0.8155701  -0.3313844  -0.30728734]]","[[-0.15068185  0.8578707   0.49127677]
 [ 0.9329573  -0.04094543  0.35765097]
 [-0.3269338  -0.5122317   0.79418695]]"
20200221-174637.824766,76,[1.4157705  1.2380264  0.81062114],"[[ 0.08505323  0.38659468  0.3513073 ]
 [ 0.3201575  -0.8563833   0.34253302]
 [-0.47779834  0.06666402  0.8153613 ]
 [-0.8136177  -0.33572063 -0.30731136]]","[[-0.15460218  0.8552137   0.4946794 ]
 [ 0.9342194  -0.03636497  0.35484025]
 [-0.32145324 -0.51699823  0.79333526]]"
20200221-174637.824766,77,[1.4211814 1.2387526 0.8082124],"[[ 0.08473851  0.38575512  0.3487396 ]
 [ 0.32568672 -0.8558689   0.33791435]
 [-0.47787228  0.06085291  0.81757826]
 [-0.81140983 -0.33908477 -0.30945164]]","[[-0.15879184  0.85215116  0.49862167]
 [ 0.93466073 -0.03297517  0.3540085 ]
 [-0.31811088 -0.5222558   0.79123604]]"
20200221-174637.824766,78,[1.4267031 1.2393157 0.8099517],"[[ 0.08511431  0.38541365  0.34627435]
 [ 0.3322219  -0.8548106   0.33369753]
 [-0.47647843  0.05562355  0.82034105]
 [-0.80953866 -0.3430175  -0.30948526]]","[[-0.16230384  0.8496019   0.50183105]
 [ 0.93580633 -0.02875313  0.3513406 ]
 [-0.31292886 -0.52664053  0.7903959 ]]"
20200221-174637.824766,79,[1.4322857  1.2398424  0.81063586],"[[ 0.08468097  0.38510865  0.34385818]
 [ 0.33636042 -0.85408074  0.33078966]
 [-0.47741818  0.05137475  0.82159215]
 [-0.8073182  -0.34583008 -0.31197143]]","[[-0.16675219  0.8474598   0.5039901 ]
 [ 0.9354573  -0.0255748   0.35251334]
 [-0.31163025 -0.53024364  0.7884976 ]]"
20200221-174637.824766,80,[1.4379152  1.2398345  0.81358427],"[[ 0.08500888  0.3862735   0.3403302 ]
 [ 0.3424437  -0.85179925  0.32980677]
 [-0.47624567  0.04914037  0.8238271 ]
 [-0.80541664 -0.35045162 -0.31098542]]","[[-0.17051944  0.847189    0.5031839 ]
 [ 0.93632656 -0.01976113  0.35057414]
 [-0.306946   -0.5309241   0.78987575]]"
20200221-174637.824766,81,[1.4435334 1.2400144 0.8134899],"[[ 0.08573867  0.38693073  0.33678535]
 [ 0.34916908 -0.84981954  0.3272501 ]
 [-0.47413936  0.0458081   0.8267955 ]
 [-0.80369264 -0.35495543 -0.3096645 ]]","[[-0.17335619  0.84609616  0.50405276]
 [ 0.93784976 -0.01441273  0.3467426 ]
 [-0.30064237 -0.5328356   0.79101235]]"
20200221-174637.824766,82,[1.448878  1.2399524 0.8156926],"[[ 0.08566811  0.38802752  0.33326143]
 [ 0.35197473 -0.84825236  0.32754576]
 [-0.4751503   0.04508327  0.82759905]
 [-0.8018773  -0.35758978 -0.31101537]]","[[-0.17719075  0.8464072   0.50219357]
 [ 0.9372024  -0.01064859  0.34862363]
 [-0.30042526 -0.53242993  0.791368  ]]"
20200221-174637.824766,83,[1.4546086 1.2411331 0.8118886],"[[ 0.08545674  0.38609612  0.3316812 ]
 [ 0.35758153 -0.8484919   0.32025555]
 [-0.47486705  0.03681052  0.829884  ]
 [-0.79958373 -0.36005068 -0.3141919 ]]","[[-0.18081604  0.8412811   0.5094621 ]
 [ 0.93771297 -0.00877571  0.3473003 ]
 [-0.2966481  -0.54052675  0.7872933 ]]"
20200221-174637.824766,84,[1.4601513  1.2419584  0.81066686],"[[ 0.0844173   0.38450852  0.33016557]
 [ 0.35974845 -0.84910053  0.3155202 ]
 [-0.47753885  0.03071525  0.8301079 ]
 [-0.797127   -0.3608851  -0.3199354 ]]","[[-0.1855977   0.8372457   0.51436687]
 [ 0.93620974 -0.00831422  0.35134336]
 [-0.29843724 -0.5467639   0.7822944 ]]"
20200221-174637.824766,85,[1.4659822 1.2422178 0.8123705],"[[ 0.08518956  0.38426197  0.32795444]
 [ 0.36517522 -0.84811693  0.3114999 ]
 [-0.4759848   0.02612815  0.83247703]
 [-0.7955049  -0.36381015 -0.31999314]]","[[-0.18803954  0.8347915   0.5174595 ]
 [ 0.9371806  -0.00511125  0.3488075 ]
 [-0.2938264  -0.55054253  0.7813892 ]]"
20200221-174637.824766,86,[1.4720542  1.2416322  0.81428856],"[[ 0.08642518  0.38672018  0.3231613 ]
 [ 0.373775   -0.8441487   0.3114678 ]
 [-0.47188094  0.02533592  0.8361767 ]
 [-0.7938207  -0.37042993 -0.3152194 ]]","[[-0.19043277  0.83596563  0.51468104]
 [ 0.9396627   0.00344277  0.34208477]
 [-0.28419927 -0.5487708   0.7861816 ]]"
20200221-174637.824766,87,[1.4778416  1.2423148  0.81202203],"[[ 0.08678968  0.38605753  0.32086858]
 [ 0.37734228 -0.8438548   0.307387  ]
 [-0.47189736  0.020757    0.8377105 ]
 [-0.7920814  -0.3720722  -0.3174865 ]]","[[-0.19297098  0.8332392   0.51814526]
 [ 0.93977237  0.00512015  0.34176224]
 [-0.2821168  -0.55288893  0.7840433 ]]"
20200221-174637.824766,88,[1.4835865  1.2421052  0.81520355],"[[ 0.08747189  0.3874037   0.31718084]
 [ 0.3820588  -0.8417018   0.306777  ]
 [-0.47058234  0.01960427  0.8397096 ]
 [-0.7905264  -0.37559548 -0.3164996 ]]","[[-0.19566356  0.8334376   0.5168148 ]
 [ 0.9403516   0.00989178  0.3400605 ]
 [-0.27830702 -0.55252516  0.78565985]]"
20200221-174637.824766,89,[1.4894778 1.2425787 0.8159234],"[[ 0.08767048  0.38714886  0.31508556]
 [ 0.3843306  -0.84139496  0.30421525]
 [-0.47155404  0.01636362  0.8404224 ]
 [-0.7888222  -0.37669903 -0.31916127]]","[[-0.19859397  0.83156073  0.5187168 ]
 [ 0.9397363   0.01127125  0.34171468]
 [-0.27830994 -0.5553195   0.7836861 ]]"
20200221-174637.824766,90,[1.4950454  1.2431186  0.81893903],"[[ 0.08738644  0.38625193  0.31355777]
 [ 0.38733745 -0.84134007  0.29996657]
 [-0.4724973   0.01107915  0.8411871 ]
 [-0.7868159  -0.37793362 -0.32265452]]","[[-0.20243986  0.82818896  0.5226101 ]
 [ 0.9389401   0.01253128  0.34385237]
 [-0.27822572 -0.5603091   0.7801566 ]]"
20200221-174637.824766,91,[1.5008732  1.2436945  0.82258576],"[[ 0.08814131  0.385258    0.31243208]
 [ 0.39172754 -0.8411678   0.2944233 ]
 [-0.47126275  0.00516436  0.84305   ]
 [-0.78529745 -0.3794552  -0.323987  ]]","[[-0.20463929  0.8244174   0.52769196]
 [ 0.9394034   0.01393487  0.34253064]
 [-0.27503484 -0.56581086  0.777312  ]]"
20200221-174637.824766,92,[1.506997  1.2439296 0.8242086],"[[ 0.08923457  0.38505942  0.31048098]
 [ 0.3960759  -0.8403792   0.29052284]
 [-0.46968988  0.00111599  0.84504765]
 [-0.78393406 -0.38143194 -0.32417986]]","[[-0.20619254  0.82209265  0.5307054 ]
 [ 0.9401992   0.01617112  0.34024122]
 [-0.27112773 -0.569124    0.77626514]]"
20200221-174637.824766,93,[1.5128342  1.2440448  0.82326984],"[[ 9.0193823e-02  3.8558111e-01  3.0760771e-01]
 [ 3.9756593e-01 -8.3978492e-01  2.8961182e-01]
 [-4.7009838e-01  2.4445847e-04  8.4591776e-01]
 [-7.8282458e-01 -3.8221559e-01 -3.2546291e-01]]","[[-0.20764783  0.82187593  0.53047377]
 [ 0.9399628   0.01749714  0.3408286 ]
 [-0.270837   -0.56939805  0.7761659 ]]"
20200221-174637.824766,94,[1.5191736  1.2444111  0.82472575],"[[ 0.09093491  0.3857094   0.3052016 ]
 [ 0.4021615  -0.8385954   0.28623688]
 [-0.4687246  -0.00354978  0.84780556]
 [-0.7812135  -0.38467377 -0.32580143]]","[[-0.20978129  0.8198651   0.5327414 ]
 [ 0.9406083   0.02047765  0.3388757 ]
 [-0.266923   -0.5721908   0.7754677 ]]"
20200221-174637.824766,95,[1.5253574  1.245199   0.82532257],"[[ 0.09161276  0.38466206  0.30373532]
 [ 0.40815282 -0.8378711   0.27955574]
 [-0.46645427 -0.01070567  0.85019886]
 [-0.77938366 -0.38715938 -0.32673436]]","[[-0.21189307  0.8153059   0.5388672 ]
 [ 0.9417024   0.02288677  0.3356681 ]
 [-0.2613392  -0.57857805  0.77262497]]"
20200221-174637.824766,96,[1.5319175 1.2457541 0.8247487],"[[ 0.0933994   0.3846869   0.30129376]
 [ 0.4157495  -0.8359847   0.27384615]
 [-0.461636   -0.01606747  0.8539044 ]
 [-0.7780238  -0.3910078  -0.32415575]]","[[-0.21217057  0.8123604   0.5431888 ]
 [ 0.94422597  0.02717509  0.32817492]
 [-0.2518351  -0.5825221   0.77281743]]"
20200221-174637.824766,97,[1.5376362  1.2455025  0.82706565],"[[ 0.09411121  0.38574186  0.2983563 ]
 [ 0.41624963 -0.8352691   0.27453795]
 [-0.46282923 -0.01551688  0.8541649 ]
 [-0.77696145 -0.39152047 -0.32559875]]","[[-0.21422295  0.8131907   0.54113746]
 [ 0.9433581   0.02855197  0.33054578]
 [-0.25334617 -0.5812969   0.7732462 ]]"
20200221-174637.824766,98,[1.5436753 1.2466589 0.8284996],"[[ 0.09432489  0.38342038  0.29865128]
 [ 0.41858882 -0.8364694   0.26708245]
 [-0.4635407  -0.02368642  0.8545731 ]
 [-0.7752525  -0.39082885 -0.33042333]]","[[-0.21672393  0.8071225   0.5491668 ]
 [ 0.94277364  0.02702594  0.33233678]
 [-0.25339463 -0.5897653   0.76679087]]"
20200221-174637.824766,99,[1.549626  1.246985  0.8293388],"[[ 0.09474643  0.38352907  0.29633752]
 [ 0.4202103  -0.83607954  0.265092  ]
 [-0.46437463 -0.02608752  0.855045  ]
 [-0.7738235  -0.39140296 -0.33287928]]","[[-0.21908651  0.80573004  0.550273  ]
 [ 0.94213593  0.02803261  0.334057  ]
 [-0.25373423 -0.5916194   0.7652487 ]]"
20200221-174637.824766,100,[1.5553914  1.2472787  0.82942176],"[[ 0.09485685  0.3831956   0.29468796]
 [ 0.41923025 -0.8367465   0.2638706 ]
 [-0.46751305 -0.02791131  0.8541549 ]
 [-0.7724501  -0.39017636 -0.33756587]]","[[-0.2218315   0.8043447   0.5511992 ]
 [ 0.94032073  0.0268676   0.33922753]
 [-0.25804648 -0.5935552   0.7623019 ]]"
20200221-174637.824766,101,[1.5616895 1.2491598 0.8291868],"[[ 0.09489947  0.38005385  0.295558  ]
 [ 0.4225221  -0.8381435   0.25398898]
 [-0.46780667 -0.03869194  0.85460454]
 [-0.7704714  -0.38932914 -0.34319964]]","[[-0.22444221  0.7961185   0.5619794 ]
 [ 0.9399924   0.02478985  0.34029403]
 [-0.25698304 -0.6046326   0.75390923]]"
20200221-174637.824766,102,[1.5681489 1.250004  0.8297189],"[[ 0.09578814  0.37929985  0.29414797]
 [ 0.42786977 -0.8372305   0.24782428]
 [-0.46548754 -0.04519955  0.85655916]
 [-0.7688128  -0.3913221  -0.3440438 ]]","[[-0.22599795  0.79177445  0.5674663 ]
 [ 0.94102937  0.02688937  0.33725417]
 [-0.2517704  -0.6102213   0.7511601 ]]"
20200221-174637.824766,103,[1.5744892  1.2498207  0.82855844],"[[ 0.09665683  0.38037172  0.29103833]
 [ 0.42914417 -0.8363049   0.24805206]
 [-0.4660943  -0.04507647  0.85712415]
 [-0.7676254  -0.3922747  -0.3451159 ]]","[[-0.2275601   0.79236054  0.56602204]
 [ 0.9406718   0.02862701  0.3381077 ]
 [-0.25169978 -0.6093809   0.75186574]]"
20200221-174637.824766,104,[1.580651   1.249796   0.82771903],"[[ 0.09793159  0.381129    0.2885077 ]
 [ 0.42989752 -0.8358463   0.24780664]
 [-0.4665524  -0.04508906  0.8576631 ]
 [-0.76676375 -0.39251637 -0.34607705]]","[[-0.22844043  0.7926824   0.56521654]
 [ 0.9403882   0.02940746  0.33882934]
 [-0.25196245 -0.6089252   0.7521469 ]]"
20200221-174637.824766,105,[1.5862833 1.2495749 0.8293727],"[[ 0.09858823  0.38184094  0.28627628]
 [ 0.42729744 -0.83642656  0.24949141]
 [-0.47006577 -0.04347664  0.85649765]
 [-0.7659863  -0.3907656  -0.34958804]]","[[-0.23050947  0.7939184   0.5626358 ]
 [ 0.9382898   0.02814177  0.34470332]
 [-0.2578327  -0.60737276  0.75141245]]"
20200221-174637.824766,106,[1.5925208 1.2499014 0.8314293],"[[ 0.09989896  0.3820887   0.28421402]
 [ 0.43080986 -0.8355047   0.24619807]
 [-0.46831587 -0.0465971   0.8581297 ]
 [-0.7649206  -0.3921338  -0.34960303]]","[[-0.23141289  0.7921546   0.5647469 ]
 [ 0.9389827   0.03002099  0.34265155]
 [-0.2544788  -0.60958153  0.75076675]]"
20200221-174637.824766,107,[1.599038  1.250574  0.8302285],"[[ 0.10156364  0.3820144   0.28230098]
 [ 0.43481323 -0.8346622   0.2419098 ]
 [-0.46588677 -0.05045239  0.8600951 ]
 [-0.76391894 -0.39352128 -0.34931698]]","[[-0.23144655  0.78971845  0.56813514]
 [ 0.9402354   0.0316398   0.33905253]
 [-0.24978031 -0.61265326  0.74984396]]"
20200221-174637.824766,108,[1.6056662 1.2510443 0.8320724],"[[ 0.10302627  0.38204637  0.2807565 ]
 [ 0.43761942 -0.8341204   0.23853527]
 [-0.46448997 -0.05357343  0.8613943 ]
 [-0.7629703  -0.3942252  -0.34968072]]","[[-0.23198918  0.7877851   0.57059246]
 [ 0.9407991   0.03268104  0.3373855 ]
 [-0.24713965 -0.6150827   0.7487292 ]]"
20200221-174637.824766,109,[1.612332  1.2523398 0.8281804],"[[ 0.10373594  0.38119277  0.27927837]
 [ 0.44042546 -0.8339941   0.23351996]
 [-0.46424437 -0.05891412  0.8620956 ]
 [-0.76140743 -0.39455664 -0.35250998]]","[[-0.23339076  0.78385544  0.5754124 ]
 [ 0.9409512   0.03281904  0.33694777]
 [-0.24523383 -0.62007535  0.7452293 ]]"
20200221-174637.824766,110,[1.6194532 1.2545074 0.8295933],"[[ 0.10536702  0.378455    0.28055525]
 [ 0.44685912 -0.83407354  0.22154553]
 [-0.45994097 -0.0708051   0.8642813 ]
 [-0.76004535 -0.3950692  -0.3538702 ]]","[[-0.2331152   0.7747817   0.58768255]
 [ 0.9429785   0.03245033  0.3312684 ]
 [-0.2375902  -0.63139564  0.73816705]]"
20200221-174637.824766,111,[1.6262618 1.2542522 0.8296433],"[[ 0.10694785  0.37966788  0.27768534]
 [ 0.44974333 -0.8326627   0.22065103]
 [-0.45825586 -0.07126245  0.86585903]
 [-0.75914073 -0.3967952  -0.35283425]]","[[-0.23336028  0.7751167   0.5871432 ]
 [ 0.94374657  0.03506196  0.32880542]
 [-0.23427613 -0.63084453  0.7396959 ]]"
20200221-174637.824766,112,[1.6323018  1.2544972  0.83392817],"[[ 0.10787653  0.37966174  0.2766306 ]
 [ 0.44892058 -0.83331084  0.21931012]
 [-0.46000162 -0.07261787  0.86536574]
 [-0.75844014 -0.39519176 -0.35569698]]","[[-0.2349606   0.77419144  0.58772546]
 [ 0.9425362   0.03371202  0.33239892]
 [-0.237527   -0.6320532   0.7376244 ]]"
20200221-174637.824766,113,[1.6391684 1.2542473 0.8339337],"[[ 0.10947424  0.38086885  0.27380425]
 [ 0.451731   -0.8319316   0.21843518]
 [-0.45832705 -0.07303175  0.8669082 ]
 [-0.7575561  -0.39685717 -0.35466546]]","[[-0.23515007  0.774539    0.5871915 ]
 [ 0.9433022   0.03624535  0.32995048]
 [-0.23427655 -0.63148695  0.73914737]]"
20200221-174637.824766,114,[1.646097   1.2556332  0.83923167],"[[ 0.11020942  0.37928918  0.27440608]
 [ 0.4545993  -0.8322671   0.2111698 ]
 [-0.4575658  -0.08080812  0.8672257 ]
 [-0.7561924  -0.39615816 -0.3578099 ]]","[[-0.23683105  0.7686551   0.5942056 ]
 [ 0.9432425   0.03534929  0.33021837]
 [-0.23281933 -0.63868606  0.7333998 ]]"
20200221-174637.824766,115,[1.652545  1.2559756 0.8398843],"[[ 0.11142635  0.37904876  0.2734169 ]
 [ 0.45432663 -0.83286333  0.2091287 ]
 [-0.45874166 -0.08271403  0.8669767 ]
 [-0.75546503 -0.39473915 -0.36036047]]","[[-0.23763375  0.7671391   0.5958419 ]
 [ 0.9425844   0.03392784  0.33223996]
 [-0.23465869 -0.6405827   0.7311558 ]]"
20200221-174637.824766,116,[1.658747   1.2554864  0.84230417],"[[ 0.11251336  0.38013068  0.27111536]
 [ 0.45387065 -0.8326811   0.21008694]
 [-0.4600749  -0.08160276  0.8669157 ]
 [-0.75476736 -0.39431554 -0.36168727]]","[[-0.23897617  0.768391    0.5936885 ]
 [ 0.94168377  0.03422767  0.33475426]
 [-0.23690157 -0.6390651   0.7317608 ]]"
20200221-174637.824766,117,[1.6658169 1.2568297 0.8441989],"[[ 0.11341643  0.3786054   0.2713139 ]
 [ 0.45775473 -0.8325554   0.20227332]
 [-0.45839518 -0.08979863  0.86765325]
