Timestamp,Epoch,s,u,v
20200222-193042.893695,0,[0.93853223 0.6994045  0.07251985],"[[ 0.01562063 -0.27156073 -0.7381913 ]
 [ 0.15160641 -0.7384642   0.56094605]
 [-0.88795793 -0.3716589  -0.09442472]
 [-0.43393773  0.49274218  0.3626257 ]]","[[ 0.06859651  0.73030007  0.67967373]
 [-0.6786855  -0.46517947  0.5683258 ]
 [ 0.7312186  -0.5002698   0.4637344 ]]"
20200222-193042.893695,1,[0.9410976  0.70376563 0.07689176],"[[ 0.01984943 -0.26892164 -0.786655  ]
 [ 0.15636757 -0.7385374   0.52956223]
 [-0.88605857 -0.37732837 -0.07580969]
 [-0.43595392  0.48976228  0.30820605]]","[[ 0.06509513  0.7240272   0.6866931 ]
 [-0.6751796  -0.4747554   0.5645706 ]
 [ 0.73477566 -0.5003919   0.45794407]]"
20200222-193042.893695,2,[0.94413525 0.7078056  0.08153699],"[[ 0.02380431 -0.26619437 -0.82482666]
 [ 0.16043217 -0.73851645  0.49908176]
 [-0.8842763  -0.38246158 -0.05983397]
 [-0.437893    0.48729578  0.25884017]]","[[ 0.06091742  0.71854806  0.6928039 ]
 [-0.67304957 -0.48298645  0.5601144 ]
 [ 0.7370842  -0.5004122   0.45419636]]"
20200222-193042.893695,3,[0.94678    0.7122696  0.08658552],"[[ 0.02802538 -0.26320156 -0.8550646 ]
 [ 0.16542648 -0.7384448   0.46977085]
 [-0.88216066 -0.38842312 -0.04611955]
 [-0.44004685  0.48430517  0.2145996 ]]","[[ 0.05724065  0.71224934  0.6995888 ]
 [-0.66932136 -0.4925566   0.55623454]
 [ 0.74076486 -0.50008893  0.44852942]]"
20200222-193042.893695,4,[0.95027834 0.71657616 0.0914586 ],"[[ 0.03148178 -0.2602866  -0.8787858 ]
 [ 0.16817847 -0.7385783   0.44256032]
 [-0.88076    -0.39227217 -0.0347093 ]
 [-0.44157276  0.48257148  0.17513257]]","[[ 0.05275612  0.70636755  0.7058765 ]
 [-0.6691217  -0.49970645  0.5500633 ]
 [ 0.74127793 -0.50133646  0.44628325]]"
20200222-193042.893695,5,[0.9534815  0.722408   0.09662761],"[[ 0.03487102  0.2569585  -0.8977135 ]
 [ 0.17091767  0.7393817   0.41680926]
 [-0.8795608   0.3956269  -0.02530588]
 [-0.4426563  -0.48038208  0.14050157]]","[[ 0.04983886 -0.6964429   0.71587944]
 [-0.6679275   0.50966257  0.54232544]
 [ 0.7425557   0.5051845   0.4397724 ]]"
20200222-193042.893695,6,[0.9569847  0.7275502  0.10193257],"[[ 0.038176    0.25361952 -0.91262025]
 [ 0.17322181  0.7398638   0.39338624]
 [-0.8783968   0.3988184  -0.01757689]
 [-0.44379765 -0.47877234  0.10983061]]","[[ 0.04602422 -0.6887584   0.7235286 ]
 [-0.6678352   0.51742446  0.5350404 ]
 [ 0.74288493  0.50782263  0.43616298]]"
20200222-193042.893695,7,[0.96054935 0.7326792  0.10727488],"[[ 0.04140017  0.2501623  -0.9245994 ]
 [ 0.17534542  0.7403271   0.37172335]
 [-0.8773059   0.40181658 -0.0111875 ]
 [-0.44483012 -0.47736526  0.08254002]]","[[ 0.04233348 -0.68116075  0.730909  ]
 [-0.6678572   0.5248092   0.5277706 ]
 [ 0.74308425  0.51048523  0.43270123]]"
20200222-193042.893695,8,[0.9640866  0.737918   0.11263818],"[[ 0.04465027  0.2466031  -0.9343076 ]
 [ 0.17751518  0.7407619   0.35164517]
 [-0.87620324  0.40483522 -0.00595088]
 [-0.4458283  -0.4759912   0.05813748]]","[[ 0.03870727 -0.67350006  0.73817307]
 [-0.66776085  0.53212416  0.5205186 ]
 [ 0.7433689   0.51307094  0.42913994]]"
20200222-193042.893695,9,[0.9677235  0.7423186  0.11764798],"[[ 0.0481827   0.24325529 -0.94196934]
 [ 0.18052433  0.74058765  0.33370602]
 [-0.8745958   0.4089715  -0.00168079]
 [-0.44740587 -0.4744467   0.03648928]]","[[ 0.03412293 -0.6680649   0.7433203 ]
 [-0.66713095  0.5385673   0.51466686]
 [ 0.74415886  0.5134538   0.42730916]]"
20200222-193042.893695,10,[0.97137374 0.7455419  0.12319432],"[[ 0.05194925  0.2397851  -0.9482574 ]
 [ 0.18421072  0.73991865  0.31705073]
 [-0.87258494  0.41402125  0.00180657]
 [-0.4494029  -0.47287425  0.01683654]]","[[ 0.02897892 -0.66512877  0.74616617]
 [-0.66584796  0.5439079   0.5106964 ]
 [ 0.7455245   0.5116326   0.4271128 ]]"
20200222-193042.893695,11,[0.9747461  0.7488951  0.12829067],"[[ 5.6078069e-02  2.3637199e-01 -9.5333314e-01]
 [ 1.8941191e-01  7.3887378e-01  3.0188343e-01]
 [-8.6988485e-01  4.2055872e-01  4.6446314e-03]
 [-4.5197222e-01 -4.7045115e-01 -7.1028294e-04]]","[[ 0.02383441 -0.66198814  0.74913526]
 [-0.66260725  0.55065155  0.50767547]
 [ 0.7485876   0.50848264  0.42551374]]"
20200222-193042.893695,12,[0.97856563 0.75420237 0.13355903],"[[ 0.05941681  0.2325047  -0.9576659 ]
 [ 0.1918782   0.73911417  0.28735837]
 [-0.868543    0.4238654   0.00638387]
 [-0.4530843  -0.4690308  -0.01613033]]","[[ 0.02004195 -0.65434927  0.75592685]
 [-0.6621307   0.55782074  0.5004188 ]
 [ 0.7491203   0.51055175  0.42208496]]"
20200222-193042.893695,13,[0.9818903 0.7595435 0.1391219],"[[ 0.06324244  0.2282981  -0.961303  ]
 [ 0.1962106   0.738877    0.27376267]
 [-0.8663154   0.42911232  0.00753122]
 [-0.45497218 -0.46669406 -0.02990189]]","[[ 0.01611284 -0.64712185  0.7622165 ]
 [-0.6592506   0.56626976  0.4946992 ]
 [ 0.75175077  0.5104626   0.41749117]]"
20200222-193042.893695,14,[0.984929   0.76261234 0.14444688],"[[ 0.06778553  0.2243966  -0.9642066 ]
 [ 0.20343554  0.73716664  0.26154616]
 [-0.8624552   0.4377684   0.00861867]
 [-0.45846495 -0.46323913 -0.04271777]]","[[ 0.01060915 -0.6444629   0.764562  ]
 [-0.6534267   0.5743059   0.49315962]
 [ 0.75691557  0.50481725  0.41501635]]"
20200222-193042.893695,15,[0.9884961  0.76574385 0.14925025],"[[ 0.07174785  0.22083949 -0.966534  ]
 [ 0.20868121  0.73587483  0.25058818]
 [-0.8594996   0.4442792   0.00920964]
 [-0.4610481  -0.46079764 -0.05415759]]","[[ 0.00547625 -0.6415266   0.76708144]
 [-0.64992636  0.5806988   0.49029058]
 [ 0.7599776   0.5012314   0.41376492]]"
20200222-193042.893695,16,[0.9928663  0.768347   0.15436643],"[[ 0.07507094  0.21746345 -0.9685016 ]
 [ 0.21086454  0.7351991   0.24023075]
 [-0.85796636  0.4477107   0.00925952]
 [-0.46237883 -0.4601598  -0.06487004]]","[[ 2.6476313e-04 -6.3953370e-01  7.6876307e-01]
 [-6.5047383e-01  5.8378750e-01  4.8587659e-01]
 [ 7.5952864e-01  5.0018883e-01  4.1584530e-01]]"
20200222-193042.893695,17,[0.9959842 0.7720606 0.1592265],"[[ 0.07933138  0.21345107 -0.9702484 ]
 [ 0.21770382  0.7335879   0.23014651]
 [-0.85415703  0.45572746  0.00920539]
 [-0.4655394  -0.45672703 -0.07460225]]","[[-0.00473042 -0.6354474   0.77212965]
 [-0.64476144  0.5921436   0.4833722 ]
 [ 0.7643692   0.49555287  0.41251302]]"
20200222-193042.893695,18,[0.9999386  0.7765109  0.16375054],"[[ 0.08263457  0.2097212  -0.9717468 ]
 [ 0.2205543   0.7331171   0.2204972 ]
 [-0.85236806  0.45949957  0.00871888]
 [-0.46690053 -0.45542994 -0.08374328]]","[[-0.00900271 -0.6300657   0.7764897 ]
 [-0.6438753   0.5977754   0.47758678]
 [ 0.76507753  0.49566287  0.4110653 ]]"
20200222-193042.893695,19,[1.0025884  0.7820833  0.16792367],"[[ 0.08686937  0.20530312 -0.9730783 ]
 [ 0.22849914  0.7315059   0.21121007]
 [-0.8479702   0.4683073   0.0081862 ]
 [-0.47030652 -0.45104122 -0.0918786 ]]","[[-0.01315947 -0.6226313   0.78240466]
 [-0.63617384  0.6088911   0.47385067]
 [ 0.77143353  0.49150974  0.4041144 ]]"
20200222-193042.893695,20,[1.0061176  0.78703225 0.17234726],"[[ 0.0905702   0.20110631 -0.97419447]
 [ 0.23349321  0.73046535  0.20247117]
 [-0.84493995  0.47423238  0.00717677]
 [-0.4726041  -0.44841975 -0.09949386]]","[[-0.01768818 -0.6163901   0.7872423 ]
 [-0.6325564   0.61666095  0.46861672]
 [ 0.7743124   0.48968613  0.40080905]]"
20200222-193042.893695,21,[1.0097306  0.7919588  0.17669623],"[[ 0.09423616  0.19686274 -0.9751457 ]
 [ 0.23851137  0.72934645  0.19419906]
 [-0.8418268   0.48017898  0.00594532]
 [-0.47493106 -0.44578794 -0.1065003 ]]","[[-0.02224865 -0.6102054   0.791931  ]
 [-0.62886095  0.6243349   0.46340048]
 [ 0.7771996   0.4877043   0.39762488]]"
20200222-193042.893695,22,[1.0137933  0.79754084 0.18115555],"[[ 0.09751457  0.19250023 -0.97600794]
 [ 0.24160224  0.7289332   0.18614586]
 [-0.8397647   0.48403746  0.00424709]
 [-0.47635537 -0.4441939  -0.11287437]]","[[-0.02637353 -0.602863    0.79740876]
 [-0.6274967   0.6309374   0.45625222]
 [ 0.7781725   0.48833835  0.3949346 ]]"
20200222-193042.893695,23,[1.0176606  0.80168635 0.18569507],"[[ 0.10123093  0.18813568 -0.9766901 ]
 [ 0.24698687  0.72748405  0.178839  ]
 [-0.8363123   0.49040133  0.00255547]
 [-0.47888586 -0.44145074 -0.11868697]]","[[-0.03120206 -0.5978468   0.80100286]
 [-0.6233479   0.63809025  0.4519716 ]
 [ 0.781322    0.48520088  0.39257628]]"
20200222-193042.893695,24,[1.021453   0.8051952  0.19051298],"[[ 1.0499772e-01  1.8367346e-01 -9.7727865e-01]
 [ 2.5260058e-01  7.2574043e-01  1.7166865e-01]
 [-8.3261609e-01  4.9708757e-01  7.4761081e-04]
 [-4.8157969e-01 -4.3871301e-01 -1.2432195e-01]]","[[-0.03637281 -0.5939826   0.8036553 ]
 [-0.61900395  0.6447305   0.44850543]
 [ 0.7845454   0.4811523   0.39112812]]"
20200222-193042.893695,25,[1.025924   0.8080704  0.19394083],"[[ 1.0828352e-01  1.8052194e-01 -9.7757536e-01]
 [ 2.5605935e-01  7.2439933e-01  1.6580155e-01]
 [-8.3013111e-01  5.0152630e-01 -7.8404526e-04]
 [-4.8331231e-01 -4.3718272e-01 -1.2983201e-01]]","[[-0.04126009 -0.59137094  0.8053435 ]
 [-0.617385    0.64882904  0.4448107 ]
 [ 0.78557837  0.478854    0.39187434]]"
20200222-193042.893695,26,[1.029112   0.81207687 0.19825524],"[[ 0.11255225  0.17555618 -0.9780134 ]
 [ 0.2655568   0.7213646   0.15921457]
 [-0.82400537  0.51209486 -0.00258006]
 [-0.4876749  -0.43193993 -0.13466191]]","[[-0.04673624 -0.58643186  0.8086491 ]
 [-0.60785335  0.65909356  0.44284308]
 [ 0.79267263  0.47084326  0.38726816]]"
20200222-193042.893695,27,[1.033241   0.81555235 0.20180026],"[[ 0.11599748  0.17176993 -0.9782534 ]
 [ 0.27071238  0.71952784  0.15353078]
 [-0.82040775  0.5181574  -0.00438651]
 [-0.490092   -0.42928725 -0.13938905]]","[[-0.05152985 -0.58259284  0.8111289 ]
 [-0.60376424  0.6651413   0.43938106]
 [ 0.79549557  0.46708944  0.38602343]]"
20200222-193042.893695,28,[1.0375609  0.8205123  0.20623152],"[[ 0.11913058  0.16714673 -0.97860837]
 [ 0.27393538  0.71869886  0.14720783]
 [-0.81800693  0.522071   -0.00695811]
 [-0.49156085 -0.42775664 -0.14355291]]","[[-0.05569856 -0.5763306   0.81531644]
 [-0.6020384   0.6708246   0.43306383]
 [ 0.7965223   0.46673065  0.38433698]]"
20200222-193042.893695,29,[1.0421875  0.8231694  0.21058442],"[[ 0.12232359  0.16316114 -0.97879744]
 [ 0.27728105  0.7173699   0.14196928]
 [-0.81542516  0.5262858  -0.00943602]
 [-0.49318764 -0.42635924 -0.1473482 ]]","[[-0.06038721 -0.5735751   0.8169241 ]
 [-0.6002592   0.6747671   0.4293932 ]
 [ 0.7975226   0.46443632  0.38504106]]"
20200222-193042.893695,30,[1.0460414  0.8263845  0.21444221],"[[ 0.12602505  0.15866031 -0.97894645]
 [ 0.28471532  0.7145941   0.13674124]
 [-0.81020623  0.5346424  -0.01160449]
 [-0.49660957 -0.42230278 -0.15109932]]","[[-0.06555367 -0.569734    0.8192105 ]
 [-0.5930923   0.6824684   0.42717487]
 [ 0.80246145  0.4578646   0.3826432 ]]"
20200222-193042.893695,31,[1.0499747 0.829559  0.218218 ],"[[ 0.12964687  0.15414585 -0.97905356]
 [ 0.2920875   0.7117453   0.13174202]
 [-0.80491626  0.54289854 -0.01384484]
 [-0.49998674 -0.418234   -0.15461846]]","[[-0.07067292 -0.5658837   0.82145065]
 [-0.5858934   0.6900355   0.42494714]
 [ 0.8073007   0.4512502   0.38031435]]"
20200222-193042.893695,32,[1.0549414  0.83239603 0.22171824],"[[ 0.13237531  0.1509522  -0.9790314 ]
 [ 0.29300776  0.7111711   0.12722163]
 [-0.80383545  0.544511   -0.01631944]
 [-0.50047153 -0.4182783  -0.15825973]]","[[-0.0747874  -0.5631847   0.8229398 ]
 [-0.58712286  0.69191784  0.4201622 ]
 [ 0.80603564  0.4517439   0.38240534]]"
20200222-193042.893695,33,[1.05938    0.83492297 0.2251658 ],"[[ 0.13568678  0.14711253 -0.978992  ]
 [ 0.29825354  0.7088951   0.12286719]
 [-0.7998354   0.5505782  -0.01862503]
 [-0.50288934 -0.41555926 -0.16165319]]","[[-0.0796732  -0.56047094  0.82433283]
 [-0.5826824   0.6971529   0.41768298]
 [ 0.8087852   0.447046    0.3821209 ]]"
20200222-193042.893695,34,[1.0635871  0.8390089  0.22892219],"[[ 0.13888326  0.14252567 -0.9790296 ]
 [ 0.3034562   0.7068865   0.11800568]
 [-0.79585886  0.5564306  -0.02131096]
 [-0.5052072  -0.41277474 -0.1646861 ]]","[[-0.08412559 -0.5554014   0.82731616]
 [-0.5780823   0.70346344  0.41347307]
 [ 0.8116302   0.44347325  0.380247  ]]"
20200222-193042.893695,35,[1.0681173  0.84478426 0.23234807],"[[ 0.14182374  0.13794614 -0.9790642 ]
 [ 0.30688816  0.7058333   0.11319304]
 [-0.79310024  0.5602882  -0.02432808]
 [-0.5066532  -0.41091007 -0.16741703]]","[[-0.08797723 -0.548154    0.83173746]
 [-0.57574517  0.7093603   0.40660214]
 [ 0.81288207  0.44309714  0.37800458]]"
20200222-193042.893695,36,[1.0727587  0.846279   0.23600379],"[[ 0.14498354  0.13406463 -0.9789577 ]
 [ 0.31185532  0.70342     0.1094358 ]
 [-0.7891108   0.5660478  -0.02688949]
 [-0.5089505  -0.40843254 -0.17012602]]","[[-0.09281675 -0.5465971   0.8322359 ]
 [-0.5714486   0.7137221   0.40502745]
 [ 0.81537205  0.4379868   0.37859747]]"
20200222-193042.893695,37,[1.0777429  0.8487448  0.23984495],"[[ 0.1478429   0.13013053 -0.97887975]
 [ 0.31461102  0.7020815   0.10557887]
 [-0.7866829   0.5694052  -0.02986945]
 [-0.5101886  -0.40733925 -0.17249776]]","[[-0.0969831  -0.5438445   0.83356315]
 [-0.56996024  0.7169332   0.40143776]
 [ 0.8159288   0.43616506  0.37950015]]"
20200222-193042.893695,38,[1.0822046  0.85425603 0.24247035],"[[ 0.15080802  0.12570888 -0.9787836 ]
 [ 0.31987008  0.70009977  0.10144936]
 [-0.78254557  0.57505655 -0.03255742]
 [-0.5124085  -0.4041876  -0.17501646]]","[[-0.10087207 -0.53681004  0.8376514 ]
 [-0.56492823  0.7239522   0.39591578]
 [ 0.81895095  0.43327615  0.37628576]]"
20200222-193042.893695,39,[1.0874453  0.85692346 0.24550657],"[[ 0.15337303  0.12271214 -0.9785606 ]
 [ 0.32035428  0.6996176   0.09798985]
 [-0.7817194   0.57605034 -0.03532591]
 [-0.51260585 -0.40452817 -0.17767714]]","[[-0.10458341 -0.53434056  0.83877444]
 [-0.56643456  0.7252375   0.3913855 ]
 [ 0.8174437   0.43417844  0.3785168 ]]"
20200222-193042.893695,40,[1.0926176  0.8583512  0.24827242],"[[ 0.15611434  0.11983911 -0.97829145]
 [ 0.32279104  0.69812745  0.09510321]
 [-0.7794477   0.57911086 -0.03779047]
 [-0.5137075  -0.40359285 -0.18020222]]","[[-0.10871172 -0.5332099   0.83896893]
 [-0.56526697  0.72739893  0.38905516]
 [ 0.8177133   0.4319466   0.3804828 ]]"
20200222-193042.893695,41,[1.0968484  0.8629405  0.25177532],"[[ 0.15929118  0.11441468 -0.97820365]
 [ 0.33042204  0.69492817  0.0910036 ]
 [-0.77342975  0.58716303 -0.04085789]
 [-0.51696646 -0.39902848 -0.1821178 ]]","[[-0.1131492  -0.5269131   0.8423539 ]
 [-0.55697805  0.7357007   0.38538286]
 [ 0.8227836   0.42556673  0.3767229 ]]"
20200222-193042.893695,42,[1.1019951  0.86616856 0.2548574 ],"[[ 0.16200745  0.1106479  -0.9779894 ]
 [ 0.33317927  0.6935656   0.08770279]
 [-0.77091557  0.59033555 -0.04383738]
 [-0.51810646 -0.39777827 -0.18418181]]","[[-0.11697506 -0.5232297   0.8441251 ]
 [-0.555264    0.73915726  0.38121954]
 [ 0.8234067   0.42411917  0.37699363]]"
20200222-193042.893695,43,[1.1064838  0.8689106  0.25789356],"[[ 0.16497545  0.1060866  -0.97778195]
 [ 0.34007677  0.6902451   0.08437602]
 [-0.76524425  0.5977289  -0.04652865]
 [-0.5210873  -0.3937356  -0.18616796]]","[[-0.12140025 -0.51943225  0.84584403]
 [-0.54777795  0.745696    0.37931126]
 [ 0.8277689   0.41728616  0.3750612 ]]"
20200222-193042.893695,44,[1.1113489  0.87273425 0.2610804 ],"[[ 0.16775222  0.10144393 -0.97759324]
 [ 0.34497863  0.6879669   0.0809058 ]
 [-0.76104033  0.602959   -0.04966267]
 [-0.5231321  -0.3909622  -0.1878823 ]]","[[-0.12530977 -0.51435226  0.8483746 ]
 [-0.5429299   0.7512604   0.37528008]
 [ 0.83037627  0.41358164  0.37339744]]"
20200222-193042.893695,45,[1.1161712  0.8772618  0.26373684],"[[ 0.17041807  0.0969542  -0.9773749 ]
 [ 0.34996477  0.68569356  0.07760945]
 [-0.7567568   0.60818666 -0.05263894]
 [-0.5251681  -0.38798642 -0.18959041]]","[[-0.12894773 -0.5084611   0.8513753 ]
 [-0.5378269   0.7571632   0.37073722]
 [ 0.8331355   0.41008678  0.37109852]]"
20200222-193042.893695,46,[1.1215086  0.88240016 0.26631552],"[[ 0.17281288  0.09333789 -0.9770851 ]
 [ 0.35067654  0.68543375  0.07429432]
 [-0.7557763   0.6090525  -0.05584918]
 [-0.52532274 -0.38797444 -0.19148268]]","[[-0.13196939 -0.5027442   0.8543023 ]
 [-0.53871346  0.7598306   0.36393055]
 [ 0.83208895  0.41219646  0.37110946]]"
20200222-193042.893695,47,[1.1263257  0.88416713 0.26959413],"[[ 0.17561643  0.08867019 -0.9768145 ]
 [ 0.35723028  0.6819332   0.07130005]
 [-0.7500862   0.6160368  -0.05876845]
 [-0.5281252  -0.38419202 -0.19312213]]","[[-0.13634232 -0.4999249   0.8552694 ]
 [-0.5314345   0.7655056   0.3627376 ]
 [ 0.8360551   0.40506318  0.37004822]]"
20200222-193042.893695,48,[1.1313344  0.88897365 0.27341327],"[[ 0.17827915  0.08297525 -0.97663003]
 [ 0.36257145  0.67942387  0.06756707]
 [-0.7453539   0.6214921  -0.06256363]
 [-0.53028905 -0.3811112  -0.19420123]]","[[-0.14013122 -0.49342552  0.8584256 ]
 [-0.525805    0.77171487  0.35775033]
 [ 0.838983    0.4012325   0.3675869 ]]"
20200222-193042.893695,49,[1.1365155  0.89152867 0.2752729 ],"[[ 0.180853    0.0796816  -0.9762127 ]
 [ 0.36710972  0.67682254  0.06527389]
 [-0.7411772   0.6263806  -0.06493863]
 [-0.532146   -0.37843034 -0.19629422]]","[[-0.14394379 -0.4903919   0.8595325 ]
 [-0.52118415  0.7759207   0.35540715]
 [ 0.8412179   0.39681602  0.36727345]]"
20200222-193042.893695,50,[1.1414679  0.8960424  0.27758065],"[[ 0.18336914  0.07524467 -0.97586614]
 [ 0.37220135  0.6741853   0.06229983]
 [-0.7365083   0.6316477  -0.0678722 ]
 [-0.53422594 -0.3752787  -0.19798231]]","[[-0.14762814 -0.48465618  0.8621568 ]
 [-0.5157464   0.78153074  0.35102084]
 [ 0.84392625  0.39283368  0.36533564]]"
20200222-193042.893695,51,[1.147162   0.90042496 0.2795747 ],"[[ 0.18557711  0.07284976 -0.9754166 ]
 [ 0.3703082   0.67501575  0.05970839]
 [-0.7375867   0.629918   -0.07088419]
 [-0.53329045 -0.3771603  -0.19993101]]","[[-0.15032949 -0.4807597   0.8638698 ]
 [-0.5202649   0.7814906   0.3443784 ]
 [ 0.84066945  0.397671    0.36760363]]"
20200222-193042.893695,52,[1.1526563  0.90483576 0.28108114],"[[ 0.18791841  0.06972178 -0.974989  ]
 [ 0.3729864   0.6735713   0.05745951]
 [-0.734927    0.63273674 -0.07348644]
 [-0.5342754  -0.37561256 -0.20173007]]","[[-0.15340522 -0.47588938  0.86602324]
 [-0.5180978   0.78501403  0.33959934]
 [ 0.84145206  0.39658844  0.3669825 ]]"
20200222-193042.893695,53,[1.1573557  0.90780234 0.28372633],"[[ 0.1904961   0.06426225 -0.97463834]
 [ 0.3822337   0.66851956  0.05468589]
 [-0.7266722   0.64216024 -0.07630717]
 [-0.5381045  -0.3695705  -0.20314214]]","[[-0.1576384  -0.4709176   0.86797863]
 [-0.506515    0.7930933   0.33829787]
 [ 0.84769845  0.38631544  0.3635488 ]]"
20200222-193042.893695,54,[1.1624851  0.9099455  0.28613865],"[[ 0.19285245  0.05989963 -0.9742614 ]
 [ 0.3884509   0.66487426  0.05239366]
 [-0.7208653   0.648556   -0.07904097]
 [-0.54061735 -0.36569056 -0.20450397]]","[[-0.16130564 -0.46750554  0.86914855]
 [-0.49902874  0.79843557  0.33685482]
 [ 0.85144055  0.37939346  0.36209083]]"
20200222-193042.893695,55,[1.1679233  0.91287    0.28859457],"[[ 0.19500476  0.05648623 -0.9738526 ]
 [ 0.39006352  0.6637508   0.04999965]
 [-0.7189992   0.65028656 -0.08205445]
 [-0.541169   -0.36520106 -0.20586127]]","[[-0.16422345 -0.46429563  0.87032205]
 [-0.4982048   0.800539    0.3330604 ]
 [ 0.8513651   0.37890223  0.36278158]]"
20200222-193042.893695,56,[1.1733854  0.91572565 0.2909411 ],"[[ 0.19716103  0.05314121 -0.9734263 ]
 [ 0.39175507  0.6625748   0.04772979]
 [-0.7170668   0.6520773  -0.0850363 ]
 [-0.5417293  -0.36464453 -0.2072008 ]]","[[-0.16713572 -0.46117553  0.87142587]
 [-0.49727482  0.80263186  0.3293933 ]
 [ 0.85134214  0.37828457  0.36347938]]"
20200222-193042.893695,57,[1.1786307  0.9186652  0.29272747],"[[ 0.19940118  0.04897727 -0.97298074]
 [ 0.39817113  0.65876484  0.04566362]
 [-0.7109617   0.65858513 -0.08753623]
 [-0.5442722  -0.36041057 -0.20871292]]","[[-0.17059456 -0.4569426   0.8729841 ]
 [-0.48932642  0.80828905  0.3274576 ]
 [ 0.8552527   0.37131166  0.3614838 ]]"
20200222-193042.893695,58,[1.1842209  0.92280775 0.29596856],"[[ 0.2015146   0.04437385 -0.9725873 ]
 [ 0.40020156  0.6575267   0.04270122]
 [-0.7086794   0.66053873 -0.09128658]
 [-0.5449808  -0.35969177 -0.20956434]]","[[-0.17348391 -0.45200884  0.87498087]
 [-0.48788458  0.81121486  0.3223341 ]
 [ 0.85549533  0.37096986  0.3612609 ]]"
20200222-193042.893695,59,[1.1894672  0.9247011  0.29886284],"[[ 0.20370042  0.03887561 -0.9721656 ]
 [ 0.40829656  0.65254736  0.04019228]
 [-0.7009151   0.66862047 -0.09436471]
 [-0.54819566 -0.35442525 -0.21065165]]","[[-0.17720705 -0.44798538  0.876303  ]
 [-0.47730094  0.817794    0.32155386]
 [ 0.8606867   0.36127853  0.3587426 ]]"
20200222-193042.893695,60,[1.1951706  0.92961746 0.3013998 ],"[[ 0.20581692  0.03445281 -0.97170585]
 [ 0.4108949   0.65101165  0.0375717 ]
 [-0.6980611   0.6710789  -0.09790555]
 [-0.5491041  -0.35305834 -0.21163833]]","[[-0.1800991  -0.4422066   0.8786454 ]
 [-0.47501838  0.8212902   0.31597456]
 [ 0.86134887  0.360466    0.35796994]]"
20200222-193042.893695,61,[1.2007897 0.9346769 0.3031202],"[[ 0.20787697  0.03138192 -0.97117496]
 [ 0.4112709   0.6507164   0.03533355]
 [-0.6972327   0.6714041  -0.10094038]
 [-0.5490994  -0.3532703  -0.21302977]]","[[-0.18265477 -0.43725318  0.8805947 ]
 [-0.47603196  0.82300866  0.30991977]
 [ 0.8602505   0.36258283  0.35847303]]"
20200222-193042.893695,62,[1.2068336  0.9373241  0.30443543],"[[ 0.20995985  0.0296096  -0.9706232 ]
 [ 0.41033792  0.6509401   0.03389929]
 [-0.6975902   0.67059976 -0.10348113]
 [-0.54855055 -0.3545374  -0.2145548 ]]","[[-0.18508263 -0.4353051   0.88105273]
 [-0.47881675  0.82286984  0.30597353]
 [ 0.8581836   0.36523244  0.3607303 ]]"
20200222-193042.893695,63,[1.2126752 0.9392082 0.3070388],"[[ 0.21198265  0.02632902 -0.9701282 ]
 [ 0.41111973  0.6501134   0.03183144]
 [-0.6963973   0.67138463 -0.10668951]
 [-0.54870284 -0.3548272  -0.21553624]]","[[-0.18772382 -0.4332756   0.8814943 ]
 [-0.479005    0.8238794   0.30294722]
 [ 0.85750455  0.36536974  0.36220297]]"
20200222-193042.893695,64,[1.2185612  0.9410308  0.30960688],"[[ 0.21397643  0.02309926 -0.96962726]
 [ 0.41179112  0.6493394   0.02980093]
 [-0.6952999   0.6720521  -0.10988151]
 [-0.5488173  -0.3552054  -0.21647437]]","[[-0.19031172 -0.43132907  0.8818939 ]
 [-0.47931534  0.8247899   0.29996413]
 [ 0.8567604   0.3656186   0.36370984]]"
20200222-193042.893695,65,[1.2243795 0.9429081 0.3108324],"[[ 0.2159213   0.02032293 -0.9691047 ]
 [ 0.41513354  0.64702755  0.02861117]
 [-0.69178075  0.6754215  -0.11214755]
 [-0.5499834  -0.35319754 -0.21780907]]","[[-0.19296233 -0.4289892   0.88245904]
 [-0.47549546  0.8275854   0.29833958]
 [ 0.85829455  0.36203694  0.36367524]]"
20200222-193042.893695,66,[1.2300347  0.9447028  0.31279337],"[[ 0.21778567  0.01622788 -0.9686096 ]
 [ 0.42045304  0.64351845  0.02697047]
 [-0.6863969   0.68062776 -0.11486089]
 [-0.5519496  -0.34980953 -0.21880475]]","[[-0.19576403 -0.425828    0.88337255]
 [-0.468623    0.8319145   0.29717135]
 [ 0.8614342   0.35579324  0.36241174]]"
20200222-193042.893695,67,[1.2360369  0.95268965 0.31413934],"[[ 0.21974601  0.01229666 -0.9680609 ]
 [ 0.42227122  0.6427485   0.02479214]
 [-0.6842684   0.6820469  -0.1182101 ]
 [-0.55242705 -0.3486197  -0.2197054 ]]","[[-0.19797026 -0.4174506   0.8868727 ]
 [-0.46734852  0.8355181   0.28895518]
 [ 0.8616225   0.35727397  0.3605026 ]]"
20200222-193042.893695,68,[1.2421671  0.9573894  0.31638637],"[[ 0.22161995  0.00818694 -0.9675641 ]
 [ 0.42443165  0.64145285  0.02278524]
 [-0.6818209   0.6838724  -0.12169847]
 [-0.55304855 -0.34754857 -0.22020507]]","[[-0.20022967 -0.41210368  0.8888637 ]
 [-0.4653171   0.83838624  0.2838813 ]
 [ 0.86219954  0.35676205  0.35962868]]"
20200222-193042.893695,69,[1.247806   0.9596447  0.31838125],"[[ 0.22327593  0.00304769 -0.96703166]
 [ 0.43227556  0.6362802   0.02096096]
 [-0.6738872   0.69144315 -0.12446263]
 [-0.5560235  -0.3421184  -0.22117794]]","[[-0.20311989 -0.40759513  0.8902858 ]
 [-0.45440954  0.8446366   0.28302163]
 [ 0.867326    0.34706697  0.35677758]]"
20200222-193042.893695,70,[1.2539053  0.9627225  0.32037807],"[[ 2.2502166e-01 -9.4902498e-04 -9.6650290e-01]
 [ 4.3566966e-01  6.3396424e-01  1.9241348e-02]
 [-6.7018259e-01  6.9455713e-01 -1.2754054e-01]
 [-5.5714697e-01 -3.4011626e-01 -2.2189063e-01]]","[[-0.20542456 -0.4034983   0.89162225]
 [-0.450274    0.84786665  0.27995646]
 [ 0.86893857  0.34396428  0.35585734]]"
20200222-193042.893695,71,[1.2601542  0.96750927 0.32168454],"[[ 0.2269442  -0.00355926 -0.965919  ]
 [ 0.43561998  0.63395137  0.01772271]
 [-0.6697773   0.69431776 -0.13046171]
 [-0.55689317 -0.34061143 -0.22285967]]","[[-0.20749107 -0.39912304  0.89311165]
 [-0.45161945  0.8489462   0.27446392]
 [ 0.86774844  0.3463978   0.35640043]]"
20200222-193042.893695,72,[1.266247   0.97367305 0.3233801 ],"[[ 0.22856961 -0.00855162 -0.9653545 ]
 [ 0.4409321   0.63068914  0.01575534]
 [-0.66418093  0.699089   -0.13371085]
 [-0.55874753 -0.33679816 -0.2235275 ]]","[[-0.20974796 -0.3915252   0.8959432 ]
 [-0.4445825   0.8543126   0.26925215]
 [ 0.87083435  0.3418455   0.3532555 ]]"
20200222-193042.893695,73,[1.2723746  0.97677433 0.32444903],"[[ 0.23038147 -0.0110345  -0.9647553 ]
 [ 0.44235215  0.62953043  0.0145745 ]
 [-0.66232747  0.7003908  -0.13616094]
 [-0.5590804  -0.33618802 -0.2247111 ]]","[[-0.2119198  -0.38851532  0.8967419 ]
 [-0.44350636  0.8558876   0.2660048 ]
 [ 0.870857    0.34133905  0.3536885 ]]"
20200222-193042.893695,74,[1.2787191  0.97993845 0.3268528 ],"[[ 0.23224415 -0.01388474 -0.9641783 ]
 [ 0.44093767  0.6302185   0.01271027]
 [-0.66328096  0.69875646 -0.13960902]
 [-0.55829644 -0.33818853 -0.2251855 ]]","[[-0.21387677 -0.38594478  0.8973869 ]
 [-0.44686908  0.8555433   0.26144537]
 [ 0.8686569   0.34509727  0.3554477 ]]"
20200222-193042.893695,75,[1.2845622  0.98388267 0.32816404],"[[ 0.23379095 -0.01760758 -0.96357393]
 [ 0.44497883  0.6274134   0.01117866]
 [-0.65885895  0.70248544 -0.1421838 ]
 [-0.55967915 -0.33549514 -0.22623949]]","[[-0.2160598  -0.38128492  0.8988549 ]
 [-0.44164732  0.85920113  0.2583044 ]
 [ 0.8707846   0.34116766  0.35403228]]"
20200222-193042.893695,76,[1.2907753 0.9894275 0.3295502],"[[ 0.23547162 -0.02130009 -0.96294063]
 [ 0.44769064  0.62561345  0.00953515]
 [-0.65570545  0.70480806 -0.14512832]
 [-0.56051445 -0.33376604 -0.22713973]]","[[-0.21821007 -0.37555575  0.90074545]
 [-0.438634    0.8622462   0.2532427 ]
 [ 0.87177104  0.33983743  0.35288233]]"
20200222-193042.893695,77,[1.296664   0.9928386  0.33023274],"[[ 0.23665512 -0.02592343 -0.96234953]
 [ 0.4563624   0.61962694  0.00850097]
 [-0.6465382   0.7130294  -0.14714004]
 [-0.563663   -0.327077   -0.2283878 ]]","[[-0.22043118 -0.36993912  0.9025271 ]
 [-0.4258204   0.8689558   0.25217706]
 [ 0.87754613  0.32872677  0.34907252]]"
20200222-193042.893695,78,[1.3032646  0.99472207 0.3317625 ],"[[ 0.23838799 -0.02827325 -0.96176857]
 [ 0.45663387  0.6191387   0.00743355]
 [-0.64584863  0.7131311  -0.1498335 ]
 [-0.5635033  -0.3275848  -0.22912003]]","[[-0.22226262 -0.3682491   0.90276915]
 [-0.42631882  0.86942947  0.24968937]
 [ 0.8768418   0.32937092  0.3502332 ]]"
20200222-193042.893695,79,[1.3098845  0.99585444 0.3339061 ],"[[ 0.2400872  -0.03085184 -0.9612133 ]
 [ 0.45604458  0.61919105  0.00612587]
 [-0.6460526   0.71233016 -0.15292618]
 [-0.56302506 -0.32899258 -0.22944467]]","[[-0.22397502 -0.3672256   0.9027628 ]
 [-0.42808464  0.8692234   0.24737488]
 [ 0.87554485  0.33105305  0.35188794]]"
20200222-193042.893695,80,[1.3164958 1.0003091 0.3357526],"[[ 0.24168114 -0.03452371 -0.9606085 ]
 [ 0.45771307  0.6180333   0.00460075]
 [-0.6439665   0.7135043  -0.15619421]
 [-0.563379   -0.32825994 -0.2298121 ]]","[[-0.2257209  -0.36253875  0.90422106]
 [-0.42645782  0.87128884  0.2428781 ]
 [ 0.8758903   0.3307895   0.35127553]]"
20200222-193042.893695,81,[1.3228033 1.0028213 0.3361147],"[[ 0.24298501 -0.03771843 -0.9599938 ]
 [ 0.4633944   0.6138698   0.00398733]
 [-0.637718    0.7188727  -0.15796228]
 [-0.56527853 -0.3239805  -0.23117992]]","[[-0.22760558 -0.35883495  0.9052257 ]
 [-0.4182143   0.8755423   0.2419146 ]
 [ 0.87937057  0.32351708  0.34934825]]"
20200222-193042.893695,82,[1.3294884  1.002773   0.33733833],"[[ 0.24457572 -0.03982812 -0.95940375]
 [ 0.46461987  0.6125263   0.00324147]
 [-0.6360309   0.7199974  -0.16020028]
 [-0.56548727 -0.32377332 -0.23209798]]","[[-0.22935174 -0.35853103  0.9049052 ]
 [-0.41693348  0.8762645   0.24150994]
 [ 0.879525    0.32189456  0.35045642]]"
20200222-193042.893695,83,[1.3356984  1.006411   0.33840266],"[[ 0.24591693 -0.04321426 -0.9587617 ]
 [ 0.46810386  0.60988265  0.00202051]
 [-0.6319775   0.72308946 -0.16261518]
 [-0.566576   -0.32143053 -0.23308575]]","[[-0.23112203 -0.35435495  0.90609914]
 [-0.41223457  0.8792511   0.23870514]
 [ 0.88127494  0.31835526  0.34929168]]"
20200222-193042.893695,84,[1.342392   1.0064507  0.34038904],"[[ 2.4726552e-01 -4.6810798e-02 -9.5814365e-01]
 [ 4.7109854e-01  6.0728556e-01  7.7300973e-04]
 [-6.2843335e-01  7.2571111e-01 -1.6545013e-01]
 [-5.6744808e-01 -3.1993151e-01 -2.3363760e-01]]","[[-0.23281817 -0.35294065  0.90621674]
 [-0.40801045  0.8812985   0.2384129 ]
 [ 0.88279295  0.3142391   0.34918573]]"
20200222-193042.893695,85,[1.3489548  1.0084418  0.34170505],"[[ 2.4891204e-01 -4.8950918e-02 -9.5748383e-01]
 [ 4.7114223e-01  6.0686958e-01 -3.8243411e-04]
 [-6.2793916e-01  7.2559536e-01 -1.6793707e-01]
 [-5.6723881e-01 -3.2066277e-01 -2.3456676e-01]]","[[-0.23457833 -0.35134456  0.906383  ]
 [-0.4088249   0.88158983  0.23592715]
 [ 0.88194966  0.31520858  0.3504403 ]]"
20200222-193042.893695,86,[1.3556672  1.0118544  0.34346315],"[[ 0.25000447 -0.0536611  -0.9568256 ]
 [ 0.47619525  0.6030761  -0.00184077]
 [-0.62218934  0.72996294 -0.17094529]
 [-0.5688729  -0.3171337  -0.23507303]]","[[-0.23616444 -0.34636605  0.907886  ]
 [-0.4013687   0.8856583   0.2334797 ]
 [ 0.884946    0.30925745  0.34818152]]"
20200222-193042.893695,87,[1.3622639 1.0130945 0.345369 ],"[[ 0.25161964 -0.05597209 -0.95618856]
 [ 0.47521684  0.6033547  -0.00320987]
 [-0.62280506  0.7287783  -0.17384782]
 [-0.568305   -0.31892395 -0.23552103]]","[[-0.237799   -0.3454869   0.9077944 ]
 [-0.40375042  0.885194    0.23112224]
 [ 0.8834237   0.3115617   0.3499887 ]]"
20200222-193042.893695,88,[1.3691761  1.0148937  0.34740284],"[[ 0.2529964  -0.05947883 -0.95554507]
 [ 0.47684708  0.6018763  -0.00455608]
 [-0.62068397  0.72992176 -0.17697795]
 [-0.56864816 -0.31846708 -0.23577812]]","[[-0.23931819 -0.34301198  0.9083334 ]
 [-0.4018016   0.8866417   0.22895813]
 [ 0.88390166  0.31017599  0.35001233]]"
20200222-193042.893695,89,[1.3756009  1.0185075  0.34829587],"[[ 0.2542271  -0.06266332 -0.95487416]
 [ 0.48001176  0.5993865  -0.00558735]
 [-0.6168955   0.7326262  -0.17930964]
 [-0.5695594  -0.3163355  -0.2367119 ]]","[[-0.24081501 -0.33898917  0.90944755]
 [-0.39743188  0.88930404  0.22624385]
 [ 0.8854696   0.30696034  0.3488828 ]]"
20200222-193042.893695,90,[1.3825817 1.0183437 0.349348 ],"[[ 0.25573617 -0.06446596 -0.95426977]
 [ 0.48061755  0.59847325 -0.0061688 ]
 [-0.61585754  0.7330848  -0.18146096]
 [-0.5694957  -0.31664026 -0.23749423]]","[[-0.24225694 -0.33895838  0.909076  ]
 [-0.39699924  0.8895856   0.22589616]
 [ 0.8852701   0.30617762  0.35007465]]"
20200222-193042.893695,91,[1.3890882  1.0219694  0.35022643],"[[ 0.25693363 -0.06761944 -0.953595  ]
 [ 0.48364976  0.59606284 -0.00716499]
 [-0.6121887   0.7356349  -0.18379603]
 [-0.5703451  -0.31460842 -0.23837881]]","[[-0.2436786  -0.3349715   0.9101732 ]
 [-0.39280552  0.89213264  0.22316706]
 [ 0.8867496   0.30313995  0.34897223]]"
20200222-193042.893695,92,[1.3961012  1.0237013  0.35138667],"[[ 0.25851306 -0.06952818 -0.9529988 ]
 [ 0.4832579   0.59613204 -0.0078505 ]
 [-0.6122719   0.7349546  -0.18633516]
 [-0.5698738  -0.31564978 -0.23876984]]","[[-0.24499874 -0.33359423  0.9103245 ]
 [-0.39415273  0.8921169   0.22084221]
 [ 0.8857875   0.3047008   0.35005453]]"
20200222-193042.893695,93,[1.40298   1.0270814 0.3513061],"[[ 0.26004562 -0.07097606 -0.95234245]
 [ 0.48444468  0.595056   -0.00819231]
 [-0.61053944  0.73598504 -0.18796377]
 [-0.57002753 -0.31495544 -0.24009714]]","[[-0.24651904 -0.33092043  0.9108898 ]
 [-0.39303458  0.8932717   0.2181508 ]
 [ 0.8858626   0.3042328   0.3502716 ]]"
20200222-193042.893695,94,[1.4098656  1.0304976  0.35204503],"[[ 0.26129436 -0.0739613  -0.95163625]
 [ 0.48730406  0.592716   -0.00907346]
 [-0.606992    0.7383896  -0.19024119]
 [-0.570807   -0.31304672 -0.241069  ]]","[[-0.24794348 -0.32716337  0.91185963]
 [-0.38906318  0.8956376   0.21555308]
 [ 0.88721675  0.30132607  0.34935477]]"
20200222-193042.893695,95,[1.4169711  1.0317656  0.35339436],"[[ 0.26214698 -0.07826259 -0.95092034]
 [ 0.49279332  0.58823836 -0.010042  ]
 [-0.6006165   0.743146   -0.19279999]
 [-0.57244563 -0.30916837 -0.24182329]]","[[-0.24904199 -0.32377     0.91277134]
 [-0.3803839   0.8994301   0.21525316]
 [ 0.8906663   0.2935964   0.34715274]]"
20200222-193042.893695,96,[1.4240853  1.0322157  0.35455808],"[[ 0.26325208 -0.08119038 -0.9502816 ]
 [ 0.49549773  0.58579975 -0.01073864]
 [-0.59728557  0.74538064 -0.19513382]
 [-0.5730886  -0.30765957 -0.24243021]]","[[-0.25010413 -0.32220876  0.9130332 ]
 [-0.3762538   0.9012313   0.21497796]
 [ 0.8921217   0.28976536  0.3466339 ]]"
20200222-193042.893695,97,[1.4313989  1.0353719  0.35603768],"[[ 0.264145   -0.08547153 -0.94956046]
 [ 0.49971575  0.5823844  -0.01184351]
 [-0.5922255   0.7487754  -0.19801733]
 [-0.5742651  -0.304727   -0.24286556]]","[[-0.25112656 -0.31772462  0.91432303]
 [-0.3697349   0.90445346  0.21274413]
 [ 0.89455664  0.2846315   0.34460613]]"
20200222-193042.893695,98,[1.4388745  1.0404917  0.35761803],"[[ 0.26513758 -0.08983497 -0.9488068 ]
 [ 0.5029971   0.5798377  -0.01313185]
 [-0.5881692   0.7511459  -0.20123415]
 [-0.5751111  -0.30248538 -0.24310087]]","[[-0.25217018 -0.3119403   0.916026  ]
 [-0.36492792  0.907381    0.2085364 ]
 [ 0.89623535  0.2816968   0.34265015]]"
20200222-193042.893695,99,[1.4460745  1.0414447  0.35928744],"[[ 0.26669663 -0.0917182  -0.9481902 ]
 [ 0.5014513   0.5807331  -0.01404362]
 [-0.5895877   0.749299   -0.20406024]
 [-0.57428753 -0.30477604 -0.24310121]]","[[-0.2534152  -0.3115153   0.91582716]
 [-0.36813724  0.90655136  0.20649427]
 [ 0.8945703   0.2848212   0.34441426]]"
20200222-193042.893695,100,[1.4531136  1.0452365  0.36043367],"[[ 0.2683146  -0.09343734 -0.9475041 ]
 [ 0.4999184   0.5817171  -0.01509325]
 [-0.59086823  0.7475129  -0.20663112]
 [-0.57355356 -0.30675623 -0.24353933]]","[[-0.25492838 -0.3092132   0.91618717]
 [-0.37160313  0.906061    0.20239735]
 [ 0.8927053   0.28886113  0.34588525]]"
20200222-193042.893695,101,[1.4596438  1.0477581  0.36200967],"[[ 0.2702329  -0.09418076 -0.94684416]
 [ 0.49524614  0.5849215  -0.01648349]
 [-0.5956077   0.74286294 -0.2093221 ]
 [-0.57180136 -0.31169122 -0.24371763]]","[[-0.25670308 -0.30909202  0.9157324 ]
 [-0.3803527   0.90333533  0.1982851 ]
 [ 0.88850176  0.29740086  0.34945297]]"
20200222-193042.893695,102,[1.4667507  1.0501745  0.36234018],"[[ 0.2717006  -0.09555338 -0.9462045 ]
 [ 0.49536234  0.5845849  -0.01689806]
 [-0.59506756  0.7427816  -0.21118414]
 [-0.5715674  -0.3120993  -0.24456649]]","[[-0.25800842 -0.3074483   0.91591895]
 [-0.38083643  0.9036214   0.19604127]
 [ 0.88791627  0.29823506  0.35022947]]"
20200222-193042.893695,103,[1.4741441 1.0545655 0.3627858],"[[ 0.27332032 -0.09694918 -0.94552064]
 [ 0.49462694  0.58502203 -0.01753331]
 [-0.5954267   0.7418138  -0.2133059 ]
 [-0.5710579  -0.31314933 -0.24532427]]","[[-0.25950366 -0.3046757   0.91642267]
 [-0.3829587   0.9035985   0.19196957]
 [ 0.8865665   0.3011353   0.35116535]]"
20200222-193042.893695,104,[1.4815449  1.0568794  0.36398003],"[[ 0.2744496  -0.09983686 -0.94484943]
 [ 0.49632868  0.5835276  -0.0182838 ]
 [-0.5932167   0.74291986 -0.21588887]
 [-0.5713404  -0.3124076  -0.24559689]]","[[-0.26049703 -0.30206063  0.9170066 ]
 [-0.3806596   0.90499216  0.1899679 ]
 [ 0.88726544  0.29958123  0.35072994]]"
20200222-193042.893695,105,[1.4885161  1.0601723  0.36458233],"[[ 0.27545616 -0.10253537 -0.94415474]
 [ 0.4988037   0.58142745 -0.01896497]
 [-0.5900882   0.7448672  -0.21796913]
 [-0.57193923 -0.31080773 -0.246376  ]]","[[-0.26150507 -0.2987149   0.917815  ]
 [-0.37711743  0.9069405   0.18772687]
 [ 0.8884804   0.2970325   0.34982017]]"
20200222-193042.893695,106,[1.4959824  1.0603606  0.36556002],"[[ 0.2764678  -0.10524703 -0.94348943]
 [ 0.50125396  0.57916266 -0.01947057]
 [-0.58703995  0.7467872  -0.22020143]
 [-0.5724458  -0.30952063 -0.24690042]]","[[-0.26233312 -0.29742408  0.9179981 ]
 [-0.3733352   0.9085167   0.18766546]
 [ 0.8898326   0.29349005  0.34937286]]"
20200222-193042.893695,107,[1.5036145  1.0616885  0.36642757],"[[ 0.27796614 -0.10665383 -0.94286895]
 [ 0.50051755  0.579455   -0.01994278]
 [-0.5875177   0.74579406 -0.22240928]
 [-0.57187396 -0.3108828  -0.24725366]]","[[-0.2635337  -0.29676494  0.9178675 ]
 [-0.37516305  0.9081265   0.18590046]
 [ 0.8887085   0.2953589   0.3506572 ]]"
20200222-193042.893695,108,[1.5113508  1.0615357  0.36648288],"[[ 0.2793381  -0.10761239 -0.9422624 ]
 [ 0.50130683  0.5784247  -0.0199109 ]
 [-0.5862722   0.7464774  -0.22380346]
 [-0.5717929  -0.31083095 -0.24830899]]","[[-0.2645906  -0.29691646  0.9175143 ]
 [-0.3742627   0.9084654   0.18605924]
 [ 0.8887741   0.2941618   0.35149622]]"
20200222-193042.893695,109,[1.5190631  1.0628761  0.36733946],"[[ 0.28081018 -0.1089895  -0.94164884]
 [ 0.50051266  0.578761   -0.02038444]
 [-0.5868078   0.74543095 -0.22598878]
 [-0.5712174  -0.31223306 -0.2486185 ]]","[[-0.26576677 -0.29627132  0.917383  ]
 [-0.37614727  0.9080483   0.18428646]
 [ 0.88762677  0.29609388  0.35277075]]"
20200222-193042.893695,110,[1.5269582  1.0670744  0.36849728],"[[ 0.2820718  -0.11169458 -0.94092375]
 [ 0.5012685   0.57811    -0.02121486]
 [-0.5856025   0.74555236 -0.22870171]
 [-0.57116926 -0.31219274 -0.24881262]]","[[-0.26685837 -0.29271817  0.91820616]
 [-0.37558308  0.9090155   0.18063246]
 [ 0.887538    0.2966594   0.35251838]]"
20200222-193042.893695,111,[1.5344647 1.07013   0.3688542],"[[ 0.28314692 -0.11410111 -0.94019556]
 [ 0.5035245   0.57613885 -0.02171585]
 [-0.5826726   0.7473114  -0.23065224]
 [-0.57164997 -0.3107586  -0.24972121]]","[[-0.267819   -0.28967392  0.9188918 ]
 [-0.37235165  0.9107486   0.17858164]
 [ 0.88860977  0.29432335  0.35177633]]"
20200222-193042.893695,112,[1.5420067  1.071626   0.36959198],"[[ 0.28462535 -0.11549445 -0.9395139 ]
 [ 0.5028613   0.57630765 -0.02234646]
 [-0.5830122   0.74641913 -0.23275763]
 [-0.571153   -0.3120727  -0.2502765 ]]","[[-0.26912138 -0.2888967   0.91875595]
 [-0.37409073  0.9104043   0.17669226]
 [ 0.8874852   0.29614636  0.35308287]]"
20200222-193042.893695,113,[1.5494429 1.0754192 0.3694043],"[[ 0.28558713 -0.11768691 -0.93882394]
 [ 0.5057941   0.5739049  -0.02250914]
 [-0.5793311   0.7488586  -0.23430559]
 [-0.5718289  -0.30982903 -0.2514047 ]]","[[-0.26989445 -0.28527692  0.9196598 ]
 [-0.3696875   0.9126048   0.17459558]
 [ 0.8890941   0.29286432  0.35177034]]"
20200222-193042.893695,114,[1.5568345  1.0763333  0.37080503],"[[ 0.28702912 -0.11935069 -0.9381431 ]
 [ 0.5043173   0.5746429  -0.02351657]
 [-0.58061844  0.7470924  -0.23683468]
 [-0.57110476 -0.31207994 -0.25148362]]","[[-0.27122122 -0.28504866  0.9193401 ]
 [-0.37276614  0.9117107   0.17271072]
 [ 0.88740313  0.29585606  0.3535318 ]]"
20200222-193042.893695,115,[1.5647851  1.07768    0.37233052],"[[ 0.288185   -0.12215312 -0.9374087 ]
 [ 0.50506085  0.5737734  -0.02439552]
 [-0.5794717   0.74718    -0.23965417]
 [-0.57103026 -0.31238604 -0.25146747]]","[[-0.27214727 -0.28337353  0.91958433]
 [-0.37199605  0.91233814  0.17104986]
 [ 0.88744277  0.29553097  0.35370418]]"
20200222-193042.893695,116,[1.5723495  1.0792068  0.37307757],"[[ 0.2895739  -0.12344095 -0.93674517]
 [ 0.5042468   0.5740262  -0.02508173]
 [-0.57997507  0.7461674  -0.24164782]
