Timestamp,Epoch,s,u,v
20200222-100215.459312,0,[2.5294535  0.80890864 0.60793674],"[[-0.00363538  0.21885997 -0.39141276]
 [ 0.43782467  0.8765078   0.11949063]
 [ 0.7626794  -0.38724566  0.4313786 ]
 [ 0.4760425  -0.1840524  -0.8040092 ]]","[[-0.05642042  0.8434807  -0.5341884 ]
 [ 0.5574131   0.47050148  0.6840461 ]
 [ 0.8283159  -0.25916943 -0.496713  ]]"
20200222-100215.459312,1,[2.5096793 0.8111851 0.6057494],"[[-0.00989342  0.20823161 -0.39649725]
 [ 0.43589345  0.8809124   0.09358963]
 [ 0.76701105 -0.373727    0.43464077]
 [ 0.47073668 -0.20238726 -0.80319244]]","[[-0.06296627  0.8331589  -0.54943734]
 [ 0.55719477  0.48608732  0.6732407 ]
 [ 0.827991   -0.26375216 -0.4948389 ]]"
20200222-100215.459312,2,[2.4953249 0.8128051 0.6043583],"[[-0.01500503  0.20098856 -0.39969808]
 [ 0.4333682   0.8840914   0.076165  ]
 [ 0.7703127  -0.36361286  0.43642092]
 [ 0.46753126 -0.2139441  -0.8024819 ]]","[[-0.06832418  0.82603604 -0.55946094]
 [ 0.55671614  0.49691084  0.6656928 ]
 [ 0.8278884  -0.2659779  -0.49381852]]"
20200222-100215.459312,3,[2.4785542  0.81559205 0.6025238 ],"[[-0.02041532  0.19316956 -0.4030792 ]
 [ 0.43139216  0.88674223  0.05679313]
 [ 0.7737869  -0.3532078   0.43778822]
 [ 0.46339875 -0.22719634 -0.80165035]]","[[-0.07404429  0.8183548  -0.56992364]
 [ 0.55637777  0.508182    0.6574154 ]
 [ 0.8276241  -0.2684149  -0.49294236]]"
20200222-100215.459312,4,[2.4532664  0.81752604 0.6003949 ],"[[-0.02673204  0.18403977 -0.40681636]
 [ 0.42794624  0.88981986  0.0347038 ]
 [ 0.7781715  -0.34049073  0.43894932]
 [ 0.4589083  -0.24169365 -0.80038726]]","[[-0.08202394  0.809186   -0.5817989 ]
 [ 0.555247    0.52187914  0.647567  ]
 [ 0.82763094 -0.2699262  -0.49210474]]"
20200222-100215.459312,5,[2.4348228  0.81972253 0.59852237],"[[-0.03207496  0.17689888 -0.40974057]
 [ 0.42494825  0.8919378   0.01657741]
 [ 0.7818384  -0.32992557  0.43940422]
 [ 0.455103   -0.25357974 -0.7992257 ]]","[[-0.08842213  0.8016622  -0.59120136]
 [ 0.55446476  0.532685    0.6393869 ]
 [ 0.8274964  -0.27126443 -0.49159455]]"
20200222-100215.459312,6,[2.4142244  0.82314104 0.5961109 ],"[[-0.0377944   0.1692426  -0.41271248]
 [ 0.42244437  0.89341944 -0.00326797]
 [ 0.7856922  -0.31923053  0.4392583 ]
 [ 0.45033342 -0.26692805 -0.79794097]]","[[-0.09521598  0.7937461  -0.60075045]
 [ 0.5538434   0.5437032   0.6305904 ]
 [ 0.82715875 -0.27267942 -0.49138018]]"
20200222-100215.459312,7,[2.3948917 0.8253639 0.5931807],"[[-0.0443559   0.15968695 -0.4153912 ]
 [ 0.41887167  0.89503247 -0.02577422]
 [ 0.7899958  -0.3067944   0.43930933]
 [ 0.44551742 -0.2815926  -0.7961113 ]]","[[-0.10255675  0.78418756 -0.6119902 ]
 [ 0.5531005   0.55631363  0.6201571 ]
 [ 0.8267781  -0.2748908  -0.49078825]]"
20200222-100215.459312,8,[2.3718133  0.82861596 0.59088224],"[[-0.05005009  0.15310208 -0.4177737 ]
 [ 0.4155122   0.89603084 -0.04323215]
 [ 0.7938443  -0.29666683  0.4380258 ]
 [ 0.44119805 -0.29270685 -0.794814  ]]","[[-0.11010434  0.77712584 -0.619639  ]
 [ 0.55196893  0.566265    0.61210626]
 [ 0.8265635  -0.274626   -0.49129766]]"
20200222-100215.459312,9,[2.3601716 0.8304947 0.5879493],"[[-0.05601224  0.14463581 -0.419436  ]
 [ 0.41193402  0.8967993  -0.06285663]
 [ 0.7975648  -0.28572     0.43755266]
 [ 0.43710816 -0.30528024 -0.7928873 ]]","[[-0.11599416  0.76855725 -0.62917805]
 [ 0.5515428   0.5766555   0.602718  ]
 [ 0.8260423  -0.2771069  -0.4907809 ]]"
20200222-100215.459312,10,[2.3456924  0.83476937 0.5847671 ],"[[-0.06198704  0.13726479 -0.42079684]
 [ 0.40967458  0.8965875  -0.08114257]
 [ 0.8010058  -0.27675414  0.4358746 ]
 [ 0.43210456 -0.31732753 -0.79142886]]","[[-0.12190586  0.7615382  -0.6365524 ]
 [ 0.5514008   0.5852244   0.5945335 ]
 [ 0.82528573 -0.27851826 -0.49125487]]"
20200222-100215.459312,11,[2.328087   0.83888125 0.5819309 ],"[[-0.0675539   0.13126259 -0.42222202]
 [ 0.4067683   0.8964137  -0.09722201]
 [ 0.80446124 -0.26811627  0.4336366 ]
 [ 0.42757332 -0.32760742 -0.7900862 ]]","[[-0.12847435  0.75535667 -0.64259696]
 [ 0.5507382   0.59320706  0.5871909 ]
 [ 0.8247316  -0.27846372 -0.4922156 ]]"
20200222-100215.459312,12,[2.310548  0.8434729 0.5792384],"[[-0.07309476  0.12594113 -0.4232763 ]
 [ 0.40409097  0.89606285 -0.11163475]
 [ 0.8076535  -0.26055157  0.43097103]
 [ 0.42315876 -0.33663464 -0.78907466]]","[[-0.13493589  0.7501464  -0.6473581 ]
 [ 0.5500807   0.60011923  0.5807478 ]
 [ 0.8241379  -0.2777355  -0.49361873]]"
20200222-100215.459312,13,[2.3025577  0.8458515  0.57591164],"[[-0.07857834  0.11863402 -0.4239025 ]
 [ 0.40051144  0.8956024  -0.12874053]
 [ 0.810922   -0.25116846  0.42943344]
 [ 0.41931093 -0.34747225 -0.7869686 ]]","[[-0.14004503  0.7427722  -0.65473425]
 [ 0.54971516  0.60830563  0.5725189 ]
 [ 0.82352954 -0.27973893 -0.49350336]]"
20200222-100215.459312,14,[2.2854862  0.8513605  0.57338035],"[[-0.08367473  0.11492556 -0.42468122]
 [ 0.3982879   0.8948727  -0.14038827]
 [ 0.81374526 -0.24529994  0.42604896]
 [ 0.41495052 -0.3547145  -0.78639627]]","[[-0.14614296  0.73920316 -0.65743494]
 [ 0.5491417   0.613396    0.56761676]
 [ 0.82285213 -0.2780718  -0.49557075]]"
20200222-100215.459312,15,[2.2662911  0.85520154 0.57077783],"[[-0.08916858  0.11022969 -0.42550817]
 [ 0.3942337   0.89459676 -0.15340061]
 [ 0.8170586  -0.23733406  0.42274746]
 [ 0.4111498  -0.362241   -0.7852997 ]]","[[-0.15352528  0.734152   -0.66140074]
 [ 0.54781485  0.6202958   0.56136614]
 [ 0.82239217 -0.27614117 -0.4974104 ]]"
20200222-100215.459312,16,[2.2566726  0.85936606 0.56821823],"[[-0.09409816  0.10605338 -0.42560023]
 [ 0.3914104   0.89399755 -0.16449365]
 [ 0.81956375 -0.23128788  0.41999   ]
 [ 0.4077488  -0.36881837 -0.7844837 ]]","[[-0.15855275  0.73022527 -0.66455406]
 [ 0.54736304  0.6251795   0.5563669 ]
 [ 0.82173896 -0.2755388  -0.49882215]]"
20200222-100215.459312,17,[2.2429109  0.8632662  0.56488997],"[[-0.09980507  0.1005989  -0.42575744]
 [ 0.3875545   0.8931141  -0.1785786 ]
 [ 0.82276964 -0.2234437   0.4166166 ]
 [ 0.40359694 -0.37722644 -0.7831162 ]]","[[-0.16506079  0.7247853  -0.66891056]
 [ 0.54655015  0.63177276  0.54967844]
 [ 0.82099813 -0.2748628  -0.5004124 ]]"
20200222-100215.459312,18,[2.232053   0.8657593  0.56226724],"[[-0.10493428  0.09571632 -0.42581898]
 [ 0.38303578  0.892723   -0.19057661]
 [ 0.8256246  -0.21564803  0.41377348]
 [ 0.4007706  -0.38390183 -0.7817611 ]]","[[-0.17106892  0.71955466 -0.6730353 ]
 [ 0.545399    0.6380556   0.54353034]
 [ 0.8205338  -0.2740917  -0.50159585]]"
20200222-100215.459312,19,[2.2268093  0.8685057  0.55880487],"[[-0.11001968  0.08993309 -0.42541057]
 [ 0.379198    0.8915293  -0.20424424]
 [ 0.82835215 -0.20801288  0.411166  ]
 [ 0.39741313 -0.39219603 -0.7799056 ]]","[[-0.1757017   0.7138086  -0.6779427 ]
 [ 0.544941    0.6440445   0.53688544]
 [ 0.8198587  -0.27510706 -0.50214326]]"
20200222-100215.459312,20,[2.2309365 0.87277   0.5557126],"[[-0.11387865  0.08612677 -0.42459616]
 [ 0.37779835  0.88993424 -0.214181  ]
 [ 0.8300108  -0.20386216  0.40908724]
 [ 0.3941853  -0.39879698 -0.77877593]]","[[-0.17715225  0.710735   -0.6807884 ]
 [ 0.5457138   0.64658934  0.53302795]
 [ 0.8190321  -0.27708858 -0.50240254]]"
20200222-100215.459312,21,[2.2263362  0.87826616 0.55299807],"[[-0.11841882  0.08338676 -0.42385536]
 [ 0.37629148  0.88866436 -0.22247478]
 [ 0.8317988  -0.20054519  0.40581393]
 [ 0.39050284 -0.40386146 -0.77856714]]","[[-0.18057078  0.70893806 -0.68176335]
 [ 0.5459985   0.6487971   0.53004545]
 [ 0.8180954  -0.27653104 -0.50423294]]"
20200222-100215.459312,22,[2.2165134 0.8842487 0.5497814],"[[-0.12343665  0.08041438 -0.4233301 ]
 [ 0.37404564  0.8872156  -0.23210455]
 [ 0.83410406 -0.1962837   0.40170738]
 [ 0.38616502 -0.40970054 -0.77817124]]","[[-0.18547383  0.7066599  -0.6828112 ]
 [ 0.54586965  0.6518846   0.5263771 ]
 [ 0.8170836  -0.27509683 -0.50665176]]"
20200222-100215.459312,23,[2.2150354  0.8886684  0.54630625],"[[-0.12775475  0.07670179 -0.42261142]
 [ 0.37169927  0.88549846 -0.24253468]
 [ 0.8361832  -0.19143422  0.39865884]
 [ 0.3825128  -0.4163679  -0.7769478 ]]","[[-0.18851168  0.7033618  -0.68538   ]
 [ 0.5461149   0.65511477  0.52209526]
 [ 0.81622434 -0.27587512 -0.5076131 ]]"
20200222-100215.459312,24,[2.2026558 0.8936733 0.5433225],"[[-0.13269213  0.07388537 -0.4223329 ]
 [ 0.36810425  0.88443273 -0.25176534]
 [ 0.8386818  -0.18609458  0.39435354]
 [ 0.37882096 -0.42153218 -0.77636015]]","[[-0.19442499  0.7006029  -0.6865529 ]
 [ 0.5452399   0.6590111   0.51809096]
 [ 0.81542176 -0.27360615 -0.5101248 ]]"
20200222-100215.459312,25,[2.2068691  0.89886415 0.54064023],"[[-0.13593085  0.07195857 -0.42146578]
 [ 0.367249    0.8829206  -0.25842297]
 [ 0.8398765  -0.18377775  0.3919775 ]
 [ 0.3758438  -0.42602733 -0.7758467 ]]","[[-0.19534625  0.69951093 -0.6874042 ]
 [ 0.5460561   0.65979177  0.51623416]
 [ 0.8146548  -0.27451682 -0.51086   ]]"
20200222-100215.459312,26,[2.2055216  0.9029016  0.53870076],"[[-0.13983168  0.06981015 -0.42043874]
 [ 0.36482206  0.8823781  -0.2641714 ]
 [ 0.8411852  -0.18046193  0.38944146]
 [ 0.37384397 -0.42891556 -0.7757447 ]]","[[-0.19833666  0.69801015 -0.68807304]
 [ 0.5458148   0.6617507   0.5139767 ]
 [ 0.81409377 -0.27362    -0.5122337 ]]"
20200222-100215.459312,27,[2.1933968  0.9082278  0.53600967],"[[-0.14472175  0.06752936 -0.41984978]
 [ 0.36130774  0.88152885 -0.27185717]
 [ 0.84336215 -0.17590354  0.3851154 ]
 [ 0.37047565 -0.43290237 -0.7755679 ]]","[[-0.2041843   0.6960569  -0.68834114]
 [ 0.5448429   0.66498643  0.5108223 ]
 [ 0.8132989  -0.27073592 -0.5150214 ]]"
20200222-100215.459312,28,[2.1876976  0.91243744 0.532104  ],"[[-0.14995135  0.06328098 -0.41843718]
 [ 0.35734913  0.8799217  -0.28265288]
 [ 0.84571224 -0.1701136   0.3811751 ]
 [ 0.3668612  -0.43908435 -0.774418  ]]","[[-0.20913203  0.6923726  -0.6905679 ]
 [ 0.5443161   0.66909224  0.5059997 ]
 [ 0.8123939  -0.27006653 -0.5167982 ]]"
20200222-100215.459312,29,[2.1880474  0.91653883 0.52996933],"[[-0.15331183  0.06148916 -0.41762683]
 [ 0.35500917  0.8791087  -0.28825992]
 [ 0.84695065 -0.16684665  0.3786869 ]
 [ 0.364881   -0.44220915 -0.77400935]]","[[-0.21148033  0.69092625 -0.6913011 ]
 [ 0.5441553   0.6707729   0.5039432 ]
 [ 0.8118935  -0.26960108 -0.51782644]]"
20200222-100215.459312,30,[2.1855783  0.91942835 0.5267696 ],"[[-0.1576527   0.05764762  0.41639298]
 [ 0.35082588  0.8778743   0.29744965]
 [ 0.84889376 -0.16106082 -0.3756091 ]
 [ 0.3625549  -0.44729543  0.77269584]]","[[-0.21547347  0.68724483  0.6937333 ]
 [ 0.5433893   0.6746551  -0.49956846]
 [ 0.8113563  -0.2693234   0.5188118 ]]"
20200222-100215.459312,31,[2.1724377  0.92289025 0.52410746],"[[-0.16262712  0.05467526  0.41574648]
 [ 0.34518224  0.8773585   0.305576  ]
 [ 0.8512607  -0.15448071 -0.37116995]
 [ 0.3602182  -0.45098642  0.77201754]]","[[-0.22252089  0.6838582   0.69485426]
 [ 0.5413822   0.6794098  -0.49528542]
 [ 0.81079584 -0.26597038  0.5214115 ]]"
20200222-100215.459312,32,[2.1680639 0.9279343 0.5218222],"[[-0.16653652  0.05321672  0.41484866]
 [ 0.34223083  0.8766497   0.3109716 ]
 [ 0.85271806 -0.15108095 -0.36771023]
 [ 0.35779274 -0.45368314  0.77200156]]","[[-0.22633809  0.682817    0.6946454 ]
 [ 0.5407794   0.6812359  -0.4934323 ]
 [ 0.8101414  -0.2639673   0.5234428 ]]"
20200222-100215.459312,33,[2.1706526  0.93132895 0.51955223],"[[-0.17004424  0.05088365  0.413466  ]
 [ 0.33930045  0.87585855  0.3167583 ]
 [ 0.8538676  -0.14740364 -0.36536142]
 [ 0.35618865 -0.45667812  0.77150565]]","[[-0.22863275  0.6809746   0.6957015 ]
 [ 0.54048353  0.68316615 -0.4910821 ]
 [ 0.8096943  -0.2637377   0.5242497 ]]"
20200222-100215.459312,34,[2.168114   0.93503654 0.51680344],"[[-0.17386317  0.04839634  0.4124564 ]
 [ 0.3356214   0.87479484  0.3236943 ]
 [ 0.8554376  -0.14281175 -0.36214632]
 [ 0.35405734 -0.46043113  0.7706828 ]]","[[-0.23229335  0.6785754   0.69683236]
 [ 0.5397093   0.6859422  -0.48805493]
 [ 0.8091687  -0.262715    0.5255732 ]]"
20200222-100215.459312,35,[2.1588504  0.93973416 0.51530796],"[[-0.17774013  0.04762769  0.41207123]
 [ 0.331638    0.8748348   0.32754537]
 [ 0.8568848  -0.13886236 -0.3583691 ]
 [ 0.352382   -0.46164113  0.77102715]]","[[-0.23762879  0.6775887   0.69599295]
 [ 0.53815204  0.6883381  -0.4863981 ]
 [ 0.8086562  -0.2589678   0.5282147 ]]"
20200222-100215.459312,36,[2.1556773 0.9444327 0.5128757],"[[-0.18124393  0.04623546  0.4113792 ]
 [ 0.32858276  0.87390536  0.33297902]
 [ 0.858255   -0.13528259 -0.35498112]
 [ 0.35011727 -0.46459693  0.7706364 ]]","[[-0.24105462  0.67626685  0.69610053]
 [ 0.5375134   0.69022703 -0.48442352]
 [ 0.8080668  -0.2573909   0.5298849 ]]"
20200222-100215.459312,37,[2.1469736  0.94912696 0.51144105],"[[-0.1850811   0.0454964   0.4109248 ]
 [ 0.32449356  0.8740191   0.3365621 ]
 [ 0.8596055  -0.13132025 -0.35125953]
 [ 0.34860837 -0.4655923   0.771028  ]]","[[-0.24637993  0.6752883   0.69518536]
 [ 0.535867    0.6925988  -0.48285982]
 [ 0.80755424 -0.25355986  0.5325071 ]]"
20200222-100215.459312,38,[2.1423845  0.95465606 0.5083412 ],"[[-0.18957844  0.04346209  0.40931723]
 [ 0.32113054  0.87287766  0.34293786]
 [ 0.86108476 -0.12773755 -0.34722018]
 [ 0.34564134 -0.46891207  0.77090293]]","[[-0.2507364   0.67394197  0.6949342 ]
 [ 0.53521425  0.69468063 -0.48058757]
 [ 0.80664545 -0.25143796  0.5348851 ]]"
20200222-100215.459312,39,[2.1403918  0.95831764 0.5059591 ],"[[-0.19355045  0.04113781  0.4077961 ]
 [ 0.31724462  0.87218904  0.3485989 ]
 [ 0.8623069  -0.12355689 -0.3441004 ]
 [ 0.34397733 -0.4715166   0.77056885]]","[[-0.25464624  0.67193675  0.6954542 ]
 [ 0.53419447  0.69721806 -0.4780413 ]
 [ 0.8060965  -0.24977633  0.5364889 ]]"
20200222-100215.459312,40,[2.1335948 0.9620764 0.5043023],"[[-0.19751333  0.03952677  0.40687448]
 [ 0.31240332  0.872243    0.35290387]
 [ 0.8635971  -0.11875589 -0.34061494]
 [ 0.342919   -0.47278622  0.770645  ]]","[[-0.26003876  0.6700786   0.69525164]
 [ 0.53227216  0.7002226  -0.4757886 ]
 [ 0.80564654 -0.24633956  0.53874916]]"
20200222-100215.459312,41,[2.1319232  0.9658094  0.50200653],"[[-0.20136902  0.03744066  0.4053985 ]
 [ 0.3084972   0.87160873  0.35813624]
 [ 0.86472726 -0.11467198 -0.33748063]
 [ 0.3413597  -0.47512785  0.77038765]]","[[-0.26387727  0.6682265   0.6955876 ]
 [ 0.53120536  0.70260996 -0.47345525]
 [ 0.8051021  -0.2445658   0.54036844]]"
20200222-100215.459312,42,[2.1225832 0.9722811 0.5000194],"[[-0.20546032  0.03714063  0.4046744 ]
 [ 0.30491805  0.8713354   0.36166725]
 [ 0.8659986  -0.11154889 -0.3330765 ]
 [ 0.3389072  -0.47639528  0.7710356 ]]","[[-0.26930943  0.6679987   0.69372207]
 [ 0.529813    0.70429915 -0.47250524]
 [ 0.8042208  -0.24029274  0.54358876]]"
20200222-100215.459312,43,[2.134002  0.9779706 0.4972037],"[[-0.20783491  0.03617743  0.40282848]
 [ 0.30495882  0.8696843   0.36584768]
 [ 0.8663562  -0.11118641 -0.3314933 ]
 [ 0.33649996 -0.47956     0.7707121 ]]","[[-0.26793173  0.66848093  0.69379103]
 [ 0.53130615  0.7032413  -0.47240403]
 [ 0.8036955  -0.24204335  0.54358876]]"
20200222-100215.459312,44,[2.1295478 0.9839299 0.4957755],"[[-0.21140021  0.0360073   0.40183794]
 [ 0.3020759   0.8697138   0.3681648 ]
 [ 0.8671507  -0.10882755 -0.32819787]
 [ 0.33482808 -0.48006058  0.77153575]]","[[-0.27190688  0.6686461   0.6920832 ]
 [ 0.53027695  0.70424706 -0.47206196]
 [ 0.8030399  -0.23863877  0.54605716]]"
20200222-100215.459312,45,[2.1278977  0.9886447  0.49364644],"[[-0.2145438   0.03499996  0.40103564]
 [ 0.29880935  0.8690493   0.3722771 ]
 [ 0.86813587 -0.1054413  -0.32506573]
 [ 0.3332026  -0.48208985  0.7713058 ]]","[[-0.27510843  0.66761225  0.69181573]
 [ 0.529365    0.7058669  -0.47066396]
 [ 0.802551   -0.23673947  0.5476007 ]]"
20200222-100215.459312,46,[2.1257627  0.9933652  0.49176595],"[[-0.21802174  0.03398779  0.39989963]
 [ 0.29541016  0.86867434  0.37589732]
 [ 0.86901724 -0.10221933 -0.32189733]
 [ 0.33167526 -0.48352975  0.7714687 ]]","[[-0.2787621   0.6667337   0.6912006 ]
 [ 0.5283171   0.7075012  -0.4693862 ]
 [ 0.8019807  -0.23432595  0.54947114]]"
20200222-100215.459312,47,[2.1257408  0.9969989  0.48941818],"[[-0.22127067  0.03207379  0.39863706]
 [ 0.2914961   0.86790806  0.3807996 ]
 [ 0.86997116 -0.09806717 -0.31905112]
 [ 0.33048427 -0.48589063  0.77090013]]","[[-0.28198946  0.6648475   0.691708  ]
 [ 0.52717215  0.70974886 -0.46727514]
 [ 0.8016056  -0.23288238  0.55063075]]"
20200222-100215.459312,48,[2.1173193  1.0000042  0.48725462],"[[-0.22556555  0.02952334  0.3974026 ]
 [ 0.2848473   0.86779433  0.38614997]
 [ 0.8713338  -0.09152509 -0.3149975 ]
 [ 0.3297867  -0.4875288   0.7705424 ]]","[[-0.2888543   0.66164017  0.6919503 ]
 [ 0.5241967   0.71409506 -0.46398914]
 [ 0.80111223 -0.22869292  0.5530991 ]]"
20200222-100215.459312,49,[2.111037   1.0046464  0.48616076],"[[-0.22905919  0.02890563  0.39675602]
 [ 0.28019276  0.8682266   0.388467  ]
 [ 0.87217605 -0.08733647 -0.31159237]
 [ 0.32913983 -0.48756477  0.7710956 ]]","[[-0.2941479   0.66056     0.6907514 ]
 [ 0.5219843   0.7164487  -0.46285358]
 [ 0.80063045 -0.22441405  0.55554384]]"
20200222-100215.459312,50,[2.1065896 1.0087941 0.4835971],"[[-0.23306438  0.02677249  0.39524412]
 [ 0.27494425  0.86763626  0.39360815]
 [ 0.8732864  -0.08223008 -0.3077756 ]
 [ 0.32780755 -0.48962113  0.77079785]]","[[-0.29946026  0.658256    0.69066834]
 [ 0.51993376  0.7195479  -0.46034738]
 [ 0.7999954  -0.22124596  0.55772555]]"
20200222-100215.459312,51,[2.1023564  1.0128511  0.48111865],"[[-0.23701017  0.02466088  0.3937452 ]
 [ 0.26959932  0.8671008   0.3985526 ]
 [ 0.8743314  -0.07706539 -0.30400676]
 [ 0.32662982 -0.49151728  0.7705198 ]]","[[-0.30478916  0.65592366  0.6905564 ]
 [ 0.51777583  0.7226641  -0.45789176]
 [ 0.7993821  -0.21799287  0.55988157]]"
20200222-100215.459312,52,[2.1015313  1.017532   0.47944582],"[[-0.24022567  0.02378195  0.39257175]
 [ 0.26610258  0.86684585  0.4014735 ]
 [ 0.87494075 -0.07388105 -0.30107108]
 [ 0.32551476 -0.4924979   0.7707546 ]]","[[-0.30825913  0.6550824   0.68981403]
 [ 0.5165213   0.72418547 -0.45690402]
 [ 0.798863   -0.21545877  0.56160074]]"
20200222-100215.459312,53,[2.104007  1.0232162 0.4786221],"[[-0.24272351  0.02406603  0.39162403]
 [ 0.26406384  0.86711437  0.40222704]
 [ 0.8751434  -0.07228749 -0.29910254]
 [ 0.32477608 -0.49224755  0.77160984]]","[[-0.31013376  0.65573776  0.68834955]
 [ 0.5159009   0.7242509  -0.45750076]
 [ 0.7985383  -0.21323372  0.56291026]]"
20200222-100215.459312,54,[2.0993068  1.0312369  0.47682634],"[[-0.24639362  0.02455232  0.39043957]
 [ 0.2615478   0.8669895   0.40400863]
 [ 0.8757473  -0.07064005 -0.29529932]
 [ 0.32241207 -0.4926826   0.7727435 ]]","[[-0.31417656  0.65667385  0.68561864]
 [ 0.5149873   0.724582   -0.45800555]
 [ 0.7975471  -0.20919019  0.56582534]]"
20200222-100215.459312,55,[2.106436   1.0375817  0.47413725],"[[-0.24897364  0.02402357  0.38861486]
 [ 0.26084557  0.8656662   0.40743285]
 [ 0.87607014 -0.0700052  -0.2931986 ]
 [ 0.32011315 -0.4951201   0.77266526]]","[[-0.3141288   0.6572975   0.68504256]
 [ 0.5158359   0.7239338  -0.4580754 ]
 [ 0.7970172  -0.2094748   0.56646615]]"
20200222-100215.459312,56,[2.0969718  1.0425828  0.47278306],"[[-0.2527399   0.02316122  0.38809848]
 [ 0.25482464  0.86607724  0.41009942]
 [ 0.8769756  -0.06455952 -0.28899884]
 [ 0.31953248 -0.49518284  0.77309656]]","[[-0.32105455  0.65545523  0.6835954 ]
 [ 0.51260114  0.7272047  -0.4565233 ]
 [ 0.7963443  -0.20384279  0.56945944]]"
20200222-100215.459312,57,[2.1003244 1.044719  0.4705257],"[[-0.25565344  0.02042063  0.38630265]
 [ 0.2501848   0.8653066   0.41485575]
 [ 0.8774987  -0.05973969 -0.28686482]
 [ 0.31944537 -0.49725088  0.77225244]]","[[-0.32395673  0.6527621   0.68480194]
 [ 0.5109429   0.72991335 -0.454053  ]
 [ 0.7962347  -0.20280108  0.5699844 ]]"
20200222-100215.459312,58,[2.0970657  1.0480074  0.46944827],"[[-0.25897488  0.01883057  0.38520324]
 [ 0.24452023  0.8657306   0.4173946 ]
 [ 0.8780009  -0.05447074 -0.28397545]
 [ 0.3197759  -0.49718145  0.7725014 ]]","[[-0.32928535  0.6505502   0.68436515]
 [ 0.5080496   0.7329968  -0.45232874]
 [ 0.79590005 -0.19874616  0.5718769 ]]"
20200222-100215.459312,59,[2.0929818  1.0493454  0.46734515],"[[-0.26291084  0.01528434  0.38336298]
 [ 0.23678444  0.8655167   0.4225308 ]
 [ 0.8787445  -0.04694285 -0.28054085]
 [ 0.32034206 -0.4984413   0.77187896]]","[[-0.33597982  0.6461953   0.6852365 ]
 [ 0.50423145  0.7378947  -0.44862238]
 [ 0.79553014 -0.19478984  0.57374984]]"
20200222-100215.459312,60,[2.093647   1.0541842  0.46598807],"[[-0.26576105  0.01444246  0.38212875]
 [ 0.23300458  0.8655318   0.424624  ]
 [ 0.87905    -0.04353898 -0.27807385]
 [ 0.3199238  -0.49874905  0.77223533]]","[[-0.33930477  0.6453707   0.684375  ]
 [ 0.50257725  0.739366   -0.44805607]
 [ 0.79516566 -0.19192368  0.5752191 ]]"
20200222-100215.459312,61,[2.0934775  1.0558945  0.46444705],"[[-0.2688093   0.01193285  0.3807939 ]
 [ 0.22711278  0.8653257   0.428358  ]
 [ 0.8794669  -0.03774894 -0.27545384]
 [ 0.32046777 -0.49964428  0.7717715 ]]","[[-0.3439479   0.6421845   0.68505394]
 [ 0.4997396   0.74285084 -0.44545826]
 [ 0.79495925 -0.18913418  0.57642704]]"
20200222-100215.459312,62,[2.0914142  1.0598183  0.46228838],"[[-0.27228457  0.00995191  0.37924668]
 [ 0.22153375  0.86490154  0.432172  ]
 [ 0.87998617 -0.0325423  -0.27205414]
 [ 0.32001305 -0.500787    0.77161276]]","[[-0.3490143   0.6397937   0.6847286 ]
 [ 0.49712437  0.7457944  -0.4434619 ]
 [ 0.7943907  -0.18562068  0.57834995]]"
20200222-100215.459312,63,[2.0890374 1.063796  0.4604272],"[[-0.27586636  0.00799965  0.3775023 ]
 [ 0.21594435  0.8647249   0.43547574]
 [ 0.88036287 -0.02749325 -0.2688083 ]
 [ 0.3197293  -0.5014291   0.771748  ]]","[[-0.35425735  0.6375542   0.6841245 ]
 [ 0.4943678   0.7486642  -0.44170392]
 [ 0.7937896  -0.18173234  0.5804062 ]]"
20200222-100215.459312,64,[2.0812747  1.0687401  0.45930812],"[[-0.27940652  0.00705301  0.37695542]
 [ 0.20950893  0.86518824  0.43742302]
 [ 0.8808181  -0.02174805 -0.264771  ]
 [ 0.3196838  -0.5009261   0.7723097 ]]","[[-0.36120403  0.6354068   0.68248814]
 [ 0.49057472  0.7519149  -0.4404097 ]
 [ 0.7930122  -0.17573364  0.58330923]]"
20200222-100215.459312,65,[2.0843687  1.0720437  0.45770234],"[[-0.28216478  0.00535783  0.37532276]
 [ 0.2054789   0.8647886   0.44028854]
 [ 0.8809354  -0.01797692 -0.2625987 ]
 [ 0.31955382 -0.5017858   0.7722184 ]]","[[-0.36416036  0.63369495  0.6825087 ]
 [ 0.48886704  0.753814   -0.43906   ]
 [ 0.79271466 -0.17376769  0.5843017 ]]"
20200222-100215.459312,66,[2.08816    1.0784914  0.45607919],"[[-0.28447434  0.00544789  0.37415397]
 [ 0.20383073  0.86436445  0.44183108]
 [ 0.8810279  -0.01664827 -0.26054   ]
 [ 0.31830323 -0.50256056  0.7726015 ]]","[[-0.36538383  0.6343019   0.68128973]
 [ 0.48858988  0.7536555  -0.43964007]
 [ 0.79232234 -0.17223392  0.585287  ]]"
20200222-100215.459312,67,[2.0921319 1.0850874 0.4547241],"[[-0.2870058   0.00543544  0.3726231 ]
 [ 0.20181656  0.86430407  0.4429349 ]
 [ 0.88102347 -0.01515003 -0.25862142]
 [ 0.31732562 -0.502712    0.7733535 ]]","[[-0.3670813   0.6349353   0.67978567]
 [ 0.48799548  0.75361156 -0.44037503]
 [ 0.79190385 -0.17007883  0.5864823 ]]"
20200222-100215.459312,68,[2.0914178  1.0911901  0.45396006],"[[-0.28988853  0.00530946  0.3715543 ]
 [ 0.1981798   0.86481917  0.44351617]
 [ 0.88102585 -0.01220264 -0.25612512]
 [ 0.31699032 -0.5019071   0.774365  ]]","[[-0.3709154   0.63468075  0.6779397 ]
 [ 0.48601618  0.75472516 -0.4406567 ]
 [ 0.79133445 -0.16604336  0.5884043 ]]"
20200222-100215.459312,69,[2.095467  1.0969082 0.453573 ],"[[-0.29194838  0.00555892  0.37072176]
 [ 0.19585222  0.865341    0.4434832 ]
 [ 0.8808733  -0.01026106 -0.25469905]
 [ 0.31697035 -0.5010479   0.7752524 ]]","[[-0.37268886  0.6350671   0.67660385]
 [ 0.48493063  0.75494033 -0.44148356]
 [ 0.7911672  -0.16356996  0.58932126]]"
20200222-100215.459312,70,[2.0948613  1.1004274  0.45164773],"[[-0.29511565  0.00333973  0.36912736]
 [ 0.18997733  0.8649541   0.44685334]
 [ 0.8810528  -0.00477056 -0.25167644]
 [ 0.31711337 -0.5018173   0.7750651 ]]","[[-0.37769446  0.63233155  0.67639023]
 [ 0.48186818  0.7580143  -0.43956506]
 [ 0.7906642  -0.15990962  0.5909983 ]]"
20200222-100215.459312,71,[2.0967512 1.1049287 0.4504487],"[[-0.29768115  0.00245871  0.36798698]
 [ 0.18624508  0.86486137  0.4485883 ]
 [ 0.8810514  -0.00141034 -0.24940191]
 [ 0.31693354 -0.5020032   0.7753403 ]]","[[-0.38081753  0.6312435   0.67565495]
 [ 0.48004115  0.7594949  -0.43900827]
 [ 0.7902776  -0.15716022  0.59225184]]"
20200222-100215.459312,72,[2.1076162 1.1085975 0.4500482],"[[-2.9893783e-01  2.1910351e-03  3.6691102e-01]
 [ 1.8522471e-01  8.6491311e-01  4.4906223e-01]
 [ 8.8072205e-01 -3.4936704e-04 -2.4930333e-01]
 [ 3.1726474e-01 -5.0191700e-01  7.7560776e-01]]","[[-0.3800567   0.63156676  0.6757813 ]
 [ 0.48010492  0.75917345 -0.43949383]
 [ 0.7906049  -0.15741338  0.59174734]]"
20200222-100215.459312,73,[2.111357   1.1117063  0.44860855],"[[-3.0154672e-01  2.4894034e-04  3.6520377e-01]
 [ 1.8062939e-01  8.6467385e-01  4.5157957e-01]
 [ 8.8062537e-01  3.9545163e-03 -2.4738136e-01]
 [ 3.1771281e-01 -5.0231814e-01  7.7556729e-01]]","[[-0.38329634  0.6295246   0.6758569 ]
 [ 0.4778774   0.76135534 -0.438145  ]
 [ 0.79039043 -0.15503737  0.5926603 ]]"
20200222-100215.459312,74,[2.120225  1.1177942 0.4475022],"[[-3.0288589e-01  7.5076194e-04  3.6433816e-01]
 [ 1.8028885e-01  8.6434865e-01  4.5228353e-01]
 [ 8.8050359e-01  4.3058940e-03 -2.4656568e-01]
 [ 3.1697026e-01 -5.0287479e-01  7.7582413e-01]]","[[-0.3824019   0.6307674   0.6752049 ]
 [ 0.4784416   0.7603239  -0.43931937]
 [ 0.7904827  -0.15504944  0.59253454]]"
20200222-100215.459312,75,[2.1218214  1.1189452  0.44627395],"[[-0.30545208 -0.00185445  0.36308375]
 [ 0.17424202  0.86408895  0.45523885]
 [ 0.88041854  0.01018004 -0.2443032 ]
 [ 0.31812254 -0.50323296  0.77539915]]","[[-0.38681662  0.6273592   0.6758649 ]
 [ 0.4751469   0.76373076 -0.4369792 ]
 [ 0.79032165 -0.15210433  0.59351164]]"
20200222-100215.459312,76,[2.1280658  1.1231767  0.44576436],"[[-0.30738714 -0.0024914   0.3618677 ]
 [ 0.17142318  0.8643982   0.45582822]
 [ 0.8801178   0.01273545 -0.24330379]
 [ 0.3186218  -0.50264096  0.7759354 ]]","[[-0.3883898   0.6269297   0.6753611 ]
 [ 0.47384775  0.76445186 -0.43712896]
 [ 0.7903301  -0.15024196  0.59397453]]"
20200222-100215.459312,77,[2.1233432 1.1263127 0.444647 ],"[[-0.31062394 -0.00466665  0.36092958]
 [ 0.16391787  0.864585    0.45810783]
 [ 0.88005054  0.0196606  -0.23980308]
 [ 0.319616   -0.5020801   0.77611935]]","[[-0.3953156   0.62341243  0.6745981 ]
 [ 0.46920276  0.7684259  -0.4351673 ]
 [ 0.78966737 -0.1444948   0.59627753]]"
20200222-100215.459312,78,[2.1235266  1.1289803  0.44371927],"[[-0.31311578 -0.00636745  0.36017543]
 [ 0.15831311  0.8645452   0.46005452]
 [ 0.87988836  0.02497141 -0.23725934]
 [ 0.32045567 -0.5018938   0.77610016]]","[[-0.39983603  0.6207458   0.6743928 ]
 [ 0.46594706  0.7712577  -0.43365306]
 [ 0.7893189  -0.14084129  0.5976113 ]]"
20200222-100215.459312,79,[2.1257358 1.130896  0.4417163],"[[-0.3159744  -0.00939163  0.35820445]
 [ 0.15208337  0.86380357  0.46373615]
 [ 0.8796967   0.0308698  -0.23469476]
 [ 0.32119235 -0.5027943   0.77560085]]","[[-0.40438393  0.6172463   0.67489314]
 [ 0.4626333   0.77460086 -0.43123564]
 [ 0.7889514  -0.13784331  0.59879476]]"
20200222-100215.459312,80,[2.1302893  1.137463   0.44038695],"[[-0.3179741  -0.00927492  0.35714975]
 [ 0.15032977  0.8635489   0.4647049 ]
 [ 0.87956536  0.03233647 -0.2329945 ]
 [ 0.32040316 -0.5031422   0.7760202 ]]","[[-0.40553284  0.61778075  0.6737138 ]
 [ 0.46210077  0.7744789  -0.43202478]
 [ 0.7886737  -0.13612342  0.5995535 ]]"
20200222-100215.459312,81,[2.1286528 1.1459703 0.4392472],"[[-0.32101056 -0.00896902  0.35596383]
 [ 0.14684907  0.86390847  0.46498007]
 [ 0.87940013  0.03494431 -0.23005296]
 [ 0.31944215 -0.5023549   0.7772763 ]]","[[-0.40970832  0.61801016  0.67097145]
 [ 0.46001083  0.77514124 -0.43306592]
 [ 0.78773683 -0.13122341  0.60187304]]"
20200222-100215.459312,82,[2.135504  1.1501755 0.4388544],"[[-0.32277483 -0.0096149   0.3548192 ]
 [ 0.1440734   0.8642066   0.46538395]
 [ 0.8789842   0.03748738 -0.2292157 ]
 [ 0.32007265 -0.501647    0.77780527]]","[[-0.41116047  0.6175299   0.6705252 ]
 [ 0.4586418   0.7758331  -0.43327928]
 [ 0.7877785  -0.12938358  0.6022169 ]]"
20200222-100215.459312,83,[2.1357832  1.1498971  0.43736678],"[[-0.3256953  -0.0136527   0.35292625]
 [ 0.13587546  0.8636771   0.46905473]
 [ 0.87851036  0.04528578 -0.22657791]
 [ 0.32199347 -0.5018212   0.7772345 ]]","[[-0.41736624  0.6123662   0.6714264 ]
 [ 0.4536749   0.7806023  -0.42992932]
 [ 0.78739107 -0.12517124  0.6036121 ]]"
20200222-100215.459312,84,[2.134435   1.1539474  0.43707305],"[[-0.32830483 -0.01494982  0.35226804]
 [ 0.12988503  0.8642173   0.4696152 ]
 [ 0.87802416  0.05070525 -0.22405216]
 [ 0.3231393  -0.50033367  0.77792645]]","[[-0.42275116  0.60996777  0.6702394 ]
 [ 0.4496878   0.7832958  -0.4292186 ]
 [ 0.78680515 -0.1199458   0.60543436]]"
20200222-100215.459312,85,[2.1377869 1.1621143 0.4363666],"[[-0.33047545 -0.0142697   0.35134837]
 [ 0.12781836  0.8646373   0.46926242]
 [ 0.8777393   0.05224656 -0.22231263]
 [ 0.32252482 -0.49946892  0.77905357]]","[[-0.42477608  0.61092365  0.6680849 ]
 [ 0.44859475  0.7830417  -0.43082315]
 [ 0.78633857 -0.11669597  0.60667455]]"
20200222-100215.459312,86,[2.1390328  1.164502   0.43558255],"[[-0.3327311  -0.01613268  0.35063297]
 [ 0.12215102  0.8644867   0.47094768]
 [ 0.87728584  0.05762495 -0.21997194]
 [ 0.32363355 -0.4990809   0.779023  ]]","[[-0.42915067  0.6080238   0.6679348 ]
 [ 0.44508466  0.7858332  -0.4293785 ]
 [ 0.7859576  -0.11301941  0.60786295]]"
20200222-100215.459312,87,[2.1405606 1.1675558 0.4340019],"[[-0.33534    -0.01852021  0.34914336]
 [ 0.11610917  0.8639436   0.47349715]
 [ 0.8768189   0.06324207 -0.21736212]
 [ 0.3244296  -0.49925846  0.7788796 ]]","[[-0.43384933  0.60492676  0.66771156]
 [ 0.44146666  0.7887587  -0.42774662]
 [ 0.7854186  -0.10919477  0.60925734]]"
20200222-100215.459312,88,[2.1447473  1.1725557  0.43205592],"[[-0.33766538 -0.01997804  0.34758174]
 [ 0.11207355  0.8631977   0.47583616]
 [ 0.8764912   0.06694485 -0.21510491]
 [ 0.3243221  -0.50000906  0.7787789 ]]","[[-0.43676615  0.60340255  0.66718876]
 [ 0.43936872  0.7902796  -0.42709875]
 [ 0.7849781  -0.10659953  0.6102835 ]]"
20200222-100215.459312,89,[2.156341  1.1723479 0.4317062],"[[-0.33855075 -0.02161034  0.3467147 ]
 [ 0.1098737   0.8627247   0.4773927 ]
 [ 0.87597203  0.06941561 -0.2151001 ]
 [ 0.32555217 -0.50042087  0.7782141 ]]","[[-0.43643257  0.601824    0.668831  ]
 [ 0.43864936  0.7913566  -0.42584234]
 [ 0.78556573 -0.10753078  0.60936344]]"
20200222-100215.459312,90,[2.1579156 1.1745913 0.4310165],"[[-0.34069505 -0.02348155  0.3460746 ]
 [ 0.10423212  0.86252177  0.47890866]
 [ 0.8753853   0.0747596  -0.21280423]
 [ 0.32674685 -0.49991587  0.7781986 ]]","[[-0.44072053  0.59887147  0.6686693 ]
 [ 0.43506005  0.7940835  -0.42444608]
 [ 0.7851678  -0.10384914  0.61051375]]"
20200222-100215.459312,91,[2.159713   1.1768117  0.43032512],"[[-0.3428079  -0.02539958  0.3453817 ]
 [ 0.09864767  0.86228085  0.48042843]
 [ 0.87475634  0.08004163 -0.21057147]
 [ 0.32795253 -0.49942008  0.77817726]]","[[-0.44493935  0.5959057   0.6685249 ]
 [ 0.43147898  0.79677624 -0.42305297]
 [ 0.78476423 -0.10022151  0.61163783]]"
20200222-100215.459312,92,[2.163663   1.1773757  0.42940247],"[[-0.34477937 -0.02803817  0.3442797 ]
 [ 0.09299985  0.86167157  0.48270237]
 [ 0.8740538   0.08547834 -0.20867407]
 [ 0.32940578 -0.49942932  0.7777694 ]]","[[-0.44865632  0.59237254  0.66918045]
 [ 0.4280256   0.799736   -0.42097077]
 [ 0.7845392  -0.09755515  0.61235726]]"
20200222-100215.459312,93,[2.1680841  1.1787169  0.42767686],"[[-0.34707314 -0.03113414  0.3423568 ]
 [ 0.08712007  0.860663    0.48578262]
 [ 0.8733343   0.09099829 -0.20655735]
 [ 0.33051142 -0.50000924  0.7772652 ]]","[[-0.45258257  0.58875084  0.66973263]
 [ 0.4245612   0.8027347  -0.41876647]
 [ 0.78416646 -0.09481608  0.6132644 ]]"
20200222-100215.459312,94,[2.16631   1.1812512 0.4268805],"[[-0.3497744  -0.03376719  0.3413475 ]
 [ 0.07946896  0.8604425   0.48738244]
 [ 0.8723865   0.09799419 -0.2035123 ]
 [ 0.33209103 -0.49889407  0.7775104 ]]","[[-0.4590806   0.584569    0.6689724 ]
 [ 0.41922808  0.8064462  -0.41700396]
 [ 0.78325784 -0.0890136   0.6152916 ]]"
20200222-100215.459312,95,[2.1746798  1.1816125  0.42618364],"[[-0.3509433  -0.03550337  0.34066936]
 [ 0.07632349  0.85968786  0.4892478 ]
 [ 0.87180984  0.10126826 -0.202537  ]
 [ 0.3331076  -0.49942032  0.77689075]]","[[-0.46007127  0.5824395   0.670148  ]
 [ 0.41769633  0.8080138  -0.4155038 ]
 [ 0.78349483 -0.08875705  0.6150268 ]]"
20200222-100215.459312,96,[2.1812036  1.1842258  0.42521003],"[[-0.35278362 -0.03741262  0.33917844]
 [ 0.07219613  0.85921806  0.49083543]
 [ 0.87107     0.1050943  -0.20121682]
 [ 0.33401856 -0.49929962  0.7768853 ]]","[[-0.462534    0.58035004  0.67026585]
 [ 0.41530216  0.80974656 -0.4145296 ]
 [ 0.78331774 -0.08662884  0.6155558 ]]"
20200222-100215.459312,97,[2.181443   1.1879727  0.42514887],"[[-0.3550763  -0.03896164  0.33857435]
 [ 0.06614964  0.8595212   0.49101114]
 [ 0.870078    0.11053685 -0.198941  ]
 [ 0.33542427 -0.49748066  0.7776234 ]]","[[-0.46767232  0.5775804   0.66909164]
 [ 0.41093537  0.8122692  -0.41394576]
 [ 0.78256947 -0.08136244  0.617224  ]]"
20200222-100215.459312,98,[2.1840484  1.1899776  0.42482156],"[[-0.35718367 -0.04124737  0.33751467]
 [ 0.06016893  0.8593976   0.49201685]
 [ 0.86902624  0.11601002 -0.19704725]
 [ 0.3370351  -0.49626175  0.7779304 ]]","[[-0.47218186  0.57427293  0.6687713 ]
 [ 0.40679917  0.8150142  -0.4126334 ]
 [ 0.78202224 -0.07721756  0.6184486 ]]"
20200222-100215.459312,99,[2.1868246  1.1922923  0.42424074],"[[-0.35907987 -0.04304192  0.33692026]
 [ 0.05495647  0.85898995  0.49321288]
 [ 0.86814535  0.12089643 -0.19491707]
 [ 0.3381793  -0.4956489   0.77796733]]","[[-0.47596827  0.57142293  0.66852826]
 [ 0.4033221   0.81733155 -0.41146135]
 [ 0.7815279  -0.07378968  0.61949134]]"
20200222-100215.459312,100,[2.1918378  1.1927122  0.42366084],"[[-0.36099607 -0.0459337   0.33545756]
 [ 0.04915829  0.8584394   0.49494594]
 [ 0.8670178   0.12627183 -0.1933649 ]
 [ 0.3399198  -0.4950026   0.77788615]]","[[-0.4797661   0.567704    0.66898185]
 [ 0.3995063   0.8201831  -0.40950534]
 [ 0.7811654  -0.07079568  0.62029725]]"
20200222-100215.459312,101,[2.194886   1.1958133  0.42249495],"[[-0.36333987 -0.0482308   0.33378685]
 [ 0.04358667  0.85782397  0.49660456]
 [ 0.8659934   0.13121434 -0.19115244]
 [ 0.3407933  -0.49456525  0.7780944 ]]","[[-0.48402244  0.5647565   0.6684103 ]
 [ 0.39582494  0.8225397  -0.40835172]
 [ 0.7804134  -0.06692205  0.6216723 ]]"
20200222-100215.459312,102,[2.2017388  1.1986929  0.42154595],"[[-0.3649829  -0.04962709  0.33257765]
 [ 0.04037716  0.85721636  0.49797347]
 [ 0.8652715   0.13417149 -0.18982235]
 [ 0.3412658  -0.49468663  0.77806306]]","[[-0.48578483  0.5632335   0.668417  ]
 [ 0.39405417  0.8237107  -0.40770352]
 [ 0.7802144  -0.06533632  0.62209064]]"
20200222-100215.459312,103,[2.2042985  1.2047021  0.42141968],"[[-0.36712897 -0.05022313  0.33178237]
 [ 0.03614064  0.85763204  0.49745387]
 [ 0.86431617  0.13776685 -0.18805164]
 [ 0.34185958 -0.49291545  0.7791641 ]]","[[-0.48949718  0.56209195  0.6666672 ]
 [ 0.3909646   0.8248416  -0.4083909 ]
 [ 0.77944803 -0.06073711  0.62351567]]"
20200222-100215.459312,104,[2.2087705  1.2092779  0.42069966],"[[-0.368629   -0.05108597  0.33122715]
 [ 0.03275445  0.8573      0.49812177]
 [ 0.86358166  0.14097148 -0.18654166]
 [ 0.34244275 -0.49249816  0.7793364 ]]","[[-0.4916164   0.56092465  0.66609097]
 [ 0.38882068  0.82581997 -0.40846077]
 [ 0.7791868  -0.05818389  0.6240855 ]]"
20200222-100215.459312,105,[2.2147942 1.2160889 0.4198531],"[[-0.3701121  -0.05097106  0.33044863]
 [ 0.03107436  0.85721904  0.49825934]
 [ 0.86309004  0.14245963 -0.18546255]
 [ 0.3422395  -0.49222258  0.7798366 ]]","[[-0.49251446  0.56144416  0.6649889 ]
 [ 0.3880121   0.8256004  -0.40967152]
 [ 0.77902275 -0.05625458  0.62446713]]"
20200222-100215.459312,106,[2.2201502  1.2205034  0.41941094],"[[-0.37177792 -0.05205725  0.32958588]
 [ 0.02714338  0.85712737  0.49858275]
 [ 0.86217165  0.14603621 -0.18408531]
 [ 0.3430801  -0.49121892  0.7803211 ]]","[[-0.49515486  0.5600124   0.66423476]
 [ 0.38539362  0.82678103 -0.40976188]
 [ 0.7786483  -0.05309631  0.6252098 ]]"
20200222-100215.459312,107,[2.2292206  1.2214435  0.41819423],"[[-0.37286362 -0.05421114  0.32819483]
 [ 0.02413654  0.85600394  0.5008481 ]
 [ 0.8614157   0.14905603 -0.18333809]
 [ 0.34402555 -0.49203762  0.7796324 ]]","[[-0.4959155   0.5580075   0.66535395]
 [ 0.38392282  0.8281469  -0.40838245]
 [ 0.7788912  -0.05292135  0.6249226 ]]"
20200222-100215.459312,108,[2.2421901 1.2272098 0.4162686],"[[-0.3735933  -0.05417042  0.32685685]
 [ 0.02489136  0.8550413   0.5025538 ]
 [ 0.8613794   0.14860214 -0.18324728]
 [ 0.34326982 -0.49384972  0.779118  ]]","[[-0.49361032  0.5595601   0.66576385]
 [ 0.38555354  0.8269828  -0.40920404]
 [ 0.7795495  -0.0547003   0.62394744]]"
20200222-100215.459312,109,[2.247782   1.2274692  0.41557395],"[[-0.37510976 -0.05661844  0.32598025]
 [ 0.01993382  0.8541429   0.5043081 ]
 [ 0.8602886   0.15331694 -0.181553  ]
 [ 0.344673   -0.49368897  0.7787484 ]]","[[-0.49659234  0.55621636  0.6663479 ]
 [ 0.38231438  0.82938075 -0.40738598]
 [ 0.7792508  -0.05244959  0.6245137 ]]"
20200222-100215.459312,110,[2.2491608 1.2320598 0.4148427],"[[-0.37743667 -0.05838671  0.32482618]
 [ 0.01415642  0.8538355   0.50492316]
 [ 0.85902816  0.15836033 -0.1791252 ]
 [ 0.3455596  -0.4924203   0.77939403]]","[[-0.50144047  0.55349076  0.6649855 ]
 [ 0.37808916  0.83150893 -0.40699115]
 [ 0.77820706 -0.04734199  0.626221  ]]"
20200222-100215.459312,111,[2.2546988  1.2364403  0.41449443],"[[-0.37901202 -0.05946809  0.32404703]
 [ 0.01024952  0.85373205  0.5051154 ]
 [ 0.8580317   0.16191253 -0.17779587]
 [ 0.34644917 -0.4913145   0.7798979 ]]","[[-0.5040597   0.55202466  0.66422355]
 [ 0.37540555  0.8326589  -0.40712422]
 [ 0.77781427 -0.04413835  0.6269428 ]]"
20200222-100215.459312,112,[2.2625413  1.2389846  0.41390637],"[[-0.3803958  -0.06112102  0.32286924]
 [ 0.00657412  0.85325253  0.5060592 ]
 [ 0.8570384   0.1653211  -0.17681967]
 [ 0.347479   -0.49080986  0.77999663]]","[[-0.5059821   0.5502042   0.66427237]
 [ 0.37311247  0.8339665  -0.4065556 ]
 [ 0.77766937 -0.04213846  0.62726   ]]"
20200222-100215.459312,113,[2.2663224  1.2408419  0.41352314],"[[-0.38199002 -0.06300663  0.32245392]
 [ 0.00152636  0.85264415  0.50697386]
 [ 0.85583705  0.17003523 -0.17483473]
 [ 0.34874707 -0.4900164   0.780022  ]]","[[-0.5094832   0.5471995   0.66407835]
 [ 0.36951914  0.8361018  -0.40545014]
 [ 0.777099   -0.03881965  0.6281804 ]]"
20200222-100215.459312,114,[2.2673128  1.2495191  0.41295674],"[[-0.384446   -0.06333321  0.32147655]
 [-0.00290695  0.85293806  0.5062496 ]
 [ 0.8547117   0.17364112 -0.1725607 ]
 [ 0.348799   -0.48819482  0.7814005 ]]","[[-0.5138363   0.54635495  0.66141427]
 [ 0.36609733  0.83690125 -0.4069022 ]
 [ 0.77585137 -0.03306089  0.63004917]]"
20200222-100215.459312,115,[2.2727098  1.2538186  0.41245008],"[[-0.386022   -0.06423293  0.32081765]
 [-0.00622613  0.8526232   0.50663394]
 [ 0.8537843   0.17663506 -0.17107008]
 [ 0.34928563 -0.4875524   0.7817499 ]]","[[-0.51611054  0.54506516  0.66070724]
 [ 0.36385974  0.8378437  -0.4069693 ]
 [ 0.7753941  -0.03036364  0.63074714]]"
20200222-100215.459312,116,[2.274667  1.2570993 0.4126163],"[[-0.38793477 -0.06614246  0.3203505 ]
 [-0.0123984   0.8525315   0.50649625]
 [ 0.8521884   0.18216851 -0.16899404]
 [ 0.35089582 -0.48541704  0.7824818 ]]","[[-0.5210064   0.5417231   0.65961236]
 [ 0.35902667  0.84018326 -0.40643808]
 [ 0.7743722  -0.02506161  0.6322338 ]]"
