Timestamp,Epoch,s,u,v
20200220-180831.149618,0,[1.8137276 1.4296641 0.7677646],"[[ 0.26025203  0.49727613  0.6560765 ]
 [ 0.6666588   0.48828283 -0.24437006]
 [ 0.65560067 -0.5078992  -0.25675187]
 [ 0.24087952 -0.5062956   0.6662779 ]]","[[ 0.5003421   0.703708    0.5044334 ]
 [ 0.7173825  -0.01072886 -0.6965971 ]
 [ 0.48478878 -0.7104084   0.510196  ]]"
20200220-180831.149618,1,[1.7896732  1.4363296  0.76502436],"[[ 0.2513134   0.4971292   0.6596067 ]
 [ 0.67072505  0.48747116 -0.23487167]
 [ 0.65857965 -0.50875247 -0.2471832 ]
 [ 0.23074377 -0.5063648   0.669817  ]]","[[ 0.4963168   0.70323753  0.5090448 ]
 [ 0.72398597 -0.01170335 -0.6897155 ]
 [ 0.47907627 -0.7108587   0.5149427 ]]"
20200220-180831.149618,2,[1.7741951 1.4431242 0.7622098],"[[ 0.2463845   0.49577034  0.6625905 ]
 [ 0.6774217   0.48209357 -0.22629303]
 [ 0.65804183 -0.5140586  -0.23780641]
 [ 0.21765868 -0.5074851   0.6732115 ]]","[[ 0.49676892  0.7003019   0.5126383 ]
 [ 0.7297791  -0.01736772 -0.68346244]
 [ 0.4697266  -0.7136356   0.51969343]]"
20200220-180831.149618,3,[1.7694935 1.449858  0.7593107],"[[ 0.23853119 -0.49577767  0.66524005]
 [ 0.68109787 -0.48107788 -0.21799275]
 [ 0.65999293  0.5150784  -0.22945061]
 [ 0.20884857  0.5074082   0.67623013]]","[[ 0.49390665 -0.69991386  0.5159232 ]
 [ 0.73467207  0.01854011 -0.67816895]
 [ 0.46509457  0.7139866   0.5233643 ]]"
20200220-180831.149618,4,[1.7477108  1.4567012  0.75622135],"[[ 0.22992302 -0.4955327   0.6683886 ]
 [ 0.6852831  -0.4795199  -0.20831683]
 [ 0.6620549   0.51664543 -0.21969293]
 [ 0.19800572  0.5075289   0.6794083 ]]","[[ 0.49036014 -0.6990107   0.5205104 ]
 [ 0.7412271   0.02036325 -0.6709454 ]
 [ 0.45839882  0.7148213   0.528111  ]]"
20200220-180831.149618,5,[1.7281667 1.4636317 0.7521083],"[[ 0.22383913 -0.49393913  0.6717176 ]
 [ 0.69346255 -0.4722324  -0.19730796]
 [ 0.66043675  0.5237001  -0.20789748]
 [ 0.18118839  0.5086834   0.68311316]]","[[ 0.4911931  -0.6949648   0.5251221 ]
 [ 0.74835587  0.02818813 -0.6626983 ]
 [ 0.4457498   0.718491    0.5339268 ]]"
20200220-180831.149618,6,[1.7104967 1.470496  0.7477947],"[[ 0.21891834 -0.49210575  0.6746276 ]
 [ 0.7029307  -0.4627197  -0.18626532]
 [ 0.6568099   0.5327197  -0.19595549]
 [ 0.1629846   0.5098356   0.68686587]]","[[ 0.49389657 -0.6897365   0.5294618 ]
 [ 0.75520486  0.03847137 -0.65435886]
 [ 0.4309661   0.72303766  0.5398933 ]]"
20200220-180831.149618,7,[1.7023093 1.4774977 0.7449495],"[[ 0.21205884 -0.49197277  0.6770095 ]
 [ 0.70557207 -0.46163937 -0.17843959]
 [ 0.65833825  0.5337835  -0.188201  ]
 [ 0.1542413   0.509831    0.6887658 ]]","[[ 0.49115017 -0.6890084   0.53295314]
 [ 0.7598756   0.03977606 -0.6488506 ]
 [ 0.42586482  0.723661    0.5430968 ]]"
20200220-180831.149618,8,[1.6900126  1.4840962  0.74245274],"[[ 0.21754432 -0.48779795  0.6785443 ]
 [ 0.71866024 -0.44319117 -0.17182   ]
 [ 0.64683807  0.550829   -0.17987806]
 [ 0.13342634  0.5120762   0.69115806]]","[[ 0.5035326  -0.6782828   0.53515184]
 [ 0.7634858   0.05940111 -0.643087  ]
 [ 0.40440625  0.7323961   0.54776967]]"
20200220-180831.149618,9,[1.6856959 1.4905577 0.7385407],"[[ 0.21639131 -0.4857131   0.6801974 ]
 [ 0.72842747 -0.4307486  -0.16308141]
 [ 0.63962793  0.5619479  -0.17021804]
 [ 0.11595058  0.5125947   0.6940911 ]]","[[ 0.50989294 -0.671404    0.5377973 ]
 [ 0.76750416  0.07271042 -0.6369071 ]
 [ 0.38851842  0.737516    0.5523799 ]]"
20200220-180831.149618,10,[1.6734093  1.497555   0.73443496],"[[ 0.21098478 -0.48478726  0.68232876]
 [ 0.735143   -0.42335898 -0.15307572]
 [ 0.6362495   0.56842345 -0.16018295]
 [ 0.10117929  0.51248735  0.6966612 ]]","[[ 0.5112524  -0.6671195   0.54182357]
 [ 0.7727472   0.08090129 -0.62953717]
 [ 0.37614226  0.740545    0.55687577]]"
20200220-180831.149618,11,[1.6579313  1.5036061  0.73066634],"[[ 0.22216478  0.47773516  0.68400496]
 [ 0.75407624  0.39152306 -0.14424929]
 [ 0.61414754 -0.5953762  -0.14948678]
 [ 0.06952947 -0.5138153   0.69927335]]","[[ 0.5327701   0.64755094  0.54482454]
 [ 0.77479357 -0.11430368 -0.6217955 ]
 [ 0.34036875 -0.7534006   0.56261593]]"
20200220-180831.149618,12,[1.6438055  1.5091647  0.72679585],"[[ 0.23791578  0.46812397  0.68557936]
 [ 0.7752114   0.3508953  -0.13533463]
 [ 0.58427536 -0.6274803  -0.13880652]
 [ 0.03264029 -0.5138101   0.701711  ]]","[[ 0.55996     0.62155807  0.5478234 ]
 [ 0.77378035 -0.15597892 -0.61394995]
 [ 0.29615653 -0.7676825   0.56829137]]"
20200220-180831.149618,13,[1.6305313  1.5169233  0.72344035],"[[ 0.23469554  0.46655232  0.68749964]
 [ 0.78113407  0.34160042 -0.12627542]
 [ 0.57827944 -0.6344115  -0.13088578]
 [ 0.01845353 -0.51299137  0.70304155]]","[[ 0.5628853   0.6149683   0.55224466]
 [ 0.7770682  -0.16606538 -0.60711384]
 [ 0.28164712 -0.7708671   0.57134813]]"
20200220-180831.149618,14,[1.613136  1.5245076 0.7188882],"[[ 0.23667511  0.46188542  0.6896983 ]
 [ 0.7924945   0.31937078 -0.11485423]
 [ 0.562048   -0.6505336  -0.12059939]
 [-0.00628715 -0.5113415   0.70468473]]","[[ 0.5741317   0.59949833  0.557651  ]
 [ 0.77865076 -0.18921626 -0.59824747]
 [ 0.2531317  -0.77768826  0.57543486]]"
20200220-180831.149618,15,[1.6069353 1.5269052 0.7154641],"[[ 0.28600642 -0.43273714 -0.6903122 ]
 [ 0.82698655 -0.21695168  0.10795236]
 [ 0.47767925  0.71685106  0.11070754]
 [-0.07820618  0.5017919  -0.7067953 ]]","[[ 0.63975465 -0.5274324  -0.5590431 ]
 [ 0.75352234  0.2871554   0.5913934 ]
 [ 0.15138774  0.79959804 -0.581141  ]]"
20200220-180831.149618,16,[1.5962182 1.529502  0.7107491],"[[ 0.33357745 -0.39490405 -0.6916993 ]
 [ 0.850235   -0.10066707  0.09757145]
 [ 0.3762602   0.77650386  0.09944253]
 [-0.15573978  0.48058188 -0.7086204 ]]","[[ 0.7005468  -0.4386103  -0.562899  ]
 [ 0.7127297   0.3909629   0.5823784 ]
 [ 0.03536451  0.8091782  -0.5864983 ]]"
20200220-180831.149618,17,[1.5914582  1.5333334  0.70431006],"[[ 0.36777344 -0.3598722  -0.69340324]
 [ 0.85756546  0.00122949  0.08519965]
 [ 0.28336695  0.8163407   0.08718748]
 [-0.22142102  0.45175004 -0.7101629 ]]","[[ 0.7421561  -0.35655683 -0.5675132 ]
 [ 0.66698545  0.47609085  0.5731211 ]
 [-0.06583761  0.80386835 -0.5911521 ]]"
20200220-180831.149618,18,[1.5836555  1.5345427  0.69946903],"[[ 0.4236949  -0.287618   -0.69494504]
 [ 0.8415801   0.17143574  0.07399753]
 [ 0.11741163  0.8568298   0.07729416]
 [-0.31375122  0.392082   -0.7110564 ]]","[[ 0.79337806 -0.20648493 -0.5726388 ]
 [ 0.56413424  0.60283005  0.56422377]
 [-0.2287002   0.77068794 -0.59475726]]"
20200220-180831.149618,19,[1.587795  1.5268289 0.6952806],"[[ 0.45968372 -0.22497776 -0.6953864 ]
 [ 0.8042608   0.30272007  0.06578839]
 [-0.01876215  0.8656937   0.06714123]
 [-0.37616965  0.3291203  -0.71246165]]","[[ 0.8138358  -0.08493937 -0.5748538 ]
 [ 0.46490818  0.6886568   0.5564282 ]
 [-0.34861416  0.7200953  -0.59994245]]"
20200220-180831.149618,20,[1.5896852  1.535533   0.69142836],"[[ 0.46983355 -0.19696115 -0.69686365]
 [ 0.78138566  0.35951307  0.0580963 ]
 [-0.07969531  0.86242336  0.06184942]
 [-0.40291625  0.29695576 -0.7121662 ]]","[[ 0.8151649  -0.02744588 -0.57857853]
 [ 0.4163727   0.722161    0.55237436]
 [-0.40266636  0.69118035 -0.600108  ]]"
20200220-180831.149618,21,[1.5913785  1.5396904  0.68622285],"[[ 0.48608705 -0.14368242 -0.698495  ]
 [ 0.7300733   0.45636505  0.04796993]
 [-0.18796907  0.84578186  0.05418822]
 [-0.4420184   0.23609173 -0.71194625]]","[[ 0.8088695   0.07392809 -0.5833223 ]
 [ 0.32320276  0.77284724  0.5461202 ]
 [-0.49119255  0.6302713  -0.6012387 ]]"
20200220-180831.149618,22,[1.598388  1.5322318 0.6826681],"[[ 0.49259332 -0.11844373 -0.69874793]
 [ 0.69856435  0.50378376  0.04098262]
 [-0.24311791  0.83220494  0.04618037]
 [-0.4585344   0.1990185  -0.71269864]]","[[ 0.8014738   0.12210427 -0.58543193]
 [ 0.27295837  0.7963247   0.53977853]
 [-0.532103    0.59241664 -0.60490394]]"
20200220-180831.149618,23,[1.6058067  1.5207529  0.67775977],"[[ 0.49657345 -0.0988246  -0.69904405]
 [ 0.6679566   0.5442581   0.03161936]
 [-0.29132742  0.8171698   0.0358622 ]
 [-0.4715687   0.16201921 -0.7134784 ]]","[[ 0.79202825  0.16243225 -0.5884788 ]
 [ 0.22731352  0.81617093  0.53121895]
 [-0.5665864   0.55450946 -0.6095074 ]]"
20200220-180831.149618,24,[1.6119028 1.5200442 0.6718025],"[[ 0.49836034 -0.08004991 -0.70009124]
 [ 0.63658905  0.5812258   0.02133469]
 [-0.33650365  0.7999008   0.02696449]
 [-0.48286292  0.12620328 -0.7132252 ]]","[[ 0.7795606   0.2027004  -0.5926197 ]
 [ 0.18223038  0.83184433  0.5242398 ]
 [-0.5992309   0.51667    -0.61153483]]"
20200220-180831.149618,25,[1.6190876 1.5117251 0.6675808],"[[ 0.499411   -0.06920309 -0.7003935 ]
 [ 0.61416453  0.6052564   0.01293803]
 [-0.366611    0.7867231   0.0188532 ]
 [-0.4888627   0.09971055 -0.7133907 ]]","[[ 0.7703081   0.22729374 -0.5957878 ]
 [ 0.1513423   0.8424561   0.5170719 ]
 [-0.61945236  0.4884725  -0.61455166]]"
20200220-180831.149618,26,[1.6266276  1.5080891  0.66286254],"[[ 0.49946153 -0.06726831 -0.7003229 ]
 [ 0.60199803  0.6177719   0.00481399]
 [-0.38232452  0.7791561   0.01097153]
 [-0.49189892  0.08214936 -0.7137258 ]]","[[ 0.7649886   0.2383481  -0.5983165 ]
 [ 0.13500679  0.8490134   0.5108322 ]
 [-0.62973446  0.4715576  -0.61730707]]"
20200220-180831.149618,27,[1.6353412  1.5062469  0.65691775],"[[ 0.498547   -0.07709004 -0.6999028 ]
 [ 0.60312706  0.6167637  -0.00370745]
 [-0.38093427  0.7798547   0.00158101]
 [-0.49252218  0.07406881 -0.7142271 ]]","[[ 0.76558745  0.23184513 -0.60010314]
 [ 0.13716675  0.8525293   0.50436   ]
 [-0.6285389   0.46844587 -0.62088436]]"
20200220-180831.149618,28,[1.6428216  1.5097314  0.65242326],"[[ 0.4986422  -0.07116719 -0.70024055]
 [ 0.5878487   0.63154596 -0.01075356]
 [-0.4000107   0.7700342  -0.00401975]
 [-0.49576324  0.0559634  -0.71381444]]","[[ 0.75829476  0.24850993 -0.6026874 ]
 [ 0.11650882  0.85794693  0.50035274]
 [-0.6414164   0.4496331  -0.62162304]]"
20200220-180831.149618,29,[1.6498697  1.5045236  0.64897776],"[[-0.49908072 -0.06264246 -0.7004935 ]
 [-0.5686461   0.6490421  -0.01790285]
 [ 0.42305747  0.75736517 -0.00971925]
 [ 0.4985806   0.03490483 -0.71336806]]","[[-0.7490776   0.2679949  -0.6058557 ]
 [-0.09100706  0.8642262   0.49480367]
 [ 0.6562014   0.4257837  -0.6229833 ]]"
20200220-180831.149618,30,[1.6589966 1.4960794 0.6448103],"[[ 0.49842748 -0.07720976 -0.6997402 ]
 [ 0.5780714   0.6401669  -0.02429656]
 [-0.411937    0.76357967 -0.01839749]
 [-0.49770606  0.03422081 -0.7137474 ]]","[[ 0.75407606  0.2512164  -0.6068441 ]
 [ 0.10414165  0.86653537  0.48812985]
 [-0.6484782   0.4312848  -0.6272715 ]]"
20200220-180831.149618,31,[1.6661695 1.495613  0.6409912],"[[ 0.49840158 -0.07264308 -0.7001613 ]
 [ 0.56461936  0.6518933  -0.03090368]
 [-0.42780745  0.75460666 -0.02361608]
 [-0.49978206  0.01808765 -0.7129249 ]]","[[ 0.7472023   0.26455823 -0.60967034]
 [ 0.0863359   0.8709404   0.48374483]
 [-0.65896505  0.41409168 -0.6279278 ]]"
20200220-180831.149618,32,[1.6741827 1.4952487 0.6371032],"[[ 0.49844414 -0.06938159 -0.70023817]
 [ 0.5524655   0.66216004 -0.03746105]
 [-0.44175413  0.74613684 -0.02876592]
 [-0.50118715  0.00324966 -0.7123448 ]]","[[ 0.7409466   0.27592018 -0.6122633 ]
 [ 0.07038782  0.87476856  0.47940132]
 [-0.6678651   0.39830658 -0.62873524]]"
20200220-180831.149618,33,[1.6823151  1.5004209  0.63349634],"[[ 0.49817005 -0.07291895 -0.7000326 ]
 [ 0.55130416  0.6629159  -0.04192778]
 [-0.4430779   0.7451318  -0.03312723]
 [-0.5015698  -0.00201223 -0.7121089 ]]","[[ 0.74028367  0.27565968 -0.61318177]
 [ 0.0689536   0.8761308   0.47711664]
 [-0.66874933  0.39548275 -0.62957764]]"
20200220-180831.149618,34,[1.6898746  1.5001354  0.62972975],"[[-0.49804536 -0.07015239 -0.7003235 ]
 [-0.54018307  0.6716895  -0.04816244]
 [ 0.45548418  0.737334   -0.03800637]
 [ 0.5026801  -0.01581061 -0.7111839 ]]","[[-0.73423797  0.28576943 -0.6158169 ]
 [-0.05451471  0.8793436   0.473057  ]
 [ 0.6766999   0.38090742 -0.6300689 ]]"
20200220-180831.149618,35,[1.6982535 1.4962652 0.6271252],"[[-0.4980126  -0.07250915 -0.7000404 ]
 [-0.5369945   0.6739676  -0.05295623]
 [ 0.45903778  0.7348376  -0.0426501 ]
 [ 0.5028961  -0.0228911  -0.71085894]]","[[-0.7326503   0.28635672 -0.6174328 ]
 [-0.05049063  0.8818145   0.46888584]
 [ 0.6787299   0.37470397 -0.6316033 ]]"
20200220-180831.149618,36,[1.7067139 1.4922421 0.6219833],"[[-0.49797404 -0.07268456 -0.6998223 ]
 [-0.5267348   0.6815936  -0.06122581]
 [ 0.4701443   0.72713053 -0.04946917]
 [ 0.5035242  -0.03779808 -0.7099671 ]]","[[-0.72705036  0.29366362 -0.62061226]
 [-0.03731434  0.88567644  0.46280143]
 [ 0.6855694   0.3596377  -0.63297343]]"
20200220-180831.149618,37,[1.7157642  1.4867084  0.61875796],"[[ 0.49782088 -0.08126685 -0.69908315]
 [ 0.53106755  0.67764693 -0.06623606]
 [-0.46553084  0.7297689  -0.05558473]
 [-0.50341094 -0.04034473 -0.7097929 ]]","[[ 0.72961044  0.285      -0.62164587]
 [ 0.04311105  0.8880446   0.45773175]
 [-0.6825027   0.3607657  -0.63564   ]]"
20200220-180831.149618,38,[1.724787  1.4859476 0.6150974],"[[ 0.49770996 -0.08978616 -0.69807726]
 [ 0.53566104  0.6736071  -0.07087741]
 [-0.46058673  0.73240507 -0.06122154]
 [-0.5032019  -0.04212705 -0.70987076]]","[[ 0.73240215  0.27678573 -0.6220746 ]
 [ 0.04926736  0.88970476  0.45387018]
 [-0.6790875   0.36306348 -0.6379853 ]]"
20200220-180831.149618,39,[1.7333492 1.4828535 0.6125864],"[[ 0.49768773 -0.09244203 -0.6976808 ]
 [ 0.5333729   0.67502475 -0.07530267]
 [-0.46312955  0.7303957  -0.06547522]
 [-0.5033203  -0.04815024 -0.70942503]]","[[ 0.73125017  0.27659932 -0.623511  ]
 [ 0.04637466  0.8918175   0.45001218]
 [-0.6805311   0.3579866  -0.6393145 ]]"
20200220-180831.149618,40,[1.7413661  1.4845334  0.60971236],"[[ 0.49771342 -0.0867888  -0.6981738 ]
 [ 0.52005243  0.6850049  -0.08046483]
 [-0.47736728  0.72072834 -0.06805588]
 [-0.5039317  -0.06153531 -0.7081292 ]]","[[ 0.7235568   0.29002297 -0.62638044]
 [ 0.02902246  0.89386445  0.447397  ]
 [-0.68965447  0.3418962  -0.6383445 ]]"
20200220-180831.149618,41,[1.7500192 1.4829007 0.6054162],"[[ 0.4976062  -0.09171411 -0.6975578 ]
 [ 0.51875067  0.68534434 -0.08641227]
 [-0.47879452  0.7191793  -0.07385309]
 [-0.5040254  -0.06835762 -0.7074544 ]]","[[ 0.7228444   0.28826013 -0.62801415]
 [ 0.02740724  0.8961591   0.44288543]
 [-0.6904669   0.3373495  -0.63988346]]"
20200220-180831.149618,42,[1.7582645 1.4789689 0.6023735],"[[ 0.49764878 -0.09199128 -0.6972702 ]
 [ 0.5119977   0.68992907 -0.09207565]
 [-0.48591003  0.71375066 -0.07815292]
 [-0.50407904 -0.07807464 -0.7065612 ]]","[[ 0.7189491   0.29268733 -0.63043356]
 [ 0.01865955  0.8985622   0.4384493 ]
 [-0.69481236  0.32698646 -0.640559  ]]"
20200220-180831.149618,43,[1.7676835 1.4743701 0.5968161],"[[ 0.49762672 -0.0990063  -0.6962828 ]
 [ 0.51125336  0.68948495 -0.09962979]
 [-0.48668787  0.71230847 -0.08570335]
 [-0.50410604 -0.08616948 -0.7056337 ]]","[[ 0.7185604   0.28904894 -0.6325516 ]
 [ 0.01774234  0.9016234   0.432158  ]
 [-0.6952382   0.32175452 -0.6427425 ]]"
20200220-180831.149618,44,[1.7761453 1.474969  0.5934489],"[[ 0.49728993 -0.10641681 -0.6956683 ]
 [ 0.51593375  0.6851697  -0.10333684]
 [-0.48188072  0.7152461  -0.09068307]
 [-0.5042878  -0.08741261 -0.705084  ]]","[[ 0.7211732   0.28171784 -0.6328857 ]
 [ 0.02388615  0.90292287  0.4291385 ]
 [-0.6923429   0.32460037 -0.6444347 ]]"
20200220-180831.149618,45,[1.7846403 1.477019  0.5907547],"[[ 0.49731714 -0.10236723 -0.6960582 ]
 [ 0.50529176  0.6925842  -0.10793244]
 [-0.49287832  0.70724964 -0.09277933]
 [-0.5044074  -0.09821388 -0.70373714]]","[[ 0.71468717  0.2921686  -0.6354998 ]
 [ 0.01004031  0.904199    0.42699364]
 [-0.69937223  0.31154743 -0.643286  ]]"
20200220-180831.149618,46,[1.7933544 1.4762716 0.5867798],"[[ 0.4974577  -0.1074261  -0.69501156]
 [ 0.5050735   0.6921349  -0.11308708]
 [-0.49314225  0.7062043  -0.09782671]
 [-0.50422955 -0.10336563 -0.70327836]]","[[ 0.7147325   0.28966203 -0.63659513]
 [ 0.00972453  0.90600085  0.42316446]
 [-0.6993303   0.30863997 -0.64473146]]"
20200220-180831.149618,47,[1.8021352  1.4781442  0.58419275],"[[ 0.49761546 -0.11071031 -0.6942034 ]
 [ 0.505063    0.69181985 -0.11630207]
 [-0.49319306  0.7055486  -0.10096514]
 [-0.50403446 -0.10644212 -0.7031086 ]]","[[ 0.71490484  0.2882044  -0.6370631 ]
 [ 0.00967108  0.90694046  0.42114824]
 [-0.699155    0.30724195 -0.6455889 ]]"
20200220-180831.149618,48,[1.8117857  1.4742264  0.57890224],"[[ 0.49760002 -0.11714033 -0.69310737]
 [ 0.50451446  0.6910944  -0.12317285]
 [-0.49375993  0.7040981  -0.10771386]
 [-0.5040443  -0.11363591 -0.70201766]]","[[ 0.71460956  0.28478292 -0.63893044]
 [ 0.00900636  0.90955794  0.41547954]
 [-0.6994656   0.30266005 -0.6474139 ]]"
20200220-180831.149618,49,[1.820499   1.4853435  0.57567656],"[[ 0.4975776  -0.1192477  -0.69273454]
 [ 0.50466686  0.6906583  -0.12516801]
 [-0.4936161   0.7038671  -0.10969993]
 [-0.50405455 -0.11550882 -0.701725  ]]","[[ 0.7146855   0.285269   -0.6386282 ]
 [ 0.00917508  0.9091467   0.4163748 ]
 [-0.69938564  0.30343658 -0.64713675]]"
20200220-180831.149618,50,[1.8292383 1.491572  0.5728641],"[[ 0.49755815 -0.12171157 -0.6922908 ]
 [ 0.50464153  0.6902566  -0.12766011]
 [-0.49365267  0.7034276  -0.1121542 ]
 [-0.5040631  -0.11799205 -0.7013256 ]]","[[ 0.71467     0.28492117 -0.63880116]
 [ 0.00913884  0.9093937   0.41583627]
 [-0.69940215  0.30302355 -0.64731234]]"
20200220-180831.149618,51,[1.8382887  1.4939936  0.57045496],"[[ 0.49753386 -0.1243967  -0.6917826 ]
 [ 0.5045201   0.68987936 -0.13045985]
 [-0.493833    0.70283985 -0.11490957]
 [-0.504032   -0.12086349 -0.7008657 ]]","[[ 0.71459967  0.28396136 -0.639307  ]
 [ 0.00895806  0.91011494  0.41425925]
 [-0.6994764   0.3017565  -0.6478239 ]]"
20200220-180831.149618,52,[1.8473687 1.4914219 0.5684564],"[[ 0.4975211  -0.12749869 -0.69118243]
 [ 0.5043074   0.6894624  -0.1337422 ]
 [-0.49410626  0.7020952  -0.11815529]
 [-0.5039899  -0.12429208 -0.7002994 ]]","[[ 0.7144819   0.2820836  -0.6402693 ]
 [ 0.00866249  0.911486    0.41124016]
 [-0.6996005   0.29936993 -0.6487967 ]]"
20200220-180831.149618,53,[1.8560102  1.4924859  0.56543726],"[[ 0.49748352 -0.13411653 -0.68991864]
 [ 0.50869054  0.6856934  -0.13672508]
 [-0.4896963   0.7044602  -0.12231381]
 [-0.5039263  -0.12479322 -0.7002558 ]]","[[ 0.71729845  0.27550852 -0.63998294]
 [ 0.01435398  0.91246676  0.40889898]
 [-0.6966183   0.30248886 -0.65055627]]"
20200220-180831.149618,54,[1.8648942 1.4964188 0.5613592],"[[ 0.4976668  -0.13195679 -0.6900052 ]
 [ 0.4997567   0.6914063  -0.14193045]
 [-0.4987979   0.69737446 -0.12504844]
 [-0.50375706 -0.13495506 -0.6986495 ]]","[[ 0.71169674  0.28415117 -0.64245284]
 [ 0.00264283  0.9134513   0.40693903]
 [-0.7024817   0.29131517 -0.6493495 ]]"
20200220-180831.149618,55,[1.8738639  1.4931165  0.55879027],"[[ 0.4970569  -0.14437829 -0.6883518 ]
 [ 0.5124804   0.681166   -0.14391187]
 [-0.4858982   0.7058429  -0.13083011]
 [-0.5041837  -0.13020626 -0.6988166 ]]","[[ 0.7194236   0.26747543 -0.64100456]
 [ 0.01933764  0.9148064   0.40342954]
 [-0.69430256  0.30263218 -0.652961  ]]"
20200220-180831.149618,56,[1.8829187 1.4926659 0.5553548],"[[ 0.49720797 -0.1482218  -0.6872318 ]
 [ 0.51196545  0.6808783  -0.14811763]
 [-0.486471    0.7045017  -0.13483141]
 [-0.50400543 -0.13458292 -0.6982793 ]]","[[ 0.71930933  0.26585716 -0.64180565]
 [ 0.01865988  0.9161457   0.40041116]
 [-0.6944395   0.29999536 -0.6540313 ]]"
20200220-180831.149618,57,[1.8919992  1.4924039  0.55193293],"[[ 0.4973592  -0.15198238 -0.68610924]
 [ 0.511457    0.6805736  -0.15224496]
 [-0.4870361   0.70316046 -0.13874683]
 [-0.5038272  -0.13887742 -0.6977287 ]]","[[ 0.7191957   0.26429644 -0.64257705]
 [ 0.01799029  0.91743374  0.3974821 ]
 [-0.69457483  0.2974275  -0.6550596 ]]"
20200220-180831.149618,58,[1.9015585  1.4864349  0.54831815],"[[ 0.4975843  -0.15395674  0.6852965 ]
 [ 0.5067081   0.6830146   0.15817368]
 [-0.49193957  0.69862914  0.14321883]
 [-0.503639   -0.14732915  0.69630325]]","[[ 0.7163605   0.26605383  0.645014  ]
 [ 0.01175718  0.9197119  -0.39241815]
 [-0.6976313   0.28869638  0.6557172 ]]"
20200220-180831.149618,59,[1.9108741 1.4820626 0.5453903],"[[ 0.4975857  -0.1579774   0.6843334 ]
 [ 0.50634426  0.68232715  0.16249979]
 [-0.49236292  0.6974214   0.14748952]
 [-0.5035896  -0.15190803  0.695362  ]]","[[ 0.7161554   0.26358524  0.646254  ]
 [ 0.01126093  0.9214596  -0.38831115]
 [-0.69784987  0.28536853  0.65693986]]"
20200220-180831.149618,60,[1.9200194 1.4822192 0.5421266],"[[ 0.49774265 -0.16156657  0.68320596]
 [ 0.5060487   0.68183297  0.16630125]
 [-0.4927005   0.69623125  0.15112261]
 [-0.50340146 -0.15576293  0.69479156]]","[[ 0.71615165  0.2619964   0.646904  ]
 [ 0.01085185  0.922578   -0.38565803]
 [-0.6978604   0.28320974  0.6578625 ]]"
20200220-180831.149618,61,[1.9293963 1.4804637 0.5404795],"[[ 0.49774793 -0.16407588  0.6825671 ]
 [ 0.50588703  0.6813501   0.16894847]
 [-0.49291626  0.6954896   0.15375988]
 [-0.5033473  -0.1585397   0.69420165]]","[[ 0.7160627   0.2604444   0.6476284 ]
 [ 0.01061179  0.923618   -0.38316688]
 [-0.6979552   0.28124407  0.65860486]]"
20200220-180831.149618,62,[1.9386362 1.4807286 0.5373169],"[[ 0.4975753  -0.16745359  0.6819774 ]
 [ 0.50577265  0.6804384   0.17246956]
 [-0.49305514  0.6947147   0.15736067]
 [-0.50349736 -0.1622779   0.69310796]]","[[ 0.7158222   0.25887474  0.6485233 ]
 [ 0.01045629  0.92466253 -0.38064408]
 [-0.69820434  0.27925465  0.659187  ]]"
20200220-180831.149618,63,[1.94805    1.4767368  0.53454596],"[[ 0.49757376 -0.17129055  0.6809877 ]
 [ 0.50556016  0.6796136   0.17649014]
 [-0.49332285  0.69359374  0.1613684 ]
 [-0.50345    -0.16647097  0.6921469 ]]","[[ 0.7156937   0.2564185   0.64964014]
 [ 0.01014093  0.92625105 -0.37677106]
 [-0.69834083  0.2762407   0.6603115 ]]"
20200220-180831.149618,64,[1.9576787 1.4728639 0.5317788],"[[ 0.49720627 -0.1796189   0.6793411 ]
 [ 0.5121322   0.6737057   0.17918184]
 [-0.4866359   0.69734263  0.16660659]
 [-0.5036782  -0.16604497  0.691832  ]]","[[ 0.7198253   0.24625404  0.64900714]
 [ 0.01891313  0.92765516 -0.37295878]
 [-0.6938974   0.28073993  0.66309226]]"
20200220-180831.149618,65,[1.9663769 1.4750437 0.5293257],"[[ 0.49717918 -0.17964534  0.6793054 ]
 [ 0.508481    0.6756598   0.18241552]
 [-0.49043304  0.69420224  0.16850631]
 [-0.50372136 -0.17115703  0.6905606 ]]","[[ 0.71735764  0.24950583  0.6504958 ]
 [ 0.01402821  0.9283126  -0.37153608]
 [-0.6965637   0.2756495   0.66243196]]"
20200220-180831.149618,66,[1.9757056  1.4783764  0.52756786],"[[ 0.49751553 -0.17679432  0.6794924 ]
 [ 0.5016078   0.680313    0.1854667 ]
 [-0.49747235  0.68877363  0.16890945]
 [-0.5033783  -0.17750768  0.68946517]]","[[ 0.7130087   0.2568636   0.65241086]
 [ 0.00484396  0.9286531  -0.3709181 ]
 [-0.7011385   0.26762807  0.6608935 ]]"
20200220-180831.149618,67,[1.9857769 1.4799738 0.5252769],"[[ 0.49733648 -0.18129827  0.6785291 ]
 [ 0.50473034  0.6773887   0.18731874]
 [-0.49433613  0.69039315  0.17193165]
 [-0.50352305 -0.17785536  0.6891656 ]]","[[ 0.71499974  0.25230855  0.652009  ]
 [ 0.00899559  0.9292102  -0.3694419 ]
 [-0.6990668   0.27001604  0.66211534]]"
20200220-180831.149618,68,[1.9952747  1.4807914  0.52221143],"[[ 0.49764997 -0.18008801  0.6783147 ]
 [ 0.49800336  0.6814281   0.19188876]
 [-0.50116754  0.6846658   0.17386687]
 [-0.5031585  -0.18562646  0.68763244]]","[[ 7.1069384e-01  2.5832605e-01  6.5435636e-01]
 [ 4.4282082e-05  9.3012553e-01 -3.6724198e-01]
 [-7.0350152e-01  2.6102555e-01  6.6102284e-01]]"
20200220-180831.149618,69,[2.0046892 1.4882789 0.5202379],"[[ 0.497489   -0.18121998  0.6782422 ]
 [ 0.4982336   0.680861    0.19286194]
 [-0.50096035  0.68466526  0.1750089 ]
 [-0.5032961  -0.18660441  0.68714166]]","[[ 7.1065027e-01  2.5880909e-01  6.5421253e-01]
 [ 3.0242139e-04  9.2976725e-01 -3.6814806e-01]
 [-7.0354539e-01  2.6182240e-01  6.6066098e-01]]"
20200220-180831.149618,70,[2.0146523  1.491505   0.51919913],"[[ 0.49748942 -0.18014038  0.6785131 ]
 [ 0.49511984  0.68269956  0.19446345]
 [-0.5040706   0.6822472   0.17545456]
 [-0.5032636  -0.18976268  0.6863089 ]]","[[ 0.7084602   0.26217434  0.65524757]
 [-0.00383192  0.9298554  -0.36790588]
 [-0.70574087  0.25813565  0.6597699 ]]"
20200220-180831.149618,71,[2.0240893 1.4942074 0.5175328],"[[ 0.49767822 -0.18196571  0.67772526]
 [ 0.4952302   0.68231606  0.19617389]
 [-0.503988    0.68171644  0.17710623]
 [-0.5030503  -0.19130081  0.68617594]]","[[ 0.7086945   0.26151153  0.6552586 ]
 [-0.00374303  0.9301465  -0.36716992]
 [-0.70550567  0.2577587   0.6601684 ]]"
20200220-180831.149618,72,[2.033129  1.4961994 0.5152818],"[[ 0.49764252 -0.18222868  0.67765325]
 [ 0.49222898  0.68368745  0.1990503 ]
 [-0.5070098   0.67902404  0.1788364 ]
 [-0.5029945  -0.19567971  0.6849691 ]]","[[ 0.70652795  0.26406583  0.65657234]
 [-0.00776364  0.9306111  -0.36592668]
 [-0.70764244  0.25344002  0.65955305]]"
20200220-180831.149618,73,[2.0438447 1.4959283 0.5151901],"[[ 0.49764472 -0.18335675  0.6773338 ]
 [ 0.49260676  0.68320346  0.19985993]
 [-0.5066393   0.67903686  0.17974862]
 [-0.5029954  -0.19626938  0.68481004]]","[[ 0.70674086  0.2629321   0.6567982 ]
 [-0.00732555  0.9310428  -0.36483625]
 [-0.7074345   0.25303328  0.65993226]]"
20200220-180831.149618,74,[2.0527704  1.5020871  0.51270866],"[[-0.4978277  -0.18310986  0.6771087 ]
 [-0.48962212  0.6848493   0.20215604]
 [ 0.5096067   0.676367    0.18084617]
 [ 0.502731   -0.19994968  0.6840697 ]]","[[-0.7047793   0.26639292  0.657511  ]
 [ 0.01130702  0.9309209  -0.36504602]
 [ 0.7093364   0.24984242  0.6591059 ]]"
20200220-180831.149618,75,[2.0626256 1.502256  0.5100249],"[[-0.4979426  -0.18217494  0.677125  ]
 [-0.4837929   0.6879499   0.20621237]
 [ 0.51532596  0.671408    0.18257006]
 [ 0.50243104 -0.20675723  0.6823829 ]]","[[-0.70070237  0.27142382  0.65980715]
 [ 0.01903314  0.93158954 -0.3630136 ]
 [ 0.7131999   0.2418062   0.65793294]]"
20200220-180831.149618,76,[2.0722067  1.5027971  0.50738376],"[[-0.49780455 -0.18535234  0.6765006 ]
 [-0.48449627  0.68651396  0.20883952]
 [ 0.5146705   0.6712544   0.18556374]
 [ 0.50256157 -0.2091897   0.6813947 ]]","[[-0.70093685  0.26946715  0.6603598 ]
 [ 0.0182304   0.93234736 -0.36110398]
 [ 0.71299046  0.24107242  0.6584291 ]]"
20200220-180831.149618,77,[2.0823991  1.5019435  0.50413805],"[[-0.4976856  -0.19115593  0.67509526]
 [-0.4880722   0.682983    0.21164054]
 [ 0.51120484  0.6728612   0.1897963 ]
 [ 0.5027572  -0.21036102  0.6807586 ]]","[[-0.7032614   0.26374054  0.66020036]
 [ 0.01363372  0.9334739  -0.35838637]
 [ 0.71080077  0.24303813  0.66007185]]"
20200220-180831.149618,78,[2.0916488 1.5041308 0.5020919],"[[-0.4976619  -0.19146715  0.6750061 ]
 [-0.4855143   0.68403846  0.21417855]
 [ 0.5137503   0.6705007   0.19131602]
 [ 0.5026623  -0.2141504   0.6796268 ]]","[[-0.7013344   0.26596165  0.661358  ]
 [ 0.01709488  0.9337974  -0.3573936 ]
 [ 0.7126275   0.23934658  0.6594508 ]]"
20200220-180831.149618,79,[2.1025884  1.5041984  0.49970102],"[[-0.4976957  -0.19445673  0.6741354 ]
 [-0.48616105  0.6828032   0.21662544]
 [ 0.5131232   0.6702066   0.19402944]
 [ 0.5026441  -0.21630917  0.67894584]]","[[-0.70171136  0.26399642  0.66174537]
 [ 0.01635416  0.9345397  -0.35548303]
 [ 0.7122736   0.23862423  0.6600945 ]]"
20200220-180831.149618,80,[2.1132176  1.4988887  0.49703014],"[[-0.4978148  -0.19682841  0.67322475]
 [-0.48393038  0.683159    0.22095816]
 [ 0.51531744  0.6674296   0.19728291]
 [ 0.5024339  -0.22156318  0.6775143 ]]","[[-0.7001296   0.2636705   0.6635483 ]
 [ 0.01939539  0.9359989  -0.35146803]
 [ 0.71375227  0.23320343  0.6604345 ]]"
20200220-180831.149618,81,[2.1236923  1.4978743  0.49413648],"[[-0.49778345 -0.19853687  0.67275614]
 [-0.48175168  0.6835142   0.22458005]
 [ 0.51743287  0.6650014   0.19995879]
 [ 0.5023848  -0.22619666  0.6760027 ]]","[[-0.69840974  0.26439226  0.6650721 ]
 [ 0.02235589  0.9368689  -0.34896567]
 [ 0.715349    0.22885275  0.66022897]]"
20200220-180831.149618,82,[2.1330929  1.5001373  0.49227804],"[[-0.49774686 -0.1988781   0.67267627]
 [-0.4795242   0.68433684  0.2268649 ]
 [ 0.5196248   0.66290367  0.20131075]
 [ 0.5022893  -0.22954094  0.6749171 ]]","[[-0.6966589   0.26634744  0.6661272 ]
 [ 0.02538778  0.9370979  -0.3481423 ]
 [ 0.7169531   0.22562489  0.6595995 ]]"
20200220-180831.149618,83,[2.1423619 1.5012184 0.4899905],"[[-0.49774212 -0.20520873  0.67088974]
 [-0.48566967  0.67951787  0.22790988]
 [ 0.5136899   0.66650313  0.20503488]
 [ 0.50249374 -0.22785509  0.67522204]]","[[-0.70098495  0.25865835  0.664617  ]
 [ 0.01742078  0.93784374 -0.34661987]
 [ 0.71296316  0.23139715  0.6619206 ]]"
20200220-180831.149618,84,[2.1531405  1.5005162  0.48709187],"[[-0.4978909  -0.20687662  0.6701383 ]
 [-0.48346674  0.68002176  0.23151189]
 [ 0.51585424  0.6639067   0.20758541]
 [ 0.50225395 -0.2323789   0.67396206]]","[[-0.69943273  0.25944272  0.66594535]
 [ 0.02042336  0.93866026 -0.34423807]
 [ 0.71440655  0.22717053  0.6618284 ]]"
20200220-180831.149618,85,[2.1625185  1.5028738  0.48533285],"[[-0.49785104 -0.20709549  0.6700887 ]
 [-0.48121965  0.68088293  0.2337076 ]
 [ 0.5180722   0.6618142   0.20879348]
 [ 0.5021686  -0.23561053  0.6728797 ]]","[[-0.6976763   0.26148832  0.6669871 ]
 [ 0.02346729  0.9388508  -0.3435238 ]
 [ 0.71602887  0.22401595  0.66115034]]"
20200220-180831.149618,86,[2.1719658  1.5052443  0.48361048],"[[-0.4981925  -0.2073202   0.6695043 ]
 [-0.4788997   0.68204486  0.23593147]
 [ 0.5203397   0.65942115  0.2098851 ]
 [ 0.5017035  -0.23874156  0.6723456 ]]","[[-0.69623905  0.26349702  0.6676982 ]
 [ 0.0265992   0.93901986 -0.3428336 ]
 [ 0.71731734  0.2209338   0.6607908 ]]"
20200220-180831.149618,87,[2.182349  1.5005605 0.4812625],"[[-0.49807018 -0.21301067  0.66794795]
 [-0.48253965  0.67842275  0.23852362]
 [ 0.5168502   0.6609691   0.21408305]
 [ 0.5019436  -0.23976903  0.67165536]]","[[-0.6986306   0.25711662  0.66768724]
 [ 0.02196377  0.940466   -0.33917803]
 [ 0.7151454   0.22229525  0.6626856 ]]"
20200220-180831.149618,88,[2.19243    1.499661   0.48044893],"[[-0.49805868 -0.21497588  0.6673123 ]
 [-0.4831496   0.6774959   0.23999108]
 [ 0.51629627  0.66085774  0.21576278]
 [ 0.5019387  -0.2409401   0.6712267 ]]","[[-0.69898194  0.25540555  0.6679764 ]
 [ 0.02126308  0.94106    -0.33757094]
 [ 0.7148232   0.22175269  0.6632145 ]]"
20200220-180831.149618,89,[2.201431   1.50258    0.47881112],"[[-0.49780068 -0.21844152  0.6666057 ]
 [-0.48630217  0.67472786  0.24072605]
 [ 0.5132688   0.6627236   0.21807231]
 [ 0.5022549  -0.24046393  0.67091936]]","[[-0.7009321   0.25177875  0.6673093 ]
 [ 0.01720602  0.94131535 -0.3370895 ]
 [ 0.71302044  0.22479507  0.6641304 ]]"
20200220-180831.149618,90,[2.212164   1.5085422  0.47710598],"[[-0.49779016 -0.21783336  0.666814  ]
 [-0.4840512   0.67586017  0.2420893 ]
 [ 0.5154621   0.6609007   0.21843709]
 [ 0.5021934  -0.24284245  0.67010266]]","[[-0.6991988   0.25484037  0.6679653 ]
 [ 0.0202245   0.94098884 -0.33783343]
 [ 0.7146412   0.22270344  0.66309214]]"
20200220-180831.149618,91,[2.2219007  1.5056436  0.47532266],"[[-0.4975591  -0.2241747   0.665116  ]
 [-0.48985714  0.67095387  0.24335226]
 [ 0.5098258   0.66417646  0.22250862]
 [ 0.5025456  -0.24173541  0.6699926 ]]","[[-0.7031122   0.2466802   0.66691995]
 [ 0.01267896  0.9420987  -0.33509624]
 [ 0.71096593  0.22715443  0.6655287 ]]"
20200220-180831.149618,92,[2.231265   1.5044395  0.47401124],"[[-0.49744636 -0.22808956  0.6639596 ]
 [-0.49282327  0.6682092   0.24465674]
 [ 0.5069551   0.66556937  0.22527298]
 [ 0.5026623  -0.24184626  0.6697411 ]]","[[-0.7050982   0.2421495   0.6664835 ]
 [ 0.00884355  0.94281733 -0.3331924 ]
 [ 0.70905477  0.22903928  0.6669203 ]]"
20200220-180831.149618,93,[2.2413404 1.5081601 0.4731289],"[[ 0.4972031  -0.23217261  0.66292083]
 [ 0.49798355  0.6643467   0.24414061]
 [-0.50185245  0.6689578   0.22732444]
 [-0.5029371  -0.23923752  0.67026466]]","[[ 0.7085985   0.23658317  0.66476816]
 [-0.00201234  0.9427896  -0.33338255]
 [-0.70560926  0.2348966   0.6685351 ]]"
20200220-180831.149618,94,[2.2523155  1.5034947  0.47096673],"[[ 0.49734026 -0.23386003  0.6620966 ]
 [ 0.49570116  0.66482323  0.24788402]
 [-0.5041501   0.6662073   0.22990634]
 [-0.5027581  -0.2439004   0.66882354]]","[[ 0.70701647  0.23670515  0.66640735]
 [-0.00512689  0.9440124  -0.32987016]
 [-0.70717865  0.22980694  0.6686459 ]]"
20200220-180831.149618,95,[2.2623193 1.5047681 0.4690331],"[[ 0.4971614  -0.23592396  0.6616001 ]
 [ 0.49596062  0.6638303   0.24973689]
 [-0.503905    0.6658116   0.23191202]
 [-0.50292504 -0.2456915   0.66793245]]","[[ 0.7069893   0.23569855  0.6667928 ]
 [-0.0048241   0.94441587 -0.3287181 ]
 [-0.70720804  0.22918348  0.66882885]]"
20200220-180831.149618,96,[2.2727592 1.5020173 0.4673349],"[[-0.49737567 -0.23549177  0.66135776]
 [-0.49136782  0.6661098   0.25344962]
 [ 0.5084969   0.6616184   0.2332149 ]
 [ 0.5025993  -0.2512016   0.6663185 ]]","[[-0.70379305  0.238977    0.66900337]
 [ 0.01099451  0.94527197 -0.32609764]
 [ 0.71032006  0.22215001  0.6679033 ]]"
20200220-180831.149618,97,[2.283915   1.5040709  0.46612507],"[[-0.49750513 -0.23539795  0.66117805]
 [-0.48930857  0.66709334  0.2552003 ]
 [ 0.5105411   0.65968126  0.23389778]
 [ 0.5024075  -0.25376105  0.66558844]]","[[-0.7023331   0.24093063  0.66983616]
 [ 0.01380719  0.9454151  -0.32557565]
 [ 0.7117145   0.21941397  0.6673231 ]]"
20200220-180831.149618,98,[2.294217  1.5013534 0.4645409],"[[-0.49751383 -0.23810868  0.66019386]
 [-0.489767    0.6658831   0.2575192 ]
 [ 0.51012397  0.659104    0.23643853]
 [ 0.5023763  -0.25590247  0.66477424]]","[[-0.7025956   0.23869851  0.67035997]
 [ 0.01330766  0.9463029  -0.32300735]
 [ 0.71146494  0.21802266  0.6680448 ]]"
20200220-180831.149618,99,[2.3045406 1.5051916 0.4638287],"[[-0.49754685 -0.23888256  0.65986836]
 [-0.49006873  0.66549444  0.2580249 ]
 [ 0.50985974  0.6590604   0.23711312]
 [ 0.5023174  -0.25630355  0.664661  ]]","[[-0.70278627  0.23866932  0.67017037]
 [ 0.01298408  0.94618934 -0.32335263]
 [ 0.71128243  0.21854623  0.66806805]]"
20200220-180831.149618,100,[2.3146336 1.5129658 0.4628881],"[[-0.49739653 -0.23900709  0.660039  ]
 [-0.49032483  0.6652349   0.2579218 ]
 [ 0.5096218   0.65933263  0.23720174]
 [ 0.5024578  -0.25616148  0.66450036]]","[[-0.702776    0.23975982  0.66979206]
 [ 0.01269743  0.94557494 -0.3251569 ]
 [ 0.71129805  0.22000788  0.6675717 ]]"
20200220-180831.149618,101,[2.324718  1.5141977 0.4611097],"[[-0.497637   -0.24097519  0.6590133 ]
 [-0.4905783   0.66452503  0.25965136]
 [ 0.5093849   0.65870756  0.2390487 ]
 [ 0.50221276 -0.25776365  0.66418254]]","[[-0.7031201   0.23872486  0.6698004 ]
 [ 0.01243609  0.94594413 -0.3240911 ]
 [ 0.7109624   0.21954532  0.6680811 ]]"
20200220-180831.149618,102,[2.3348289  1.5155234  0.45937672],"[[-0.4974758  -0.24296837  0.6585206 ]
 [-0.49103782  0.66343915  0.26123986]
 [ 0.50894564  0.6584908   0.2409344 ]
 [ 0.50236815 -0.25923854  0.6633663 ]]","[[-0.70321894  0.23763458  0.67008424]
 [ 0.01191245  0.9462945  -0.32308647]
 [ 0.7108736   0.2192182   0.668283  ]]"
20200220-180831.149618,103,[2.3449657  1.516783   0.45769265],"[[-0.49730915 -0.24491343  0.6580385 ]
 [-0.4914571   0.6623877   0.26281816]
 [ 0.5085453   0.65824956  0.24277368]
 [ 0.502529   -0.26070568  0.6625507 ]]","[[-0.70328987  0.23659211  0.67037874]
 [ 0.01143979  0.94664013 -0.3220897 ]
 [ 0.7108112   0.21885343  0.668469  ]]"
20200220-180831.149618,104,[2.355411   1.51843    0.45587838],"[[-0.49732822 -0.24683288  0.65728325]
 [-0.4917321   0.6615449   0.26450408]
 [ 0.5083055   0.6577529   0.24459   ]
 [ 0.5024834  -0.26228443  0.6619606 ]]","[[-0.7034538   0.23568541  0.6705261 ]
 [ 0.01114957  0.94696146 -0.3211535 ]
 [ 0.7106535   0.21844059  0.66877145]]"
20200220-180831.149618,105,[2.3655183  1.521642   0.45521852],"[[-0.49755964 -0.24759473  0.6566799 ]
 [-0.49188554  0.66134894  0.26512074]
 [ 0.50816584  0.65746176  0.24524397]
 [ 0.5022451  -0.2627898   0.66207075]]","[[-0.7037385   0.23558089  0.6702638 ]
 [ 0.0109999   0.94692355 -0.3212705 ]
 [ 0.71037376  0.21871755  0.66897786]]"
20200220-180831.149618,106,[2.375695   1.5247185  0.45459455],"[[-0.49779004 -0.24834564  0.6560815 ]
 [-0.49202934  0.6611596   0.26573503]
 [ 0.5080355   0.6571658   0.24589172]
 [ 0.50200814 -0.26329774  0.6621778 ]]","[[-0.70402324  0.23545218  0.6700102 ]
 [ 0.0108456   0.946896   -0.32135794]
 [ 0.7100944   0.21897677  0.6691903 ]]"
20200220-180831.149618,107,[2.38615  1.52858  0.454004],"[[-0.49781266 -0.24898903  0.65580213]
 [-0.4922742   0.66083294  0.26616096]
 [ 0.5078266   0.65711206  0.24645878]
 [ 0.5019574  -0.2636438   0.6620727 ]]","[[-0.7041809   0.23551348  0.66982317]
 [ 0.01057532  0.9467595  -0.32176805]
 [ 0.7099421   0.2194993   0.66918033]]"
20200220-180831.149618,108,[2.3973362 1.5349607 0.4526743],"[[-0.49775705 -0.25104088  0.6551458 ]
 [-0.49470636  0.65898913  0.2659955 ]
 [ 0.5054326   0.65860283  0.24765415]
 [ 0.50203717 -0.26259148  0.6623426 ]]","[[-0.70587575  0.23361994  0.6687013 ]
 [ 0.00738924  0.94642293 -0.32284576]
 [ 0.7082973   0.2229478   0.6697831 ]]"
20200220-180831.149618,109,[2.4078915 1.5364505 0.4509428],"[[-0.49776167 -0.25284338  0.6544244 ]
 [-0.49487826  0.65821934  0.2676607 ]
 [ 0.5052941   0.6580441   0.24938938]
 [ 0.5020025  -0.26418763  0.6617335 ]]","[[-0.70597106  0.23281999  0.6688795 ]
 [ 0.00721646  0.94673955 -0.32191947]
 [ 0.708204    0.22243887  0.67005086]]"
20200220-180831.149618,110,[2.4175742 1.5353225 0.4500214],"[[ 0.49766013 -0.25604996  0.65333265]
 [ 0.49732453  0.65589345  0.26864377]
 [-0.5029056   0.6590876   0.25173423]
 [-0.5020847  -0.26428393  0.6615263 ]]","[[ 0.7076396   0.22902964  0.6684249 ]
 [-0.00403482  0.9473031  -0.3203132 ]
 [-0.7065622   0.2239692   0.6712732 ]]"
20200220-180831.149618,111,[2.427089   1.5382379  0.44889143],"[[-0.49755588 -0.2557892   0.65350825]
 [-0.49529776  0.65677476  0.27026728]
 [ 0.5049515   0.6573514   0.25220618]
 [ 0.50213814 -0.26666105  0.660511  ]]","[[-0.70602596  0.23126806  0.6693598 ]
 [ 0.00676385  0.9473341  -0.3201755 ]
 [ 0.7081538   0.22152488  0.67040676]]"
20200220-180831.149618,112,[2.4366815  1.5373641  0.44799012],"[[ 0.49725476 -0.26171568  0.65165347]
 [ 0.5020677   0.65144795  0.26996768]
 [-0.49821365  0.6614195   0.25573367]
 [-0.5024433  -0.26390386  0.66110927]]","[[ 0.7106955   0.22269733  0.6673216 ]
 [ 0.00219579  0.947867   -0.31865895]
 [-0.7034967   0.22793473  0.6731556 ]]"
20200220-180831.149618,113,[2.4480855 1.5373049 0.4459361],"[[ 0.49736077 -0.26247334  0.6511497 ]
 [ 0.49993846  0.652086    0.27270725]
 [-0.5003729   0.65907687  0.25724524]
 [-0.5023152  -0.26741222  0.6598934 ]]","[[ 7.0920867e-01  2.2397876e-01  6.6847324e-01]
 [-6.7836011e-04  9.4840735e-01 -3.1705379e-01]
 [-7.0499825e-01  2.2440387e-01  6.7277062e-01]]"
20200220-180831.149618,114,[2.4585278  1.5428331  0.44416177],"[[-0.49737424 -0.2607817   0.6517245 ]
 [-0.49578536  0.65446264  0.27486116]
 [ 0.5045345   0.65588725  0.25702825]
 [ 0.50225574 -0.27107924  0.65851617]]","[[-0.7061257   0.22911897  0.66999316]
 [ 0.00623657  0.9481782  -0.3176776 ]
 [ 0.708059    0.22014192  0.6709619 ]]"
20200220-180831.149618,115,[2.4690568  1.5482361  0.44238332],"[[-0.49737614 -0.2591257   0.65228486]
 [-0.49163336  0.6567929   0.27702975]
 [ 0.50866026  0.65267766  0.25681993]
 [ 0.5021732  -0.27475166  0.657132  ]]","[[-0.7030194   0.2341923   0.6715042 ]
 [ 0.01177749  0.9479281  -0.31826693]
 [ 0.7110733   0.2158391   0.66916984]]"
20200220-180831.149618,116,[2.4796991  1.549802   0.44086128],"[[-0.4974188  -0.26086342  0.6515458 ]
 [-0.49198762  0.6559525   0.2784461 ]
 [ 0.5083401   0.6522759   0.25846282]
 [ 0.50210893 -0.27606732  0.6566226 ]]","[[-0.7032423   0.23331314  0.6715768 ]
 [ 0.01140132  0.9481981  -0.31747544]
 [ 0.71085894  0.21560527  0.66947293]]"
20200220-180831.149618,117,[2.4889817  1.5527809  0.43989787],"[[-0.4975817  -0.26327056  0.6504119 ]
 [-0.4943207   0.65413785  0.27870372]
