Timestamp,Epoch,s,u,v
20200222-013850.551617,0,[1.4968468  0.79718727 0.28779227],"[[-0.61416024 -0.47757384  0.6037092 ]
 [ 0.5601346   0.2895197   0.76940024]
 [ 0.34548053 -0.40749866 -0.2070739 ]
 [-0.43554568  0.7225281  -0.02605145]]","[[-0.08922605  0.8408195   0.53391135]
 [-0.67280227 -0.4461439   0.5901634 ]
 [ 0.7344223  -0.30655882  0.60551274]]"
20200222-013850.551617,1,[1.5001068 0.7974384 0.2853018],"[[-0.6121736  -0.4795782   0.6037554 ]
 [ 0.5621066   0.28739434  0.76893467]
 [ 0.34666675 -0.40628234 -0.20905887]
 [-0.43485838  0.7227336  -0.02265932]]","[[-0.08614322  0.83879215  0.53759384]
 [-0.6692653  -0.44843742  0.5924423 ]
 [ 0.7380131  -0.308758    0.60000443]]"
20200222-013850.551617,2,[1.503521   0.7975831  0.28399423],"[[-0.6101315  -0.48236603  0.60327864]
 [ 0.5639687   0.2845715   0.76879233]
 [ 0.3479558  -0.40507385 -0.21135283]
 [-0.43428773  0.7226738  -0.01852667]]","[[-0.08316373  0.8354792   0.5431928 ]
 [-0.665622   -0.45223016  0.5936625 ]
 [ 0.7416409  -0.31218994  0.59372246]]"
20200222-013850.551617,3,[1.5065525  0.797938   0.28398865],"[[-0.6076763  -0.48363948  0.6042788 ]
 [ 0.5663638   0.2834787   0.7676884 ]
 [ 0.34946156 -0.40380484 -0.21273936]
 [-0.43340316  0.72296244 -0.01559597]]","[[-0.07925649  0.8346296   0.5450798 ]
 [-0.6611041  -0.4532612   0.59790933]
 [ 0.7460964  -0.31296635  0.5877009 ]]"
20200222-013850.551617,4,[1.5099386  0.79805744 0.28320572],"[[-0.6061858  -0.48698053  0.60291576]
 [ 0.5672955   0.28042638  0.7682346 ]
 [ 0.35052842 -0.40248877 -0.21488592]
 [-0.43341067  0.72264373 -0.01150528]]","[[-0.07773422  0.8305764   0.5514526 ]
 [-0.6585973  -0.45803514  0.5970371 ]
 [ 0.74846977 -0.31677508  0.5826204 ]]"
20200222-013850.551617,5,[1.5134685  0.79826796 0.28212997],"[[-0.60441417 -0.4887093   0.6029006 ]
 [ 0.5689081   0.27876043  0.7677961 ]
 [ 0.35166392 -0.4012259  -0.21661966]
 [-0.43285123  0.72282356 -0.00871768]]","[[-0.0750353   0.8288857   0.55436313]
 [-0.6553304  -0.46001145  0.59910905]
 [ 0.75160617 -0.31833664  0.57771116]]"
20200222-013850.551617,6,[1.517128   0.7983984  0.28076893],"[[-0.6024834  -0.49141154  0.6022481 ]
 [ 0.570497    0.2762211   0.76765186]
 [ 0.35292557 -0.3999208  -0.21904728]
 [-0.43242395  0.72268975 -0.00510786]]","[[-0.07236775  0.8256883   0.5594655 ]
 [-0.65185547 -0.4637098   0.6000482 ]
 [ 0.7548825  -0.32126656  0.5717869 ]]"
20200222-013850.551617,7,[1.5202223  0.79864293 0.2795785 ],"[[-0.6017436  -0.49438807  0.6003968 ]
 [ 0.570456    0.2737674   0.7685717 ]
 [ 0.35360196 -0.39849746 -0.22094464]
 [-0.432955    0.7223791  -0.00225193]]","[[-0.07238469  0.8222953   0.5644385 ]
 [-0.65081227 -0.46777982  0.59801793]
 [ 0.7557802  -0.32405612  0.56902003]]"
20200222-013850.551617,8,[1.5236009  0.79897237 0.27925602],"[[-6.0046935e-01 -4.9670622e-01  5.9946716e-01]
 [ 5.7120460e-01  2.7183047e-01  7.6877075e-01]
 [ 3.5449728e-01 -3.9711106e-01 -2.2277944e-01]
 [-4.3300539e-01  7.2228396e-01  4.3677687e-04]]","[[-0.07111558  0.8198265   0.5681788 ]
 [-0.6486644  -0.4707339   0.59803367]
 [ 0.75774485 -0.32602778  0.56526864]]"
20200222-013850.551617,9,[1.5273069  0.79937077 0.27964088],"[[-0.5986943  -0.4983683   0.59946394]
 [ 0.57268745  0.27042073  0.76831037]
 [ 0.35564616 -0.39575487 -0.22435015]
 [-0.43256193  0.7224126   0.00304401]]","[[-0.06859339  0.8183029   0.5706795 ]
 [-0.6454222  -0.47258982  0.6000741 ]
 [ 0.76073974 -0.32716817  0.5605676 ]]"
20200222-013850.551617,10,[1.5310702 0.7996682 0.2791093],"[[-0.594971   -0.50037223  0.6007137 ]
 [ 0.5762499   0.26877424  0.76646847]
 [ 0.35783422 -0.39435613 -0.22720493]
 [-0.43116155  0.72240657  0.00688489]]","[[-0.06262384  0.8163112   0.5742076 ]
 [-0.6384472  -0.4749831   0.60562074]
 [ 0.7671138  -0.3286749   0.55091685]]"
20200222-013850.551617,11,[1.5344737  0.8000223  0.27768344],"[[-0.59398174 -0.5017802   0.60012364]
 [ 0.5766819   0.2678863   0.7664893 ]
 [ 0.3586182  -0.39288247 -0.22864328]
 [-0.43129644  0.72256273  0.00825981]]","[[-0.06174393  0.81545407  0.5755194 ]
 [-0.6367057  -0.4762352   0.6064699 ]
 [ 0.76863086 -0.3289907   0.5486089 ]]"
20200222-013850.551617,12,[1.538715   0.8004408  0.27803692],"[[-0.5909396  -0.50336677  0.6010763 ]
 [ 0.5794548   0.2667319   0.7649877 ]
 [ 0.3604021  -0.39143446 -0.23103182]
 [-0.4302708   0.722672    0.01118265]]","[[-0.05705349  0.814202    0.57777154]
 [-0.63102174 -0.47786975  0.61110723]
 [ 0.77366424 -0.32972068  0.5410432 ]]"
20200222-013850.551617,13,[1.5425593  0.80086976 0.27792877],"[[-0.5886809  -0.5045773   0.60163474]
 [ 0.58138293  0.26594722  0.76392645]
 [ 0.3617783  -0.3899719  -0.23297556]
 [-0.42961034  0.722908    0.01321511]]","[[-0.05371449  0.8135909   0.57895166]
 [-0.6267771  -0.47881773  0.61472267]
 [ 0.77734506 -0.32985413  0.5356596 ]]"
20200222-013850.551617,14,[1.5466157  0.8011862  0.27597713],"[[-0.586865   -0.50808275  0.6000009 ]
 [ 0.5824604   0.26294655  0.76416564]
 [ 0.3630403  -0.3884488  -0.23614681]
 [-0.4295712   0.72237015  0.01686755]]","[[-0.05165673  0.80904704  0.58546954]
 [-0.62354445 -0.48406398  0.613901  ]
 [ 0.78007936 -0.33335418  0.52948195]]"
20200222-013850.551617,15,[1.5506688  0.8015453  0.27448836],"[[-0.58436155 -0.51182234  0.59869987]
 [ 0.58431077  0.25964373  0.76394725]
 [ 0.3646294  -0.38692853 -0.2397789 ]
 [-0.4291244   0.72174054  0.02119409]]","[[-0.04830405  0.8039358   0.5927512 ]
 [-0.6189823  -0.4898485   0.6139294 ]
 [ 0.783918   -0.33724722  0.52128375]]"
20200222-013850.551617,16,[1.5546825  0.8018911  0.27335754],"[[-0.58292836 -0.51337     0.5981913 ]
 [ 0.58531433  0.2584231   0.76361996]
 [ 0.36560366 -0.38545606 -0.24192782]
 [-0.42887715  0.7218675   0.02286283]]","[[-0.04633977  0.80256736  0.5947591 ]
 [-0.6162231  -0.49157727  0.6153219 ]
 [ 0.78620726 -0.33799037  0.5173401 ]]"
20200222-013850.551617,17,[1.558183   0.80236375 0.27163032],"[[-0.5811367  -0.51672995  0.5965226 ]
 [ 0.58621603  0.25579277  0.7638072 ]
 [ 0.3668618  -0.38382918 -0.24511373]
 [-0.42900288  0.7212733   0.0260416 ]]","[[-0.04453746  0.79828477  0.6006311 ]
 [-0.6130917  -0.49653357  0.6144696 ]
 [ 0.78875536 -0.34087512  0.51153606]]"
20200222-013850.551617,18,[1.5622321  0.80272466 0.27056396],"[[-0.57977945 -0.51820356  0.59593135]
 [ 0.5871294   0.25465474  0.76348585]
 [ 0.36778256 -0.38233465 -0.24738963]
 [-0.4288018   0.7214126   0.0274502 ]]","[[-0.04269059  0.79701275  0.60245174]
 [-0.6104536  -0.49815804  0.6157799 ]
 [ 0.7909007  -0.34148085  0.50780594]]"
20200222-013850.551617,19,[1.5664115  0.8032492  0.26817048],"[[-0.57762647 -0.5208833   0.5949801 ]
 [ 0.588554    0.25261316  0.7630898 ]
 [ 0.36922893 -0.38072166 -0.25056374]
 [-0.42851081  0.72105336  0.03016923]]","[[-0.03987702  0.7937472   0.6069392 ]
 [-0.6063966  -0.50200003  0.6166676 ]
 [ 0.7941617  -0.34345508  0.5013439 ]]"
20200222-013850.551617,20,[1.570508   0.8037862  0.26541072],"[[-0.57627285 -0.5231512   0.5936809 ]
 [ 0.5890777   0.25107846  0.76315206]
 [ 0.37028593 -0.37908536 -0.25323093]
 [-0.42870194  0.7208097   0.03187747]]","[[-0.03853081  0.7912586   0.6102666 ]
 [-0.603859   -0.50502956  0.6166844 ]
 [ 0.7961594  -0.3447536   0.4972678 ]]"
20200222-013850.551617,21,[1.5747087 0.8043435 0.2640653],"[[-0.5747485  -0.52549183  0.5924819 ]
 [ 0.58977705  0.24947868  0.7631183 ]
 [ 0.37137356 -0.37741497 -0.2558702 ]
 [-0.42884612  0.7205392   0.03385426]]","[[-0.03698964  0.7886673   0.6137065 ]
 [-0.6010933  -0.5081664   0.6168095 ]
 [ 0.79832244 -0.3460793   0.49285945]]"
20200222-013850.551617,22,[1.5797265  0.8048984  0.26291937],"[[-0.57257754 -0.5281319   0.5915053 ]
 [ 0.5911876   0.24750863  0.76268834]
 [ 0.3727864  -0.3757445  -0.25902683]
 [-0.42858195  0.7201611   0.03650985]]","[[-0.03419104  0.7853887   0.6180579 ]
 [-0.597023   -0.512001    0.617591  ]
 [ 0.80149513 -0.3478787   0.486401  ]]"
20200222-013850.551617,23,[1.584026   0.8053702  0.26116383],"[[-0.57071656 -0.52977437  0.59097314]
 [ 0.5924316   0.24644503  0.762056  ]
 [ 0.37402532 -0.37411514 -0.26188555]
 [-0.4282674   0.7201678   0.03791106]]","[[-0.03163291  0.783907    0.6200718 ]
 [-0.59336257 -0.51396024  0.61948836]
 [ 0.8043136  -0.34833112  0.48139912]]"
20200222-013850.551617,24,[1.5864285 0.8058969 0.2605167],"[[-0.5707223  -0.53127     0.5892054 ]
 [ 0.59180623  0.24530661  0.76278615]
 [ 0.37418792 -0.3725339  -0.26365986]
 [-0.42898095  0.72027427  0.03844162]]","[[-0.0324293   0.78260237  0.6216766 ]
 [-0.59350425 -0.5155429   0.6180357 ]
 [ 0.80417717 -0.34892517  0.4811966 ]]"
20200222-013850.551617,25,[1.5909498  0.8065356  0.25966236],"[[-0.56847364 -0.5339032   0.58819056]
 [ 0.5932048   0.24347097  0.7622878 ]
 [ 0.37560844 -0.37078002 -0.26697388]
 [-0.42879423  0.71985537  0.04091549]]","[[-0.02970513  0.7794366   0.62577647]
 [-0.5893875  -0.51929647  0.6188325 ]
 [ 0.8073043  -0.35044223  0.47481585]]"
20200222-013850.551617,26,[1.5942302  0.80702996 0.25810695],"[[-0.56784874 -0.5356508   0.58661497]
 [ 0.592984    0.24242969  0.7626841 ]
 [ 0.37620914 -0.3690801  -0.2691868 ]
 [-0.42940012  0.71978164  0.04164041]]","[[-0.02967238  0.7778279   0.6277764 ]
 [-0.5883049  -0.5213399   0.6181441 ]
 [ 0.80809456 -0.35098216  0.4730694 ]]"
20200222-013850.551617,27,[1.5982208  0.80734026 0.25645736],"[[-0.5670878  -0.53591657  0.58622295]
 [ 0.59335405  0.24246658  0.76230276]
 [ 0.37683713 -0.36751354 -0.27118373]
 [-0.42934373  0.7203729   0.04118706]]","[[-0.02853517  0.7787367   0.6267016 ]
 [-0.58649623 -0.5207399   0.6203645 ]
 [ 0.8094492  -0.34985593  0.4715855 ]]"
20200222-013850.551617,28,[1.6030571  0.80777836 0.25381356],"[[-0.56583685 -0.5364692   0.58593017]
 [ 0.59417856  0.24225248  0.7616787 ]
 [ 0.37780333 -0.36593944 -0.27355596]
 [-0.42900535  0.72083515  0.04121613]]","[[-0.02645157  0.77904624  0.6264083 ]
 [-0.5836156  -0.5207834   0.62303895]
 [ 0.8115991  -0.34910125  0.46843904]]"
20200222-013850.551617,29,[1.6062084  0.80837226 0.25244558],"[[-0.5653533  -0.5382057   0.5841748 ]
 [ 0.5939247   0.2410314   0.7621251 ]
 [ 0.37827966 -0.3642676  -0.27595466]
 [-0.4295743   0.7207967   0.04188257]]","[[-0.02647435  0.7773245   0.6285426 ]
 [-0.5827588  -0.52287024  0.6220925 ]
 [ 0.812214   -0.34981924  0.46683517]]"
20200222-013850.551617,30,[1.6108484  0.80905753 0.25160393],"[[-0.5632073  -0.54072714  0.5830773 ]
 [ 0.5951753   0.23932339  0.76168346]
 [ 0.3796517  -0.36245772 -0.27911794]
 [-0.4294518   0.7203908   0.04418236]]","[[-0.02393197  0.7743033   0.632362  ]
 [-0.5788049  -0.5264748   0.6227434 ]
 [ 0.8151151  -0.35111064  0.46077007]]"
20200222-013850.551617,31,[1.6150587 0.8095934 0.2504935],"[[-0.56197226 -0.5427938   0.5815439 ]
 [ 0.5955936   0.23790607  0.7616964 ]
 [ 0.38053024 -0.3606964  -0.28206962]
 [-0.42971227  0.7201901   0.04541144]]","[[-0.02276216  0.771983    0.63523555]
 [-0.5765113  -0.5292474   0.6225208 ]
 [ 0.8167723  -0.3520505   0.45710367]]"
20200222-013850.551617,32,[1.6192071  0.81009835 0.24981855],"[[-0.5609248  -0.54400605  0.58055913]
 [ 0.59603006  0.23715994  0.7615002 ]
 [ 0.38127354 -0.35898155 -0.2845332 ]
 [-0.42981678  0.72037834  0.04593153]]","[[-0.02158487  0.7712616   0.63615227]
 [-0.57440877 -0.53036284  0.62351424]
 [ 0.8182841  -0.3519529   0.4544672 ]]"
20200222-013850.551617,33,[1.6251115  0.81067544 0.24810757],"[[-0.558058   -0.54539686  0.5806691 ]
 [ 0.59820414  0.23650654  0.7600333 ]
 [ 0.38306943 -0.35718244 -0.28798482]
 [-0.42893004  0.720436    0.04730338]]","[[-0.01722796  0.7703327   0.6374095 ]
 [-0.5685949  -0.5319333   0.6274927 ]
 [ 0.82243735 -0.3516173   0.4471713 ]]"
20200222-013850.551617,34,[1.6305041 0.8113263 0.2476278],"[[-0.5562784  -0.5470148   0.5798719 ]
 [ 0.5992873   0.2354665   0.7594737 ]
 [ 0.38420308 -0.3553914  -0.29083958]
 [-0.42871565  0.72043556  0.04858983]]","[[-0.01488099  0.76887864  0.6392218 ]
 [-0.5650812  -0.5338784   0.62901294]
 [ 0.8249012  -0.35185182  0.44242343]]"
20200222-013850.551617,35,[1.6346306  0.8118442  0.24697103],"[[-0.55534124 -0.5481844   0.5787436 ]
 [ 0.5996179   0.23472512  0.7593265 ]
 [ 0.38486284 -0.3536512  -0.29340237]
 [-0.42887646  0.72064483  0.04893259]]","[[-0.01385373  0.7681942   0.64006716]
 [-0.5631571  -0.5349411   0.6298351 ]
 [ 0.82623386 -0.35173276  0.44002488]]"
20200222-013850.551617,36,[1.6374433  0.81239957 0.24601056],"[[-0.5553281  -0.54889965  0.57734275]
 [ 0.59930813  0.23399052  0.7596426 ]
 [ 0.38500455 -0.35207865 -0.2953661 ]
 [-0.42919973  0.72110915  0.04876096]]","[[-0.01394417  0.7680402   0.64025   ]
 [-0.5628828  -0.5352472   0.6298203 ]
 [ 0.82641923 -0.35160333  0.43978006]]"
20200222-013850.551617,37,[1.6412594  0.8129102  0.24425232],"[[-0.5547892  -0.54983     0.5760271 ]
 [ 0.5992824   0.23338543  0.75969034]
 [ 0.38553935 -0.3503889  -0.29782704]
 [-0.42945182  0.72141916  0.04860006]]","[[-0.01334049  0.76764995  0.6407303 ]
 [-0.561528   -0.5359543   0.63042784]
 [ 0.82735014 -0.35137784  0.4382069 ]]"
20200222-013850.551617,38,[1.6451038  0.8134258  0.24250382],"[[-0.5542266  -0.55077314  0.57470757]
 [ 0.599271    0.23277773  0.7597266 ]
 [ 0.3860848  -0.34869218 -0.30029768]
 [-0.42970422  0.7217181   0.0484602 ]]","[[-0.01272723  0.7672486   0.64122367]
 [-0.56014645 -0.5366796   0.6310396 ]
 [ 0.8282959  -0.35114774  0.43660197]]"
20200222-013850.551617,39,[1.6470268 0.8142478 0.2414191],"[[-0.5540347  -0.5536698   0.57171625]
 [ 0.598177    0.23091209  0.7609391 ]
 [ 0.38640964 -0.34671482 -0.30271578]
 [-0.43118098  0.7210536   0.04975482]]","[[-0.014258    0.7635039   0.64564586]
 [-0.5603987  -0.54086995  0.6272265 ]
 [ 0.82810026 -0.35287607  0.4355783 ]]"
20200222-013850.551617,40,[1.6499127  0.81483924 0.24027944],"[[-0.5537503  -0.5551489   0.56981575]
 [ 0.59769684  0.22992635  0.7614244 ]
 [ 0.3867584  -0.34491947 -0.30503094]
 [-0.43189973  0.72109234  0.04999352]]","[[-0.01462343  0.76220036  0.6471762 ]
 [-0.55990523 -0.54249537  0.6262627 ]
 [ 0.82842773 -0.35319918  0.43469298]]"
20200222-013850.551617,41,[1.6551148  0.81537396 0.23970091],"[[-0.5514039  -0.5563162   0.56963843]
 [ 0.5992169   0.2296152   0.76033103]
 [ 0.3882139  -0.3429644  -0.30792555]
 [-0.4314894   0.7212244   0.05089672]]","[[-0.01154857  0.76199216  0.64748317]
 [-0.5553041  -0.5433849   0.62957937]
 [ 0.8315673  -0.3522793   0.42941272]]"
20200222-013850.551617,42,[1.6588734  0.81572145 0.2385184 ],"[[-0.55110776 -0.5563957   0.5687039 ]
 [ 0.5992852   0.22946872  0.76013136]
 [ 0.38851914 -0.341344   -0.31028867]
 [-0.43149853  0.7219781   0.0499775 ]]","[[-0.01085741  0.7630983   0.64619124]
 [-0.554208   -0.5424855   0.6313185 ]
 [ 0.8323075  -0.35126987  0.42880514]]"
20200222-013850.551617,43,[1.6615131  0.81613415 0.23818693],"[[-0.55137545 -0.556274    0.5676463 ]
 [ 0.59904677  0.22914366  0.7602249 ]
 [ 0.38840094 -0.33982587 -0.31212923]
 [-0.43159342  0.72289073  0.04910354]]","[[-0.01090584  0.7644164   0.6446308 ]
 [-0.55426437 -0.54119146  0.6323789 ]
 [ 0.83226943 -0.3503992   0.42959082]]"
20200222-013850.551617,44,[1.6664076  0.8168595  0.23755677],"[[-0.54939806 -0.5586883   0.5661604 ]
 [ 0.5999132   0.22771108  0.7599112 ]
 [ 0.38966793 -0.3377766  -0.31528834]
 [-0.43176958  0.7224417   0.05089676]]","[[-0.00893151  0.7616417   0.64793694]
 [-0.5507016  -0.544593    0.63257104]
 [ 0.8346544  -0.3511701   0.4243014 ]]"
20200222-013850.551617,45,[1.6708282 0.817405  0.2365329],"[[-0.54828167 -0.5592319   0.56553715]
 [ 0.6006148   0.22733516  0.75940543]
 [ 0.3904674  -0.3360332  -0.31759256]
 [-0.43149105  0.7229525   0.05104822]]","[[-0.00712132  0.7620365   0.6474951 ]
 [-0.5481084  -0.544552    0.6348547 ]
 [ 0.83637714 -0.3503765   0.42155644]]"
20200222-013850.551617,46,[1.6741486  0.8180648  0.23598018],"[[-0.5475839  -0.5602569   0.5642244 ]
 [ 0.60095984  0.22628295  0.75932175]
 [ 0.39093894 -0.3343245  -0.32003582]
 [-0.43147004  0.7232811   0.05156128]]","[[-0.00608656  0.7612751   0.6484007 ]
 [-0.54653656 -0.5455319   0.6353683 ]
 [ 0.83741325 -0.35050738  0.41938493]]"
20200222-013850.551617,47,[1.6777582  0.8183544  0.23518448],"[[-0.54765725 -0.55952996  0.56363374]
 [ 0.60109764  0.22636758  0.7590016 ]
 [ 0.3909874  -0.33284864 -0.3220475 ]
 [-0.4311405   0.72449714  0.05019129]]","[[-0.00528928  0.76365197  0.64560664]
 [-0.54582566 -0.54316217  0.63800424]
 [ 0.8378822  -0.34901404  0.41969365]]"
20200222-013850.551617,48,[1.6822258 0.8191547 0.2354317],"[[-0.5463432  -0.56160855  0.56191844]
 [ 0.60150963  0.22495101  0.7589827 ]
 [ 0.39176646 -0.33082587 -0.3248532 ]
 [-0.4315253   0.72425604  0.05160399]]","[[-0.00424161  0.7613589   0.64831674]
 [-0.5435626  -0.54593503  0.6375693 ]
 [ 0.83935803 -0.34969637  0.41616184]]"
20200222-013850.551617,49,[1.6882164  0.81999606 0.23386018],"[[-0.5441956  -0.564032    0.56029475]
 [ 0.6026255   0.22331944  0.7584968 ]
 [ 0.39317998 -0.3287956  -0.32848626]
 [-0.4313967   0.7238023   0.05337396]]","[[-0.00154801  0.7581706   0.65205437]
 [-0.53937614 -0.5497055   0.63788486]
 [ 0.8420635  -0.35071516  0.4097901 ]]"
20200222-013850.551617,50,[1.6921782  0.8208705  0.23263857],"[[-0.54319966 -0.56659514  0.5577866 ]
 [ 0.6024811   0.22160098  0.75890505]
 [ 0.3939232  -0.32673967 -0.33158934]
 [-0.43217468  0.72325945  0.05464403]]","[[-0.00118215  0.7547605   0.6559995 ]
 [-0.5377204  -0.5535684   0.6359393 ]
 [ 0.8431225  -0.35199246  0.40650442]]"
20200222-013850.551617,51,[1.6950206  0.8218551  0.23191139],"[[-0.54240984 -0.5696822   0.55476546]
 [ 0.6019141   0.21958047  0.75969553]
 [ 0.3944769  -0.32456028 -0.33456448]
 [-0.43345034  0.7224316   0.05625371]]","[[-0.00175259  0.75044376  0.66093194]
 [-0.5368767  -0.5583089   0.63249856]
 [ 0.8436589  -0.35373044  0.40387425]]"
20200222-013850.551617,52,[1.6984822  0.82243633 0.23054703],"[[-0.54219717 -0.5703876   0.5530748 ]
 [ 0.60168284  0.21893343  0.7597986 ]
 [ 0.3947509  -0.32278872 -0.33720928]
 [-0.43378773  0.72286487  0.05571486]]","[[-0.00150568  0.75031143  0.66108274]
 [-0.5360895  -0.55866635  0.6328505 ]
 [ 0.8441598  -0.35344663  0.40307525]]"
20200222-013850.551617,53,[1.7007693  0.82286125 0.23023497],"[[-0.54272217 -0.570114    0.5518374 ]
 [ 0.6013269   0.21850027  0.75996995]
 [ 0.39448267 -0.321248   -0.33899915]
 [-0.43386915  0.7238975   0.05477838]]","[[-0.0017223   0.75178844  0.65940225]
 [-0.53650886 -0.5571612   0.6338215 ]
 [ 0.84389305 -0.35268345  0.40430066]]"
20200222-013850.551617,54,[1.7056826  0.82348055 0.23049621],"[[-0.54131275 -0.570849    0.551135  ]
 [ 0.60231704  0.21789964  0.75930005]
 [ 0.39528874 -0.31934986 -0.34154078]
 [-0.43352225  0.724339    0.05535061]]","[[ 3.7027462e-04  7.5195408e-01  6.5921545e-01]
 [-5.3354579e-01 -5.5739683e-01  6.3611126e-01]
 [ 8.4577113e-01 -3.5195711e-01  4.0099549e-01]]"
20200222-013850.551617,55,[1.7106113  0.82419163 0.23029426],"[[-0.5397693  -0.5723252   0.5498607 ]
 [ 0.6031525   0.21683738  0.7588522 ]
 [ 0.3962105  -0.31733832 -0.34440613]
 [-0.433444    0.72437704  0.05640485]]","[[ 0.00227776  0.75064874  0.6606977 ]
 [-0.5305248  -0.55914706  0.6371014 ]
 [ 0.8476665  -0.35196763  0.3969641 ]]"
20200222-013850.551617,56,[1.7139645  0.8247936  0.22880863],"[[-0.5396796  -0.57294697  0.54816276]
 [ 0.60283524  0.21618028  0.75904167]
 [ 0.3964599  -0.31556422 -0.34676206]
 [-0.43376902  0.7248567   0.05594583]]","[[ 0.00243956  0.7505949   0.6607582 ]
 [-0.52989346 -0.55939615  0.6374081 ]
 [ 0.8480609  -0.3516864   0.39637053]]"
20200222-013850.551617,57,[1.7212069  0.8253634  0.22888352],"[[-0.53706485 -0.573578    0.5481952 ]
 [ 0.604865    0.21597153  0.757533  ]
 [ 0.3979865  -0.31352228 -0.34987038]
 [-0.43278936  0.72530574  0.05671406]]","[[ 0.00649741  0.75124884  0.65998703]
 [-0.52442217 -0.5593989   0.6419145 ]
 [ 0.8514336  -0.3502826   0.39033693]]"
20200222-013850.551617,58,[1.7255518  0.8261476  0.22772674],"[[-0.5361461  -0.57469106  0.5466104 ]
 [ 0.6052826   0.21492524  0.75731874]
 [ 0.3986446  -0.31165597 -0.3527382 ]
 [-0.43273845  0.7255397   0.05710528]]","[[ 0.00790444  0.7502813   0.6610716 ]
 [-0.5222857  -0.5606558   0.6425596 ]
 [ 0.852734   -0.3503473   0.38742948]]"
20200222-013850.551617,59,[1.7293025  0.82702607 0.2271452 ],"[[-0.535456   -0.5763899   0.5444114 ]
 [ 0.60515016  0.21367645  0.7575256 ]
 [ 0.3990993  -0.3095999  -0.35559154]
 [-0.43335912  0.7254415   0.05767061]]","[[ 0.00819316  0.7484462   0.66314495]
 [-0.5210351  -0.5628344   0.64166975]
 [ 0.853496   -0.3507791   0.38535526]]"
20200222-013850.551617,60,[1.7348349  0.82765365 0.22564116],"[[-0.53436905 -0.57688636  0.5432235 ]
 [ 0.6059213   0.21305381  0.75688815]
 [ 0.39988363 -0.3077871  -0.3587907 ]
 [-0.4328992   0.7260006   0.05742306]]","[[ 0.01039131  0.7485883   0.66295356]
 [-0.5181807  -0.5629931   0.64383805]
 [ 0.855208   -0.35022005  0.38205376]]"
20200222-013850.551617,61,[1.7392088  0.828583   0.22604612],"[[-0.5332308  -0.5788176   0.5411781 ]
 [ 0.6061757   0.21166733  0.7568772 ]
 [ 0.40046296 -0.30561253 -0.36171147]
 [-0.43341124  0.7257877   0.05854848]]","[[ 0.01115102  0.74645233  0.6653454 ]
 [-0.5162836  -0.56553817  0.6431312 ]
 [ 0.8563452  -0.35067838  0.37907466]]"
20200222-013850.551617,62,[1.744176   0.8294364  0.22598016],"[[-0.5319073  -0.5801559   0.53964686]
 [ 0.60694146  0.21047227  0.75644773]
 [ 0.40119073 -0.30359867 -0.36474317]
 [-0.43329293  0.7259122   0.05941851]]","[[ 0.01293799  0.7451955   0.6667207 ]
 [-0.5136027  -0.56714326  0.6438641 ]
 [ 0.8579307  -0.35075977  0.37539664]]"
20200222-013850.551617,63,[1.7471879  0.82976866 0.22547916],"[[-0.5324713  -0.5792879   0.5384982 ]
 [ 0.6068488   0.21022096  0.7562699 ]
 [ 0.40091679 -0.30209804 -0.3670538 ]
 [-0.43298367  0.7273028   0.05785126]]","[[ 0.01335494  0.74764556  0.6639637 ]
 [-0.5136189  -0.56459635  0.6460856 ]
 [ 0.8579145  -0.34965265  0.3764647 ]]"
20200222-013850.551617,64,[1.7495505  0.8306497  0.22562905],"[[-0.5322931  -0.58074677  0.53623664]
 [ 0.6064255   0.2088907   0.75671434]
 [ 0.4009854  -0.30007133 -0.36934662]
 [-0.43373182  0.7273618   0.05845363]]","[[ 0.01291694  0.7461531   0.6656491 ]
 [-0.51344377 -0.56629026  0.64474106]
 [ 0.8580262  -0.3501014   0.37579283]]"
20200222-013850.551617,65,[1.7511718 0.8315068 0.2248517],"[[-0.5326121  -0.58193797  0.5337773 ]
 [ 0.6055808   0.20769423  0.757381  ]
 [ 0.40087816 -0.29813913 -0.3715307 ]
 [-0.43461835  0.7275471   0.05848946]]","[[ 0.01193393  0.74500465  0.6669528 ]
 [-0.5140221  -0.5675521   0.6431688 ]
 [ 0.85769403 -0.350504    0.3761757 ]]"
20200222-013850.551617,66,[1.7553853  0.8321693  0.22419809],"[[-0.5319289  -0.58230114  0.5325736 ]
 [ 0.6059913   0.20713207  0.75703025]
 [ 0.40134874 -0.29626435 -0.37398043]
 [-0.43444875  0.72818196  0.05838658]]","[[ 0.01323218  0.7455788   0.6662861 ]
 [-0.51217484 -0.5672391   0.6449161 ]
 [ 0.8587793  -0.34978867  0.3743609 ]]"
20200222-013850.551617,67,[1.7603099  0.83315766 0.22365357],"[[-0.53049093 -0.5843341   0.5304724 ]
 [ 0.6065525   0.20553045  0.7568466 ]
 [ 0.40220317 -0.29409137 -0.37710512]
 [-0.43463328  0.7278879   0.05978231]]","[[ 0.0147696   0.7429134   0.66922456]
 [-0.509494   -0.57029957  0.6443401 ]
 [ 0.86034733 -0.35048255  0.37008682]]"
20200222-013850.551617,68,[1.7619661  0.83394474 0.22293575],"[[-0.5307535  -0.58546543  0.5279825 ]
 [ 0.6057225   0.20444973  0.7574226 ]
 [ 0.40211076 -0.29210067 -0.37945896]
 [-0.43555456  0.72808504  0.05963639]]","[[ 0.01378242  0.7419531   0.6703102 ]
 [-0.50999916 -0.57140326  0.6429612 ]
 [ 0.8600645  -0.35071915  0.37052014]]"
20200222-013850.551617,69,[1.7654957  0.83478636 0.22276965],"[[-0.5304659  -0.5863362   0.5261031 ]
 [ 0.60567355  0.20336434  0.7574969 ]
 [ 0.40227565 -0.2901592  -0.38187426]
 [-0.43582064  0.7284643   0.05988081]]","[[ 0.01416559  0.74141276  0.6708997 ]
 [-0.5091865  -0.5721028   0.64298326]
 [ 0.86053956 -0.35072127  0.36941314]]"
20200222-013850.551617,70,[1.7709817  0.83528686 0.22164173],"[[-0.529709   -0.58603346  0.52527964]
 [ 0.606385    0.20317325  0.7568121 ]
 [ 0.4029109  -0.2883726  -0.38446087]
 [-0.43516514  0.72946995  0.05922052]]","[[ 0.01626116  0.74313486  0.6689441 ]
 [-0.50668174 -0.5706443   0.64624965]
 [ 0.86197984 -0.34945056  0.3672535 ]]"
20200222-013850.551617,71,[1.7737846  0.8358901  0.22081763],"[[-0.53015894 -0.5858909   0.5236181 ]
 [ 0.606061    0.20251937  0.7569154 ]
 [ 0.4027589  -0.2866809  -0.38664433]
 [-0.4352093   0.7304326   0.0583894 ]]","[[ 0.01633761  0.74425596  0.6676946 ]
 [-0.50675464 -0.5694999   0.64720136]
 [ 0.8619355  -0.34893104  0.3678509 ]]"
20200222-013850.551617,72,[1.7779608  0.83672726 0.21994686],"[[-0.52927214 -0.5869696   0.5218572 ]
 [ 0.60625076  0.20169048  0.75676984]
 [ 0.40337232 -0.2845722  -0.38924906]
 [-0.435456    0.73062044  0.05873282]]","[[ 0.01728735  0.7436198   0.66837925]
 [-0.5048518  -0.5705139   0.64779526]
 [ 0.86303306 -0.34863114  0.3655551 ]]"
20200222-013850.551617,73,[1.7814487  0.83751124 0.21984069],"[[-0.5289727  -0.58782965  0.5198341 ]
 [ 0.60616195  0.20067295  0.7567908 ]
 [ 0.40352502 -0.28255877 -0.39189738]
 [-0.4358015   0.73099023  0.05878656]]","[[ 0.01758509  0.7431814   0.66885877]
 [-0.50404954 -0.57114595  0.6478629 ]
 [ 0.86349577 -0.34853065  0.36455658]]"
20200222-013850.551617,74,[1.7876728  0.83850354 0.21913755],"[[-0.52739406 -0.58925754  0.5180936 ]
 [ 0.6070225   0.19947311  0.75625694]
 [ 0.40449893 -0.28039894 -0.3950797 ]
 [-0.43561405  0.7310012   0.05972299]]","[[ 0.01978509  0.7416907   0.6704502 ]
 [-0.5007568  -0.573058    0.6487273 ]
 [ 0.8653618  -0.34856763  0.36006868]]"
20200222-013850.551617,75,[1.7932305  0.8396262  0.21799307],"[[-0.52555466 -0.59131145  0.51597685]
 [ 0.60778105  0.19804893  0.75585675]
 [ 0.4056623  -0.27809075 -0.39839658]
 [-0.435698    0.7306113   0.06106697]]","[[ 0.02182541  0.7390568   0.67328954]
 [-0.4972676  -0.5762127   0.6486169 ]
 [ 0.8673228  -0.34896138  0.35493284]]"
20200222-013850.551617,76,[1.7972671  0.84049195 0.21716402],"[[-0.5247973  -0.5923      0.51412314]
 [ 0.6078862   0.19720796  0.7557548 ]
 [ 0.40620178 -0.27596632 -0.40093577]
 [-0.43596137  0.7308434   0.06133958]]","[[ 0.0226517   0.7385215   0.67384934]
 [-0.49556905 -0.577091    0.64913565]
 [ 0.8682732  -0.34864286  0.35291624]]"
20200222-013850.551617,77,[1.8018539  0.84143263 0.21625698],"[[-0.5243045  -0.59320563  0.51214546]
 [ 0.6078983   0.19617891  0.75575495]
 [ 0.40661404 -0.27392703 -0.40342027]
 [-0.43615285  0.7311535   0.06159661]]","[[ 0.02344589  0.7378293   0.6745799 ]
 [-0.49417588 -0.5780098   0.64938045]
 [ 0.8690457  -0.34858647  0.35106555]]"
20200222-013850.551617,78,[1.8059974 0.8425024 0.216629 ],"[[-0.52343374 -0.59500813  0.5097674 ]
 [ 0.6080262   0.19457193  0.75581384]
 [ 0.40698734 -0.27165365 -0.40612093]
 [-0.43667206  0.7309661   0.06283675]]","[[ 0.02400964  0.73555547  0.677039  ]
 [-0.49273273 -0.5805548   0.6482057 ]
 [ 0.8698494  -0.3491625   0.34849334]]"
20200222-013850.551617,79,[1.8101128  0.84371954 0.21670766],"[[-0.52230304 -0.5974596   0.50696266]
 [ 0.6079763   0.19282912  0.7560126 ]
 [ 0.40752488 -0.26917946 -0.40901145]
 [-0.43759313  0.7303433   0.06436849]]","[[ 0.02430247  0.7321786   0.68067896]
 [-0.4911309  -0.584305    0.64604807]
 [ 0.87074673 -0.350003    0.34539548]]"
20200222-013850.551617,80,[1.8132545  0.84477633 0.2162956 ],"[[-0.5219834  -0.5989577   0.50433296]
 [ 0.6076734   0.19133738  0.7562629 ]
 [ 0.4076686  -0.26701424 -0.41169673]
 [-0.43826094  0.73030335  0.06496464]]","[[ 0.02427339  0.7303039   0.6826909 ]
 [-0.49054363 -0.586327    0.64466083]
 [ 0.8710786  -0.35053775  0.34401378]]"
20200222-013850.551617,81,[1.8156933 0.8452057 0.2160446],"[[-0.52287024 -0.5980317   0.50278914]
 [ 0.60744345  0.19077592  0.7561553 ]
 [ 0.4071968  -0.2654392  -0.41399026]
 [-0.4379617   0.7317821   0.06359595]]","[[ 0.02443357  0.73276764  0.68004024]
 [-0.4910596  -0.58372426  0.6466272 ]
 [ 0.87078345 -0.34973967  0.34557003]]"
20200222-013850.551617,82,[1.8227001  0.8459001  0.21549079],"[[-0.5212386  -0.5981906   0.50193536]
 [ 0.6087199   0.1904465   0.7551255 ]
 [ 0.4082354  -0.2633458  -0.41687962]
 [-0.43716624  0.73249346  0.06369834]]","[[ 0.0273883   0.73395413  0.6786466 ]
 [-0.4871491  -0.583028    0.650203  ]
 [ 0.8728891  -0.34841     0.34157693]]"
20200222-013850.551617,83,[1.8243523  0.84721816 0.21522063],"[[-0.52074814 -0.60092765  0.49841794]
 [ 0.6078685   0.18856059  0.75582093]
 [ 0.40838322 -0.2608051  -0.4196313 ]
 [-0.4387942   0.7316499   0.06499442]]","[[ 0.02620368  0.7300224   0.6829209 ]
 [-0.48709208 -0.5872464   0.64643884]
 [ 0.8729574  -0.34958446  0.34020013]]"
20200222-013850.551617,84,[1.8252218  0.8480164  0.21502657],"[[-0.52153695 -0.6012401   0.4960994 ]
 [ 0.6070895   0.18747896  0.75626117]
 [ 0.40791172 -0.2589108  -0.42163792]
 [-0.43937394  0.73234373  0.0646215 ]]","[[ 0.02523505  0.7302994   0.682661  ]
 [-0.48822254 -0.5868983   0.6459016 ]
 [ 0.87235427 -0.34958977  0.34173813]]"
20200222-013850.551617,85,[1.8284194  0.8488906  0.21498416],"[[-0.521465   -0.6020271   0.49379614]
 [ 0.6069551   0.18618135  0.75629616]
 [ 0.40788108 -0.25686273 -0.4242399 ]
 [-0.43967345  0.7327491   0.06482299]]","[[ 0.0254433   0.7296833   0.68331164]
 [-0.48778108 -0.5875789   0.6456164 ]
 [ 0.87259513 -0.3497331   0.34097576]]"
20200222-013850.551617,86,[1.8355631  0.8503052  0.21444522],"[[-0.519093   -0.60498637  0.4909807 ]
 [ 0.6078142   0.18425128  0.75586915]
 [ 0.4091705  -0.2541731  -0.4279206 ]
 [-0.44009575  0.7317372   0.06696495]]","[[ 0.02756455  0.72520405  0.6879822 ]
 [-0.48378164 -0.5925951   0.6440392 ]
 [ 0.8747547  -0.35058573  0.33450568]]"
20200222-013850.551617,87,[1.8385282 0.8514418 0.2140863],"[[-0.5188593  -0.6064028   0.48830426]
 [ 0.6074592   0.18273337  0.75613403]
 [ 0.4092558  -0.25196025 -0.43040115]
 [-0.44078174  0.7317106   0.06764169]]","[[ 0.0274435   0.72339785  0.68988603]
 [-0.48334682 -0.59450155  0.64260733]
 [ 0.874999   -0.35108954  0.33333677]]"
20200222-013850.551617,88,[1.8393459  0.85212356 0.21426441],"[[-0.5199451  -0.60603714  0.4863497 ]
 [ 0.6068653   0.18172976  0.7564022 ]
 [ 0.40857762 -0.25023437 -0.43223402]
 [-0.44094867  0.73285455  0.06703287]]","[[ 0.02673059  0.72480345  0.68843687]
 [-0.48469612 -0.5929154   0.64305586]
 [ 0.87427396 -0.35087198  0.33546048]]"
20200222-013850.551617,89,[1.8410015  0.8535516  0.21399362],"[[-0.5194735  -0.6086378   0.48291162]
 [ 0.606045    0.17983873  0.75706106]
 [ 0.4086985  -0.24766782 -0.43470705]
 [-0.4425184   0.73203754  0.06844756]]","[[ 0.02558396  0.7209564   0.69250804]
 [-0.48466027 -0.5969306   0.6393578 ]
 [ 0.8743283  -0.35198843  0.33414704]]"
20200222-013850.551617,90,[1.8449997 0.8549331 0.2140669],"[[-0.5184545  -0.6110035   0.4799096 ]
 [ 0.6060022   0.17790155  0.7572116 ]
 [ 0.40909573 -0.24513689 -0.4374967 ]
 [-0.4434039   0.7313914   0.07010041]]","[[ 0.02585202  0.7173745   0.696208  ]
 [-0.48326743 -0.60068417  0.6368916 ]
 [ 0.875091   -0.35291955  0.33115485]]"
20200222-013850.551617,91,[1.8494196  0.8558827  0.21327522],"[[-0.5181484  -0.6117165   0.47760984]
 [ 0.6059811   0.17675897  0.7571009 ]
 [ 0.40933597 -0.2430251  -0.44018316]
 [-0.44356886  0.7317775   0.07018786]]","[[ 0.02655924  0.71678764  0.6967856 ]
 [-0.4821683  -0.6014034   0.63704604]
 [ 0.8756759  -0.35288736  0.32963943]]"
20200222-013850.551617,92,[1.8501788  0.8567415  0.21322916],"[[-0.51897895 -0.6119565   0.47525147]
 [ 0.6052271   0.17560108  0.75747937]
 [ 0.40880656 -0.24108906 -0.4421194 ]
 [-0.44411495  0.73249555  0.06993723]]","[[ 0.02558741  0.71715736  0.6964413 ]
 [-0.48336565 -0.6009408   0.6365751 ]
 [ 0.8750445  -0.35292414  0.33127272]]"
20200222-013850.551617,93,[1.852203   0.8576328  0.21245988],"[[-0.5195019  -0.61225843  0.47285363]
 [ 0.60459733  0.1745919   0.75770855]
 [ 0.40857583 -0.2391142  -0.44435826]
 [-0.4445735   0.7331315   0.06951861]]","[[ 0.02511753  0.7173989   0.69620967]
 [-0.48382202 -0.6007092   0.6364469 ]
 [ 0.8748058  -0.35282758  0.33200505]]"
20200222-013850.551617,94,[1.8546499  0.8588773  0.21219261],"[[-0.5191021  -0.61356515  0.47041118]
 [ 0.6044144   0.17314278  0.7578635 ]
 [ 0.40872863 -0.23684804 -0.4465345 ]
 [-0.44514838  0.7331182   0.07045017]]","[[ 0.02514298  0.7158685   0.69778234]
 [-0.48317438 -0.6023574   0.63538015]
 [ 0.8751631  -0.3531259   0.3307442 ]]"
20200222-013850.551617,95,[1.8576882  0.86012256 0.2119346 ],"[[-0.5188044  -0.6148229   0.46792513]
 [ 0.604085    0.17178549  0.7580877 ]
 [ 0.40884286 -0.23454615 -0.44863322]
 [-0.44583666  0.73312366  0.07125329]]","[[ 0.0250119   0.7144546   0.6992348 ]
 [-0.4826627  -0.6038971   0.63430667]
 [ 0.8754491  -0.3533597   0.32973593]]"
20200222-013850.551617,96,[1.8599259  0.86076874 0.2114598 ],"[[-0.51952654 -0.614433    0.46587682]
 [ 0.603661    0.17099969  0.7580769 ]
 [ 0.4084889  -0.23269628 -0.4509115 ]
 [-0.44589475  0.73422307  0.07040596]]","[[ 0.02485684  0.71598816  0.69766974]
 [-0.4831667  -0.6023565   0.63538677]
 [ 0.8751753  -0.3528845   0.33096898]]"
20200222-013850.551617,97,[1.8623794 0.8618024 0.2116482],"[[-0.519227   -0.6151757   0.46385875]
 [ 0.603597    0.16991049  0.7580764 ]
 [ 0.4085471  -0.23046856 -0.4528912 ]
 [-0.4462774   0.7345567   0.0710257 ]]","[[ 0.02497542  0.71581924  0.6978388 ]
 [-0.4825392  -0.60271984  0.6355193 ]
 [ 0.8755183  -0.35260695  0.33035767]]"
20200222-013850.551617,98,[1.8672311  0.86303276 0.21186955],"[[-0.5181964  -0.6162592   0.4619198 ]
 [ 0.604185    0.16853881  0.75773627]
 [ 0.4090205  -0.22815976 -0.45524105]
 [-0.44624543  0.7346853   0.07225779]]","[[ 0.02634029  0.71478474  0.69884837]
 [-0.4804615  -0.6039976   0.6358802 ]
 [ 0.87662005 -0.35251904  0.32751712]]"
20200222-013850.551617,99,[1.870987   0.86410916 0.21132545],"[[-0.5176064  -0.61702055  0.4599174 ]
 [ 0.60424894  0.16759922  0.75762016]
 [ 0.40937954 -0.22588615 -0.45737424]
 [-0.44651476  0.7349637   0.07277554]]","[[ 0.02697335  0.71453434  0.69908017]
 [-0.47911662 -0.6045344   0.6363847 ]
 [ 0.87733674 -0.35210633  0.326039  ]]"
20200222-013850.551617,100,[1.8739882  0.8651448  0.21134746],"[[-0.51764226 -0.6176808   0.4575187 ]
 [ 0.6040747   0.16621366  0.75763553]
 [ 0.40926868 -0.223732   -0.45968217]
 [-0.4468105   0.73538256  0.07319409]]","[[ 0.02708886  0.714013    0.6996082 ]
 [-0.47886077 -0.6050692   0.6360689 ]
 [ 0.8774728  -0.35224527  0.32552218]]"
20200222-013850.551617,101,[1.880124   0.8665785  0.21040946],"[[-0.51613605 -0.6194165   0.4550813 ]
 [ 0.604609    0.16473451  0.75731957]
 [ 0.4101596  -0.22124264 -0.4623894 ]
 [-0.44701284  0.73500854  0.07459494]]","[[ 0.02871774  0.71156454  0.7020336 ]
 [-0.4760113  -0.60784084  0.6355649 ]
 [ 0.87897    -0.35242796  0.32125694]]"
20200222-013850.551617,102,[1.8837062  0.8679351  0.20945786],"[[-0.5155242  -0.6206732   0.45260715]
 [ 0.6045044   0.16341524  0.75737125]
 [ 0.41055793 -0.2189104  -0.46458825]
 [-0.44749424  0.734941    0.07545095]]","[[ 0.02916388  0.71003383  0.7035633 ]
 [-0.47478536 -0.609554    0.6348408 ]
 [ 0.8796183  -0.35255602  0.31933677]]"
20200222-013850.551617,103,[1.8898797  0.86924523 0.20901275],"[[-0.51426303 -0.62172556  0.45059562]
 [ 0.6051749   0.16219488  0.75691533]
 [ 0.41128567 -0.21653378 -0.46710786]
 [-0.44737107  0.73502606  0.07650638]]","[[ 0.03095942  0.7089767   0.70455194]
 [-0.47209972 -0.61093444  0.63551635]
 [ 0.8810013  -0.352294    0.3157936 ]]"
20200222-013850.551617,104,[1.8951533  0.8705379  0.20933212],"[[-0.5134526  -0.6226961   0.44847178]
 [ 0.60553926  0.16087952  0.7566571 ]
 [ 0.41162223 -0.21413904 -0.46939155]
 [-0.44749936  0.7351951   0.07755224]]","[[ 0.03202577  0.70809895  0.70538664]
 [-0.4703692  -0.6120332   0.6357422 ]
 [ 0.8818883  -0.3521523   0.31346712]]"
20200222-013850.551617,105,[1.9007293 0.8717795 0.2089567],"[[-0.51197964 -0.62377375  0.446538  ]
 [ 0.6062694   0.15985583  0.7561244 ]
 [ 0.4124263  -0.21165901 -0.4719139 ]
 [-0.44745815  0.73522305  0.07859273]]","[[ 0.03378012  0.70730126  0.70610464]
 [-0.4674738  -0.61327606  0.6366794 ]
 [ 0.8833614  -0.3515925   0.30992827]]"
20200222-013850.551617,106,[1.9043281  0.87291336 0.2083919 ],"[[-0.51166695 -0.6243664   0.44418117]
 [ 0.60629696  0.15868728  0.7559309 ]
 [ 0.4126149  -0.20943789 -0.4743952 ]
 [-0.44760454  0.73560923  0.0788717 ]]","[[ 0.03440865  0.70698065  0.70639545]
 [-0.4664629  -0.613742    0.6369719 ]
 [ 0.88387126 -0.3514246   0.30866224]]"
20200222-013850.551617,107,[1.9095494  0.8743989  0.20831533],"[[-0.510665    0.62596947  0.4415047 ]
 [ 0.6064777  -0.15711641  0.7557905 ]
 [ 0.4130471   0.20688598 -0.47689095]
 [-0.44810542 -0.7353061   0.0801835 ]]","[[ 0.03521629 -0.7047698   0.7085615 ]
 [-0.46468815  0.6161475   0.63594586]
 [ 0.8847739   0.3516558   0.30579972]]"
20200222-013850.551617,108,[1.9080274  0.8758613  0.20849866],"[[-0.5114282   0.6273081   0.4383727 ]
 [ 0.6052056  -0.15540655  0.75658065]
 [ 0.41234782  0.20453317 -0.47838217]
 [-0.44959617 -0.73518676  0.08102996]]","[[ 0.03304299 -0.7030224   0.7103996 ]
 [-0.46663532  0.6177088   0.63299876]
 [ 0.8838324   0.35241374  0.30764413]]"
20200222-013850.551617,109,[1.9123538  0.87658715 0.20868655],"[[-0.51173717  0.6266625   0.43656674]
 [ 0.6054463  -0.15450129  0.75611657]
 [ 0.41218504  0.20259143 -0.48083648]
 [-0.44906917 -0.7364648   0.08058196]]","[[ 0.03404758 -0.705001    0.7083887 ]
 [-0.4660372   0.61582077  0.63527507]
 [ 0.8841098   0.35176507  0.3075895 ]]"
20200222-013850.551617,110,[1.9122529  0.87792605 0.20844793],"[[-0.51250696  0.62743443  0.43381545]
 [ 0.6044354  -0.15300718  0.75670606]
 [ 0.41165167  0.20039596 -0.48230794]
 [-0.4500411  -0.73671967  0.08111197]]","[[ 0.0326226  -0.70421404  0.70923793]
 [-0.46745798  0.6164671   0.63360184]
 [ 0.88341314  0.3522086   0.30907962]]"
20200222-013850.551617,111,[1.9169827  0.87921965 0.2088461 ],"[[-0.5114471   0.62842715  0.4318007 ]
 [ 0.60489905 -0.15185423  0.7563717 ]
 [ 0.41208202  0.19785996 -0.48443285]
 [-0.45023093 -0.736798    0.08231185]]","[[ 0.03368494 -0.70358366  0.7098137 ]
 [-0.4654699   0.6174441   0.634114  ]
 [ 0.88442266  0.351757    0.3066984 ]]"
20200222-013850.551617,112,[1.9194248  0.8808412  0.20830688],"[[-0.5111112   0.63016546  0.42867616]
 [ 0.604313   -0.15016934  0.7567089 ]
 [ 0.4121494   0.19531378 -0.4864721 ]
 [-0.45133576 -0.7363376   0.08350489]]","[[ 0.03312417 -0.7009583   0.7124327 ]
 [-0.46520203  0.6200861   0.63172823]
 [ 0.88458467  0.35235053  0.30554736]]"
20200222-013850.551617,113,[1.9221259 0.8820675 0.2069574],"[[-0.51161975  0.6303318   0.4263544 ]
 [ 0.60370153 -0.14907682  0.756976  ]
 [ 0.41207483  0.19328012 -0.4880896 ]
 [-0.45164612 -0.7369537   0.08353198]]","[[ 0.03296246 -0.7011777   0.7122241 ]
 [-0.4654142   0.6198639   0.63178986]
 [ 0.884479    0.35230458  0.3059059 ]]"
20200222-013850.551617,114,[1.9291209 0.883277  0.2062933],"[[-0.5101815   0.63080597  0.4247496 ]
 [ 0.6047073  -0.14821228  0.75625765]
 [ 0.41299748  0.19091812 -0.49045196]
 [-0.45108476 -0.7373379   0.08437352]]","[[ 0.03540698 -0.7014019   0.71188605]
 [-0.4620969   0.6201197   0.63397026]
 [ 0.8861224   0.35140732  0.30215913]]"
20200222-013850.551617,115,[1.931725   0.8845091  0.20650402],"[[-0.5103525   0.63139415  0.4221441 ]
 [ 0.6044724  -0.14668944  0.7562341 ]
 [ 0.41274416  0.18865985 -0.49263456]
 [-0.45143798 -0.73772043  0.08494728]]","[[ 0.03535254 -0.7009013   0.7123818 ]
 [-0.4621042   0.62058157  0.63351285]
 [ 0.8861208   0.35159084  0.30195022]]"
20200222-013850.551617,116,[1.9342675  0.88586974 0.2067678 ],"[[-0.5104955   0.6319579   0.4198523 ]
 [ 0.60422546 -0.14524022  0.7563501 ]
 [ 0.41253132  0.18639904 -0.49425986]
 [-0.45180127 -0.7380989   0.08582456]]","[[ 0.03524637 -0.70057046  0.7127122 ]
 [-0.4621054   0.6209123   0.6331875 ]
 [ 0.8861243   0.35166568  0.30185246]]"
