Timestamp,Epoch,s,u,v
20200221-224152.247896,0,[0.03968178 0.0198141  0.01908748],"[[ 0.42833066  0.28535149 -0.7899536 ]
 [ 0.07579631  0.05304422  0.43761072]
 [ 0.6538672  -0.7526365   0.06475587]
 [-0.6190682  -0.5910154  -0.42459014]]","[[-0.3380881  -0.06595583  0.9388004 ]
 [ 0.47295633  0.8505154   0.230078  ]
 [ 0.8136392  -0.5217983   0.25635487]]"
20200221-224152.247896,1,[0.04351881 0.02543066 0.01966358],"[[ 0.20414807 -0.8772383   0.25091192]
 [ 0.20676872  0.427336    0.0877957 ]
 [ 0.6685789  -0.07474839 -0.73835754]
 [-0.68452346 -0.20554745 -0.61980903]]","[[-0.09540688  0.9929734  -0.07000878]
 [ 0.52432686  0.10991166  0.84439385]
 [ 0.84615546  0.0438535  -0.531129  ]]"
20200221-224152.247896,2,[0.04994724 0.02905017 0.01959164],"[[-0.02436269 -0.8990067   0.2405403 ]
 [ 0.32049128  0.37076694  0.10448823]
 [ 0.6411073  -0.23274605 -0.72962254]
 [-0.69690275 -0.0121758  -0.6315645 ]]","[[ 0.14693196  0.98522055 -0.08804325]
 [ 0.54873455 -0.00713084  0.8359662 ]
 [ 0.8229833  -0.17114252 -0.5416722 ]]"
20200221-224152.247896,3,[0.05808944 0.03090406 0.01956846],"[[-0.17500554 -0.8812762   0.23360415]
 [ 0.38713905  0.31606826  0.11684822]
 [ 0.60291404 -0.33290693 -0.72324055]
 [-0.6752707   0.11236449 -0.6392955 ]]","[[ 0.2992498   0.94873613 -0.10173096]
 [ 0.55178183 -0.08508249  0.829637  ]
 [ 0.77845114 -0.30440202 -0.54895633]]"
20200221-224152.247896,4,[0.06736136 0.03183189 0.01957597],"[[-0.25909    -0.8601269   0.22771215]
 [ 0.42198184  0.27916655  0.1266709 ]
 [ 0.5757011  -0.38627073 -0.7188169 ]
 [-0.65067035  0.1817773  -0.6445184 ]]","[[ 0.3829553   0.91706914 -0.11103848]
 [ 0.550971   -0.13027266  0.8242936 ]
 [ 0.74146885 -0.37684664 -0.555167  ]]"
20200221-224152.247896,5,[0.07659026 0.03236239 0.01959544],"[[-0.3083965  -0.8442017   0.22143336]
 [ 0.44146335  0.2550828   0.13568239]
 [ 0.5598107  -0.41537413 -0.7151047 ]
 [-0.6297726   0.22298132 -0.648986  ]]","[[ 0.42986676  0.8953012  -0.11683363]
 [ 0.5499735  -0.15701747  0.82028943]
 [ 0.71606123 -0.4168706  -0.55988854]]"
20200221-224152.247896,6,[0.08596475 0.03271709 0.01963211],"[[-0.3412819  -0.83193415  0.21656224]
 [ 0.4541806   0.2377625   0.14301015]
 [ 0.5488249  -0.43437895 -0.71231383]
 [-0.6132198   0.25033963 -0.6521183 ]]","[[ 0.4599238   0.87958944 -0.1216255 ]
 [ 0.549762   -0.17450638  0.81689   ]
 [ 0.6973034  -0.44257218 -0.5638245 ]]"
20200221-224152.247896,7,[0.09570164 0.03296696 0.01968071],"[[-0.3642892  -0.82258147  0.21251918]
 [ 0.46320778  0.22486432  0.14929283]
 [ 0.5410977  -0.4473051  -0.710219  ]
 [-0.5999541   0.26965493 -0.65432113]]","[[ 0.48066795  0.86787486 -0.12550448]
 [ 0.5501741  -0.1870209   0.81383747]
 [ 0.6828373  -0.460235   -0.5673772 ]]"
20200221-224152.247896,8,[0.104837   0.03315081 0.01973778],"[[-0.38069195 -0.81552887  0.20904161]
 [ 0.4699949   0.2151677   0.15495425]
 [ 0.53573626 -0.45615083 -0.70866245]
 [-0.5892074   0.28379896 -0.65581137]]","[[ 0.49481094  0.85947955 -0.12828542]
 [ 0.5507001  -0.1959373   0.8113804 ]
 [ 0.67222893 -0.47212657 -0.5702674 ]]"
20200221-224152.247896,9,[0.11415699 0.03329919 0.01980255],"[[-0.39362904 -0.8097553   0.20613791]
 [ 0.47543117  0.20710795  0.1599255 ]
 [ 0.5313836  -0.46298665 -0.7075174 ]
 [-0.58021814  0.2950361  -0.6567727 ]]","[[ 0.5056673   0.8527762  -0.1306651 ]
 [ 0.55142045 -0.20299251  0.8091536 ]
 [ 0.66350293 -0.48121402 -0.572885  ]]"
20200221-224152.247896,10,[0.1231223  0.03341965 0.01987781],"[[-0.40355772 -0.80501324  0.20422606]
 [ 0.48019034  0.20055318  0.1640778 ]
 [ 0.5273843  -0.46838227 -0.70697457]
 [-0.57308334  0.30389217 -0.6569303 ]]","[[ 0.51385355  0.8475525  -0.13269982]
 [ 0.5522398  -0.20842798  0.80721074]
 [ 0.6564951  -0.48807022 -0.57515377]]"
20200221-224152.247896,11,[0.13190165 0.03351388 0.01994946],"[[-0.4113813  -0.8016069   0.2014001 ]
 [ 0.48358598  0.19510329  0.16852893]
 [ 0.52532786 -0.4716855  -0.7063312 ]
 [-0.5665162   0.31124592 -0.6573677 ]]","[[ 0.52017015  0.84352946 -0.13372056]
 [ 0.552925   -0.21327864  0.8054727 ]
 [ 0.6509202  -0.4929203  -0.57734966]]"
20200221-224152.247896,12,[0.14111598 0.03360226 0.02002617],"[[-0.41848126 -0.7983953   0.19903114]
 [ 0.48676583  0.18997581  0.17256287]
 [ 0.52315885 -0.4747826  -0.70588785]
 [-0.56056875  0.31789264 -0.65751904]]","[[ 0.5256669   0.83994436 -0.13478854]
 [ 0.5536695  -0.21751323  0.80382717]
 [ 0.64585185 -0.4971736  -0.5793911 ]]"
20200221-224152.247896,13,[0.14994687 0.03366797 0.02010723],"[[-0.42341247 -0.796335    0.19679557]
 [ 0.48917305  0.18600537  0.17624761]
 [ 0.52185565 -0.476377   -0.70580494]
 [-0.5559661   0.32298192 -0.6573034 ]]","[[ 0.5298309   0.83725244 -0.13523185]
 [ 0.5544291  -0.22127178  0.80227625]
 [ 0.6417848  -0.50004727 -0.5814338 ]]"
20200221-224152.247896,14,[0.15850826 0.03372714 0.02018244],"[[-0.42805776 -0.7947369   0.19359525]
 [ 0.49080485  0.18222573  0.1803681 ]
 [ 0.521709   -0.47715354 -0.7054189 ]
 [-0.5510872   0.32788903 -0.65755063]]","[[ 0.5333165   0.8350614  -0.13507761]
 [ 0.5549769  -0.22488873  0.8008905 ]
 [ 0.6384154  -0.5020931  -0.58337665]]"
20200221-224152.247896,15,[0.1673939  0.03378714 0.0202684 ],"[[-0.4322121  -0.79291934  0.19171211]
 [ 0.4930773   0.17863813  0.18373154]
 [ 0.5203853  -0.4784358  -0.7055548 ]
 [-0.54705226  0.33236462 -0.65702474]]","[[ 0.536491    0.8329841  -0.13533248]
 [ 0.5556458  -0.22796735  0.7995551 ]
 [ 0.63516545 -0.50415117 -0.58514655]]"
20200221-224152.247896,16,[0.17521818 0.03383406 0.02035454],"[[-0.43535256 -0.7918702   0.1895162 ]
 [ 0.494515    0.17563796  0.18700568]
 [ 0.51985645 -0.47867763 -0.7058174 ]
 [-0.54375774  0.33609593 -0.6564559 ]]","[[ 0.5388631   0.8315127  -0.13495608]
 [ 0.5561773  -0.23085698  0.7983556 ]
 [ 0.63268733 -0.5052639  -0.5868688 ]]"
20200221-224152.247896,17,[0.1833074  0.03387805 0.02044118],"[[-0.43817627 -0.79100466  0.18722649]
 [ 0.49583557  0.17279294  0.19027689]
 [ 0.51955235 -0.47865045 -0.70609426]
 [-0.5405682   0.33962864 -0.65587467]]","[[ 0.54101545  0.8301968  -0.1344447 ]
 [ 0.5566974  -0.23368765  0.7971687 ]
 [ 0.630389   -0.5061256  -0.58859706]]"
20200221-224152.247896,18,[0.19184908 0.03392507 0.02052949],"[[-0.44119418 -0.78995067  0.18506445]
 [ 0.49728924  0.1698128   0.19346415]
 [ 0.51901007 -0.4788668  -0.70637834]
 [-0.53728974  0.34326148 -0.6552499 ]]","[[ 0.5431048   0.8288966  -0.13404387]
 [ 0.5572072  -0.23636232  0.7960233 ]
 [ 0.62813807 -0.5070143  -0.5902367 ]]"
20200221-224152.247896,19,[0.19985075 0.03396292 0.02061966],"[[-0.44329262 -0.78943914  0.18290356]
 [ 0.4984545   0.16733497  0.19652979]
 [ 0.51885056 -0.4783779  -0.7068615 ]
 [-0.5346299   0.3463232  -0.654423  ]]","[[ 0.5447619   0.8279342  -0.1332652 ]
 [ 0.5576831  -0.2389942   0.79490346]
 [ 0.62627816 -0.50735277 -0.5919198 ]]"
20200221-224152.247896,20,[0.20859522 0.03399478 0.02071359],"[[-0.44456756 -0.7893133   0.18093334]
 [ 0.49966294  0.16526155  0.19940053]
 [ 0.5188315  -0.47744694 -0.7075333 ]
 [-0.53245735  0.34888005 -0.6533754 ]]","[[ 0.54626817  0.82708204 -0.1323874 ]
 [ 0.55824775 -0.24166554  0.79369855]
 [ 0.6244604  -0.5074771  -0.5937309 ]]"
20200221-224152.247896,21,[0.21624333 0.03402811 0.0208079 ],"[[-0.4460558  -0.7890752   0.17904557]
 [ 0.50077623  0.16308434  0.20222041]
 [ 0.51860577 -0.47662616 -0.70828927]
 [-0.53038245  0.35155606 -0.6522085 ]]","[[ 0.5475371   0.82640344 -0.13137926]
 [ 0.55867666 -0.2441423   0.792638  ]
 [ 0.6229636  -0.5073972  -0.5953693 ]]"
20200221-224152.247896,22,[0.2231463  0.03406178 0.02090507],"[[-0.44752747 -0.7887672   0.17744948]
 [ 0.50195605  0.16091335  0.20483951]
 [ 0.5180353  -0.47590443 -0.70923364]
 [-0.528582    0.35421416 -0.6507999 ]]","[[ 0.54863375  0.82584167 -0.13033237]
 [ 0.55904394 -0.24645285  0.7916634 ]
 [ 0.6216679  -0.5071947  -0.5968942 ]]"
20200221-224152.247896,23,[0.2306538 0.0340919 0.0210029],"[[-0.44854924 -0.7887359   0.17572252]
 [ 0.5030763   0.15895486  0.20747004]
 [ 0.51776654 -0.4748081  -0.710201  ]
 [-0.5269118   0.35663173 -0.64937866]]","[[ 0.5496626   0.8253442  -0.12914374]
 [ 0.55944735 -0.24887003  0.79062164]
 [ 0.62039495 -0.5068241  -0.5985311 ]]"
20200221-224152.247896,24,[0.23878488 0.03412378 0.02109957],"[[-0.44982904 -0.78865916  0.1736647 ]
 [ 0.50401264  0.1568388   0.21018434]
 [ 0.5177031  -0.4737089  -0.71101415]
 [-0.5249845   0.35919154 -0.648168  ]]","[[ 0.550713    0.82483274 -0.12793007]
 [ 0.55983275 -0.25132006  0.789573  ]
 [ 0.6191143  -0.5064477  -0.60017353]]"
20200221-224152.247896,25,[0.246684   0.03415779 0.02119889],"[[-0.45124874 -0.78841996  0.17190893]
 [ 0.5050712   0.15462723  0.21272673]
 [ 0.5172376  -0.47284073 -0.71196693]
 [-0.5232045   0.36180955 -0.6467595 ]]","[[ 0.5516978   0.82435226 -0.12677908]
 [ 0.5601923  -0.25363135  0.7885784 ]
 [ 0.6179113  -0.50607747 -0.60172355]]"
20200221-224152.247896,26,[0.25333014 0.0341896  0.02129711],"[[-0.4526129  -0.78830945  0.16995904]
 [ 0.50584376  0.15246628  0.21531323]
 [ 0.516945   -0.4717188  -0.7129666 ]
 [-0.52156657  0.36442208 -0.6453161 ]]","[[ 0.5524866   0.8240426  -0.12534897]
 [ 0.5604521  -0.25594768  0.78764474]
 [ 0.61697    -0.50541526 -0.60324407]]"
20200221-224152.247896,27,[0.2615569  0.03421373 0.02139475],"[[-0.45297807 -0.7888382   0.16754128]
 [ 0.50651616  0.15079048  0.21806633]
 [ 0.5175173  -0.4697226  -0.7138985 ]
 [-0.52002704  0.3665475  -0.6439919 ]]","[[ 0.55323446  0.82380307 -0.12361308]
 [ 0.5608057  -0.25859562  0.78652734]
 [ 0.6159779  -0.50445694 -0.60505736]]"
20200221-224152.247896,28,[0.26977715 0.0342409  0.02149429],"[[-0.4535718  -0.7891661   0.16533451]
 [ 0.50732917  0.14896303  0.22071008]
 [ 0.5177375  -0.46798718 -0.7149093 ]
 [-0.51849586  0.36880192 -0.64253896]]","[[ 0.55397105  0.82355446 -0.12195984]
 [ 0.56113964 -0.26113865  0.78544825]
 [ 0.615011   -0.50355214 -0.6067923 ]]"
20200221-224152.247896,29,[0.27781957 0.03426734 0.0215954 ],"[[-0.45403406 -0.78955084  0.16319357]
 [ 0.5081471   0.14718819  0.2232675 ]
 [ 0.5178908  -0.46616158 -0.7160219 ]
 [-0.51713514  0.3709966  -0.6409617 ]]","[[ 0.5546352   0.82336277 -0.12022307]
 [ 0.56145847 -0.26368102  0.78437024]
 [ 0.61412084 -0.5025396  -0.6085307 ]]"
20200221-224152.247896,30,[0.2854294  0.03429404 0.02169641],"[[-0.45454603 -0.7899305   0.16096795]
 [ 0.5088975   0.1453753   0.22583112]
 [ 0.51804936 -0.46428022 -0.7171626 ]
 [-0.51578707  0.37325633 -0.6393494 ]]","[[ 0.5552349   0.8232259  -0.11837763]
 [ 0.5617332  -0.26622984  0.78331184]
 [ 0.61332697 -0.5014189  -0.6102534 ]]"
20200221-224152.247896,31,[0.2924868  0.03431705 0.02179705],"[[-0.454809   -0.7905936   0.15846238]
 [ 0.5092629   0.14369723  0.22838129]
 [ 0.5185415  -0.46197018 -0.7183343 ]
 [-0.5146986   0.37536153 -0.63775194]]","[[ 0.5557178   0.82320315 -0.11625096]
 [ 0.5619766  -0.26890862  0.78222144]
 [ 0.61266625 -0.50002474 -0.6120583 ]]"
20200221-224152.247896,32,[0.30085015 0.03434502 0.02189931],"[[-0.45535243 -0.79095745  0.15606695]
 [ 0.5100201   0.14181349  0.23092861]
 [ 0.5187585  -0.4600264  -0.71945244]
 [-0.51324797  0.37769184 -0.6361629 ]]","[[ 0.5563105   0.82306993 -0.11434495]
 [ 0.56225    -0.27150488  0.7811274 ]
 [ 0.6118774  -0.49883974 -0.61381197]]"
20200221-224152.247896,33,[0.30755493 0.03437279 0.0220048 ],"[[-0.4559634  -0.7912734   0.15405558]
 [ 0.5106695   0.13990603  0.23317793]
 [ 0.518492   -0.45816752 -0.7208692 ]
 [-0.5123281   0.37999344 -0.6342259 ]]","[[ 0.5567742   0.82302916 -0.11236306]
 [ 0.5624705  -0.27400637  0.78009456]
 [ 0.6112524  -0.49753737 -0.61548924]]"
20200221-224152.247896,34,[0.3143996  0.03439523 0.0221093 ],"[[-0.45591107 -0.79204166  0.15169702]
 [ 0.51117694  0.13831449  0.23555781]
 [ 0.5187791  -0.45563936 -0.7222996 ]
 [-0.5115774   0.38200974 -0.63228464]]","[[ 0.5571488   0.8230907  -0.11003175]
 [ 0.56270057 -0.27675936  0.778956  ]
 [ 0.6106991  -0.49590924 -0.6173497 ]]"
20200221-224152.247896,35,[0.32207197 0.03442084 0.02221152],"[[-0.4561494  -0.7926606   0.1489939 ]
 [ 0.51171887  0.13652347  0.23814768]
 [ 0.51925224 -0.45318785 -0.72353137]
 [-0.51034164  0.38428065 -0.63054633]]","[[ 0.55758494  0.82310337 -0.10770302]
 [ 0.56291735 -0.2795552   0.77780014]
 [ 0.61010087 -0.4943175  -0.61921495]]"
20200221-224152.247896,36,[0.3296503  0.03444652 0.02231447],"[[-0.45638898 -0.79329026  0.14620996]
 [ 0.51221055  0.13471326  0.24069467]
 [ 0.519731   -0.45066237 -0.72479385]
 [-0.50914586  0.38658324 -0.62877876]]","[[ 0.557994    0.82313746 -0.10529723]
 [ 0.56312007 -0.28238365  0.77663076]
 [ 0.6095396  -0.4926503  -0.6210936 ]]"
20200221-224152.247896,37,[0.33720258 0.03447402 0.02241809],"[[-0.45672688 -0.79381263  0.14349186]
 [ 0.5128265   0.13281573  0.24322842]
 [ 0.52004445 -0.4482302  -0.7261061 ]
 [-0.50790125  0.38898772 -0.6269135 ]]","[[ 0.55839884  0.82316726 -0.10289008]
 [ 0.5633112  -0.28519702  0.7754632 ]
 [ 0.608992   -0.49097684 -0.62295306]]"
20200221-224152.247896,38,[0.3439929  0.03450148 0.02252689],"[[-0.45705593 -0.79430777  0.14123262]
 [ 0.51342213  0.13092434  0.24536622]
 [ 0.5198277  -0.44590428 -0.72772753]
 [-0.5072244   0.39128467 -0.6247091 ]]","[[ 0.5587458   0.8232265  -0.10050495]
 [ 0.56350493 -0.28793284  0.7743105 ]
 [ 0.6084943  -0.48927787 -0.6247735 ]]"
20200221-224152.247896,39,[0.35136726 0.03452818 0.02263235],"[[-0.45730463 -0.7949407   0.1383783 ]
 [ 0.5138467   0.12903178  0.2477776 ]
 [ 0.5201787  -0.44323546 -0.7291362 ]
 [-0.5062099   0.3936531  -0.6227505 ]]","[[ 0.559092    0.82330483 -0.09790549]
 [ 0.563684   -0.29085416  0.7730875 ]
 [ 0.6080105  -0.48741478 -0.6266979 ]]"
20200221-224152.247896,40,[0.35711125 0.03455421 0.02273814],"[[-0.4575483  -0.7956013   0.13559088]
 [ 0.51415396  0.12713684  0.2501101 ]
 [ 0.5203673  -0.44045776 -0.73072106]
 [-0.50548303  0.39604512 -0.62056994]]","[[ 0.5593485   0.8234565  -0.09512451]
 [ 0.5638159  -0.29381746  0.7718698 ]
 [ 0.607652   -0.48537692 -0.6286243 ]]"
20200221-224152.247896,41,[0.36326575 0.03458239 0.02284264],"[[-0.45805597 -0.7961498   0.13250475]
 [ 0.5143665   0.12507111  0.25253582]
 [ 0.5206942  -0.43771368 -0.73217046]
 [-0.504469    0.3986343  -0.6185425 ]]","[[ 0.559636    0.8235805  -0.09231888]
 [ 0.5639328  -0.2968173   0.7706357 ]
 [ 0.6072786  -0.48333716 -0.6305537 ]]"
20200221-224152.247896,42,[0.36981505 0.0346099  0.02295008],"[[-0.45825052 -0.7967975   0.12962948]
 [ 0.5147868   0.12312116  0.2548336 ]
 [ 0.5208586  -0.4348502  -0.7337907 ]
 [-0.5036939   0.40107414 -0.616285  ]]","[[ 0.5599084   0.82371044 -0.08946488]
 [ 0.56408185 -0.29986855  0.76934433]
 [ 0.60688925 -0.4812278  -0.632539  ]]"
20200221-224152.247896,43,[0.37694564 0.03463532 0.02305768],"[[-0.45807925 -0.7976728   0.12650727]
 [ 0.5151792   0.12131163  0.2571701 ]
 [ 0.5213164  -0.43160376 -0.73540795]
 [-0.5029743   0.40338525 -0.61403114]]","[[ 0.5601597   0.823865   -0.08641542]
 [ 0.5642477  -0.30309018  0.7679589 ]
 [ 0.6065027  -0.47893932 -0.63464284]]"
20200221-224152.247896,44,[0.38347587 0.03466209 0.02316358],"[[-0.45815668 -0.79846936  0.12313648]
 [ 0.51537704  0.11934836  0.2595765 ]
 [ 0.52185094 -0.4283295  -0.7369715 ]
 [-0.5021455   0.4058772  -0.6118253 ]]","[[ 0.56039417  0.82403135 -0.08325063]
 [ 0.56437534 -0.30636668  0.7665637 ]
 [ 0.6061674  -0.47656238 -0.6367491 ]]"
20200221-224152.247896,45,[0.38929677 0.03469008 0.02327074],"[[-0.4583917  -0.79917604  0.11984424]
 [ 0.51552963  0.11728823  0.2618632 ]
 [ 0.52215844 -0.42511645 -0.7386456 ]
 [-0.50145483  0.40845743 -0.60948133]]","[[ 0.56060696  0.82420427 -0.08004604]
 [ 0.56448376 -0.30963784  0.76516837]
 [ 0.60586965 -0.47414336 -0.6388351 ]]"
20200221-224152.247896,46,[0.3956198  0.03471911 0.02337767],"[[-0.45859554 -0.79986     0.11641482]
 [ 0.5157923   0.11519068  0.26421687]
 [ 0.52253526 -0.42183328 -0.74028903]
 [-0.5006051   0.4111103  -0.60713226]]","[[ 0.5608336   0.8243608  -0.07678088]
 [ 0.5645956  -0.31297526  0.7637267 ]
 [ 0.6055558  -0.47167358 -0.6409574 ]]"
20200221-224152.247896,47,[0.4012733  0.03474907 0.0234886 ],"[[-0.45880583 -0.80047166  0.11339826]
 [ 0.51620626  0.11307605  0.26630497]
 [ 0.5224092  -0.4186698  -0.7422043 ]
 [-0.5001169   0.41373262 -0.6044464 ]]","[[ 0.56103474  0.82451946 -0.07353751]
 [ 0.5647118  -0.3162648   0.76228416]
 [ 0.6052608  -0.4691954  -0.6430514 ]]"
20200221-224152.247896,48,[0.40749487 0.03478107 0.02359842],"[[-0.4591919  -0.80099124  0.11013927]
 [ 0.51659286  0.11082123  0.26848766]
 [ 0.5224051  -0.41551515 -0.7440079 ]
 [-0.49936754  0.41650856 -0.60186076]]","[[ 0.56126344  0.8246494  -0.07026324]
 [ 0.56482226 -0.31959894  0.76081043]
 [ 0.6049458  -0.4667012  -0.64515954]]"
20200221-224152.247896,49,[0.41225603 0.03481103 0.02370923],"[[-0.45940465 -0.8016698   0.10688408]
 [ 0.51678145  0.10864311  0.27053207]
 [ 0.5223231  -0.41206664 -0.7460155 ]
 [-0.49906203  0.4191937  -0.59904027]]","[[ 0.5614157   0.82483834 -0.0667391 ]
 [ 0.56491315 -0.3230665   0.75927675]
 [ 0.60471934 -0.4639716  -0.64733666]]"
20200221-224152.247896,50,[0.4177329  0.03484286 0.02381964],"[[-0.45968854 -0.8022767   0.1034568 ]
 [ 0.5170518   0.1063715   0.2726506 ]
 [ 0.5223227  -0.40861    -0.74794525]
 [-0.49852085  0.42198977 -0.59626836]]","[[ 0.561597    0.8249944  -0.06319252]
 [ 0.5650083  -0.32657897  0.75770175]
 [ 0.6044623  -0.46122724 -0.64953434]]"
20200221-224152.247896,51,[0.42442307 0.03487441 0.02392952],"[[-0.45975983 -0.8029939   0.09970362]
 [ 0.5173529   0.10413805  0.27487105]
 [ 0.5226378  -0.40488413 -0.7497737 ]
 [-0.49781194  0.42476478 -0.59358627]]","[[ 0.5617942   0.8251337  -0.05951405]
 [ 0.56512326 -0.33023578  0.75602925]
 [ 0.6041714  -0.45836556 -0.6518267 ]]"
20200221-224152.247896,52,[0.42972243 0.03490542 0.02404086],"[[-0.4597309  -0.80377394  0.09609403]
 [ 0.5176199   0.10193196  0.27694038]
 [ 0.5227081  -0.4010048  -0.7518353 ]
 [-0.49748674  0.4274954  -0.59060454]]","[[ 0.56193495  0.8253065  -0.0556614 ]
 [ 0.5652222  -0.33397543  0.7543105 ]
 [ 0.60394776 -0.4553345  -0.654154  ]]"
20200221-224152.247896,53,[0.43557316 0.03493849 0.02415092],"[[-0.45990372 -0.80443907  0.0921911 ]
 [ 0.5178355   0.09957372  0.27909535]
 [ 0.5229257  -0.39712965 -0.7537638 ]
 [-0.4968737   0.43040714 -0.58774686]]","[[ 0.56210375  0.8254445  -0.05177384]
 [ 0.56531215 -0.3377589   0.7525563 ]
 [ 0.6037065  -0.45228314 -0.6564894 ]]"
20200221-224152.247896,54,[0.44204864 0.03497022 0.02426347],"[[-0.45966122 -0.8052969   0.08831662]
 [ 0.5181955   0.09736662  0.28115574]
 [ 0.5231375  -0.39294875 -0.755828  ]
 [-0.4964999   0.43313706 -0.5847013 ]]","[[ 0.5622556   0.8255848  -0.04773188]
 [ 0.5654343  -0.34168094  0.75069183]
 [ 0.6034507  -0.44906995 -0.65892595]]"
20200221-224152.247896,55,[0.44708478 0.03500657 0.02437615],"[[-0.46010995 -0.805757    0.08460107]
 [ 0.5184803   0.09481329  0.28310677]
 [ 0.5228872  -0.38920286 -0.75796473]
 [-0.49605024  0.4362188  -0.5815349 ]]","[[ 0.5624146   0.8256948  -0.04379521]
 [ 0.56551    -0.34547004  0.74889845]
 [ 0.60323167 -0.44595808 -0.66123605]]"
20200221-224152.247896,56,[0.45216095 0.03504072 0.02448726],"[[-0.460137   -0.8064955   0.08050463]
 [ 0.5186503   0.09239189  0.28516036]
 [ 0.52301663 -0.3849104  -0.7600905 ]
 [-0.49571133  0.43917271 -0.57832974]]","[[ 0.56253564  0.8258281  -0.03951851]
 [ 0.5655903  -0.3495233   0.74695456]
 [ 0.60304344 -0.44253987 -0.66369975]]"
20200221-224152.247896,57,[0.4570113  0.03507565 0.02460034],"[[-0.46016762 -0.8072091   0.07649744]
 [ 0.51886344  0.08993734  0.2870754 ]
 [ 0.52293766 -0.3805794  -0.7623486 ]
 [-0.49554306  0.44213605 -0.574944  ]]","[[ 0.5626482   0.8259477  -0.0351795 ]
 [ 0.56567514 -0.35361648  0.74496114]
 [ 0.6028589  -0.4390512  -0.6661796 ]]"
20200221-224152.247896,58,[0.46052128 0.03511231 0.02471144],"[[-0.46051058 -0.8077904   0.07228594]
 [ 0.518853    0.08729641  0.28900996]
 [ 0.5228419  -0.37623572 -0.7645958 ]
 [-0.49533653  0.44530988 -0.5715254 ]]","[[ 0.56274253  0.8260618  -0.03070997]
 [ 0.565719   -0.35776794  0.742943  ]
 [ 0.6027297  -0.43545878 -0.6686499 ]]"
20200221-224152.247896,59,[0.4653745  0.03514928 0.02482329],"[[-0.460637   -0.80844444  0.0678724 ]
 [ 0.51895595  0.08468948  0.29096267]
 [ 0.52291656 -0.37167624 -0.76679474]
 [-0.49503186  0.44844386 -0.5681197 ]]","[[ 0.5628565   0.8261411  -0.02614405]
 [ 0.56578964 -0.36203286  0.74082   ]
 [ 0.60255694 -0.43176743 -0.67119455]]"
20200221-224152.247896,60,[0.46868125 0.03518602 0.02493658],"[[-0.46068913 -0.8091511   0.06360379]
 [ 0.5190232   0.082096    0.29274607]
 [ 0.52270484 -0.36694634 -0.76923996]
 [-0.49513656  0.4515366  -0.5643796 ]]","[[ 0.5629216   0.8262337  -0.0213893 ]
 [ 0.5658484  -0.36639702  0.73862636]
 [ 0.60244095 -0.42789182 -0.6737757 ]]"
20200221-224152.247896,61,[0.4741978  0.03522543 0.0250493 ],"[[-0.46076784 -0.809743    0.05903675]
 [ 0.5193014   0.07939694  0.29467046]
 [ 0.5227359  -0.36222243 -0.7714735 ]
 [-0.49473858  0.454761   -0.5608141 ]]","[[ 0.56304985  0.8262548  -0.01667329]
 [ 0.56592935 -0.37079206  0.7363676 ]
 [ 0.60224485 -0.42404762 -0.6763762 ]]"
20200221-224152.247896,62,[0.47963628 0.03526427 0.02516203],"[[-0.46056125 -0.81048566  0.0543618 ]
 [ 0.51960075  0.07676589  0.29657948]
 [ 0.52282083 -0.35715988 -0.77379125]
 [-0.49452662  0.45788285 -0.5570744 ]]","[[ 0.56315225  0.8262699  -0.01172641]
 [ 0.566019   -0.375359    0.73398095]
 [ 0.6020649  -0.41998044 -0.6790687 ]]"
20200221-224152.247896,63,[0.48431495 0.03530475 0.02527336],"[[-0.46056706 -0.81112605  0.04948532]
 [ 0.51973635  0.07398152  0.29849526]
 [ 0.52291644 -0.35204005 -0.7760892 ]
 [-0.4942776   0.46116066 -0.553297  ]]","[[ 0.5632452   0.82626307 -0.00665197]
 [ 0.5660845  -0.37999785  0.73153937]
 [ 0.60191625 -0.41580167 -0.6817667 ]]"
20200221-224152.247896,64,[0.48885533 0.03534672 0.02538473],"[[-0.46071777 -0.8116773   0.04447321]
 [ 0.5197854   0.0710866   0.30035022]
 [ 0.52298164 -0.3468793  -0.7783845 ]
 [-0.4940164   0.46454436 -0.549481  ]]","[[ 0.56334156  0.8262228  -0.00150303]
 [ 0.56614196 -0.384685    0.7290409 ]
 [ 0.60177195 -0.4115501  -0.68446845]]"
20200221-224152.247896,65,[0.49336302 0.03539092 0.02549538],"[[-0.46103036 -0.8120968   0.03933088]
 [ 0.5198421   0.068055    0.30221736]
 [ 0.52303064 -0.34172505 -0.7806458 ]
 [-0.49361312  0.468072   -0.545628  ]]","[[ 0.56344837  0.826143    0.00369867]
 [ 0.56618947 -0.38940662  0.72649306]
 [ 0.60162747 -0.4072472  -0.6871639 ]]"
20200221-224152.247896,66,[0.49940073 0.03543541 0.02560458],"[[-0.4610097  -0.8126287   0.0338213 ]
 [ 0.5200226   0.06506859  0.30423483]
 [ 0.52344507 -0.33621955 -0.78276896]
 [-0.4930032   0.47154728 -0.541821  ]]","[[ 0.5635677   0.82601994  0.00908613]
 [ 0.5662586  -0.39430225  0.72379345]
 [ 0.60145044 -0.40276146 -0.6899569 ]]"
20200221-224152.247896,67,[0.50532794 0.03548088 0.02571588],"[[-0.46089488 -0.813165    0.02846296]
 [ 0.52034235  0.0620814   0.30610695]
 [ 0.52360034 -0.330618   -0.7850609 ]
 [-0.49260744  0.47497356 -0.53774315]]","[[ 0.56367725  0.82586676  0.01456488]
 [ 0.56633985 -0.39925843  0.72100747]
 [ 0.6012712  -0.3981669  -0.6927742 ]]"
20200221-224152.247896,68,[0.50954264 0.03552802 0.02582939],"[[-0.46104687 -0.8135659   0.02333807]
 [ 0.52058214  0.05897474  0.30771154]
 [ 0.5232817  -0.3250931  -0.787593  ]
 [-0.492551    0.47848392 -0.5333536 ]]","[[ 0.56376237  0.8256926   0.02009652]
 [ 0.5664022  -0.40420553  0.71819663]
 [ 0.60113275 -0.39350945 -0.69554996]]"
20200221-224152.247896,69,[0.51458526 0.03557517 0.0259387 ],"[[-0.46090913 -0.81409514  0.01759912]
 [ 0.52072453  0.0558701   0.3095551 ]
 [ 0.52352494 -0.31908312 -0.7898988 ]
 [-0.49227032  0.481989   -0.5290799 ]]","[[ 0.56384265  0.8254747   0.02593987]
 [ 0.56646585 -0.4094005   0.7151976 ]
 [ 0.6009973  -0.38856494 -0.69844073]]"
20200221-224152.247896,70,[0.51959634 0.03562376 0.02604747],"[[-0.4608173  -0.8145594   0.01166727]
 [ 0.5208241   0.0526839   0.31137064]
 [ 0.5238075  -0.31294572 -0.79217565]
 [-0.49195105  0.4855743  -0.5247569 ]]","[[ 0.5639239   0.82521045  0.03190251]
 [ 0.5665232  -0.4146748   0.71210706]
 [ 0.60086733 -0.38350064 -0.7013458 ]]"
20200221-224152.247896,71,[0.523666   0.03567433 0.02615745],"[[-0.46096924 -0.8148865   0.00582031]
 [ 0.52082926  0.04936459  0.31300187]
 [ 0.52380186 -0.30685607 -0.79457104]
 [-0.49180916  0.48924702 -0.5202428 ]]","[[ 0.56399685  0.8249062   0.0379115 ]
 [ 0.5665692  -0.4199524   0.7089706 ]
 [ 0.60075533 -0.37837774 -0.70421827]]"
20200221-224152.247896,72,[0.5270086  0.03572533 0.02626661],"[[-4.6095470e-01 -8.1528324e-01 -1.5097985e-04]
 [ 5.2081734e-01  4.6048716e-02  3.1460559e-01]
 [ 5.2378869e-01 -3.0045363e-01 -7.9703557e-01]
 [-4.9184924e-01  4.9286947e-01 -5.1551688e-01]]","[[ 0.56404215  0.824564    0.04416801]
 [ 0.56661296 -0.4253912   0.70568556]
 [ 0.6006717  -0.37301028 -0.7071471 ]]"
20200221-224152.247896,73,[0.5309867  0.03578041 0.02637595],"[[-0.461302   -0.8153767  -0.00608008]
 [ 0.5209502   0.04251913  0.31617463]
 [ 0.5236116  -0.29433566 -0.799442  ]
 [-0.49157113  0.4967088  -0.5107727 ]]","[[ 0.5641287   0.82415444  0.05028366]
 [ 0.5666506  -0.4307247   0.70241255]
 [ 0.6005548  -0.3677578  -0.70999175]]"
20200221-224152.247896,74,[0.534995   0.0358349  0.02648614],"[[-0.46125704 -0.8156572  -0.01214034]
 [ 0.5211302   0.03909994  0.31765744]
 [ 0.52345866 -0.28775632 -0.8019436 ]
 [-0.49158573  0.5003708  -0.5057991 ]]","[[ 0.5641882   0.82369816  0.05668465]
 [ 0.5667082  -0.43626314  0.69893944]
 [ 0.6004446  -0.36220968 -0.712931  ]]"
20200221-224152.247896,75,[0.53730065 0.03589093 0.02659434],"[[-0.4614327  -0.81584203 -0.01838147]
 [ 0.5210145   0.0355355   0.31906402]
 [ 0.52325654 -0.28103983 -0.8044641 ]
 [-0.4917587   0.5041389  -0.5006974 ]]","[[ 0.5642207   0.8231957   0.06327762]
 [ 0.56673634 -0.44189456  0.6953699 ]
 [ 0.6003876  -0.35648033 -0.7158609 ]]"
20200221-224152.247896,76,[0.5412434  0.03594796 0.02670326],"[[-0.4612837  -0.81609696 -0.02477259]
 [ 0.5211343   0.03202472  0.32047388]
 [ 0.5231632  -0.2740445  -0.80694216]
 [-0.4918706   0.5077991  -0.49550694]]","[[ 0.5642677   0.8226189   0.07000109]
 [ 0.56679565 -0.44764307  0.69163454]
 [ 0.6002872  -0.35059077 -0.7188473 ]]"
20200221-224152.247896,77,[0.5443328  0.03600791 0.02681042],"[[-0.46144444 -0.8161342  -0.03127386]
 [ 0.5211478   0.02832518  0.3218534 ]
 [ 0.5230097  -0.26711532 -0.80936885]
 [-0.49186885  0.51163703 -0.49025974]]","[[ 0.5643177   0.8219815   0.07676065]
 [ 0.566831   -0.4533837   0.68785614]
 [ 0.600207   -0.34465906 -0.7217769 ]]"
20200221-224152.247896,78,[0.54738337 0.03606958 0.02691679],"[[-0.46164158 -0.8160887  -0.03795649]
 [ 0.5211223   0.02454956  0.32318884]
 [ 0.5228926  -0.26004934 -0.811748  ]
 [-0.49183547  0.5155299  -0.48494673]]","[[ 0.56436855  0.8212755   0.08363426]
 [ 0.5668614  -0.45919043  0.68396795]
 [ 0.60013026 -0.33860105 -0.724702  ]]"
20200221-224152.247896,79,[0.5520149  0.03613266 0.02702313],"[[-0.4615917  -0.816071   -0.04483063]
 [ 0.5212579   0.0207899   0.32453924]
 [ 0.5229215  -0.25273845 -0.81403965]
 [-0.49170783  0.51934516 -0.47958717]]","[[ 0.5644344   0.82048804  0.09062643]
 [ 0.56691694 -0.4650964   0.6799195 ]
 [ 0.6000158  -0.33239236 -0.72766495]]"
20200221-224152.247896,80,[0.5556911  0.03619847 0.02712816],"[[-0.4618212  -0.81584823 -0.05174723]
 [ 0.5213071   0.01686716  0.32581788]
 [ 0.52282935 -0.24548347 -0.8163197 ]
 [-0.49153823  0.52330214 -0.47411728]]","[[ 0.56449956  0.8196366   0.09765397]
 [ 0.5669507  -0.4709893   0.67582256]
 [ 0.5999229  -0.3261365  -0.7305667 ]]"
20200221-224152.247896,81,[0.5601149  0.03626588 0.02723466],"[[-0.46186438 -0.81565374 -0.05861006]
 [ 0.521546    0.0129681   0.32699144]
 [ 0.52260274 -0.23804732 -0.81866664]
 [-0.49148515  0.5271382  -0.4684301 ]]","[[ 0.56456673  0.81870997  0.10477873]
 [ 0.5670081  -0.4769472   0.67158264]
 [ 0.59980536 -0.31974286 -0.7334836 ]]"
20200221-224152.247896,82,[0.5628084  0.03633508 0.02733753],"[[-0.46212754 -0.8153196  -0.06578296]
 [ 0.52143824  0.00891925  0.32813245]
 [ 0.5224754  -0.23044695 -0.8209214 ]
 [-0.4914875   0.5311014  -0.46269816]]","[[ 0.56461054  0.8177095   0.1120994 ]
 [ 0.5670295  -0.48299178  0.6672304 ]
 [ 0.59974384 -0.31316173 -0.73636764]]"
20200221-224152.247896,83,[0.56736547 0.03640674 0.0274383 ],"[[-0.4622422  -0.814901   -0.07324723]
 [ 0.5214998   0.00481896  0.329407  ]
 [ 0.5226626  -0.22272594 -0.8229318 ]
 [-0.49111533  0.53507626 -0.4570659 ]]","[[ 0.56468266  0.8166172   0.11945728]
 [ 0.5670654  -0.48907018  0.66275734]
 [ 0.5996421  -0.3065074  -0.7392447 ]]"
20200221-224152.247896,84,[0.570882   0.03648063 0.02753798],"[[-4.6248087e-01 -8.1438142e-01 -8.0699049e-02]
 [ 5.2147293e-01  6.2595971e-04  3.3057123e-01]
 [ 5.2269328e-01 -2.1493532e-01 -8.2498151e-01]
 [-4.9088609e-01  5.3905982e-01 -4.5123827e-01]]","[[ 0.5647408   0.8154512   0.12691393]
 [ 0.5670892  -0.49517554  0.6581877 ]
 [ 0.59956473 -0.29973388 -0.7420793 ]]"
20200221-224152.247896,85,[0.5752392  0.036556   0.02763925],"[[-0.46252888 -0.81385964 -0.08817723]
 [ 0.5216335  -0.00352708  0.331615  ]
 [ 0.5226477  -0.20694214 -0.8270509 ]
 [-0.49071878  0.5429504  -0.44524527]]","[[ 0.5648039   0.81419665  0.13446335]
 [ 0.56713444 -0.5013373   0.6534674 ]
 [ 0.59946245 -0.29282212 -0.74491614]]"
20200221-224152.247896,86,[0.5814183  0.03663318 0.02773913],"[[-0.46222025 -0.8133817  -0.09588118]
 [ 0.5220149  -0.007644    0.33274668]
 [ 0.52284455 -0.1986656  -0.8289527 ]
 [-0.4903944   0.54670286 -0.4392311 ]]","[[ 0.5648794   0.81283927  0.14213887]
 [ 0.5672056  -0.50758916  0.6485609 ]
 [ 0.599324   -0.28573668 -0.74777365]]"
20200221-224152.247896,87,[0.58485556 0.03671337 0.02783636],"[[-0.46239835 -0.81264704 -0.10357496]
 [ 0.52203315 -0.01196762  0.33371785]
 [ 0.5228272  -0.19049294 -0.8308775 ]
 [-0.49022552  0.55061245 -0.4330673 ]]","[[ 0.5649312   0.8114155   0.14985934]
 [ 0.5672312  -0.5137948   0.6436335 ]
 [ 0.5992511  -0.27860367 -0.7505188 ]]"
20200221-224152.247896,88,[0.5890292  0.03679625 0.02793364],"[[-0.46263438 -0.8117781  -0.11126624]
 [ 0.5221442  -0.01635985  0.3346172 ]
 [ 0.5227597  -0.18234044 -0.8327439 ]
 [-0.4899562   0.5545272  -0.42683583]]","[[ 0.5649992   0.80990887  0.1575553 ]
 [ 0.56726414 -0.5199639   0.6386306 ]
 [ 0.59915566 -0.27145034 -0.7532113 ]]"
20200221-224152.247896,89,[0.59418154 0.03688057 0.02802925],"[[-0.4625235  -0.8109655  -0.11921301]
 [ 0.5223577  -0.02069679  0.33554828]
 [ 0.52290815 -0.17383255 -0.834465  ]
 [-0.48967493  0.5582909  -0.42055142]]","[[ 0.5650633   0.80829126  0.16543521]
 [ 0.5673143  -0.52624416  0.6334205 ]
 [ 0.5990476  -0.26406893 -0.7559165 ]]"
20200221-224152.247896,90,[0.59658533 0.03696728 0.02812259],"[[-0.46273068 -0.8099947  -0.12715513]
 [ 0.52222514 -0.02515975  0.33629015]
 [ 0.522846   -0.16528183 -0.83623433]
 [-0.48968706  0.5621009  -0.4140685 ]]","[[ 0.56509393  0.8065924   0.173428  ]
 [ 0.5673301  -0.5325253   0.6281347 ]
 [ 0.59900355 -0.25656423 -0.75853115]]"
20200221-224152.247896,91,[0.6006863  0.03705655 0.02821526],"[[-0.4628324  -0.80891263 -0.13524204]
 [ 0.5222615  -0.02964457  0.33704144]
 [ 0.5229401  -0.15667541 -0.8378255 ]
 [-0.48945138  0.5658925  -0.40762877]]","[[ 0.5651502   0.804797    0.18140303]
 [ 0.56736016 -0.5387842   0.6227471 ]
 [ 0.5989222  -0.24902485 -0.7611038 ]]"
20200221-224152.247896,92,[0.60395604 0.03714775 0.02830658],"[[-0.4629031  -0.8077874  -0.14338446]
 [ 0.52221924 -0.03414104  0.33768204]
 [ 0.5229742  -0.14788552 -0.8393939 ]
 [-0.48939303  0.56959957 -0.40103582]]","[[ 0.56518817  0.80290174  0.18950225]
 [ 0.56738615 -0.54507875  0.6172214 ]
 [ 0.5988619  -0.24132517 -0.7636273 ]]"
20200221-224152.247896,93,[0.60804945 0.03724152 0.02839656],"[[-0.4628802  -0.8065895  -0.15163647]
 [ 0.522235   -0.0386547   0.33830673]
 [ 0.52310807 -0.13899356 -0.84082216]
 [-0.48925537  0.57323617 -0.39442748]]","[[ 0.5652337   0.8009066   0.19763444]
 [ 0.56742054 -0.5513676   0.611578  ]
 [ 0.5987862  -0.23354259 -0.76610243]]"
20200221-224152.247896,94,[0.614113   0.03733774 0.02848677],"[[-0.46257955 -0.8053637  -0.15993108]
 [ 0.522587   -0.04311833  0.33894065]
 [ 0.52332455 -0.1299815  -0.8421226 ]
 [-0.4889321   0.57674515 -0.387777  ]]","[[ 0.56529933  0.79881054  0.2057633 ]
 [ 0.56748194 -0.5576412   0.6058058 ]
 [ 0.59866613 -0.22569461 -0.7685447 ]]"
20200221-224152.247896,95,[0.61903197 0.03743677 0.0285749 ],"[[-0.4624947  -0.80397326 -0.16820994]
 [ 0.5227641  -0.04767192  0.339456  ]
 [ 0.5234512  -0.1210093  -0.84337306]
 [-0.48868728  0.58026826 -0.3810475 ]]","[[ 0.56535584  0.79663277  0.21389058]
 [ 0.5675253  -0.56385475  0.59998584]
 [ 0.59857154 -0.21781713 -0.77088785]]"
20200221-224152.247896,96,[0.6230546  0.03753826 0.02866111],"[[-0.46239868 -0.802542   -0.17648844]
 [ 0.52284986 -0.0522393   0.3398784 ]
 [ 0.52351284 -0.11191178 -0.8445814 ]
 [-0.48862     0.58367205 -0.37418798]]","[[ 0.5653947   0.79435545  0.22209956]
 [ 0.56756365 -0.57006687  0.59405   ]
 [ 0.5984984  -0.20981707 -0.7731601 ]]"
20200221-224152.247896,97,[0.62693274 0.03764298 0.02874548],"[[-0.4624904  -0.80091786 -0.18473543]
 [ 0.5228876  -0.05689583  0.34024304]
 [ 0.52356523 -0.10295354 -0.8456781 ]
 [-0.48843643  0.58710575 -0.3673362 ]]","[[ 0.5654423   0.79200774  0.23021439]
 [ 0.5675914  -0.57616943  0.5881063 ]
 [ 0.59842724 -0.20187241 -0.7753273 ]]"
20200221-224152.247896,98,[0.630726   0.03775027 0.02882886],"[[-0.46256927  0.79921985 -0.19296198]
 [ 0.5229344   0.06155343  0.34051976]
 [ 0.5235781   0.09394968 -0.84670746]
 [-0.48829836 -0.59045064 -0.3604141 ]]","[[ 0.56548697 -0.7895717   0.23832987]
 [ 0.5676205   0.5822264   0.582082  ]
 [ 0.59835744  0.19387881 -0.7774185 ]]"
20200221-224152.247896,99,[0.6346172  0.03785981 0.02891083],"[[-0.46247613  0.79752076 -0.2012438 ]
 [ 0.52301246  0.06616101  0.34073007]
 [ 0.52360934  0.08475552 -0.8476469 ]
 [-0.4882692  -0.5936326  -0.35341027]]","[[ 0.56552166 -0.7870267   0.24652427]
 [ 0.5676576   0.58829004  0.5759164 ]
 [ 0.5982895   0.18575181 -0.77945244]]"
20200221-224152.247896,100,[0.6373459  0.03797287 0.02899322],"[[-0.4629035   0.79552096 -0.20924965]
 [ 0.5229733   0.07090578  0.34071887]
 [ 0.52333826  0.07592935 -0.8486368 ]
 [-0.488197   -0.59695345 -0.34632498]]","[[ 0.56556815 -0.7844492   0.25450376]
 [ 0.56767076  0.5941561   0.56984955]
 [ 0.598233    0.17781442 -0.7813447 ]]"
20200221-224152.247896,101,[0.64220077 0.03808809 0.02907235],"[[-0.4628144   0.79358137 -0.21755572]
 [ 0.52314097  0.07554115  0.34085807]
 [ 0.52348864  0.06680922 -0.84930027]
 [-0.48794082 -0.60004866 -0.33937368]]","[[ 0.56561965 -0.7817495   0.26256818]
 [ 0.56770927  0.6000522   0.5635988 ]
 [ 0.5981477   0.16972007 -0.7832078 ]]"
20200221-224152.247896,102,[0.6458755  0.03820647 0.02914944],"[[-0.4629089   0.7915307  -0.22571938]
 [ 0.52316546  0.08022071  0.34088144]
 [ 0.52350616  0.05778733 -0.8499375 ]
 [-0.48780626 -0.6030792  -0.33235052]]","[[ 0.56566095 -0.7789865   0.27056926]
 [ 0.5677345   0.6058445   0.55734193]
 [ 0.59808487  0.161655   -0.78496003]]"
20200221-224152.247896,103,[0.64736605 0.03832775 0.02922557],"[[-0.46336418  0.7893239  -0.23365967]
 [ 0.52294225  0.08496331  0.34067395]
 [ 0.5232306   0.04891267 -0.85064554]
 [-0.48790842 -0.6060993  -0.32518697]]","[[ 0.5656866  -0.7761686   0.2784978 ]
 [ 0.56773657  0.6115203   0.55110633]
 [ 0.5980584   0.15364009 -0.78658813]]"
20200221-224152.247896,104,[0.64994335 0.03845119 0.0293015 ],"[[-0.46340334  0.787229   -0.2416262 ]
 [ 0.52295905  0.08954818  0.34041807]
 [ 0.5229711   0.03974551 -0.8512653 ]
 [-0.48813194 -0.60882854 -0.31793052]]","[[ 0.5657061  -0.77323246  0.2865104 ]
 [ 0.56776667  0.6172127   0.5446921 ]
 [ 0.5980115   0.14546451 -0.7881767 ]]"
20200221-224152.247896,105,[0.6526273  0.03857737 0.02937391],"[[-0.4633348   0.7850799  -0.24970436]
 [ 0.52290493  0.09411117  0.34019074]
 [ 0.5229111   0.03053166 -0.85166454]
 [-0.48831892 -0.6114414  -0.31078193]]","[[ 0.5657198  -0.7702116   0.29450834]
 [ 0.567795    0.6228437   0.5382143 ]
 [ 0.5979716   0.13725811 -0.78967726]]"
20200221-224152.247896,106,[0.6551725  0.03870681 0.02944456],"[[-0.46344972  0.7827665  -0.25766638]
 [ 0.5228015   0.09872118  0.33991197]
 [ 0.5228513   0.021546   -0.8519572 ]
 [-0.48838452 -0.6140573  -0.30370528]]","[[ 0.56574285 -0.7671571   0.30233282]
 [ 0.5678129   0.6283147   0.53179806]
 [ 0.5979328   0.12919247 -0.7910663 ]]"
20200221-224152.247896,107,[0.6587003 0.0388392 0.0295152],"[[-0.46353108  0.7803813  -0.2654979 ]
 [ 0.5228688   0.10330076  0.33958086]
 [ 0.5227568   0.0126608  -0.8521757 ]
 [-0.4883366  -0.6165823  -0.29663533]]","[[ 0.56578004 -0.76405346  0.31002468]
 [ 0.56784165  0.6336653   0.5253801 ]
 [ 0.59787035  0.12120453 -0.7923766 ]]"
20200221-224152.247896,108,[0.6590711  0.03897427 0.02958194],"[[-0.46390244  0.77788186 -0.2732845 ]
 [ 0.52245873  0.1078972   0.33906662]
 [ 0.5225576   0.0038097  -0.85235846]
 [-0.48863646 -0.6190667  -0.2895419 ]]","[[ 0.56578267 -0.7608849   0.3177172 ]
 [ 0.56783473  0.63893455  0.51896673]
 [ 0.59787446  0.11321151 -0.7935549 ]]"
20200221-224152.247896,109,[0.66371524 0.03911223 0.0296502 ],"[[-0.46379116  0.77540827 -0.28105608]
 [ 0.52268034  0.11236884  0.33866957]
 [ 0.5225621  -0.00505277 -0.85233295]
 [-0.48849982 -0.6213614  -0.28255814]]","[[ 0.56582636 -0.7576571   0.32526353]
 [ 0.56787616  0.64410746  0.51248664]
 [ 0.59779376  0.10526904 -0.7947083 ]]"
20200221-224152.247896,110,[0.6639625  0.03925327 0.02971525],"[[-0.46427262  0.7727884  -0.28850478]
 [ 0.52232736  0.1169235   0.33800718]
 [ 0.52220374 -0.01365499 -0.85243   ]
 [-0.48880333 -0.623651   -0.27546215]]","[[ 0.56583345 -0.7544154   0.33270136]
 [ 0.56787056  0.64912325  0.5061247 ]
 [ 0.5977924   0.09745097 -0.79570574]]"
20200221-224152.247896,111,[0.66637796 0.0393969  0.02978005],"[[-0.46430665  0.7702663  -0.29596183]
 [ 0.52233994  0.12131745  0.33738035]
 [ 0.52194834 -0.02242237 -0.85237694]
 [-0.48903036 -0.62567514 -0.26839334]]","[[ 0.5658491  -0.7510886   0.34011883]
 [ 0.5678984   0.6540969   0.4996488 ]
 [ 0.59775126  0.08957286 -0.796662  ]]"
20200221-224152.247896,112,[0.66895354 0.03954368 0.02983995],"[[-0.46441096  0.7675878  -0.3034736 ]
 [ 0.5222083   0.12575506  0.33687526]
 [ 0.5220299  -0.03092191 -0.8520377 ]
 [-0.48898497 -0.627725   -0.2616309 ]]","[[ 0.56587154 -0.74776024  0.34733877]
 [ 0.56790894  0.65890115  0.49328375]
 [ 0.59771985  0.08187847 -0.79751295]]"
20200221-224152.247896,113,[0.6702737  0.03969328 0.0299001 ],"[[-0.46479237  0.7648036  -0.31075233]
 [ 0.5219203   0.13018571  0.336153  ]
 [ 0.52186334 -0.03925893 -0.8517684 ]
 [-0.4891078  -0.6297508  -0.25480354]]","[[ 0.56588984 -0.7444096   0.35443383]
 [ 0.5679077   0.663578    0.48697573]
 [ 0.5977039   0.07428893 -0.79826784]]"
20200221-224152.247896,114,[0.6715488 0.0398456 0.0299602],"[[-0.46514484  0.76202804 -0.31785655]
 [ 0.5216994   0.1345364   0.33532646]
 [ 0.5215601  -0.04756627 -0.85150117]
 [-0.48933184 -0.6316256  -0.24793021]]","[[ 0.5659053  -0.7410183   0.36144608]
 [ 0.5679136   0.66816     0.48066255]
 [ 0.5976836   0.06673928 -0.79894954]]"
20200221-224152.247896,115,[0.67187697 0.04000082 0.03001773],"[[-0.46542096  0.759308   -0.32484213]
 [ 0.5214169   0.13879956  0.33445877]
 [ 0.5212158  -0.05587483 -0.8511737 ]
 [-0.48973668 -0.63329613 -0.2410772 ]]","[[ 0.5659017  -0.73758584  0.36840513]
 [ 0.5679177   0.6726521   0.47435078]
 [ 0.5976831   0.05921209 -0.7995429 ]]"
20200221-224152.247896,116,[0.6753871  0.04015883 0.03007396],"[[-0.46525866  0.75662595 -0.33188322]
 [ 0.521545    0.14294635  0.333762  ]
 [ 0.52118456 -0.06416453 -0.85058385]
 [-0.4897878  -0.63479626 -0.23444368]]","[[ 0.56592333 -0.734122    0.37522796]
 [ 0.5679527   0.67704284  0.4680202 ]
 [ 0.5976293   0.05175181 -0.80010086]]"
