Timestamp,Epoch,s,u,v
20200224-110024.755498,0,[1.8281956 1.4207962 0.7618148],"[[ 0.25638792  0.5010939   0.65815485]
 [ 0.65483135  0.50408363 -0.25903308]
 [ 0.6607837  -0.49589905 -0.25970626]
 [ 0.26234782 -0.49888805  0.65748507]]","[[ 0.4912441   0.70917314  0.50572   ]
 [ 0.7143565   0.00417957 -0.6997697 ]
 [ 0.49837157 -0.70502204  0.5045493 ]]"
20200224-110024.755498,1,[1.8123254 1.4272506 0.7592337],"[[ 0.250478    0.5000332   0.6615253 ]
 [ 0.66025895  0.50082594 -0.25062516]
 [ 0.6621342  -0.4992071  -0.25064677]
 [ 0.25079393 -0.4999324   0.66086876]]","[[ 0.49004796  0.707347    0.50942457]
 [ 0.72007924  0.00086507 -0.6938914 ]
 [ 0.4912626  -0.706866    0.508922  ]]"
20200224-110024.755498,2,[1.7884314  1.4338893  0.75645643],"[[ 0.24766424 -0.49767625  0.66466177]
 [ 0.6695932  -0.49222058 -0.24188517]
 [ 0.6597354   0.5078014  -0.24044135]
 [ 0.23464078  0.50217015  0.66475856]]","[[ 0.49291956 -0.7027231   0.5130406 ]
 [ 0.72657627  0.00806145 -0.6870387 ]
 [ 0.47866213  0.71141785  0.51455563]]"
20200224-110024.755498,3,[1.7654252 1.4406636 0.753574 ],"[[ 0.2384832  -0.4975914   0.6680564 ]
 [ 0.6733477  -0.4917156  -0.23235779]
 [ 0.6627321   0.50833184 -0.23090443]
 [ 0.22475556  0.50221235  0.668127  ]]","[[ 0.488492   -0.70242596  0.5176614 ]
 [ 0.7331141   0.00866216 -0.6800504 ]
 [ 0.473201    0.71170413  0.5191897 ]]"
20200224-110024.755498,4,[1.7436641  1.4473268  0.75054723],"[[ 0.23709153 -0.49476603  0.67093956]
 [ 0.6839946  -0.48059782 -0.22343601]
 [ 0.6582038   0.51921004 -0.22041689]
 [ 0.20665611  0.5046316   0.6718127 ]]","[[ 0.49347222 -0.69627196  0.52123934]
 [ 0.7394981   0.02040319 -0.6728492 ]
 [ 0.4578512   0.71748793  0.5249601 ]]"
20200224-110024.755498,5,[1.7192464 1.4544524 0.7469284],"[[ 0.22293577 -0.49601996  0.6746686 ]
 [ 0.68483114 -0.48480177 -0.21212715]
 [ 0.6646012   0.5151528  -0.20989954]
 [ 0.1990256   0.50353664  0.67510486]]","[[ 0.48399964 -0.69857234  0.5270117 ]
 [ 0.74700505  0.01615648 -0.6646221 ]
 [ 0.45577192  0.71535724  0.5296567 ]]"
20200224-110024.755498,6,[1.6960185  1.4616231  0.74313366],"[[ 0.20793241 -0.49738458  0.6782662 ]
 [ 0.6848262  -0.48995256 -0.20062055]
 [ 0.67153734  0.5101367  -0.19921419]
 [ 0.1918713   0.5023103   0.67824775]]","[[ 0.47338375 -0.7014097   0.5328531 ]
 [ 0.7545593   0.01078994 -0.65614325]
 [ 0.45447564  0.7126768   0.534363  ]]"
20200224-110024.755498,7,[1.6801702  1.4684494  0.74029666],"[[ 0.20526506 -0.49555066  0.6805433 ]
 [ 0.6928024  -0.48178247 -0.19239178]
 [ 0.66820365  0.51814866 -0.19014737]
 [ 0.17718647  0.50382286  0.68094844]]","[[ 0.47630984 -0.6967904   0.536295  ]
 [ 0.76009345  0.01967311 -0.64951605]
 [ 0.4420258   0.7170051   0.5389964 ]]"
20200224-110024.755498,8,[1.6668627 1.4755027 0.7364154],"[[ 0.1955655  -0.4954708   0.683582  ]
 [ 0.69577473 -0.48128778 -0.18213235]
 [ 0.67078334  0.5186532  -0.17996992]
 [ 0.16643864  0.5038553   0.6834873 ]]","[[ 0.47162208 -0.6963857   0.5409436 ]
 [ 0.7664      0.02030803 -0.64204293]
 [ 0.4361239   0.71738046  0.5432876 ]]"
20200224-110024.755498,9,[1.6628971 1.4818078 0.7325713],"[[ 0.20632431 -0.48952124  0.6848643 ]
 [ 0.7166012  -0.4525444  -0.17426173]
 [ 0.6520563   0.54564077 -0.16939723]
 [ 0.1368788   0.50778836  0.68694854]]","[[ 0.49305937 -0.6802075   0.54241174]
 [ 0.77013505  0.05122803 -0.6358207 ]
 [ 0.40470335  0.7312276   0.54911005]]"
20200224-110024.755498,10,[1.6508359  1.4889212  0.72848725],"[[ 0.19891734 -0.4889892   0.68755955]
 [ 0.72124237 -0.44873354 -0.1641344 ]
 [ 0.6518209   0.54914516 -0.1592909 ]
 [ 0.12397946  0.50790507  0.6891647 ]]","[[ 0.49141794 -0.67782545  0.5468648 ]
 [ 0.7759423   0.05560501 -0.6283482 ]
 [ 0.39550194  0.7331173   0.55327857]]"
20200224-110024.755498,11,[1.6363243  1.4959543  0.72375923],"[[ 0.1996277  -0.48551914  0.68993163]
 [ 0.7342857  -0.43087226 -0.15325503]
 [ 0.641024    0.5650768  -0.14757541]
 [ 0.10030711  0.5092235   0.6919024 ]]","[[ 0.50120425 -0.6671672   0.5510739 ]
 [ 0.7811928   0.07493581 -0.6197763 ]
 [ 0.37219915  0.7411295   0.5587444 ]]"
20200224-110024.755498,12,[1.6224678  1.5036726  0.71893203],"[[ 0.18536583 -0.48705247  0.6927831 ]
 [ 0.7340329  -0.43536037 -0.14155622]
 [ 0.64677095  0.5611357  -0.13692002]
 [ 0.09231866  0.5082993   0.693734  ]]","[[ 0.49168465 -0.6696586   0.5566001 ]
 [ 0.78823817  0.07065488 -0.61130065]
 [ 0.37003624  0.7393006   0.5625905 ]]"
20200224-110024.755498,13,[1.6116802  1.5115515  0.71464795],"[[ 0.15950885 -0.49212074  0.6954303 ]
 [ 0.721797   -0.45891055 -0.13077667]
 [ 0.6661467   0.5398753  -0.1281612 ]
 [ 0.09906985  0.5057204   0.6948736 ]]","[[ 0.46576986 -0.68342984  0.5621231 ]
 [ 0.79572266  0.04555175 -0.60394615]
 [ 0.38714904  0.72859377  0.56503713]]"
20200224-110024.755498,14,[1.6046304  1.5189066  0.71088797],"[[ 0.14143352 -0.4947253   0.69745356]
 [ 0.71434116 -0.4728929  -0.12181569]
 [ 0.6779623   0.52682817 -0.1202051 ]
 [ 0.10040179  0.50405484  0.69589555]]","[[ 0.44862008 -0.69140106  0.5663079 ]
 [ 0.8011564   0.03028518 -0.5976884 ]
 [ 0.39609164  0.7218361   0.5675069 ]]"
20200224-110024.755498,15,[1.5899779  1.5267441  0.70515096],"[[ 0.13482082 -0.49366212  0.6994992 ]
 [ 0.7217671  -0.46457264 -0.10955203]
 [ 0.6738574   0.5346603  -0.10796195]
 [ 0.08241308  0.5045877   0.6978851 ]]","[[ 0.44973794 -0.68653214  0.5713226 ]
 [ 0.80782723  0.03981012 -0.58807343]
 [ 0.38098687  0.72600895  0.57250345]]"
20200224-110024.755498,16,[1.5821801 1.533323  0.7006419],"[[ 0.17758068 -0.47902742  0.7004192 ]
 [ 0.7680377  -0.3850119  -0.10106   ]
 [ 0.61500525  0.60363704 -0.09738863]
 [ 0.01876458  0.5078591   0.6997965 ]]","[[ 0.51419353 -0.63763994  0.57360303]
 [ 0.80425245  0.12612306 -0.5807504 ]
 [ 0.29796508  0.75993973  0.577675  ]]"
20200224-110024.755498,17,[1.5739715 1.5407604 0.697765 ],"[[ 0.2065127  -0.4658498   0.70136917]
 [ 0.7958472  -0.32572657 -0.09418639]
 [ 0.56858414  0.6485385  -0.09049091]
 [-0.02630393  0.50624496  0.70072913]]","[[ 0.5569233  -0.5979336   0.57646495]
 [ 0.79639506  0.18741314 -0.57500535]
 [ 0.23577793  0.7793277   0.5805661 ]]"
20200224-110024.755498,18,[1.5773721  1.54933    0.69281477],"[[ 0.17629184 -0.47581032  0.7029113 ]
 [ 0.78089577 -0.36232945 -0.08541269]
 [ 0.5991693   0.62144816 -0.08270864]
 [-0.01092663  0.5060873   0.7012703 ]]","[[ 0.5254009  -0.62270683  0.57981914]
 [ 0.8077049   0.15076147 -0.56998575]
 [ 0.2675196   0.76779366  0.5821736 ]]"
20200224-110024.755498,19,[1.5763309 1.5577402 0.6900774],"[[ 0.15653528 -0.4811297   0.7037885 ]
 [ 0.7707736  -0.3850425  -0.07941907]
 [ 0.61757815  0.6035998  -0.07774916]
 [-0.00133579  0.50588924  0.70166206]]","[[ 0.5045944  -0.63732356  0.5824118 ]
 [ 0.8143988   0.12742865 -0.566142  ]
 [ 0.28659967  0.75998735  0.58333534]]"
20200224-110024.755498,20,[1.5783147  1.5584589  0.68618584],"[[ 0.36107463 -0.35540354  0.70360535]
 [ 0.8614504   0.02645259 -0.07335787]
 [ 0.25874937  0.8250277  -0.06847725]
 [-0.24612491  0.43854076  0.7034695 ]]","[[ 0.74349153 -0.32798713  0.5827906 ]
 [ 0.66000074  0.5003491  -0.56040174]
 [-0.10779418  0.80129606  0.588477  ]]"
20200224-110024.755498,21,[1.5776776 1.5619853 0.6823022],"[[ 0.4578109  -0.21279424  0.70485634]
 [ 0.79841024  0.32636082 -0.06532574]
 [-0.04541639  0.8639727  -0.06152125]
 [-0.38844278  0.3189958   0.70365137]]","[[ 0.80850697 -0.04974649  0.58638024]
 [ 0.4455991   0.70260197 -0.55478996]
 [-0.384393    0.70984197  0.59022564]]"
20200224-110024.755498,22,[1.5817311 1.5565178 0.6788703],"[[-0.5017448  -0.03973677  0.7057546 ]
 [-0.62609226  0.59435606 -0.05739357]
 [ 0.3553658   0.789165   -0.05469446]
 [ 0.47955766  0.14960043  0.7040064 ]]","[[-0.7699147   0.2431031   0.59002745]
 [-0.16139996  0.8203525  -0.5486091 ]
 [ 0.61739904  0.5176126   0.59236455]]"
20200224-110024.755498,23,[1.5900843 1.5476637 0.6735112],"[[-0.50162286 -0.03549814  0.70621115]
 [-0.60946876  0.61201274 -0.04811096]
 [ 0.3769739   0.77989185 -0.04425986]
 [ 0.4845753   0.12629005  0.704977  ]]","[[-0.7628051   0.2582245   0.5928311 ]
 [-0.13948351  0.8295106  -0.5407927 ]
 [ 0.6314055   0.49520946  0.5967368 ]]"
20200224-110024.755498,24,[1.598388  1.5349889 0.6687089],"[[-0.5015158  -0.03276545  0.70654136]
 [-0.59452254  0.6270227  -0.03904945]
 [ 0.39567915  0.7712197  -0.03416726]
 [ 0.48832676  0.10482959  0.70576686]]","[[-0.7563054   0.2702022   0.5958129 ]
 [-0.12017478  0.8378482  -0.53251165]
 [ 0.64308643  0.4743431   0.6011977 ]]"
20200224-110024.755498,25,[1.6064907  1.5316219  0.66479033],"[[-0.50090325 -0.04344334  0.7063764 ]
 [-0.59914505  0.6230132  -0.03259582]
 [ 0.3900297   0.77439076 -0.02668961]
 [ 0.4878505   0.10142225  0.70658195]]","[[-0.7586841   0.2602867   0.59720165]
 [-0.12681825  0.8401672  -0.5272916 ]
 [ 0.638996    0.47578377  0.60441244]]"
20200224-110024.755498,26,[1.6141913 1.526196  0.6619376],"[[-0.50103354 -0.03625541  0.7066515 ]
 [-0.582818    0.6386362  -0.02665782]
 [ 0.41001263  0.7641681  -0.02088956]
 [ 0.49109903  0.08292554  0.7067507 ]]","[[-0.75115675  0.27645355  0.59944737]
 [-0.10536162  0.8462324  -0.52229285]
 [ 0.6516613   0.45548236  0.60652566]]"
20200224-110024.755498,27,[1.622055  1.5214138 0.6573042],"[[-0.50068074 -0.0350744   0.7069249 ]
 [-0.57113737  0.6494301  -0.01862099]
 [ 0.42387345  0.7567345  -0.01296242]
 [ 0.4934091   0.06605691  0.70692474]]","[[-0.74546707  0.28576362  0.6021779 ]
 [-0.09033976  0.8517817  -0.5160493 ]
 [ 0.66039217  0.4390984   0.60915923]]"
20200224-110024.755498,28,[1.6300733  1.521411   0.65401137],"[[-0.50039077 -0.03600275  0.7070552 ]
 [-0.5652815   0.6547034  -0.01312325]
 [ 0.4307098   0.7529354  -0.00752698]
 [ 0.494525    0.05617448  0.7069964 ]]","[[-0.7425423   0.2898107   0.6038548 ]
 [-0.08285706  0.85487694 -0.51217186]
 [ 0.6646544   0.4303429   0.61076945]]"
20200224-110024.755498,29,[1.6374625 1.5176705 0.6493916],"[[-0.49988526 -0.02012755  0.70769846]
 [-0.5335228   0.68134385 -0.00423874]
 [ 0.4661034   0.73124844 -0.00103227]
 [ 0.49821267  0.02531799  0.7065012 ]]","[[-0.72582424  0.32175833  0.607989  ]
 [-0.04214264  0.861399   -0.5061775 ]
 [ 0.6865881   0.3930181   0.6116646 ]]"
20200224-110024.755498,30,[1.6456311 1.517896  0.6461361],"[[-0.49967247 -0.02364366  0.7077145 ]
 [-0.53121334  0.683189    0.00099531]
 [ 0.46862587  0.7296264   0.00416559]
 [ 0.49852726  0.01842036  0.7064855 ]]","[[-0.724586    0.32166594  0.6095132 ]
 [-0.03930511  0.86367106 -0.50252134]
 [ 0.6880627   0.38807684  0.61316085]]"
20200224-110024.755498,31,[1.6543436 1.5170394 0.6429467],"[[-0.4997319  -0.04335595 -0.7068952 ]
 [-0.55105793  0.6670869  -0.00499904]
 [ 0.44697833  0.7432028  -0.01042917]
 [ 0.49680328  0.0276606  -0.70722395]]","[[-0.73547685  0.2964052  -0.6092765 ]
 [-0.06491184  0.864274    0.49881545]
 [ 0.6744333   0.4064165  -0.61641324]]"
20200224-110024.755498,32,[1.6625093 1.5218841 0.6393279],"[[-0.49956545 -0.04735167  0.7065874 ]
 [-0.54981357  0.66826224  0.00984064]
 [ 0.44841638  0.74208754  0.0151283 ]
 [ 0.49705333  0.02213099  0.70739585]]","[[-0.73490334  0.29594636  0.6101911 ]
 [-0.06336177  0.86585945 -0.49625888]
 [ 0.67520565  0.40336508  0.6175712 ]]"
20200224-110024.755498,33,[1.6713762  1.5191182  0.63543767],"[[-0.4992175  -0.05715388 -0.7062485 ]
 [-0.55490154  0.663773   -0.01544349]
 [ 0.44273025  0.74548894 -0.02177948]
 [ 0.49684602  0.019616   -0.7074601 ]]","[[-0.73768544  0.2864848  -0.6113481 ]
 [-0.07027303  0.86800724  0.4915536 ]
 [ 0.6714773   0.40557325 -0.6201842 ]]"
20200224-110024.755498,34,[1.6797104 1.5128889 0.6321111],"[[-0.49891967 -0.06528965 -0.7058623 ]
 [-0.55788094  0.66098857 -0.02098489]
 [ 0.43942443  0.7473868  -0.02831847]
 [ 0.4967436   0.01561907 -0.70747143]]","[[-0.7394275   0.27899653 -0.61270547]
 [-0.07447316  0.8706076   0.48630872]
 [ 0.66910446  0.40522018 -0.6229733 ]]"
20200224-110024.755498,35,[1.6886582 1.5031328 0.6274493],"[[ 0.4986591  -0.07427841 -0.7052839 ]
 [ 0.55923843  0.6594106  -0.02851684]
 [-0.4378832   0.7480579  -0.03696408]
 [-0.49684006  0.00838547 -0.7073866 ]]","[[ 0.7403984   0.27184486 -0.61474437]
 [ 0.07667331  0.87444305  0.4790311 ]
 [-0.66778094  0.40180838 -0.6265931 ]]"
20200224-110024.755498,36,[1.6974993 1.4966723 0.6216049],"[[ 0.49848226 -0.07887474 -0.70487833]
 [ 0.55357444  0.6637687  -0.0374602 ]
 [-0.44427437  0.74375284 -0.04571751]
 [-0.49768585 -0.00462667 -0.7068617 ]]","[[ 0.7375492   0.273099   -0.6176069 ]
 [ 0.06954552  0.87899446  0.47173333]
 [-0.67170286  0.39087826 -0.62930876]]"
20200224-110024.755498,37,[1.7057532 1.4883438 0.6170614],"[[ 0.4986068  -0.07749064 -0.70472735]
 [ 0.5411664   0.67365354 -0.04590953]
 [-0.45804927  0.73466694 -0.05264729]
 [-0.49871963 -0.02123912 -0.70603114]]","[[ 0.7310338   0.282388   -0.6211656 ]
 [ 0.05349758  0.8838224   0.46475402]
 [-0.68024087  0.37298176 -0.63099676]]"
20200224-110024.755498,38,[1.7141105 1.4862573 0.6128013],"[[ 0.4983095  -0.08151295 -0.70459515]
 [ 0.5383855   0.67529655 -0.05215928]
 [-0.4610795   0.73243207 -0.05878848]
 [-0.49923423 -0.02956155 -0.705244  ]]","[[ 0.7294168   0.2821549  -0.62316924]
 [ 0.05006579  0.88651097  0.45999095]
 [-0.68223506  0.36672452 -0.6325097 ]]"
20200224-110024.755498,39,[1.7225405 1.487394  0.6098633],"[[ 0.49835178 -0.08462524 -0.7040336 ]
 [ 0.53684217  0.6763803  -0.05635685]
 [-0.46279112  0.7308546  -0.06278779]
 [-0.49926972 -0.03464349 -0.7051374 ]]","[[ 0.7287578   0.28181264 -0.6240945 ]
 [ 0.04811512  0.88806474  0.4571938 ]
 [-0.6830793   0.3632118  -0.63362455]]"
20200224-110024.755498,40,[1.7304797 1.4902518 0.6051464],"[[-0.49825206 -0.08001231 -0.7044564 ]
 [-0.52240014  0.68719727 -0.0633928 ]
 [ 0.47820076  0.7202759  -0.06721382]
 [ 0.500167   -0.05060438 -0.7037083 ]]","[[-0.7204164   0.29574493 -0.6273237 ]
 [-0.02940871  0.8906818   0.4536751 ]
 [ 0.69291794  0.34528384 -0.6329644 ]]"
20200224-110024.755498,41,[1.7383652  1.4948852  0.60122097],"[[-0.49823964 -0.07961024 -0.70433736]
 [-0.515377    0.6921883  -0.06853296]
 [ 0.48554084  0.714804   -0.0710275 ]
 [ 0.5003938  -0.05993987 -0.7029708 ]]","[[-0.7163658   0.30191317 -0.62902206]
 [-0.02038663  0.8920908   0.45139635]
 [ 0.69742703  0.33618838 -0.63290834]]"
20200224-110024.755498,42,[1.7475051  1.4945929  0.59778166],"[[ 0.49806038 -0.08784462 -0.7036111 ]
 [ 0.52051556  0.6877661  -0.07265878]
 [-0.48021698  0.71800566 -0.07625337]
 [-0.50039124 -0.06106718 -0.70273584]]","[[ 0.71936893  0.29376855 -0.6294508 ]
 [ 0.027098    0.8936115   0.44802275]
 [-0.6940995   0.3393505  -0.63487566]]"
20200224-110024.755498,43,[1.755977   1.5002763  0.59461516],"[[ 0.49797216 -0.09086841 -0.7032837 ]
 [ 0.52006817  0.6877507  -0.0760264 ]
 [-0.4806814   0.7173265  -0.07953905]
 [-0.5004986  -0.06469268 -0.7023433 ]]","[[ 0.7191059   0.2933153  -0.629963  ]
 [ 0.0265673   0.89428365  0.44671148]
 [-0.6943927   0.33796915 -0.635292  ]]"
20200224-110024.755498,44,[1.765114   1.5024238  0.59252113],"[[ 0.49791694 -0.09736007 -0.7024555 ]
 [ 0.52529085  0.68352216 -0.07822232]
 [-0.47520128  0.72059953 -0.08279284]
 [-0.500332   -0.06367619 -0.70255476]]","[[ 0.7222978   0.2861486  -0.6296069 ]
 [ 0.03342151  0.89487994  0.44505382]
 [-0.690774    0.3425038  -0.6368063 ]]"
20200224-110024.755498,45,[1.7737317 1.5036243 0.5898088],"[[ 0.49772087 -0.10003193 -0.7023499 ]
 [ 0.52423537  0.6837673  -0.0817766 ]
 [-0.47632354  0.7195949  -0.08635654]
 [-0.5005666  -0.06810858 -0.7018261 ]]","[[ 0.7215775   0.2856826  -0.6306438 ]
 [ 0.03212742  0.8960973   0.4426936 ]
 [-0.6915878   0.33969855 -0.63742536]]"
20200224-110024.755498,46,[1.7822871 1.5064529 0.5855037],"[[ 0.49762484 -0.10435191 -0.70177394]
 [ 0.5234224   0.68380415 -0.08670179]
 [-0.4771766   0.71841174 -0.0911825 ]
 [-0.50070053 -0.07353435 -0.70120037]]","[[ 0.7211194   0.28457475 -0.6316677 ]
 [ 0.03113978  0.8975114   0.43989056]
 [-0.69211054  0.33688352 -0.63835126]]"
20200224-110024.755498,47,[1.7909971 1.504956  0.5816145],"[[ 0.4974319  -0.10848435 -0.70140696]
 [ 0.52218574  0.6839407  -0.09183002]
 [-0.47848594  0.71701586 -0.09631766]
 [-0.500934   -0.07965407 -0.7002274 ]]","[[ 0.720296    0.28324717 -0.6332021 ]
 [ 0.029611    0.8994457   0.43602842]
 [-0.6930345   0.33281925 -0.6394798 ]]"
20200224-110024.755498,48,[1.8004096  1.5092329  0.57793653],"[[ 0.49710402 -0.11575701 -0.700615  ]
 [ 0.52712816  0.67953926 -0.09505479]
 [-0.47328904  0.7200116  -0.10075986]
 [-0.50101984 -0.08006198 -0.6999648 ]]","[[ 0.7231349   0.2763312  -0.63302225]
 [ 0.03615412  0.90008503  0.43421188]
 [-0.68976015  0.33688    -0.6408924 ]]"
20200224-110024.755498,49,[1.8091904  1.5105308  0.57542557],"[[ 0.49693707 -0.11813369 -0.7004651 ]
 [ 0.5261769   0.6796815  -0.09821719]
 [-0.47430548  0.719039   -0.10395161]
 [-0.5012246  -0.08402754 -0.6992114 ]]","[[ 0.72247773  0.27597612 -0.6339269 ]
 [ 0.03496821  0.90112317  0.43215105]
 [-0.69050944  0.33438668 -0.64139116]]"
20200224-110024.755498,50,[1.8186872  1.5055298  0.57269716],"[[ 0.4967373  -0.12497776 -0.699544  ]
 [ 0.5297285   0.6762107  -0.10201599]
 [-0.4705452   0.7209203  -0.10893477]
 [-0.5012254  -0.0859867  -0.6988306 ]]","[[ 0.72463554  0.2688693  -0.6345175 ]
 [ 0.0397751   0.9028956   0.4280155 ]
 [-0.68798333  0.33539322 -0.6435761 ]]"
20200224-110024.755498,51,[1.8276672 1.50747   0.5702571],"[[ 0.49668658 -0.12718405 -0.69914603]
 [ 0.528675    0.67661154 -0.1050634 ]
 [-0.47171327  0.71970683 -0.11179878]
 [-0.50129056 -0.08968492 -0.6983253 ]]","[[ 0.7240666   0.2687865  -0.6352021 ]
 [ 0.03843251  0.9037894   0.42624858]
 [-0.6886587   0.3330447  -0.6440735 ]]"
20200224-110024.755498,52,[1.8366634  1.5019702  0.56694317],"[[ 0.49671757 -0.13102163 -0.6983696 ]
 [ 0.52694464  0.6771932  -0.11021063]
 [-0.47359636  0.7176562  -0.11678971]
 [-0.50130576 -0.0959828  -0.69749105]]","[[ 0.72317696  0.26735863 -0.63681597]
 [ 0.03624018  0.9060766   0.421559  ]
 [-0.6897114   0.32794005 -0.6455648 ]]"
20200224-110024.755498,53,[1.8461905 1.501781  0.5639284],"[[ 0.49660194 -0.13726059 -0.6972321 ]
 [ 0.5303387   0.67402166 -0.11349099]
 [-0.46998566  0.7192981  -0.12102532]
 [-0.50123984 -0.0972871  -0.6973811 ]]","[[ 0.72538143  0.261336   -0.636809  ]
 [ 0.04087489  0.9071413   0.41883633]
 [-0.6871327   0.32984546 -0.6473414 ]]"
20200224-110024.755498,54,[1.8549774  1.5052402  0.56000495],"[[ 0.4965131  -0.14074062 -0.69658166]
 [ 0.52955174  0.6739663  -0.11757553]
 [-0.47082117  0.7180484  -0.12496627]
 [-0.5013752  -0.1018237  -0.69665873]]","[[ 0.7249418   0.26074356 -0.63755196]
 [ 0.03991621  0.9081264   0.41678953]
 [-0.6876528   0.3275967  -0.6479308 ]]"
20200224-110024.755498,55,[1.8640661  1.4998814  0.55688524],"[[ 0.49656686 -0.14427148 -0.6957699 ]
 [ 0.5278227   0.6745152  -0.12243549]
 [-0.47270545  0.7159557  -0.12962553]
 [-0.50137264 -0.10780837 -0.6957812 ]]","[[ 0.7240578   0.25947842 -0.63907087]
 [ 0.03771728  0.910258    0.41232032]
 [-0.68870735  0.32264748 -0.64929247]]"
20200224-110024.755498,56,[1.87293    1.5006129  0.55399936],"[[ 0.4964095  -0.15018323 -0.6945992 ]
 [ 0.5312391   0.6713238  -0.12536594]
 [-0.46911576  0.7175851  -0.13358451]
 [-0.50129145 -0.10881761 -0.69567996]]","[[ 0.7262538   0.25378725 -0.6388643 ]
 [ 0.04235146  0.9110721   0.41006592]
 [-0.6861208   0.32486868 -0.65092117]]"
20200224-110024.755498,57,[1.8819342  1.5042121  0.55011606],"[[ 0.49646005 -0.15359195 -0.6936455 ]
 [ 0.53045756  0.6713854  -0.12935169]
 [-0.46998495  0.71614337 -0.1372802 ]
 [-0.50125456 -0.11309101 -0.6951821 ]]","[[ 0.7259639   0.25326422 -0.639401  ]
 [ 0.04136277  0.91196096  0.40818667]
 [-0.68648785  0.32277617 -0.651575  ]]"
20200224-110024.755498,58,[1.8916748  1.5041254  0.54739344],"[[ 0.49633756 -0.15903343 -0.6924839 ]
 [ 0.53338253  0.6685381  -0.13218339]
 [-0.4668537   0.7174283  -0.1410531 ]
 [-0.50119823 -0.11428935 -0.6950521 ]]","[[ 0.7279036   0.24798249 -0.6392661 ]
 [ 0.0454089   0.91282976  0.40580776]
 [-0.68417424  0.32441732 -0.65319157]]"
20200224-110024.755498,59,[1.9008069  1.5006907  0.54497486],"[[ 0.49608445 -0.16437006 -0.6915172 ]
 [ 0.53584176  0.665822   -0.13532451]
 [-0.46426287  0.7184242  -0.14525194]
 [-0.501232   -0.11632075 -0.6945452 ]]","[[ 0.72943527  0.24261701 -0.63957864]
 [ 0.04883659  0.9141323   0.4024638 ]
 [-0.6823041   0.32480624 -0.6549519 ]]"
20200224-110024.755498,60,[1.909736  1.5045052 0.5413937],"[[ 0.49599013 -0.16713455 -0.6908913 ]
 [ 0.53488547  0.6658969  -0.13888304]
 [-0.4652896   0.7170481  -0.1485258 ]
 [-0.50139517 -0.12037113 -0.6937727 ]]","[[ 0.7288942   0.24259272 -0.64020455]
 [ 0.0476536   0.9148697   0.40092674]
 [-0.6829659   0.3227413  -0.65528286]]"
20200224-110024.755498,61,[1.9189402  1.5068489  0.53720176],"[[ 0.49607164 -0.16771676 -0.69065726]
 [ 0.5298122   0.6689433  -0.14380611]
 [-0.47071457  0.71272004 -0.15199852]
 [-0.5016372  -0.1281268  -0.69224906]]","[[ 0.725806    0.24686728 -0.6420765 ]
 [ 0.04092597  0.9162373   0.39854023]
 [-0.68668103  0.31554052 -0.65490717]]"
20200224-110024.755498,62,[1.92759    1.5066735  0.53409874],"[[ 0.49649304 -0.16525984 -0.6907596 ]
 [ 0.5210501   0.6749237  -0.14879133]
 [-0.47998682  0.7058035  -0.1543515 ]
 [-0.5016116  -0.13787109 -0.6905708 ]]","[[ 0.72050345  0.25518873 -0.64478976]
 [ 0.02921162  0.9178323   0.39589262]
 [-0.692836    0.3040773  -0.6538467 ]]"
20200224-110024.755498,63,[1.9359924 1.5123833 0.5312315],"[[ 0.4966896  -0.16476656 -0.69056773]
 [ 0.5167777   0.6776994  -0.15191837]
 [-0.48445803  0.70219624 -0.15603702]
 [-0.5015384  -0.14316472 -0.6897028 ]]","[[ 0.7179236   0.25974864 -0.64584535]
 [ 0.02352892  0.91819173  0.3954368 ]
 [-0.6957241   0.29908943 -0.65308   ]]"
20200224-110024.755498,64,[1.944955   1.5144899  0.52932614],"[[ 0.49703225 -0.16126712 -0.6909791 ]
 [ 0.50857806  0.6832965  -0.1553261 ]
 [-0.49289843  0.6959309  -0.15689382]
 [-0.50135636 -0.15092762 -0.6883359 ]]","[[ 0.71278924  0.26823246 -0.64806074]
 [ 0.0126589   0.91891134  0.3942609 ]
 [-0.70126384  0.28922865 -0.6515947 ]]"
20200224-110024.755498,65,[1.9542456 1.5140743 0.5263047],"[[ 0.49687016 -0.16450834  0.69046134]
 [ 0.5083238   0.68254346  0.15878683]
 [-0.4931699   0.6950832   0.16044223]
 [-0.50150776 -0.1546941   0.6872467 ]]","[[ 0.71247673  0.26679742  0.6489961 ]
 [ 0.0123279   0.9199947  -0.39173663]
 [-0.7015873   0.28710392  0.65218586]]"
20200224-110024.755498,66,[1.9640986  1.5118922  0.52284944],"[[ 0.49680296 -0.17093755  0.6889325 ]
 [ 0.5116084   0.67925507  0.16237141]
 [-0.4898094   0.6963487   0.16509216]
 [-0.5015281  -0.15649724  0.68684196]]","[[ 0.71470517  0.260658    0.6490408 ]
 [ 0.01674576  0.92131925 -0.38844618]
 [-0.69922554  0.28849316  0.65410656]]"
20200224-110024.755498,67,[1.9736296 1.5073116 0.5202577],"[[ 0.4968286  -0.17444931  0.6880108 ]
 [ 0.5111648   0.6786844   0.16621193]
 [-0.49030235  0.69509035  0.16890346]
 [-0.501474   -0.16063912  0.6859202 ]]","[[ 0.71447057  0.25851995  0.65015346]
 [ 0.01616341  0.922888   -0.38472956]
 [-0.69947904  0.28538653  0.6551975 ]]"
20200224-110024.755498,68,[1.9830441  1.5072372  0.51727784],"[[ 0.49728125 -0.1729461   0.68775946]
 [ 0.5038526   0.6833198   0.17087306]
 [-0.49776974  0.6889338   0.17100537]
 [-0.5010682  -0.1689206   0.6845047 ]]","[[ 0.70992154  0.26505876  0.6524993 ]
 [ 0.00642115  0.9240016  -0.38233486]
 [-0.70425165  0.27561754  0.6542667 ]]"
20200224-110024.755498,69,[1.9922361 1.5085998 0.514999 ],"[[ 0.49672082 -0.18235448  0.6859882 ]
 [ 0.51406425  0.675202    0.17157453]
 [-0.4874016   0.6955469   0.17531225]
 [-0.5014441  -0.16451026  0.68501663]]","[[ 0.71644515  0.25245035  0.6503656 ]
 [ 0.02002459  0.92440647 -0.38088298]
 [-0.6973562   0.28590503  0.6572313 ]]"
20200224-110024.755498,70,[2.0010452 1.5102892 0.5127376],"[[ 0.49677244 -0.1821643   0.6859788 ]
 [ 0.51026887  0.6773123   0.17465802]
 [-0.4913286   0.6923179   0.1771215 ]
 [-0.5014373  -0.16958904  0.68378043]]","[[ 0.713932    0.25583553  0.65180457]
 [ 0.01497248  0.92507297 -0.37949413]
 [-0.70005494  0.28069225  0.65660876]]"
20200224-110024.755498,71,[2.010503   1.5171825  0.51086295],"[[ 0.49657756 -0.18315676  0.68598735]
 [ 0.51015663  0.6769595   0.17578031]
 [-0.49145165  0.6920816   0.17829297]
 [-0.5016236  -0.1708864   0.6831795 ]]","[[ 0.71368706  0.256488    0.6518163 ]
 [ 0.01483239  0.92480624 -0.3801492 ]
 [-0.7003074   0.28097564  0.656218  ]]"
20200224-110024.755498,72,[2.020181  1.5150565 0.5095553],"[[ 0.49660105 -0.18519978  0.68539894]
 [ 0.5098889   0.6765979   0.17802684]
 [-0.49176177  0.69128716  0.18051635]
 [-0.50156826 -0.17331505  0.68260413]]","[[ 0.713545    0.25523353  0.6524639 ]
 [ 0.01446706  0.9257145  -0.3779461 ]
 [-0.70045984  0.2791208   0.6568466 ]]"
20200224-110024.755498,73,[2.030269   1.5155153  0.50746673],"[[ 0.49656275 -0.1896941   0.6841877 ]
 [ 0.5129333   0.67382395  0.17983465]
 [-0.48863614  0.6927138   0.18345094]
 [-0.50155723 -0.17356576  0.6825631 ]]","[[ 0.7156498   0.25052065  0.65198547]
 [ 0.01856476  0.9263097  -0.3763054 ]
 [-0.6982126   0.2814068   0.6582623 ]]"
20200224-110024.755498,74,[2.0397844  1.5155306  0.50482506],"[[ 0.49673244 -0.19238164  0.6831407 ]
 [ 0.51241213  0.67358243  0.1829267 ]
 [-0.48919055  0.69139373  0.18625559]
 [-0.5013814  -0.17677867  0.68203074]]","[[ 0.71552676  0.24955194  0.6524915 ]
 [ 0.01790994  0.92715836 -0.37424132]
 [-0.6983555   0.2794658   0.65893716]]"
20200224-110024.755498,75,[2.050521  1.5145223 0.5021906],"[[ 0.49674958 -0.19506349  0.68235284]
 [ 0.51187134  0.6731571   0.18604214]
 [-0.48973605  0.69018054  0.18921298]
 [-0.5013841  -0.18016942  0.68116194]]","[[ 0.7152342   0.2483972   0.6532523 ]
 [ 0.01726017  0.9281436  -0.37182167]
 [-0.6986715   0.27721488  0.65955275]]"
20200224-110024.755498,76,[2.060483   1.5173879  0.49871048],"[[ 0.49679276 -0.19576825  0.6821148 ]
 [ 0.50840056  0.67475617  0.18975483]
 [-0.49326795  0.6869684   0.1916527 ]
 [-0.5014104  -0.1856151   0.6796923 ]]","[[ 0.71289     0.2513463   0.6546853 ]
 [ 0.01266208  0.9287976  -0.37037107]
 [-0.70116156  0.2723236   0.658948  ]]"
20200224-110024.755498,77,[2.0700972  1.5174783  0.49622822],"[[ 0.49663007 -0.1983502   0.6816179 ]
 [ 0.5082588   0.6739527   0.19245292]
 [-0.49342105  0.6862224   0.19445477]
 [-0.5015649  -0.18853182  0.6786354 ]]","[[ 0.7126394   0.25021926  0.6553895 ]
 [ 0.0124739   0.9295608  -0.3684578 ]
 [-0.70141965  0.27075285  0.6593203 ]]"
20200224-110024.755498,78,[2.0805535 1.5161887 0.495686 ],"[[ 0.4964392  -0.20160842  0.6809217 ]
 [ 0.5110991   0.6714446   0.19321786]
 [-0.49053362  0.68786794  0.19644755]
 [-0.5017004  -0.18802841  0.6785435 ]]","[[ 0.7144621   0.24590443  0.65503824]
 [ 0.01627681  0.93010986 -0.36692086]
 [-0.699485    0.272813    0.6605256 ]]"
20200224-110024.755498,79,[2.0897925  1.5138196  0.49401098],"[[ 0.49665627 -0.20198417  0.680489  ]
 [ 0.50780815  0.6731811   0.19645144]
 [-0.49394912  0.68472815  0.19836949]
 [-0.5014758  -0.19281283  0.67748874]]","[[ 0.7123735   0.24794476  0.65654194]
 [ 0.01183274  0.93113446 -0.36448413]
 [-0.7017009   0.26741755  0.6603816 ]]"
20200224-110024.755498,80,[2.0996952 1.5098387 0.4918908],"[[ 0.49666646 -0.20494145  0.67956746]
 [ 0.5075044   0.67249805  0.1996542 ]
 [-0.49429086  0.6835636   0.20148861]
 [-0.5014364  -0.1961785   0.6765561 ]]","[[ 0.7122027   0.24601993  0.6574509 ]
 [ 0.01144053  0.9323822  -0.3612932 ]
 [-0.7018808   0.26483554  0.6612304 ]]"
20200224-110024.755498,81,[2.1102324  1.5085739  0.48891982],"[[ 0.49647516 -0.21002758  0.67826855]
 [ 0.5101838   0.6695272   0.20235416]
 [-0.49157172  0.68449306  0.20541249]
 [-0.5015794  -0.19771332  0.67587745]]","[[ 0.7139417   0.24112919  0.6573766 ]
 [ 0.015048    0.9333335  -0.3586946 ]
 [-0.70004326  0.26597923  0.66271734]]"
20200224-110024.755498,82,[2.1199586  1.5130246  0.48631588],"[[ 0.49640727 -0.215699    0.67649657]
 [ 0.5154991   0.66521066  0.2032669 ]
 [-0.4861048   0.68741703  0.20846993]
 [-0.5015405  -0.19602758  0.6764431 ]]","[[ 0.71771765  0.23461479  0.65561974]
 [ 0.02227458  0.93331313 -0.35837227]
 [-0.695978    0.27181384  0.6646293 ]]"
20200224-110024.755498,83,[2.130296   1.5077013  0.48385057],"[[ 0.49666825 -0.21693921  0.6757352 ]
 [ 0.5119386   0.6668059   0.20762885]
 [-0.48978364  0.6837439   0.21132182]
 [-0.50134975 -0.20199408  0.67499304]]","[[ 0.71551913  0.23593709  0.65754557]
 [ 0.01754669  0.9348759  -0.35454112]
 [-0.6983728   0.2652187   0.6647817 ]]"
20200224-110024.755498,84,[2.1402938 1.5040885 0.4819009],"[[ 0.49669093 -0.21957453  0.67483795]
 [ 0.5115031   0.66623116  0.21062374]
 [-0.49025998  0.68249834  0.21419777]
 [-0.5013059  -0.20523003  0.67405576]]","[[ 0.71527296  0.23430167  0.65839744]
 [ 0.0169783   0.93601793 -0.35154244]
 [-0.69863886  0.26262727  0.66553026]]"
20200224-110024.755498,85,[2.1503096  1.502855   0.48100245],"[[ 0.49671027 -0.22105041  0.67432356]
 [ 0.51118743  0.66593874  0.2123646 ]
 [-0.49061236  0.6817242   0.21586026]
 [-0.5012639  -0.20715787  0.6734934 ]]","[[ 0.71509045  0.2334407   0.6589014 ]
 [ 0.01655504  0.9366714  -0.34981805]
 [-0.6988359   0.26105973  0.6659402 ]]"
20200224-110024.755498,86,[2.1594093  1.5091741  0.47902918],"[[ 0.49686843 -0.2239637   0.67309004]
 [ 0.51364917  0.6640005   0.21303721]
 [-0.4881011   0.68283576  0.2175168 ]
 [-0.50104254 -0.20658931  0.6739817 ]]","[[ 0.7170415   0.23092763  0.65766555]
 [ 0.01989927  0.9363583  -0.3504815 ]
 [-0.69674635  0.2643968   0.6668124 ]]"
20200224-110024.755498,87,[2.169462   1.5057529  0.47714216],"[[ 0.49688336 -0.22639659  0.6722238 ]
 [ 0.51305795  0.6635488   0.21598603]
 [-0.48873833  0.6814862   0.22023256]
 [-0.5010124  -0.20981927  0.6730249 ]]","[[ 0.7167048   0.2295179   0.6585255 ]
 [ 0.01915563  0.9374541  -0.3475816 ]
 [-0.69711375  0.26172787  0.66748106]]"
20200224-110024.755498,88,[2.1795459 1.5023812 0.4753068],"[[ 0.496901   -0.22882795  0.67135173]
 [ 0.5125395   0.66304386  0.21886559]
 [-0.48929882  0.68019205  0.22292127]
 [-0.50097865 -0.21295501  0.6720794 ]]","[[ 0.7164123   0.22804944  0.6593534 ]
 [ 0.0185066   0.9385254  -0.3447142 ]
 [-0.6974317   0.2591599   0.6681506 ]]"
20200224-110024.755498,89,[2.190175   1.5015626  0.47276205],"[[ 0.49692658 -0.23302874  0.6698528 ]
 [ 0.51460046  0.66072124  0.22115365]
 [-0.48717132  0.6805957   0.22618783]
 [-0.5009137  -0.21432339  0.67173463]]","[[ 0.7179741   0.22401251  0.65903825]
 [ 0.02135717  0.93926394 -0.3425305 ]
 [-0.69574213  0.26000324  0.6695829 ]]"
20200224-110024.755498,90,[2.2015216 1.4971608 0.471126 ],"[[ 0.4969927  -0.23534153  0.6689678 ]
 [ 0.5139808   0.6602812   0.223982  ]
 [-0.48779988  0.67923105  0.22881041]
 [-0.500873   -0.21746032  0.6707906 ]]","[[ 0.71764195  0.22242485  0.6599374 ]
 [ 0.02058174  0.9404366  -0.33934546]
 [-0.6961082   0.2571112   0.6703189 ]]"
20200224-110024.755498,91,[2.2122526  1.5007998  0.46830407],"[[ 0.4969748  -0.23889782  0.66768855]
 [ 0.51598376  0.6581675   0.2256913 ]
 [-0.4857259   0.6797855   0.23143521]
 [-0.50084645 -0.21825449  0.6705918 ]]","[[ 0.719149    0.21953239  0.65926504]
 [ 0.02337935  0.94059753 -0.3387179 ]
 [-0.6944626   0.25900182  0.67129725]]"
20200224-110024.755498,92,[2.22368    1.5009118  0.46633694],"[[ 0.49699453 -0.2407001   0.667011  ]
 [ 0.5154572   0.6578198   0.22794844]
 [-0.48625955  0.6786797   0.23347954]
 [-0.5008514  -0.2207505   0.6697931 ]]","[[ 0.71884674  0.21893117  0.6597945 ]
 [ 0.02272842  0.9412051  -0.33707067]
 [-0.69479716  0.2572982   0.6716062 ]]"
20200224-110024.755498,93,[2.2333658  1.505908   0.46423072],"[[ 0.49696636 -0.24191993  0.6665792 ]
 [ 0.51514983  0.657552    0.2294508 ]
 [-0.48655996  0.6779867   0.23478752]
 [-0.5009032  -0.22233728  0.6692525 ]]","[[ 0.71864784  0.21939439  0.6598569 ]
 [ 0.02235921  0.9411424  -0.33726975]
 [-0.6950144   0.25713208  0.6714446 ]]"
20200224-110024.755498,94,[2.243967   1.5014116  0.46215135],"[[ 0.49716252 -0.24291508  0.66591746]
 [ 0.5119741   0.6588381   0.23333247]
 [-0.4898349   0.6746583   0.23709011]
 [-0.5007732  -0.2275109   0.6677561 ]]","[[ 0.7166289   0.2206001   0.66164833]
 [ 0.01814639  0.94244313 -0.3338742 ]
 [-0.6972186   0.2512705   0.67137885]]"
20200224-110024.755498,95,[2.2536945  1.5084391  0.46111816],"[[ 0.49713776 -0.24305576  0.66589206]
 [ 0.51181287  0.65885216  0.23362511]
 [-0.48998275  0.6744817   0.23727188]
 [-0.5008176  -0.22784244  0.66761494]]","[[ 0.71651405  0.22174157  0.6613912 ]
 [ 0.01796099  0.9419536  -0.33526245]
 [-0.6973414   0.25209957  0.6709404 ]]"
20200224-110024.755498,96,[2.2639532  1.5053667  0.45955652],"[[ 0.4971478  -0.24523067  0.6650583 ]
 [ 0.51137704  0.6583064   0.23618813]
 [-0.4904535   0.67328525  0.23965341]
 [-0.5007925  -0.23061082  0.66669244]]","[[ 0.71625865  0.22036451  0.66212773]
 [ 0.01741782  0.94289035 -0.3326477 ]
 [-0.69761753  0.24979462  0.67151505]]"
20200224-110024.755498,97,[2.27458    1.506622   0.45762366],"[[ 0.49679676 -0.2500731   0.6637045 ]
 [ 0.5157703   0.6543642   0.2369931 ]
 [-0.4859608   0.67565835  0.2427464 ]
 [-0.5010152  -0.22968854  0.6666366 ]]","[[ 0.71916634  0.21445851  0.66091406]
 [ 0.02342058  0.94315493 -0.331527  ]
 [-0.6944432   0.253902    0.67326254]]"
20200224-110024.755498,98,[2.2841532 1.5092549 0.4563111],"[[ 0.4964149  -0.25272417  0.66319185]
 [ 0.5179104   0.6521892   0.23768127]
 [-0.48375785  0.6768107   0.24459459]
 [-0.5013179  -0.22958082  0.6662265 ]]","[[ 0.7203872   0.2117798   0.660448  ]
 [ 0.02634735  0.94319797 -0.3311852 ]
 [-0.6930716   0.25598264  0.6738878 ]]"
20200224-110024.755498,99,[2.2938993 1.5186604 0.4540262],"[[ 0.4963104  -0.2533334   0.6630365 ]
 [ 0.51769423  0.65205556  0.2385262 ]
 [-0.48396373  0.6764317   0.24518925]
 [-0.5014457  -0.23040392  0.66586024]]","[[ 0.7202058   0.2132672   0.66016734]
 [ 0.0261115   0.942571   -0.33298397]
 [-0.6932692   0.25705495  0.67327625]]"
20200224-110024.755498,100,[2.3047936 1.5151904 0.4525676],"[[ 0.49599522 -0.2583625   0.66149825]
 [ 0.52169067  0.6481974   0.23980299]
 [-0.47982094  0.6783119   0.2486787 ]
 [-0.5015968  -0.2301777   0.6656378 ]]","[[ 0.7228767   0.20667766  0.65934336]
 [ 0.03163946  0.9433174  -0.33038032]
 [-0.69025224  0.25968546  0.6753632 ]]"
20200224-110024.755498,101,[2.3151035  1.5142242  0.45211074],"[[ 0.49603057 -0.25919253  0.6611175 ]
 [ 0.5210404   0.64822495  0.24122426]
 [-0.48052508  0.67738074  0.24981864]
 [-0.5015641  -0.23190331  0.6650754 ]]","[[ 0.72251236  0.20638841  0.65983313]
 [ 0.03083435  0.9438322  -0.32898358]
 [-0.69067013  0.25804016  0.6755665 ]]"
20200224-110024.755498,102,[2.3248506  1.5138204  0.45164707],"[[ 0.49636775 -0.25699174  0.66149825]
 [ 0.5158815   0.65162116  0.24382994]
 [-0.48591214  0.67334783  0.24968404]
 [-0.50137275 -0.23653254  0.663796  ]]","[[ 0.719165    0.21146739  0.6618784 ]
 [ 0.0238862   0.94447637 -0.32770988]
 [-0.6944285   0.25148726  0.67418337]]"
20200224-110024.755498,103,[2.3358786  1.5151619  0.45054936],"[[ 0.49644673 -0.25946006  0.66044533]
 [ 0.5177063   0.6499316   0.24455471]
 [-0.48401353  0.6740265   0.2514258 ]
 [-0.50125    -0.23655319  0.6639199 ]]","[[ 0.72059375  0.20871787  0.6611969 ]
 [ 0.02642104  0.9446579  -0.32699144]
 [-0.69285387  0.25309753  0.67520005]]"
20200224-110024.755498,104,[2.3456867 1.524461  0.4483951],"[[ 0.4963616  -0.2600224   0.66028965]
 [ 0.5175748   0.64976925  0.24526599]
 [-0.48413074  0.67373043  0.2519543 ]
 [-0.5013574  -0.23722501  0.66361237]]","[[ 0.72046304  0.21015868  0.66088325]
 [ 0.02627174  0.9440217  -0.32883605]
 [-0.69299567  0.25427672  0.6746114 ]]"
20200224-110024.755498,105,[2.3558218  1.5254867  0.44683897],"[[ 0.4965597  -0.2613661   0.6594571 ]
 [ 0.517031    0.64967734  0.24710096]
 [-0.48470274  0.67259353  0.25345218]
 [-0.50116915 -0.23921767  0.66318876]]","[[ 0.72031593  0.2099712   0.6611029 ]
 [ 0.02559678  0.9443886  -0.32783413]
 [-0.6931737   0.25306624  0.67488337]]"
20200224-110024.755498,106,[2.3664787  1.5268134  0.44587183],"[[ 0.4965418  -0.26077244  0.6597163 ]
 [ 0.51440996  0.6510434   0.24894442]
 [-0.48738945  0.6704679   0.25392377]
 [-0.5012784  -0.24210133  0.6620601 ]]","[[ 0.71843225  0.21254833  0.66232777]
 [ 0.02209286  0.94471925 -0.32713512]
 [-0.6952459   0.24965712  0.67402095]]"
20200224-110024.755498,107,[2.375822   1.5334123  0.44454154],"[[ 0.49634507 -0.26270863  0.6591914 ]
 [ 0.51651096  0.64927524  0.24893227]
 [-0.4852175   0.6717298   0.25501713]
 [-0.5014198  -0.24125744  0.6621675 ]]","[[ 0.7197991   0.21093121  0.66136014]
 [ 0.02495551  0.9442397  -0.32831225]
 [-0.6937336   0.25282347  0.674399  ]]"
20200224-110024.755498,108,[2.3858376  1.5307939  0.44324133],"[[ 0.49666557 -0.26157066  0.6591709 ]
 [ 0.51149845  0.65213716  0.25245512]
 [-0.49039853  0.66741216  0.25581974]
 [-0.50120044 -0.2466955   0.6605424 ]]","[[ 0.71651137  0.21506019  0.66359663]
 [ 0.01822831  0.94519305 -0.32600263]
 [-0.6973372   0.24568082  0.6733214 ]]"
20200224-110024.755498,109,[2.3960423  1.5319195  0.44175562],"[[ 0.4968706  -0.26292557  0.65833884]
 [ 0.5111127   0.65193355  0.25415272]
 [-0.4907988   0.66640735  0.25728142]
 [-0.5009992  -0.24850413  0.6601534 ]]","[[ 0.71645445  0.21475837  0.6637561 ]
 [ 0.01774722  0.9455203  -0.32507944]
 [-0.6974082   0.24468437  0.6736106 ]]"
20200224-110024.755498,110,[2.4049797  1.5388045  0.44050312],"[[ 0.49697727 -0.26185045  0.65858984]
 [ 0.50874215  0.65345114  0.25528908]
 [-0.4932119   0.6645961   0.25706837]
 [-0.5009363  -0.25049552  0.6595474 ]]","[[ 0.71484697  0.21836148  0.6643133 ]
 [ 0.01457409  0.94513625 -0.32635134]
 [-0.6991292   0.24297298  0.67244524]]"
20200224-110024.755498,111,[2.4165003 1.53599   0.4398197],"[[ 0.49686787 -0.26470897  0.6576113 ]
 [ 0.51060176  0.6514686   0.25640175]
 [-0.49132198  0.6652369   0.25926718]
 [-0.5010097  -0.25095296  0.65923154]]","[[ 0.7161259   0.21473354  0.66411847]
 [ 0.01712181  0.9458074  -0.3242764 ]
 [-0.6977612   0.24359365  0.67364055]]"
20200224-110024.755498,112,[2.427734   1.5380411  0.43899506],"[[ 0.4970061  -0.26407084  0.6576554 ]
 [ 0.50818396  0.6528437   0.25801155]
 [-0.49378955  0.663191    0.2595263 ]
 [-0.5009055  -0.25345486  0.65845704]]","[[ 0.71450746  0.21724494  0.6650443 ]
 [ 0.01389083  0.9459761  -0.3239388 ]
 [-0.6994901   0.24069467  0.6728893 ]]"
20200224-110024.755498,113,[2.438999   1.5333587  0.43741703],"[[ 0.4971478  -0.2650415   0.65703726]
 [ 0.50565237  0.65362555  0.26132527]
 [-0.49635917  0.6603938   0.2614237 ]
 [-0.50078654 -0.25769472  0.65701514]]","[[ 0.71282464  0.21790728  0.6666315 ]
 [ 0.01054675  0.94706994 -0.320854  ]
 [-0.70126307  0.23574345  0.67279667]]"
20200224-110024.755498,114,[2.4500248  1.5414003  0.43503016],"[[ 0.49704415 -0.2645592   0.6573483 ]
 [ 0.50343287  0.65466684  0.2629011 ]
 [-0.4985775   0.6586131   0.26176283]
 [-0.5009225  -0.2600931   0.6559398 ]]","[[ 0.71111757  0.22137679  0.6673111 ]
 [ 0.00760034  0.94665873 -0.32214817]
 [-0.70303196  0.23415706  0.67150325]]"
20200224-110024.755498,115,[2.461587   1.54058    0.43535644],"[[ 0.49694374 -0.26647657  0.6567467 ]
 [ 0.50545245  0.652986    0.26293272]
 [-0.4965479   0.65976834  0.26299244]
 [-0.5010042  -0.2594331   0.6560377 ]]","[[ 0.7124937   0.21838509  0.66682875]
 [ 0.01030033  0.9469762  -0.3211386 ]
 [-0.7016028   0.23567775  0.67246515]]"
20200224-110024.755498,116,[2.4715145 1.5393704 0.4346172],"[[ 0.4968299  -0.26926887  0.65577424]
 [ 0.50744015  0.65096956  0.2638691 ]
 [-0.49457228  0.6605202   0.2651196 ]
 [-0.50106156 -0.25970387  0.655778  ]]","[[ 0.71383953  0.21508381  0.66646236]
 [ 0.01294575  0.9474533  -0.3196325 ]
 [-0.70018965  0.2367942   0.6735452 ]]"
20200224-110024.755498,117,[2.4821925  1.5365491  0.43351775],"[[ 0.4968386  -0.2710984   0.65499324]
 [ 0.507179    0.65035284  0.2659372 ]
 [-0.4948564   0.65951794  0.26706082]
