Timestamp,Epoch,s,u,v
20200222-072737.903974,0,[1.3926586  1.0203184  0.15977378],"[[ 0.51519066 -0.13102378  0.26423872]
 [-0.7264553   0.18356611 -0.29630145]
 [ 0.21133503  0.9741567   0.07967682]
 [ 0.40271428 -0.01246211 -0.9143493 ]]","[[ 0.8556109   0.48567706 -0.17901868]
 [-0.13091037  0.5376442   0.8329473 ]
 [-0.5007917   0.68924344 -0.5235944 ]]"
20200222-072737.903974,1,[1.3934197  1.0222509  0.15998335],"[[ 0.51456255 -0.12490958  0.26609027]
 [-0.73143464  0.16854544 -0.29548666]
 [ 0.1952333   0.9777127   0.07720276]
 [ 0.40263212 -0.00826652 -0.9142883 ]]","[[ 0.8457587   0.5027077  -0.17882209]
 [-0.14216566  0.535345    0.83258295]
 [-0.5142775   0.67874193 -0.52424043]]"
20200222-072737.903974,2,[1.3943672  1.0271794  0.16017905],"[[ 0.51364714 -0.12025032  0.2678627 ]
 [-0.7354605   0.15608174 -0.2947558 ]
 [ 0.18192644  0.98038685  0.07561341]
 [ 0.4027002  -0.00447    -0.91413975]]","[[ 0.83727044  0.51679    -0.17862365]
 [-0.1516097   0.5332842   0.8322394 ]
 [-0.5253503   0.66972846 -0.52485347]]"
20200222-072737.903974,3,[1.3963995  1.0275162  0.16039008],"[[ 0.512515   -0.1188139   0.27007073]
 [-0.7378684   0.14729445 -0.29435247]
 [ 0.17429341  0.98192286  0.07322081]
 [ 0.4031132  -0.00388202 -0.91381454]]","[[ 0.83247584  0.52451545 -0.17851505]
 [-0.15694201  0.5322281   0.8319269 ]
 [-0.53136927  0.66454256 -0.5253857 ]]"
20200222-072737.903974,4,[1.3980863  1.0281885  0.16058527],"[[ 0.51144344 -0.11656497  0.2720453 ]
 [-0.7405935   0.13734153 -0.29389516]
 [ 0.1647406   0.98363954  0.07162871]
 [ 0.40349415 -0.00177134 -0.9135022 ]]","[[ 0.8263295   0.53422254 -0.17828609]
 [-0.1635945   0.5306037   0.8316831 ]
 [-0.5389032   0.6580776  -0.5258492 ]]"
20200222-072737.903974,5,[1.3987279  1.0280988  0.16078436],"[[ 0.5109003  -0.10738346  0.2735511 ]
 [-0.7460553   0.11691205 -0.29280925]
 [ 0.14151978  0.9873024   0.06985047]
 [ 0.40293252  0.00586267 -0.9135389 ]]","[[ 0.8108308   0.5575958  -0.177878  ]
 [-0.17928676  0.52593845  0.8314114 ]
 [-0.5571444   0.64224285 -0.52641654]]"
20200222-072737.903974,6,[1.4013988  1.0321671  0.16097717],"[[ 0.50958455 -0.10739759  0.2758262 ]
 [-0.7474709   0.11092767 -0.29244265]
 [ 0.13685258  0.9879903   0.06839199]
 [ 0.40358743  0.00603186 -0.91308266]]","[[ 0.8076642   0.5621995  -0.17779326]
 [-0.18267229  0.5252623   0.831102  ]
 [-0.5606332   0.6387733  -0.5269338 ]]"
20200222-072737.903974,7,[1.4034137 1.032723  0.1611842],"[[ 0.5086644  -0.10236131  0.2777745 ]
 [-0.750747    0.09654345 -0.29168627]
 [ 0.12169261  0.9899998   0.06646949]
 [ 0.40352207  0.01009013 -0.91287565]]","[[ 0.7971929   0.5770307  -0.17753598]
 [-0.19286965  0.5220735   0.83080715]
 [-0.5720881   0.62807226 -0.527485  ]]"
20200222-072737.903974,8,[1.4060291  1.0282776  0.16139328],"[[ 0.507673   -0.09789326  0.27985165]
 [-0.7537288   0.08189651 -0.29090005]
 [ 0.10687266  0.9917299   0.06404891]
 [ 0.4034095   0.01347693 -0.91266537]]","[[ 0.7867251   0.5913117  -0.17723995]
 [-0.20275036  0.51870733  0.830563  ]
 [-0.5830573   0.6174894  -0.5279688 ]]"
20200222-072737.903974,9,[1.4085153  1.0268482  0.16159181],"[[ 0.5065469  -0.09451883  0.28179136]
 [-0.7561504   0.06942987 -0.29022476]
 [ 0.09425566  0.99295676  0.06257236]
 [ 0.40343887  0.01682048 -0.91238594]]","[[ 0.7775246   0.603454   -0.17691492]
 [-0.21126132  0.5156365   0.83035403]
 [-0.5923043   0.60824543 -0.52840644]]"
20200222-072737.903974,10,[1.4111646  1.0327129  0.16179584],"[[ 0.5053569  -0.08985222  0.2838417 ]
 [-0.7585739   0.05686061 -0.28936353]
 [ 0.08065029  0.99411434  0.06123412]
 [ 0.40333042  0.0207392  -0.9121147 ]]","[[ 0.7673998   0.6163246  -0.17675222]
 [-0.22035927  0.5124027   0.82999104]
 [-0.60211223  0.59798604 -0.5290306 ]]"
20200222-072737.903974,11,[1.4144925  1.0279102  0.16200532],"[[ 0.5041377  -0.08701715  0.2859929 ]
 [-0.7605685   0.04433044 -0.2886387 ]
 [ 0.06856872  0.99494934  0.05914633]
 [ 0.40333495  0.02321296 -0.91181016]]","[[ 0.7581517   0.62775683 -0.17642923]
 [-0.22849965  0.5091697   0.8297797 ]
 [-0.61073226  0.5887848  -0.5294701 ]]"
20200222-072737.903974,12,[1.4176075 1.0281224 0.1621923],"[[ 0.5029098  -0.08250683  0.28784817]
 [-0.76272875  0.0303055  -0.28781924]
 [ 0.05353878  0.99573517  0.05827091]
 [ 0.40306368  0.02802994 -0.91154176]]","[[ 0.7464991   0.6416749  -0.17604676]
 [-0.23840863  0.50495166  0.8295694 ]
 [-0.62120897  0.57730156 -0.5299269 ]]"
20200222-072737.903974,13,[1.4208418  1.0283282  0.16238497],"[[ 0.50160426 -0.08245207  0.29005027]
 [-0.7637215   0.02320641 -0.2873452 ]
 [ 0.04757288  0.99590284  0.05723944]
 [ 0.40355837  0.02900084 -0.91105825]]","[[ 0.7417398   0.64723736 -0.17580132]
 [-0.2425889   0.5032815   0.8293724 ]
 [-0.62527823  0.572531   -0.5303165 ]]"
20200222-072737.903974,14,[1.4240649  1.0273094  0.16256739],"[[ 0.50029606 -0.08370471  0.29219285]
 [-0.76445585  0.01773864 -0.28700304]
 [ 0.04370023  0.9958963   0.05662348]
 [ 0.40422902  0.02948002 -0.91051984]]","[[ 0.7385521   0.65095526 -0.17549388]
 [-0.24548829  0.5020827   0.8292457 ]
 [-0.6279143   0.5693593  -0.5306161 ]]"
20200222-072737.903974,15,[1.4279374  1.0274037  0.16275077],"[[ 0.49900785 -0.08006352  0.2941127 ]
 [-0.7661014   0.0048498  -0.28615844]
 [ 0.0301278   0.99620473  0.05591451]
 [ 0.4039452   0.03380184 -0.9102115 ]]","[[ 0.72755915  0.6633198  -0.17511266]
 [-0.25443628  0.4979406   0.8290461 ]
 [-0.63711834  0.558625   -0.5310539 ]]"
20200222-072737.903974,16,[1.4313096  1.0260066  0.16295414],"[[ 0.49765596 -0.0788596   0.29614007]
 [-0.7672139  -0.00458393 -0.28554568]
 [ 0.02129662  0.99622804  0.0549269 ]
 [ 0.40406424  0.0359144  -0.90980643]]","[[ 0.7201131   0.67148656 -0.17476512]
 [-0.2604945   0.4950862   0.8288741 ]
 [-0.64310163  0.55135775 -0.5314366 ]]"
20200222-072737.903974,17,[1.4354874  1.0315598  0.16313869],"[[ 0.49633485 -0.07433891  0.29803514]
 [-0.76857835 -0.01749807 -0.2846339 ]
 [ 0.00690902  0.9962344   0.05470998]
 [ 0.40359777  0.04104397 -0.9094864 ]]","[[ 0.70825547  0.68405586 -0.17447568]
 [-0.26970863  0.49059284  0.8285988 ]
 [-0.6524044   0.539802   -0.53196084]]"
20200222-072737.903974,18,[1.4388493  1.0270816  0.16334157],"[[ 0.49498767 -0.07695353  0.30027637]
 [-0.7690193  -0.02170761 -0.2843643 ]
 [ 0.00513346  0.9959848   0.05374671]
 [ 0.40443864  0.04026491 -0.9088909 ]]","[[ 0.7063152   0.6861523  -0.17410906]
 [-0.27152318  0.4897348   0.82851386]
 [-0.65375394  0.5379172  -0.5322134 ]]"
20200222-072737.903974,19,[1.4425062 1.024057  0.1635329],"[[ 4.9362922e-01 -7.7529766e-02  3.0231860e-01]
 [-7.6971322e-01 -2.8789850e-02 -2.8390902e-01]
 [-7.1724912e-04  9.9570721e-01  5.3249326e-02]
 [ 4.0481025e-01  4.1563559e-02 -9.0838528e-01]]","[[ 0.70099014  0.6917002  -0.17367727]
 [-0.27578682  0.48749775  0.8284248 ]
 [-0.6576889   0.5328195  -0.532493  ]]"
20200222-072737.903974,20,[1.4471383  1.0203911  0.16373341],"[[ 0.49217346 -0.07563948  0.30444434]
 [-0.7706616  -0.03987113 -0.28306913]
 [-0.01143849  0.99535656  0.05212171]
 [ 0.4046175   0.04420464 -0.9080029 ]]","[[ 0.69135946  0.7014301  -0.17325702]
 [-0.2830774   0.4835959   0.8282525 ]
 [-0.6647476   0.52357507 -0.53289765]]"
20200222-072737.903974,21,[1.450111   1.0207229  0.16394195],"[[ 0.49085227 -0.07702525  0.30657235]
 [-0.77110136 -0.04466851 -0.28275532]
 [-0.01477084  0.9950305   0.05168002]
 [ 0.40527594  0.04456603 -0.90740967]]","[[ 0.68820864  0.7046001  -0.17293794]
 [-0.28568     0.48228914  0.82812095]
 [-0.66690016  0.5205151  -0.53320575]]"
20200222-072737.903974,22,[1.454541  1.0194284 0.1641407],"[[ 0.48949608 -0.0771013   0.30879748]
 [-0.77165383 -0.05208992 -0.282168  ]
 [-0.02115686  0.99460614  0.05094839]
 [ 0.40558136  0.0458308  -0.906879  ]]","[[ 0.682288    0.7104204  -0.17258641]
 [-0.2902116   0.4798595   0.8279566 ]
 [-0.6710145   0.5148183  -0.5335746 ]]"
20200222-072737.903974,23,[1.4592383  1.0147499  0.16433385],"[[ 0.48801672 -0.07703897  0.310894  ]
 [-0.7723205  -0.06058298 -0.28147978]
 [-0.02865123  0.99404925  0.05029645]
 [ 0.40563527  0.04754905 -0.9064129 ]]","[[ 0.6750371   0.7174315  -0.17209701]
 [-0.29560804  0.47672603  0.8278577 ]
 [-0.67597413  0.5079612  -0.53388625]]"
20200222-072737.903974,24,[1.4633853 1.0130588 0.164539 ],"[[ 0.48662016 -0.07742925  0.3130852 ]
 [-0.7727912  -0.06748454 -0.2809371 ]
 [-0.03445273  0.99352014  0.04968961]
 [ 0.40596467  0.04866599 -0.9058604 ]]","[[ 0.6694184   0.7227695  -0.17170715]
 [-0.2998203   0.47432908  0.82771957]
 [-0.67969614  0.5026093  -0.5342256 ]]"
20200222-072737.903974,25,[1.4667531  1.0092597  0.16474769],"[[ 0.48530015 -0.08108725  0.315349  ]
 [-0.7730846  -0.06973097 -0.28076085]
 [-0.03405005  0.9931382   0.0491623 ]
 [ 0.40701926  0.04731983 -0.9051582 ]]","[[ 0.6691284   0.72313493 -0.17129833]
 [-0.30041388  0.47403884  0.8276706 ]
 [-0.6797197   0.5023574  -0.5344326 ]]"
20200222-072737.903974,26,[1.4713413  1.0082353  0.16494887],"[[ 0.4839491  -0.08187335  0.3175816 ]
 [-0.7734778  -0.07595558 -0.28023592]
 [-0.03906749  0.99257344  0.04870366]
 [ 0.40742987  0.0482287  -0.9045653 ]]","[[ 0.66416895  0.7277815  -0.17092036]
 [-0.3041423   0.47190443  0.82752866]
 [-0.6829181   0.4976348  -0.53477347]]"
20200222-072737.903974,27,[1.4749595  1.0056044  0.16516808],"[[ 0.48260868 -0.08463574  0.31994912]
 [-0.7737734  -0.07917598 -0.27994552]
 [-0.04000244  0.99213976  0.04794167]
 [ 0.4083667   0.04718719 -0.903861  ]]","[[ 0.6627331   0.7291729  -0.17056318]
 [-0.30550277  0.4712113   0.8274223 ]
 [-0.68370533  0.49625272 -0.53505164]]"
20200222-072737.903974,28,[1.4768324  1.0071547  0.16538928],"[[ 0.48151296 -0.08957202  0.3223052 ]
 [-0.77375877 -0.07769058 -0.28019392]
 [-0.03561206  0.99193794  0.04787146]
 [ 0.410091    0.04472489 -0.90295047]]","[[ 0.6665873   0.72571087 -0.1703093 ]
 [-0.30330488  0.4727565   0.8273497 ]
 [-0.6809315   0.49984512 -0.5352451 ]]"
20200222-072737.903974,29,[1.4812084  1.006161   0.16559483],"[[ 0.48014235 -0.09032845  0.3245521 ]
 [-0.77412957 -0.08365274 -0.27971295]
 [-0.04050545  0.9913393   0.0475767 ]
 [ 0.4105442   0.04571284 -0.9023099 ]]","[[ 0.66172284  0.7302451  -0.16989799]
 [-0.30695754  0.47061512  0.8272235 ]
 [-0.68403244  0.4952411  -0.5355709 ]]"
20200222-072737.903974,30,[1.4862221  1.0068357  0.16580933],"[[ 0.47876823 -0.09019265  0.32688093]
 [-0.77447486 -0.09055285 -0.2790878 ]
 [-0.04670597  0.9906834   0.04705405]
 [ 0.41083863  0.04702902 -0.9016898 ]]","[[ 0.65569276  0.7357412  -0.16956411]
 [-0.31134588  0.46807355  0.8270253 ]
 [-0.6878452   0.48948136 -0.5359824 ]]"
20200222-072737.903974,31,[1.4904039  1.0097723  0.16602278],"[[ 0.47752896 -0.09117447  0.3292319 ]
 [-0.77464193 -0.09499692 -0.2787457 ]
 [-0.05014687  0.9901485   0.04691209]
 [ 0.4115594   0.04763028 -0.9009476 ]]","[[ 0.6524412   0.7386897  -0.16928656]
 [-0.31386942  0.46671093  0.82684153]
 [-0.6897871   0.4863317  -0.53635365]]"
20200222-072737.903974,32,[1.4954969  1.0104256  0.16623525],"[[ 0.47615802 -0.0912818   0.3315658 ]
 [-0.77492404 -0.10152314 -0.27813345]
 [-0.05592068  0.989431    0.04650362]
 [ 0.41187245  0.04885378 -0.9003018 ]]","[[ 0.64671576  0.7437855  -0.16894267]
 [-0.31798533  0.46425107  0.8266537 ]
 [-0.69328475  0.48088875 -0.5367515 ]]"
20200222-072737.903974,33,[1.4971467  1.012173   0.16645917],"[[ 0.4750819  -0.09633753  0.33386645]
 [-0.7749655  -0.09957506 -0.2784519 ]
 [-0.05115428  0.9892666   0.04669488]
 [ 0.4136531   0.04643029 -0.8993426 ]]","[[ 0.65100056  0.7401036  -0.16865627]
 [-0.31558958  0.46596393  0.82660806]
 [-0.6903633   0.48489606 -0.53691185]]"
20200222-072737.903974,34,[1.5011063  1.0099481  0.16665448],"[[ 0.47375503 -0.09881999  0.3358527 ]
 [-0.77530015 -0.10322712 -0.2782096 ]
 [-0.05323623  0.9886267   0.04712087]
 [ 0.41428477  0.0468642  -0.89865565]]","[[ 0.6484183   0.7424883  -0.16812208]
 [-0.31765336  0.4645754   0.8265992 ]
 [-0.6918456   0.48257747 -0.537093  ]]"
20200222-072737.903974,35,[1.5058635  1.0091769  0.16685688],"[[ 0.4724186  -0.10027833  0.33809346]
 [-0.77558637 -0.10799403 -0.27776363]
 [-0.05676519  0.98794085  0.04711032]
 [ 0.4148066   0.04748081 -0.89795375]]","[[ 0.6446128   0.745891   -0.16769399]
 [-0.3205042   0.46280107  0.8264941 ]
 [-0.69408333  0.47902194 -0.53738856]]"
20200222-072737.903974,36,[1.5098153  1.0103707  0.16704096],"[[ 0.4712326  -0.10217869  0.3399403 ]
 [-0.7758015  -0.111697   -0.27759865]
 [-0.05955778  0.987267    0.04818083]
 [ 0.41536105  0.04886002 -0.89725035]]","[[ 0.64167553  0.74853325 -0.16718432]
 [-0.32275233  0.46126997  0.826475  ]
 [-0.695761    0.47636974 -0.5375765 ]]"
20200222-072737.903974,37,[1.5132169 1.0116109 0.1672506],"[[ 0.4700491  -0.10460262  0.34200972]
 [-0.77594405 -0.11430144 -0.27754068]
 [-0.0607555   0.98670447  0.04868552]
 [ 0.41626158  0.04906706 -0.89645445]]","[[ 0.64029115  0.74981135 -0.16676371]
 [-0.3240164   0.46049023  0.8264152 ]
 [-0.69644856  0.4751121  -0.5377991 ]]"
20200222-072737.903974,38,[1.5193838 1.0133822 0.1674319],"[[ 0.46873215 -0.10289759  0.34378147]
 [-0.7761593  -0.12388465 -0.27679488]
 [-0.07112738  0.98550487  0.04959271]
 [ 0.41570157  0.05333983 -0.8959576 ]]","[[ 0.6301006   0.75851715 -0.16620773]
 [-0.33080763  0.4558606   0.82629144]
 [-0.70252377  0.465664   -0.5381614 ]]"
20200222-072737.903974,39,[1.5236162  1.0159291  0.16762927],"[[ 0.4675343  -0.10390423  0.34569925]
 [-0.77629447 -0.12854625 -0.27651733]
 [-0.07526411  0.984708    0.05042415]
 [ 0.4160697   0.05504411 -0.8952586 ]]","[[ 0.62591547  0.7620717  -0.16576053]
 [-0.33377314  0.45384973  0.8262058 ]
 [-0.7048584   0.46180853 -0.5384306 ]]"
20200222-072737.903974,40,[1.5261502 1.0194638 0.16784  ],"[[ 0.46651307 -0.10743997  0.347808  ]
 [-0.776337   -0.12851763 -0.27674168]
 [-0.07349606  0.9843697   0.05122694]
 [ 0.4174503   0.05436937 -0.89432627]]","[[ 0.6276067   0.76075405 -0.16541772]
 [-0.33309963  0.4544386   0.8261539 ]
 [-0.703672    0.4633991  -0.5386157 ]]"
20200222-072737.903974,41,[1.5305032  1.0259347  0.16804095],"[[ 0.46549532 -0.10804747  0.34995177]
 [-0.776239   -0.13250507 -0.2765691 ]
 [-0.07725308  0.98368025  0.05209175]
 [ 0.41808987  0.0560463  -0.89349306]]","[[ 0.62431914  0.7635176  -0.16512533]
 [-0.33550334  0.45297238  0.82598644]
 [-0.7054524   0.46027908 -0.53896207]]"
20200222-072737.903974,42,[1.53507    1.0251796  0.16824701],"[[ 0.46420226 -0.1100499   0.3520694 ]
 [-0.77642846 -0.13625589 -0.27631703]
 [-0.07976053  0.9829149   0.05250236]
 [ 0.41870496  0.05658011 -0.892715  ]]","[[ 0.6213186   0.7660694  -0.16462351]
 [-0.33774707  0.45141488  0.82592475]
 [-0.7070292   0.45756125 -0.53921014]]"
20200222-072737.903974,43,[1.5404446  1.0224375  0.16846149],"[[ 0.46271494 -0.11140103  0.3541942 ]
 [-0.7767495  -0.14154622 -0.27579707]
 [-0.08396528  0.9819667   0.05258159]
 [ 0.41893324  0.05741264 -0.89203024]]","[[ 0.616274    0.77025235 -0.16406642]
 [-0.3412304   0.44892514  0.82585   ]
 [-0.7097664   0.4529655  -0.5394944 ]]"
20200222-072737.903974,44,[1.5431365  1.0222576  0.16866715],"[[ 0.46149862 -0.11525926  0.35610428]
 [-0.77703017 -0.141861   -0.275939  ]
 [-0.08242159  0.98151135  0.05350712]
 [ 0.42005938  0.05680009 -0.89117026]]","[[ 0.6172494   0.7695804  -0.16355239]
 [-0.34101     0.44902864  0.82588476]
 [-0.7090244   0.45400384 -0.5395972 ]]"
20200222-072737.903974,45,[1.549637   1.0278535  0.16885497],"[[ 0.46037093 -0.1136864   0.35803872]
 [-0.7768757  -0.14974062 -0.275388  ]
 [-0.09131145  0.9802841   0.05468483]
 [ 0.41974407  0.06079698 -0.8904939 ]]","[[ 0.60866296  0.77648026 -0.16311896]
 [-0.3465482   0.44510925  0.82570106]
 [-0.71374625  0.44604498 -0.5400094 ]]"
20200222-072737.903974,46,[1.5540679  1.0267651  0.16906716],"[[ 0.45905197 -0.11607134  0.3600992 ]
 [-0.7771009  -0.15281399 -0.2751891 ]
 [-0.09302841  0.97951597  0.0551664 ]
 [ 0.42039368  0.06102309 -0.8896944 ]]","[[ 0.606238    0.7784857  -0.16258965]
 [-0.34838775  0.44374585  0.82566077]
 [-0.7149135   0.4439028  -0.5402305 ]]"
20200222-072737.903974,47,[1.5595437  1.0294698  0.16923119],"[[ 0.45796508 -0.11703753  0.36182338]
 [-0.7771045  -0.15760988 -0.27494752]
 [-0.09776162  0.9784716   0.05684433]
 [ 0.42049888  0.06367866 -0.8889639 ]]","[[ 0.60134065  0.7823922  -0.16202511]
 [-0.35164306  0.44124728  0.82562   ]
 [-0.71745163  0.43950373 -0.5404626 ]]"
20200222-072737.903974,48,[1.5631407 1.0312905 0.1694428],"[[ 0.45682728 -0.12013045  0.36393428]
 [-0.77723145 -0.15855394 -0.27503267]
 [-0.09719409  0.9779669   0.05761298]
 [ 0.42163152  0.06332192 -0.8880257 ]]","[[ 0.6015931   0.7822865  -0.16159706]
 [-0.3518868   0.44114572  0.8255702 ]
 [-0.71712035  0.43979344 -0.5406666 ]]"
20200222-072737.903974,49,[1.5679955  1.0354576  0.16967566],"[[ 0.4556863  -0.12088309  0.36631218]
 [-0.77709866 -0.16251417 -0.27478433]
 [-0.10057362  0.97717303  0.05781357]
 [ 0.4223183   0.06410609 -0.8871114 ]]","[[ 0.5982486   0.7849075  -0.16130373]
 [-0.3542465   0.43962285  0.8253734 ]
 [-0.7187546   0.43663713 -0.5410545 ]]"
20200222-072737.903974,50,[1.571718   1.0334545  0.16988075],"[[ 0.45435283 -0.12459458  0.36820218]
 [-0.7774838  -0.16348732 -0.2748118 ]
 [-0.09976541  0.97657543  0.05871375]
 [ 0.42323634  0.06362762 -0.88626087]]","[[ 0.59812576  0.7851256  -0.16069597]
 [-0.35471004  0.43916827  0.8254162 ]
 [-0.71862805  0.43670228 -0.5411698 ]]"
20200222-072737.903974,51,[1.5725062  1.0359994  0.17011712],"[[ 0.4532544  -0.1297403   0.3702284 ]
 [-0.77773654 -0.16032077 -0.27541664]
 [-0.09414469  0.97658074  0.05951538]
 [ 0.42523348  0.06127935 -0.88517535]]","[[ 0.60355496  0.7810338  -0.16033675]
 [-0.3518963   0.44138533  0.8254383 ]
 [-0.71546525  0.44177535 -0.54124326]]"
20200222-072737.903974,52,[1.5769093  1.042695   0.17032093],"[[ 0.45232528 -0.13067208  0.37223703]
 [-0.77753687 -0.16338968 -0.27542135]
 [-0.09707758  0.9758436   0.06073964]
 [ 0.4259282   0.06291497 -0.8842476 ]]","[[ 0.60100454  0.78306556 -0.16000654]
 [-0.35376564  0.4401519   0.8252978 ]
 [-0.7166893   0.43940288 -0.5415549 ]]"
20200222-072737.903974,53,[1.5816909  1.0425433  0.17053397],"[[ 0.45094064 -0.13315204  0.37440273]
 [-0.77781767 -0.16550864 -0.27523866]
 [-0.0979445   0.9751548   0.06134498]
 [ 0.4266841   0.06285486 -0.88334817]]","[[ 0.59945124  0.7843574  -0.15950449]
 [-0.35508534  0.4391951   0.82524073]
 [-0.7173373   0.43805376 -0.54178977]]"
20200222-072737.903974,54,[1.5864899  1.0420065  0.17074296],"[[ 0.44959924 -0.13583104  0.37653783]
 [-0.7780772  -0.16764657 -0.2750728 ]
 [-0.09870251  0.97442913  0.06195449]
 [ 0.42745116  0.06271152 -0.8824492 ]]","[[ 0.5979829   0.78558177 -0.15899016]
 [-0.35635006  0.43825963  0.8251929 ]
 [-0.7179353   0.43679497 -0.54201394]]"
20200222-072737.903974,55,[1.5897313  1.0435443  0.17095645],"[[ 0.44840336 -0.13890609  0.3784538 ]
 [-0.77825093 -0.16841957 -0.27525708]
 [-0.09815226  0.9738729   0.06298891]
 [ 0.42851654  0.06254388 -0.8814982 ]]","[[ 0.5981777   0.7855325  -0.15849976]
 [-0.3566173   0.43806168  0.8251825 ]
 [-0.71764034  0.43708187 -0.54217315]]"
20200222-072737.903974,56,[1.5937623  1.0431064  0.17119828],"[[ 0.4470111  -0.1419629   0.3808005 ]
 [-0.77850085 -0.16946973 -0.27521646]
 [-0.09742136  0.9733273   0.06309623]
 [ 0.4296819   0.0613232  -0.880492  ]]","[[ 0.5982397   0.7855731  -0.15806356]
 [-0.3570041   0.43788838  0.82510716]
 [-0.7173962   0.43718243 -0.5424151 ]]"
20200222-072737.903974,57,[1.5994617  1.0438582  0.17139727],"[[ 0.44572327 -0.1431098   0.38269347]
 [-0.7786385  -0.17391786 -0.27490062]
 [-0.10151003  0.97226965  0.06412426]
 [ 0.4298242   0.06296391 -0.8796953 ]]","[[ 0.59353507  0.7892483  -0.15749103]
 [-0.3601228   0.43545476  0.8250399 ]
 [-0.71974146  0.4329741  -0.542684  ]]"
20200222-072737.903974,58,[1.604567   1.048114   0.17160563],"[[ 0.44469443 -0.14376038  0.38457185]
 [-0.7784844  -0.17822249 -0.2747714 ]
 [-0.10578948  0.971263    0.06526726]
 [ 0.43013638  0.06494524 -0.878832  ]]","[[ 0.5891909   0.7925852  -0.1570434 ]
 [-0.3629949   0.43329275  0.82491946]
 [-0.7218647   0.42902914 -0.54299664]]"
20200222-072737.903974,59,[1.6103401  1.0452663  0.17181705],"[[ 0.44318727 -0.14624032  0.38664028]
 [-0.7788422  -0.18125805 -0.2744921 ]
 [-0.10757632  0.97032154  0.06588325]
 [ 0.43060085  0.06508157 -0.87796545]]","[[ 0.586212    0.7949193  -0.15639338]
 [-0.36512095  0.4315488   0.8248955 ]
 [-0.7232166   0.42646107 -0.5432208 ]]"
20200222-072737.903974,60,[1.6112514 1.0446665 0.1720425],"[[ 0.4417897  -0.1521142   0.38843668]
 [-0.77944773 -0.177427   -0.27510557]
 [-0.10105814  0.97030646  0.06693239]
 [ 0.4325164   0.06234385 -0.8769004 ]]","[[ 0.59207743  0.79066366 -0.15587033]
 [-0.3621462   0.43382952  0.8250105 ]
 [-0.71992695  0.43202224 -0.5431965 ]]"
20200222-072737.903974,61,[1.6161242  1.0491571  0.17227879],"[[ 0.44066486 -0.1531829   0.3906756 ]
 [-0.779335   -0.18033028 -0.27503157]
 [-0.1035133   0.969556    0.06754491]
 [ 0.4332857   0.0630682  -0.8758815 ]]","[[ 0.5895978   0.7925816  -0.1555284 ]
 [-0.36396968  0.43261498  0.82484585]
 [-0.7210414   0.4297196  -0.54354465]]"
20200222-072737.903974,62,[1.6178513  1.0496393  0.17251414],"[[ 0.43929392 -0.15789223  0.3925753 ]
 [-0.7797608  -0.1780843  -0.27549434]
 [-0.09906016  0.9693492   0.06836266]
 [ 0.4349495   0.06097682 -0.87482244]]","[[ 0.59352607  0.78973603 -0.15506053]
 [-0.36209464  0.43409568  0.824893  ]
 [-0.71875876  0.43344894 -0.5436064 ]]"
20200222-072737.903974,63,[1.6256185 1.0529054 0.1727064],"[[ 0.43820152 -0.15665711  0.3943237 ]
 [-0.77956116 -0.18590236 -0.2749544 ]
 [-0.10799319  0.9678169   0.06974892]
 [ 0.43428245  0.06503318 -0.8740962 ]]","[[ 0.58416253  0.7968024  -0.15446709]
 [-0.36782393  0.42954692  0.8247394 ]
 [-0.72350526  0.424965   -0.54400826]]"
20200222-072737.903974,64,[1.6324124  1.058629   0.17289716],"[[-0.43725616 -0.1559901   0.39605093]
 [ 0.7792431  -0.19200589 -0.27466497]
 [ 0.11503875  0.96648604  0.07133929]
 [-0.43399692  0.06859875 -0.87327737]]","[[-0.5770411   0.8020682  -0.15398128]
 [ 0.37219185  0.42607364  0.8245814 ]
 [ 0.7269778   0.41850677 -0.5443853 ]]"
20200222-072737.903974,65,[1.6348186 1.0594435 0.1731012],"[[ 0.435942   -0.16052318  0.39775583]
 [-0.77971727 -0.19010925 -0.27510482]
 [-0.11134329  0.9662061   0.0727573 ]
 [ 0.43542886  0.06735418 -0.8722467 ]]","[[ 0.5802349   0.7998662  -0.15343319]
 [-0.37078315  0.42715973  0.8246543 ]
 [-0.7251534   0.42160267 -0.54442996]]"
20200222-072737.903974,66,[1.6378666 1.0582294 0.1733369],"[[ 0.43437877 -0.16493374  0.39987543]
 [-0.78025067 -0.18860672 -0.2753606 ]
 [-0.10770503  0.9659015   0.07337192]
 [ 0.43694824  0.06526119 -0.8711446 ]]","[[ 0.5830691   0.79790354 -0.15290661]
 [-0.36961335  0.42813236  0.8246749 ]
 [-0.7234752   0.4243262  -0.54454654]]"
20200222-072737.903974,67,[1.6455884 1.0577309 0.1735454],"[[-0.433023   -0.16512205  0.40179202]
 [ 0.7802931  -0.19502579 -0.27483642]
 [ 0.11426112  0.9644308   0.07424185]
 [-0.43655246  0.06762377 -0.87035394]]","[[-0.57544225  0.8035478  -0.15224113]
 [ 0.37429622  0.42426595  0.8245609 ]
 [ 0.7271647   0.41750395 -0.5449055 ]]"
20200222-072737.903974,68,[1.6499062  1.0570956  0.17375922],"[[-0.43160802 -0.16824545  0.4036322 ]
 [ 0.7806575  -0.19596706 -0.27492633]
 [ 0.11394207  0.9637216   0.07528415]
 [-0.4373855   0.0673122  -0.86938435]]","[[-0.5749253   0.8040324  -0.15163353]
 [ 0.37498242  0.42363903  0.82457155]
 [ 0.7272202   0.41720706 -0.54505885]]"
20200222-072737.903974,69,[1.6513822  1.0580611  0.17399895],"[[-0.43017215 -0.17296664  0.4055287 ]
 [ 0.7811328  -0.19309056 -0.27549887]
 [ 0.10896426  0.96362114  0.07620861]
 [-0.43921563  0.06506215 -0.8682392 ]]","[[-0.5795346   0.80080444 -0.1511681 ]
 [ 0.37280592  0.42546     0.82462096]
 [ 0.72467613  0.42154    -0.5451135 ]]"
20200222-072737.903974,70,[1.6603118  1.0587685  0.17419206],"[[-0.42893565 -0.17191961  0.40722382]
 [ 0.78101575 -0.20151511 -0.27483088]
 [ 0.11842456  0.96180445  0.07749251]
 [-0.43818322  0.0690518  -0.8675436 ]]","[[-0.56895983  0.80848676 -0.15044618]
 [ 0.3790603   0.4201795   0.82447726]
 [ 0.72979325  0.41206628 -0.54553056]]"
20200222-072737.903974,71,[1.6676491  1.0607708  0.17436881],"[[-0.42782345 -0.17242499  0.40876365]
 [ 0.78093874 -0.20680965 -0.27458325]
 [ 0.12419178  0.96037114  0.07925941]
 [-0.43781146  0.07202159 -0.8667382 ]]","[[-0.5623912   0.8131949  -0.14976776]
 [ 0.38301784  0.41672057  0.8244038 ]
 [ 0.7328121   0.40627366 -0.54582816]]"
20200222-072737.903974,72,[1.6731309  1.0615622  0.17456692],"[[-0.42655167 -0.1743069   0.41028762]
 [ 0.7811107  -0.209704   -0.27459687]
 [ 0.12676808  0.95929754  0.08078997]
 [-0.43800685  0.07341702 -0.8658718 ]]","[[-0.5589519   0.815686   -0.149096  ]
 [ 0.38525167  0.41468233  0.82439065]
 [ 0.7342712   0.40335518 -0.5460318 ]]"
20200222-072737.903974,73,[1.6758902  1.0636768  0.17478378],"[[-0.4253208  -0.1777362   0.41192007]
 [ 0.781383   -0.20898032 -0.2750786 ]
 [ 0.12488987  0.95886004  0.0822157 ]
 [-0.4392555   0.0729714  -0.8648088 ]]","[[-0.5605369   0.8146951  -0.14856057]
 [ 0.38477284  0.41506994  0.8244189 ]
 [ 0.7333132   0.40495524 -0.54613465]]"
20200222-072737.903974,74,[1.6791142  1.0623753  0.17498772],"[[-0.42379692 -0.18207712  0.4134823 ]
 [ 0.78200686 -0.20775868 -0.27545702]
 [ 0.12204787  0.9583922   0.08364251]
 [-0.44041565  0.07189725 -0.8638054 ]]","[[-0.562475    0.8134831  -0.14787538]
 [ 0.38412124  0.41547817  0.8245174 ]
 [ 0.7321699   0.40696838 -0.54617214]]"
20200222-072737.903974,75,[1.686141   1.0656317  0.17521796],"[[-0.422644   -0.18193625  0.41535968]
 [ 0.78178674 -0.21327123 -0.27519232]
 [ 0.12804447  0.95702434  0.08461956]
 [-0.44021174  0.07429025 -0.86289364]]","[[-0.5558261   0.8181354  -0.14734975]
 [ 0.38808915  0.412128    0.8243407 ]
 [ 0.73514915  0.40100512 -0.546581  ]]"
20200222-072737.903974,76,[1.6905929  1.0666817  0.17548096],"[[-0.42120677 -0.18457153  0.4176652 ]
 [ 0.78198695 -0.2139019  -0.27529964]
 [ 0.12734635  0.95646906  0.08490561]
 [-0.44143432  0.07311863 -0.86171746]]","[[-0.5559614   0.8181203  -0.1469217 ]
 [ 0.38845384  0.41199702  0.8242341 ]
 [ 0.7348541   0.40117002 -0.54685646]]"
20200222-072737.903974,77,[1.6915327  1.0680144  0.17572303],"[[-0.4197401  -0.18935348  0.4193774 ]
 [ 0.78253895 -0.2104603  -0.2760297 ]
 [ 0.12191606  0.9564717   0.08599406]
 [-0.44338185  0.07080833 -0.8605436 ]]","[[-0.5611584   0.8146516  -0.14643785]
 [ 0.3860546   0.41410047  0.8243074 ]
 [ 0.73216325  0.40603405 -0.546876  ]]"
20200222-072737.903974,78,[1.6961247  1.0714557  0.17591445],"[[-0.41866833 -0.19159673  0.42092836]
 [ 0.78258145 -0.2115656  -0.2763371 ]
 [ 0.12267103  0.95570725  0.08778282]
 [-0.444112    0.07179662 -0.85950667]]","[[-0.5601492   0.8154451  -0.14588514]
 [ 0.38697305  0.41328782  0.82428473]
 [ 0.7324514   0.40526867 -0.54705805]]"
20200222-072737.903974,79,[1.7024426  1.0703075  0.17614865],"[[-0.41706377 -0.19374533  0.42293453]
 [ 0.78294307 -0.214025   -0.27618226]
 [ 0.12431307  0.9547254   0.08848278]
 [-0.44452697  0.07180561 -0.8584993 ]]","[[-0.5572834   0.8175207  -0.14524335]
 [ 0.38894716  0.4115684   0.8242159 ]
 [ 0.73359096  0.40282974 -0.5473325 ]]"
20200222-072737.903974,80,[1.7081802  1.075597   0.17635912],"[[-0.4159759  -0.19485757  0.4247247 ]
 [ 0.7828644  -0.21614906 -0.27629852]
 [ 0.12659408  0.95391005  0.0899947 ]
 [-0.44504067  0.07325197 -0.8574202 ]]","[[-0.5548511   0.81925166 -0.14479998]
 [ 0.39063352  0.41021803  0.8240915 ]
 [ 0.73453784  0.40068418 -0.5476371 ]]"
20200222-072737.903974,81,[1.7094107  1.0803674  0.17657451],"[[-0.4148671  -0.198561    0.42615223]
 [ 0.7830699  -0.21370628 -0.2771016 ]
 [ 0.12302401  0.953758    0.09167575]
 [-0.4467125   0.0724507  -0.8562737 ]]","[[-0.558686    0.8167155  -0.14438143]
 [ 0.38893676  0.41175002  0.8241299 ]
 [ 0.73252857  0.4042746  -0.5476897 ]]"
20200222-072737.903974,82,[1.713209   1.0843812  0.17680246],"[[-0.41362834 -0.20102458  0.42795706]
 [ 0.7831928  -0.21358874 -0.2774773 ]
 [ 0.1222205   0.95327973  0.09292687]
 [-0.44786415  0.0722959  -0.8551163 ]]","[[-0.5593862   0.8163116  -0.14395332]
 [ 0.38895693  0.41185772  0.8240665 ]
 [ 0.7319833   0.40497977 -0.5478976 ]]"
20200222-072737.903974,83,[1.7145839  1.0824429  0.17702535],"[[-0.41175443 -0.20675993  0.42944482]
 [ 0.7841132  -0.20933992 -0.27819222]
 [ 0.11560231  0.9532154   0.09417264]
 [-0.44973403  0.06933432 -0.8540011 ]]","[[-0.5651405   0.8124545  -0.1432966 ]
 [ 0.38626656  0.414059    0.8242289 ]
 [ 0.72898173  0.4104545  -0.5478255 ]]"
20200222-072737.903974,84,[1.718842   1.0827335  0.17723167],"[[-0.41025078 -0.21007712  0.43106562]
 [ 0.7845227  -0.20904975 -0.27853277]
 [ 0.11427139  0.95258874  0.09558636]
 [-0.4507333   0.06885164 -0.85291576]]","[[-0.5657636   0.8121325  -0.14266187]
 [ 0.3863393   0.41393125  0.824259  ]
 [ 0.7284598   0.41121984 -0.5479459 ]]"
20200222-072737.903974,85,[1.721876  1.0864526 0.1774926],"[[-0.4089009  -0.21273936  0.43310663]
 [ 0.7846179  -0.2082728  -0.27898347]
 [ 0.11242384  0.9522488   0.09631349]
 [-0.45225662  0.06772748 -0.8516519 ]]","[[-0.56759673  0.8109142  -0.14231054]
 [ 0.38575214  0.41464382  0.82417595]
 [ 0.72734416  0.41290295 -0.5481623 ]]"
20200222-072737.903974,86,[1.7235898  1.0875437  0.17768481],"[[-0.4073683  -0.21715528  0.4342366 ]
 [ 0.7851716  -0.20561577 -0.2797298 ]
 [ 0.10842489  0.95190644  0.09818212]
 [-0.45365247  0.06663432 -0.85061765]]","[[-0.5711657   0.80851436 -0.14168438]
 [ 0.38416255  0.41584057  0.8243154 ]
 [ 0.7253889   0.41639078 -0.5481148 ]]"
20200222-072737.903974,87,[1.7259724  1.0924559  0.17785345],"[[-0.40621758 -0.22059262  0.4353467 ]
 [ 0.7853869  -0.20377266 -0.28044233]
 [ 0.10590567  0.9515081   0.10041534]
 [-0.45490524  0.0666916  -0.8495543 ]]","[[-0.5737994   0.8067333  -0.14119335]
 [ 0.3830574   0.4167359   0.82437754]
 [ 0.7238932   0.4189421  -0.548148  ]]"
20200222-072737.903974,88,[1.7280982  1.0947114  0.17810075],"[[-0.40461677 -0.22422984  0.43714213]
 [ 0.7857379  -0.20156938 -0.28101167]
 [ 0.10224048  0.9512554   0.10132179]
 [-0.45656154  0.06483982 -0.8483357 ]]","[[-0.57725126  0.80434066 -0.1407734 ]
 [ 0.3815512   0.41810867  0.82438105]
 [ 0.72194177  0.42216268 -0.5482508 ]]"
20200222-072737.903974,89,[1.7314739  1.0935715  0.17829132],"[[-0.40283635 -0.2284249   0.438497  ]
 [ 0.78639    -0.19987704 -0.28148323]
 [ 0.0992004   0.95069236  0.10293276]
 [-0.457682    0.0636808  -0.84728515]]","[[-0.5794254   0.80289936 -0.14006798]
 [ 0.38074714  0.41860855  0.82449895]
 [ 0.72062325  0.4244052  -0.5482541 ]]"
20200222-072737.903974,90,[1.7363263  1.0946718  0.17852007],"[[-0.40131998 -0.23058417  0.44018257]
 [ 0.7867107  -0.20115036 -0.28163934]
 [ 0.09991299  0.9499004   0.10396844]
 [-0.45830792  0.06370877 -0.8462321 ]]","[[-0.5780214   0.80401087 -0.13949206]
 [ 0.38192928  0.41761658  0.8244552 ]
 [ 0.7211252   0.42327666 -0.54846656]]"
20200222-072737.903974,91,[1.7365519  1.094811   0.17873631],"[[ 0.399321   -0.23613685  0.44143376]
 [-0.787443   -0.19597124 -0.2825686 ]
 [-0.09260232  0.9498169   0.10543603]
 [ 0.46032682  0.06068174 -0.84508836]]","[[ 0.5848578   0.7991487  -0.13893393]
 [-0.378501    0.42037138  0.8246362 ]
 [-0.71741074  0.42970842 -0.54833615]]"
20200222-072737.903974,92,[1.7412077  1.0957108  0.17894131],"[[ 0.39763516 -0.23921536  0.44304138]
 [-0.7879052  -0.1953723  -0.28287435]
 [-0.09114578  0.9492095   0.10682629]
 [ 0.46128473  0.06005431 -0.8439695 ]]","[[ 0.58565724  0.7986659  -0.13834116]
 [-0.3784718   0.42037305  0.82464874]
 [-0.7167738   0.43060336 -0.5484671 ]]"
20200222-072737.903974,93,[1.7471279  1.0937496  0.17914185],"[[ 0.39588934 -0.24220003  0.44467735]
 [-0.78844416 -0.19616048 -0.28299364]
 [-0.09105562  0.94831264  0.10809285]
 [ 0.46188375  0.05969473 -0.84290725]]","[[ 0.5846152   0.79955876 -0.13759054]
 [-0.37949473  0.41938943  0.82467955]
 [-0.71708375  0.42990533 -0.5486097 ]]"
20200222-072737.903974,94,[1.7504754  1.0975513  0.17936574],"[[ 0.39450005 -0.24444543  0.44614363]
 [-0.78862685 -0.19611143 -0.28345436]
 [-0.09059151  0.947746    0.10944469]
 [ 0.46285033  0.0597012  -0.84180254]]","[[ 0.5849146   0.7994197  -0.13712326]
 [-0.379703    0.41926885  0.82464486]
 [-0.7167289   0.43028075 -0.54877865]]"
20200222-072737.903974,95,[1.7572123  1.1007166  0.17956734],"[[-0.39325413 -0.2453626   0.4477059 ]
 [ 0.7887951  -0.19907132 -0.2834696 ]
 [ 0.09395436  0.9467841   0.11093265]
 [-0.46295387  0.06138361 -0.84077275]]","[[-0.5810027   0.8023672  -0.13653849]
 [ 0.38228944  0.41713068  0.8245345 ]
 [ 0.7185337   0.4268595  -0.54909056]]"
20200222-072737.903974,96,[1.7583065  1.101902   0.17979369],"[[ 0.39134523 -0.24989048  0.44906452]
 [-0.78933066 -0.19521883 -0.2842731 ]
 [-0.08841235  0.9465575   0.11219763]
 [ 0.46474665  0.0589323  -0.83960813]]","[[ 0.58618     0.7986777  -0.13604069]
 [-0.37978193  0.41920003  0.82464355]
 [-0.7156526   0.43172374 -0.54905003]]"
20200222-072737.903974,97,[1.7645926  1.1032846  0.17997228],"[[ 0.3899734  -0.2518805   0.45054227]
 [-0.78961104 -0.19687504 -0.2844103 ]
 [-0.08995181  0.9456301   0.1138582 ]
 [ 0.46512815  0.05983959 -0.8385457 ]]","[[ 0.5839777   0.8004007  -0.1353841 ]
 [-0.3814192   0.4177661   0.8246156 ]
 [-0.7165817   0.42991927 -0.5492543 ]]"
20200222-072737.903974,98,[1.7685081 1.1036766 0.1801825],"[[ 0.3882108  -0.25496683  0.4518979 ]
 [-0.790123   -0.19630021 -0.28481808]
 [-0.08858686  0.94496167  0.11523795]
 [ 0.46599385  0.05920842 -0.83748853]]","[[ 0.58459973  0.8000547  -0.13474278]
 [-0.38147455  0.4176299   0.82465905]
 [-0.7160449   0.4306945  -0.54934686]]"
20200222-072737.903974,99,[1.773505   1.1090282  0.18041919],"[[ 0.38695043 -0.25626713  0.45373383]
 [-0.7901221  -0.19713719 -0.28509867]
 [-0.08937465  0.94441354  0.11634528]
 [ 0.4668922   0.05955724 -0.8362465 ]]","[[ 0.5838202   0.80068344 -0.13438706]
 [-0.38230997  0.41714934  0.8245153 ]
 [-0.71623504  0.42999136 -0.54964954]]"
20200222-072737.903974,100,[1.777468   1.11315    0.18063632],"[[ 0.38549855 -0.25857654  0.45522022]
 [-0.7903227  -0.19654486 -0.28556648]
 [-0.08837994  0.9439207   0.11774484]
 [ 0.46794215  0.05934644 -0.835082  ]]","[[ 0.5846499   0.80015165 -0.13394701]
 [-0.3822339   0.4173065   0.824471  ]
 [-0.71559876  0.43082786 -0.54982334]]"
20200222-072737.903974,101,[1.782135   1.1137459  0.18083364],"[[ 0.38375527 -0.26181704  0.4567291 ]
 [-0.7907758  -0.19560291 -0.28593937]
 [-0.08652554  0.9432783   0.11915626]
 [ 0.46895534  0.05845644 -0.83393013]]","[[ 0.5858391   0.7993823  -0.13334346]
 [-0.38198924  0.41747928  0.824497  ]
 [-0.7147563   0.4320868  -0.54993117]]"
20200222-072737.903974,102,[1.7851045  1.1168791  0.18103181],"[[ 0.3820663  -0.26508287  0.457973  ]
 [-0.79115057 -0.19342305 -0.2865794 ]
 [-0.08359254  0.9428708   0.12081195]
 [ 0.47023246  0.05756597 -0.8327892 ]]","[[ 0.58851767  0.7974949  -0.13284977]
 [-0.38087094  0.41842133  0.8245367 ]
 [-0.7131509   0.43465596 -0.54999095]]"
20200222-072737.903974,103,[1.788829   1.1196072  0.18118203],"[[ 0.38058817 -0.26820022  0.45888487]
 [-0.7914921  -0.19223808 -0.2871901 ]
 [-0.0820412   0.9422184   0.12302724]
 [ 0.47112814  0.05777498 -0.83175164]]","[[ 0.5897192   0.7967099  -0.13222973]
 [-0.38055986  0.41854912  0.8246155 ]
 [-0.7123238   0.43597037 -0.5500223 ]]"
20200222-072737.903974,104,[1.7927753 1.1200256 0.1813878],"[[ 0.37874776 -0.27126262  0.4601636 ]
 [-0.7920159  -0.19146405 -0.28763226]
 [-0.08054404  0.9415423   0.12442926]
 [ 0.4719889   0.05706322 -0.83068323]]","[[ 0.59048116  0.7962515  -0.1315893 ]
 [-0.38053444  0.41847992  0.82466245]
 [-0.7117061   0.4368735  -0.55010563]]"
20200222-072737.903974,105,[1.7965295  1.1228384  0.18153873],"[[ 0.37725928 -0.27429965  0.46104866]
 [-0.7923479  -0.19031452 -0.28824943]
 [-0.07907012  0.9408825   0.12660794]
 [ 0.4728723   0.0572722  -0.8296486 ]]","[[ 0.59161896  0.79550713 -0.13097811]
 [-0.38025406  0.4185859   0.8247379 ]
 [-0.7109105   0.43812564 -0.55013835]]"
20200222-072737.903974,106,[1.8021258 1.121373  0.1817389],"[[ 0.37533987 -0.27724788  0.462438  ]
 [-0.79296356 -0.19047973 -0.28850454]
 [-0.07854766  0.94001794  0.12792732]
 [ 0.47345442  0.05672126 -0.8285838 ]]","[[ 0.59105074  0.79605293 -0.1302256 ]
 [-0.38101533  0.41781923  0.8247754 ]
 [-0.7109756   0.43786624 -0.55026084]]"
20200222-072737.903974,107,[1.8063797 1.1283    0.1818595],"[[ 0.37434056 -0.279491    0.46320695]
 [-0.79297936 -0.18979733 -0.28914437]
 [-0.0781379   0.93941176  0.13051274]
 [ 0.47428605  0.05803058 -0.82752734]]","[[ 0.59166974  0.7956667  -0.12977389]
 [-0.38100532  0.4178417   0.82476866]
 [-0.71046585  0.43854618 -0.5503776 ]]"
20200222-072737.903974,108,[1.8122613  1.1303846  0.18203147],"[[ 0.3729079  -0.28151807  0.46439463]
 [-0.79332095 -0.19084863 -0.289422  ]
 [-0.07922639  0.9385421   0.13226634]
 [ 0.47466275  0.05884899 -0.82648563]]","[[ 0.58996457  0.79703707 -0.12912668]
 [-0.38236773  0.41664296  0.8247445 ]
 [-0.71115166  0.43719622 -0.55056596]]"
20200222-072737.903974,109,[1.8107526  1.1329457  0.18222788],"[[ 0.37061882 -0.2868608   0.46508196]
 [-0.793827   -0.1840985  -0.29070115]
 [-0.07067169  0.93847334  0.1339941 ]
 [ 0.47695503  0.05555521 -0.825371  ]]","[[ 0.5984093   0.790786   -0.12870042]
 [-0.37792194  0.42024687  0.82496524]
 [-0.7064569   0.44502813 -0.5503351 ]]"
20200222-072737.903974,110,[1.8122778 1.1382692 0.1824206],"[[ 0.36885318 -0.29010636  0.4660647 ]
 [-0.7940697  -0.18067962 -0.2915676 ]
 [-0.06660715  0.9382084   0.13574576]
 [ 0.47850195  0.0543903  -0.8242241 ]]","[[ 0.6025505   0.78769386 -0.1283414 ]
 [-0.37589774  0.4219667   0.82501215]
 [-0.7040128   0.44886816 -0.55034864]]"
20200222-072737.903974,111,[1.8154706  1.1410348  0.18260832],"[[ 0.36703825 -0.29336458  0.4672506 ]
 [-0.79438645 -0.17840052 -0.29220417]
 [-0.06354548  0.9376971   0.13732028]
 [ 0.47978663  0.05323933 -0.82306546]]","[[ 0.6052932   0.7856669  -0.12785856]
 [-0.37470213  0.42294624  0.82505447]
 [-0.70229536  0.45149097 -0.5503975 ]]"
20200222-072737.903974,112,[1.8188869  1.147891   0.18277064],"[[ 0.36567488 -0.29560325  0.46819764]
 [-0.7944794  -0.17685087 -0.29287836]
 [-0.06205768  0.9372693   0.13937065]
 [ 0.48086712  0.05355966 -0.82194227]]","[[ 0.60695     0.7844467  -0.12749597]
 [-0.37409303  0.42353848  0.8250271 ]
 [-0.7011893   0.4530548  -0.5505227 ]]"
20200222-072737.903974,113,[1.820931   1.1490747  0.18293574],"[[ 0.36355624 -0.29965657  0.46903184]
 [-0.79495895 -0.17342035 -0.29368144]
 [-0.05762776  0.93671274  0.14121383]
 [ 0.48223066  0.05196792 -0.82086504]]","[[ 0.61088437  0.78148127 -0.12691498]
 [-0.37217554  0.42494053  0.82517344]
 [-0.6987888   0.4568508  -0.5504377 ]]"
20200222-072737.903974,114,[1.8225636 1.1506999 0.1831454],"[[ 0.361204   -0.3038329   0.4702818 ]
 [-0.79534256 -0.16898678 -0.294505  ]
 [-0.0517659   0.9363272   0.1425181 ]
 [ 0.48402727  0.04919792 -0.8196283 ]]","[[ 0.6163479   0.77725136 -0.12647448]
 [-0.36936602  0.4271901   0.82527417]
 [-0.695474    0.46194062 -0.550388  ]]"
20200222-072737.903974,115,[1.8282439  1.1522214  0.18331288],"[[ 0.35975116 -0.3055219   0.47136745]
 [-0.79576004 -0.17060366 -0.2947527 ]
 [-0.05366782  0.9354255   0.14421391]
 [ 0.48421562  0.05029714 -0.81861836]]","[[ 0.6138741   0.7793172  -0.12579061]
 [-0.37121478  0.4256147   0.82525855]
 [-0.6966766   0.4599095  -0.5505679 ]]"
20200222-072737.903974,116,[1.8341599  1.1538812  0.18351844],"[[ 0.358087   -0.30758882  0.47299007]
 [-0.796071   -0.17098506 -0.29497215]
 [-0.05368454  0.93469876  0.14534333]
 [ 0.48493573  0.0499162  -0.8174027 ]]","[[ 0.6133607   0.77980644 -0.12526266]
 [-0.3719404   0.42510504  0.82519466]
 [-0.6967418   0.4595517  -0.55078423]]"
