Timestamp,Epoch,s,u,v
20200222-084229.181173,0,[1.8220432  1.4207709  0.76285744],"[[ 0.26119927  0.49999437  0.6570824 ]
 [ 0.6569967   0.5001238  -0.26125476]
 [ 0.6571305  -0.4999058  -0.26130646]
 [ 0.26136196 -0.4999758   0.6570446 ]]","[[ 4.9523494e-01  7.0716345e-01  5.0464076e-01]
 [ 7.1363717e-01  1.2817814e-04 -7.0051569e-01]
 [ 4.9544361e-01 -7.0705020e-01  5.0459462e-01]]"
20200222-084229.181173,1,[1.8026663 1.4273286 0.7598533],"[[ 0.25102708  0.50004786  0.66113836]
 [ 0.6602384   0.50075984 -0.2512847 ]
 [ 0.6616124  -0.4992841  -0.25141686]
 [ 0.2516743  -0.49990758  0.66071373]]","[[ 0.48992515  0.7074093   0.509456  ]
 [ 0.7202164   0.0008233  -0.6937489 ]
 [ 0.4911839  -0.7068036   0.5090844 ]]"
20200222-084229.181173,2,[1.7823228  1.4339124  0.75753695],"[[ 0.23937221  0.5011788   0.6644298 ]
 [ 0.66045064  0.5049865  -0.24258806]
 [ 0.6676151  -0.49507955 -0.24335727]
 [ 0.24656804 -0.49870312  0.6636726 ]]","[[ 0.4818299   0.70966595  0.5140177 ]
 [ 0.7259886   0.0051859  -0.6876871 ]
 [ 0.49069375 -0.7045193   0.51271075]]"
20200222-084229.181173,3,[1.7624894  1.4408166  0.75507927],"[[ 0.23430462  0.49998146  0.6672843 ]
 [ 0.66654456  0.50058436 -0.2344578 ]
 [ 0.66765445 -0.4995238  -0.2344903 ]
 [ 0.23464333 -0.49990973  0.66691524]]","[[ 4.8143423e-01  7.0728898e-01  5.1765162e-01]
 [ 7.3186511e-01  5.7755242e-04 -6.8144959e-01]
 [ 4.8228091e-01 -7.0692414e-01  5.1736218e-01]]"
20200222-084229.181173,4,[1.7455573 1.4475892 0.7517299],"[[ 0.22399409  0.50000423  0.67094624]
 [ 0.66935474  0.5012429  -0.22436924]
 [ 0.6717443  -0.49888    -0.22445872]
 [ 0.2248336  -0.49986959  0.67015535]]","[[ 0.4758777   0.7075372   0.5224284 ]
 [ 0.7383857   0.00131814 -0.6743774 ]
 [ 0.47783563 -0.7066748   0.52180815]]"
20200222-084229.181173,5,[1.7331514 1.4546033 0.7486154],"[[ 0.21086726  0.50125444  0.6741054 ]
 [ 0.66867864  0.506487   -0.2149146 ]
 [ 0.678324   -0.49360847 -0.21568805]
 [ 0.21972895 -0.49856353  0.67295796]]","[[ 0.4665197   0.71036875  0.52700603]
 [ 0.74411196  0.00690819 -0.6680194 ]
 [ 0.47818083 -0.70379573  0.52537125]]"
20200222-084229.181173,6,[1.7256596 1.4617095 0.7450514],"[[ 0.205574    0.49995044  0.676855  ]
 [ 0.67535985  0.5011237  -0.20589256]
 [ 0.67757297 -0.4990351  -0.20589353]
 [ 0.20621182 -0.4998886   0.6760797 ]]","[[ 0.46707842  0.70746064  0.5304124 ]
 [ 0.74971235  0.00117704 -0.66176283]
 [ 0.46879533 -0.70675194  0.52984226]]"
20200222-084229.181173,7,[1.6995156 1.4689944 0.7406538],"[[ 0.1933598   0.49994323  0.6804608 ]
 [ 0.67900014  0.50106555 -0.19366595]
 [ 0.68115413 -0.49909267 -0.19360113]
 [ 0.19390723 -0.4998966   0.679695  ]]","[[ 0.4604864   0.7074261   0.53619087]
 [ 0.7579126   0.00110058 -0.6523554 ]
 [ 0.46208328 -0.7067866   0.5356602 ]]"
20200222-084229.181173,8,[1.690167  1.4760172 0.7363913],"[[ 0.18313019  0.4999138   0.6831451 ]
 [ 0.6825145   0.50045663 -0.18322739]
 [ 0.6834216  -0.4997232  -0.18313101]
 [ 0.18322784 -0.49990582  0.68279105]]","[[ 4.5591208e-01  7.0720571e-01  5.4037416e-01]
 [ 7.6404816e-01  4.0792234e-04 -6.4515918e-01]
 [ 4.5648065e-01 -7.0700771e-01  5.4015338e-01]]"
20200222-084229.181173,9,[1.6660892 1.4834619 0.7317033],"[[ 0.17061955  0.499947    0.6863456 ]
 [ 0.68553305  0.50070655 -0.17088966]
 [ 0.6867744  -0.4994722  -0.17082746]
 [ 0.17109749 -0.4998735   0.68596244]]","[[ 4.4881901e-01  7.0735091e-01  5.4609179e-01]
 [ 7.7210599e-01  7.0945622e-04 -6.3549340e-01]
 [ 4.4990429e-01 -7.0686233e-01  5.4583150e-01]]"
20200222-084229.181173,10,[1.6547097 1.4908235 0.7266683],"[[ 0.16580142 -0.49824086  0.6889152 ]
 [ 0.69460315 -0.49156457 -0.15977629]
 [ 0.6831465   0.5085695  -0.1588388 ]
 [ 0.15279727  0.5014748   0.6889395 ]]","[[ 0.45165515 -0.7023185   0.550233  ]
 [ 0.7787696   0.00940819 -0.6272393 ]
 [ 0.4353452   0.7118005   0.55119365]]"
20200222-084229.181173,11,[1.6354778  1.4982798  0.72233087],"[[ 0.14718103  0.5000798   0.69162655]
 [ 0.6899174   0.50193423 -0.14827292]
 [ 0.6928373  -0.49828207 -0.14833301]
 [ 0.14942485 -0.49969703  0.69113284]]","[[ 0.43554705  0.7080387   0.5558596 ]
 [ 0.78581727  0.00213788 -0.61845493]
 [ 0.43907824 -0.70617044  0.5554579 ]]"
20200222-084229.181173,12,[1.6248752  1.5055531  0.71806324],"[[ 0.13738628  0.5000942   0.6934682 ]
 [ 0.6924754   0.5014887  -0.13834606]
 [ 0.69438696 -0.49875233 -0.1384304 ]
 [ 0.1393898  -0.49966028  0.693397  ]]","[[ 0.43066645  0.70791936  0.55980045]
 [ 0.7915951   0.00162318 -0.6110438 ]
 [ 0.4334783  -0.7062913   0.55968654]]"
20200222-084229.181173,13,[1.607295  1.5130684 0.7135438],"[[ 0.11403234  0.50246185  0.69581234]
 [ 0.6823377   0.5183881  -0.12690185]
 [ 0.7082251  -0.4815406  -0.1280043 ]
 [ 0.14081602 -0.49691465  0.69523805]]","[[ 0.40756097  0.71717083  0.56529653]
 [ 0.79810184  0.02108291 -0.60215354]
 [ 0.44376513 -0.6965783   0.5637828 ]]"
20200222-084229.181173,14,[1.5983964 1.5199735 0.7107919],"[[ 0.07463816  0.5068922   0.6975943 ]
 [ 0.6498056   0.560878   -0.11876334]
 [ 0.73812276 -0.43552455 -0.1219416 ]
 [ 0.16539827 -0.4886664   0.69597983]]","[[ 0.35857335  0.7394574   0.5697612 ]
 [ 0.79945356  0.07187698 -0.59641254]
 [ 0.48197436 -0.6693553   0.5653886 ]]"
20200222-084229.181173,15,[1.5876943  1.5268354  0.70572037],"[[ 0.03123057  0.508274    0.6998753 ]
 [ 0.6141826   0.6018284  -0.1073293 ]
 [ 0.7663526  -0.3868354  -0.11152767]
 [ 0.18576385 -0.47939363  0.6972922 ]]","[[ 0.30517328  0.7590836   0.57503164]
 [ 0.7993139   0.12405911 -0.58796847]
 [ 0.517655   -0.639063    0.5688865 ]]"
20200222-084229.181173,16,[1.5815752 1.5345006 0.7018631],"[[ 0.02612528  0.5073494   0.7010579 ]
 [ 0.6182219   0.59860957 -0.09966695]
 [ 0.7659191  -0.390783   -0.10272268]
 [ 0.17460565 -0.48119858  0.69859296]]","[[ 0.30433166  0.75749785  0.57756335]
 [ 0.8043331   0.12047964 -0.58183587]
 [ 0.510324   -0.64162433  0.5726148 ]]"
20200222-084229.181173,17,[1.5751766 1.5426111 0.6961853],"[[ 0.0208522   0.506285    0.70201355]
 [ 0.6261647   0.5919261  -0.08939516]
 [ 0.76311725 -0.39901328 -0.09138335]
 [ 0.1585417  -0.48382595  0.7005961 ]]","[[ 0.30627036  0.7543899   0.5805983 ]
 [ 0.811112    0.11245082 -0.57397926]
 [ 0.4982929  -0.64672303  0.5774543 ]]"
20200222-084229.181173,18,[1.5633358 1.5497872 0.6920466],"[[-0.09080126  0.49697125  0.70311713]
 [ 0.49432382  0.70685047 -0.08023477]
 [ 0.8292055  -0.23578814 -0.08215449]
 [ 0.24457598 -0.44473162  0.7017403 ]]","[[ 0.14192538  0.79897225  0.58438057]
 [ 0.7766006   0.27619308 -0.5662233 ]
 [ 0.61379856 -0.5341918   0.5812835 ]]"
20200222-084229.181173,19,[1.5590053  1.5500793  0.68795097],"[[-0.5019881   0.05540318  0.70354676]
 [-0.5237667   0.6858384  -0.07236645]
 [ 0.47605026  0.7201746  -0.07203065]
 [ 0.49704397  0.08890893  0.7032758 ]]","[[-0.72007346  0.37084743  0.5864865 ]
 [-0.02811082  0.82892174 -0.5586578 ]
 [ 0.69332814  0.41876122  0.5864597 ]]"
20200222-084229.181173,20,[1.5672016 1.5365291 0.6830908],"[[-0.5038595   0.0205088   0.7042456 ]
 [-0.55697846  0.65995955 -0.06269666]
 [ 0.43991795  0.74394286 -0.06121283]
 [ 0.49231362  0.10286731  0.70452815]]","[[-0.7378682   0.3281223   0.5898187 ]
 [-0.06945145  0.832327   -0.5499165 ]
 [ 0.671362    0.44672975  0.5913591 ]]"
20200222-084229.181173,21,[1.5745025  1.5331256  0.67913413],"[[ 0.4997482   0.05327064  0.70542413]
 [ 0.5023995   0.7031123  -0.05459036]
 [-0.49806944  0.7068986  -0.0542669 ]
 [-0.49977356  0.05558662  0.7045932 ]]","[[ 0.7080366   0.38281038  0.59341437]
 [ 0.00257201  0.8389175  -0.54425275]
 [-0.7061712   0.38687727  0.5929995 ]]"
20200222-084229.181173,22,[1.5827132 1.5288211 0.6750697],"[[-0.5018362   0.02486433  0.70566475]
 [-0.53140575  0.681807   -0.04761718]
 [ 0.4680307   0.727874   -0.04609048]
 [ 0.496705    0.06870583  0.7054403 ]]","[[-0.72422177  0.3480962   0.5952579 ]
 [-0.03790396  0.84183335 -0.53840506]
 [ 0.6885246   0.41248718  0.59647995]]"
20200222-084229.181173,23,[1.5906647 1.5258057 0.6692388],"[[ 0.49943793  0.03736605  0.7067975 ]
 [ 0.500692    0.7053085  -0.03733965]
 [-0.49980378  0.7069511  -0.03695767]
 [-0.5000653   0.03693044  0.70546246]]","[[ 7.0691895e-01  3.7548628e-01  5.9939617e-01]
 [ 5.5166217e-04  8.4715617e-01 -5.3134394e-01]
 [-7.0729446e-01  3.7594774e-01  5.9866351e-01]]"
20200222-084229.181173,24,[1.5984602  1.5255979  0.66411597],"[[ 0.4994627   0.02901835  0.70716983]
 [ 0.5009151   0.70553935 -0.02918093]
 [-0.49958134  0.70748556 -0.0287605 ]
 [-0.50003946  0.02892232  0.70585597]]","[[ 7.0704722e-01  3.7128162e-01  6.0185891e-01]
 [ 8.0985262e-04  8.5065967e-01 -5.2571625e-01]
 [-7.0716590e-01  3.7219369e-01  6.0115600e-01]]"
20200222-084229.181173,25,[1.6064787  1.5205815  0.65945363],"[[ 0.4995022   0.02043728  0.7074281 ]
 [ 0.5015568   0.7053861  -0.0210899 ]
 [-0.49898234  0.70821023 -0.02057984]
 [-0.4999547   0.02123209  0.7061705 ]]","[[ 0.7074058   0.3661568   0.60457116]
 [ 0.00154459  0.85455155 -0.51936406]
 [-0.70680594  0.3683349   0.60394925]]"
20200222-084229.181173,26,[1.6146109 1.5205395 0.6544255],"[[-0.50105065 -0.01136301  0.7065538 ]
 [-0.534878    0.68062323 -0.01449719]
 [ 0.46436575  0.73158646 -0.01177571]
 [ 0.49721068  0.03747546  0.70741284]]","[[-0.72620285  0.3267015   0.6048931 ]
 [-0.04284949  0.85664904 -0.51411706]
 [ 0.6861439   0.39927274  0.6081019 ]]"
20200222-084229.181173,27,[1.6231604  1.5121398  0.64839786],"[[-0.5007056  -0.01723388  0.70667034]
 [-0.52912045  0.6852604  -0.00438915]
 [ 0.4705176   0.7277249  -0.00168168]
 [ 0.4979348   0.02319353  0.7075276 ]]","[[-0.7231593   0.32702455  0.608355  ]
 [-0.03580525  0.86186963 -0.50586474]
 [ 0.6897527   0.38760296  0.61155975]]"
20200222-084229.181173,28,[1.631188  1.5084493 0.6438386],"[[-0.50031066 -0.02181995  0.7069507 ]
 [-0.52540684  0.6879737   0.00307884]
 [ 0.47445908  0.7252932   0.00577605]
 [ 0.49852338  0.01289262  0.70723283]]","[[-0.7210134   0.3269643   0.6109288 ]
 [-0.03129013  0.8654089  -0.50008833]
 [ 0.6922142   0.37968642  0.61374074]]"
20200222-084229.181173,29,[1.6398697 1.4966094 0.6383793],"[[-5.00130236e-01 -2.87329424e-02  7.06825912e-01]
 [-5.21483958e-01  6.90846741e-01  1.28327636e-02]
 [ 4.78576601e-01  7.22429991e-01  1.55321695e-02]
 [ 4.98887479e-01  3.15242825e-04  7.07100868e-01]]","[[-0.7189421   0.32490376  0.6144589 ]
 [-0.02650542  0.87056625 -0.49133682]
 [ 0.6945643   0.3695293   0.61727524]]"
20200222-084229.181173,30,[1.6482555 1.4958932 0.6325925],"[[-0.49974582 -0.02857213  0.7069355 ]
 [-0.50964874  0.69959587  0.02165869]
 [ 0.4908324   0.7137842   0.02307758]
 [ 0.49959564 -0.01617129  0.7065695 ]]","[[-0.7122553   0.33351165  0.61762625]
 [-0.01171115  0.8741403  -0.48553222]
 [ 0.7018226   0.35305607  0.6187054 ]]"
20200222-084229.181173,31,[1.6565572  1.4884835  0.62863415],"[[-0.4996639  -0.03484362  0.70668703]
 [-0.50852007  0.70018756  0.02875922]
 [ 0.4920271   0.7127021   0.03013472]
 [ 0.4996521  -0.02405545  0.7062987 ]]","[[-0.71163833  0.33023995  0.6200907 ]
 [-0.01033443  0.8776173  -0.4792504 ]
 [ 0.70247006  0.3474612   0.6211334 ]]"
20200222-084229.181173,32,[1.6648971 1.4814742 0.6246733],"[[-0.49957746 -0.04104506  0.70638573]
 [-0.50742996  0.7006866   0.0357792 ]
 [ 0.49317998  0.71157736  0.03706352]
 [ 0.49971074 -0.03180112  0.7059497 ]]","[[-0.71102947  0.32699105  0.622506  ]
 [-0.00899828  0.8809914  -0.4730466 ]
 [ 0.7031045   0.34195164  0.62346846]]"
20200222-084229.181173,33,[1.6734248 1.4817299 0.6190836],"[[ 0.49923757 -0.04239431  0.7065354 ]
 [ 0.49874404  0.7064544   0.04383551]
 [-0.5019222   0.7050286   0.04393613]
 [-0.50009006 -0.04538034  0.7049511 ]]","[[ 0.7057986   0.33261472  0.6254725 ]
 [-0.00185914  0.8837879  -0.4678843 ]
 [-0.70841014  0.32906935  0.6243946 ]]"
20200222-084229.181173,34,[1.6817484 1.4796156 0.6147813],"[[ 0.49906793 -0.04849745  0.7063881 ]
 [ 0.49858862  0.70600283  0.05016169]
 [-0.5020989   0.704633    0.05029479]
 [-0.50023705 -0.05196381  0.7042516 ]]","[[ 0.7055353   0.32941088  0.6274618 ]
 [-0.00205189  0.88634753 -0.4630161 ]
 [-0.7086716   0.32538664  0.62602544]]"
20200222-084229.181173,35,[1.6907841 1.4698157 0.6095775],"[[ 0.49910048 -0.05741782 -0.7057064 ]
 [ 0.49903598  0.7050163  -0.05871455]
 [-0.50164896  0.70429075 -0.05894495]
 [-0.50021017 -0.0602456  -0.7036027 ]]","[[ 0.70578545  0.32335034 -0.6303266 ]
 [-0.00153     0.8904505   0.45507762]
 [-0.70842403  0.32022274 -0.6289617 ]]"
20200222-084229.181173,36,[1.6992928 1.463947  0.6057614],"[[ 0.49909717 -0.06394939 -0.7051333 ]
 [ 0.49928808  0.7042952  -0.06505056]
 [-0.5014386   0.70389265 -0.06533229]
 [-0.5001725  -0.06643687 -0.70305544]]","[[ 0.705915    0.31907114 -0.6323587 ]
 [-0.00126321  0.8933538   0.44935215]
 [-0.7082954   0.31640562 -0.6310349 ]]"
20200222-084229.181173,37,[1.7074575 1.4643735 0.6022387],"[[ 0.49887246 -0.0643172  -0.70523196]
 [ 0.4928456   0.7083268  -0.07049119]
 [-0.5078779   0.69885004 -0.06959926]
 [-0.5002896  -0.07579786 -0.702022  ]]","[[ 0.7018608   0.323562   -0.63458556]
 [-0.00942403  0.8950189   0.44592842]
 [-0.71225166  0.30699936 -0.631228  ]]"
20200222-084229.181173,38,[1.7158766 1.4632169 0.5980964],"[[-0.4990821  -0.0790047  -0.70373833]
 [-0.5058482   0.69846916 -0.07496418]
 [ 0.49490136  0.7075562  -0.07658803]
 [ 0.50010735 -0.07254688 -0.7023297 ]]","[[-0.70980614  0.30656952 -0.634185  ]
 [-0.00704264  0.8971894   0.44159022]
 [ 0.7043619   0.31790966 -0.6346714 ]]"
20200222-084229.181173,39,[1.7243944 1.4663917 0.5934907],"[[ 0.49896672 -0.07603753 -0.7039885 ]
 [ 0.49379754  0.70649654 -0.0814667 ]
 [-0.50697684  0.6983218  -0.08073483]
 [-0.500171   -0.08618402 -0.7008887 ]]","[[ 0.70241296  0.31734508 -0.6371092 ]
 [-0.00833696  0.89871264  0.43845877]
 [-0.71172076  0.30266756 -0.63391304]]"
20200222-084229.181173,40,[1.7326915  1.4670538  0.59011656],"[[-0.49882907 -0.07665404 -0.70399684]
 [-0.48823342  0.7097833  -0.08648041]
 [ 0.51248753  0.69382805 -0.08464603]
 [ 0.50015414 -0.0945216  -0.6998176 ]]","[[-0.69883126  0.32113785 -0.63914424]
 [ 0.01544329  0.9001156   0.4353773 ]
 [ 0.7151198   0.29438496 -0.63398826]]"
20200222-084229.181173,41,[1.7411209  1.47459    0.58528197],"[[ 0.4989539  -0.08158672 -0.70335346]
 [ 0.48867512  0.70891243 -0.09103411]
 [-0.51205385  0.6935559  -0.08933645]
 [-0.5000427  -0.09882781 -0.69930404]]","[[ 0.69913083  0.31950688 -0.639634  ]
 [-0.01494084  0.9009337   0.4336993 ]
 [-0.71483773  0.2936559  -0.6346442 ]]"
20200222-084229.181173,42,[1.7498505 1.4691523 0.5818214],"[[-0.49895942 -0.08773698 -0.7025977 ]
 [-0.48957592  0.7075749  -0.0965266 ]
 [ 0.5112121   0.69345504 -0.09490346]
 [ 0.50001746 -0.1037331  -0.69859356]]","[[-0.6996208   0.31503493 -0.64131415]
 [ 0.01388204  0.9033761   0.42862433]
 [ 0.7143796   0.29097167 -0.6363941 ]]"
20200222-084229.181173,43,[1.7590352  1.4649773  0.57898796],"[[-0.49899203 -0.08916377 -0.7022424 ]
 [-0.48476672  0.71031713 -0.10173905]
 [ 0.5159125   0.68924683 -0.09888212]
 [ 0.49984175 -0.1115254  -0.6976581 ]]","[[-0.696603    0.3171014  -0.6435766 ]
 [ 0.02003602  0.9052732   0.42435715]
 [ 0.7171769   0.2827137  -0.6369697 ]]"
20200222-084229.181173,44,[1.7683206 1.4607968 0.5762385],"[[-0.49903512 -0.09101949 -0.7018379 ]
 [-0.48073864  0.71246266 -0.10677328]
 [ 0.51981354  0.68558794 -0.10281556]
 [ 0.49964827 -0.11866667 -0.69674397]]","[[-0.69399804  0.31841713 -0.64573777]
 [ 0.02525367  0.90710044  0.42015582]
 [ 0.71953386  0.27528006 -0.63756716]]"
20200222-084229.181173,45,[1.7774282 1.4600435 0.5724376],"[[-0.4989622  -0.08999245 -0.7018913 ]
 [-0.47186595  0.7176013  -0.11272464]
 [ 0.5282824   0.67836523 -0.10658117]
 [ 0.4992963  -0.12950148 -0.69518507]]","[[-0.68812746  0.3251513  -0.6486578 ]
 [ 0.03657188  0.9083795   0.41654435]
 [ 0.7246675   0.26291302 -0.6369724 ]]"
20200222-084229.181173,46,[1.7867527 1.4604539 0.5693527],"[[-0.4988848  -0.09141702 -0.70176876]
 [-0.46819523  0.7192982  -0.11708456]
 [ 0.5317361   0.67512333 -0.10996193]
 [ 0.49916303 -0.13587137 -0.6940605 ]]","[[-0.6855284   0.32705995 -0.650448  ]
 [ 0.04128199  0.9094409   0.41377887]
 [ 0.72687465  0.2568053  -0.6369491 ]]"
20200222-084229.181173,47,[1.7954104  1.461654   0.56628025],"[[-0.49883795 -0.09289128 -0.70160395]
 [-0.46481508  0.72080094 -0.12125822]
 [ 0.5349388   0.6720673  -0.11326487]
 [ 0.498947   -0.14192615 -0.69297844]]","[[-0.68309325  0.32892165 -0.6520692 ]
 [ 0.04568722  0.9103372   0.41133815]
 [ 0.7289008   0.25119102 -0.63687265]]"
20200222-084229.181173,48,[1.8041652  1.4623989  0.56333894],"[[-0.49915963 -0.10079475 -0.7003083 ]
 [-0.47119194  0.71612036 -0.12418707]
 [ 0.52895415  0.67606205 -0.11766373]
 [ 0.4990246  -0.14125274 -0.69303775]]","[[-0.6873286   0.32065883 -0.65173435]
 [ 0.0378332   0.9118641   0.40874532]
 [ 0.72536075  0.25628516 -0.63888174]]"
20200222-084229.181173,49,[1.8123415 1.4640266 0.560377 ],"[[-0.49939    -0.1081806  -0.69904065]
 [-0.47695184  0.71179265 -0.12703934]
 [ 0.5235254   0.67956114 -0.12188774]
 [ 0.49904662 -0.14087057 -0.6930701 ]]","[[-0.69116414  0.31315306 -0.65132755]
 [ 0.0306671   0.9131412   0.40648848]
 [ 0.722047    0.26097587 -0.64073384]]"
20200222-084229.181173,50,[1.8210301 1.465284  0.5574562],"[[-0.499653   -0.1093062  -0.6983983 ]
 [-0.47316146  0.7138813  -0.1311312 ]
 [ 0.5271482   0.67594135 -0.12475692]
 [ 0.49857783 -0.14672825 -0.69244516]]","[[-0.688857    0.31548324 -0.6526457 ]
 [ 0.03557954  0.9139582   0.40424576]
 [ 0.7240236   0.25524667 -0.6408114 ]]"
20200222-084229.181173,51,[1.8307557 1.4644784 0.5538896],"[[-0.49975792 -0.11468524 -0.69748294]
 [-0.47466302  0.7120675  -0.13536586]
 [ 0.52572024  0.6762251  -0.12927952]
 [ 0.4985534  -0.15008987 -0.6917229 ]]","[[-0.68974185  0.31164643 -0.6535541 ]
 [ 0.03383054  0.91551507  0.4008586 ]
 [ 0.72326475  0.25437886 -0.64201224]]"
20200222-084229.181173,52,[1.8396487  1.4644488  0.55045956],"[[-0.50000966 -0.11966791 -0.6963481 ]
 [-0.47582603  0.71063465 -0.13941534]
 [ 0.5246207   0.67614096 -0.1334807 ]
 [ 0.49835017 -0.15333444 -0.6912639 ]]","[[-0.6906065   0.3083622  -0.6541982 ]
 [ 0.03248634  0.91686326  0.3978774 ]
 [ 0.72250086  0.2535242  -0.64320934]]"
20200222-084229.181173,53,[1.8493394 1.458492  0.5468491],"[[-0.5000789  -0.12330797  0.6955454 ]
 [-0.4731543   0.71136916  0.14528565]
 [ 0.5271633   0.67307156  0.1382736 ]
 [ 0.49814135 -0.1603861   0.68991935]]","[[-0.68872565  0.307584    0.65654325]
 [ 0.03604727  0.9189567  -0.39270768]
 [ 0.72412544  0.2468013   0.64399654]]"
20200222-084229.181173,54,[1.8590353 1.4564313 0.5451023],"[[-0.50016606 -0.12185144  0.6954838 ]
 [-0.4664004   0.71527267  0.14926083]
 [ 0.53352255  0.66741115  0.1400094 ]
 [ 0.49765316 -0.16762973  0.6887822 ]]","[[-0.6841441   0.3127379   0.65889466]
 [ 0.04477637  0.9197092  -0.39003882]
 [ 0.72797143  0.23733987  0.6432167 ]]"
20200222-084229.181173,55,[1.8682468 1.4595568 0.5406866],"[[-0.5002986  -0.12951633  0.69414693]
 [-0.4716164   0.7109318   0.15280712]
 [ 0.52865547  0.6703678   0.14511369]
 [ 0.4977974  -0.16854906  0.6882962 ]]","[[-0.6875676   0.30579895  0.65858763]
 [ 0.03828926  0.9210025  -0.3876706 ]
 [ 0.7251101   0.2413329   0.6449602 ]]"
20200222-084229.181173,56,[1.8773911  1.4649172  0.53767616],"[[-0.500516   -0.13511886  0.6929326 ]
 [-0.47618178  0.707458    0.15470201]
 [ 0.52432406  0.6730595   0.1483691 ]
 [ 0.4978142  -0.1680385   0.68840265]]","[[-0.6907547   0.30053073  0.657677  ]
 [ 0.0325064   0.92152464 -0.38695666]
 [ 0.722358    0.24591345  0.6463167 ]]"
20200222-084229.181173,57,[1.8872498 1.4638101 0.5366829],"[[-0.50055903 -0.13519244  0.6927603 ]
 [-0.47326767  0.709003    0.15717824]
 [ 0.52709496  0.67045206  0.14974761]
 [ 0.4976234  -0.17184785  0.6877163 ]]","[[-0.6887377   0.30228716  0.6589862 ]
 [ 0.03631963  0.92217755 -0.38505787]
 [ 0.7241004   0.24126977  0.64611727]]"
20200222-084229.181173,58,[1.896335  1.4614248 0.5344205],"[[-0.50061184 -0.13689369  0.6922592 ]
 [-0.47065225  0.7100065   0.16107506]
 [ 0.5296085   0.66772133  0.15259215]
 [ 0.4973825  -0.17691669  0.6866935 ]]","[[-0.68688184  0.30293     0.66062593]
 [ 0.03980426  0.9233064  -0.3819959 ]
 [ 0.7256782   0.2360903   0.6462603 ]]"
20200222-084229.181173,59,[1.9047172  1.4637427  0.53187114],"[[-0.5004424  -0.14267173  0.6914837 ]
 [-0.47549486  0.7060323   0.16301441]
 [ 0.5250872   0.670797    0.15617341]
 [ 0.4977406  -0.17662022  0.6862119 ]]","[[-0.68984973  0.29698375  0.6602333 ]
 [ 0.0337447   0.9241837  -0.38045472]
 [ 0.72316563  0.24017726  0.6475696 ]]"
20200222-084229.181173,60,[1.9145548  1.4648012  0.52940655],"[[-0.50040865 -0.14367902  0.6913266 ]
 [-0.47285187  0.70702773  0.16622676]
 [ 0.52758855  0.66830885  0.15850708]
 [ 0.49764723 -0.1811941   0.68506336]]","[[-0.6878425   0.29856354  0.66161376]
 [ 0.03725015  0.9248079  -0.37860698]
 [ 0.7249039   0.23577683  0.64724344]]"
20200222-084229.181173,61,[1.923872   1.4634553  0.52788264],"[[-0.50038797 -0.1469023   0.69066656]
 [-0.47399706  0.7056967   0.16858837]
 [ 0.5265389   0.6685503   0.16108422]
 [ 0.4976903  -0.18290035  0.684551  ]]","[[-0.6884946   0.29583657  0.6621602 ]
 [ 0.03589848  0.92580265 -0.37629917]
 [ 0.7243526   0.23530939  0.64803016]]"
20200222-084229.181173,62,[1.9330593 1.4639162 0.5249227],"[[-0.5006194  -0.15093274  0.6895216 ]
 [-0.47494635  0.7043873   0.17184591]
 [ 0.5256429   0.66830695  0.16451614]
 [ 0.49749961 -0.18553723  0.68407845]]","[[-0.68925023  0.2932129   0.6625409 ]
 [ 0.03478592  0.92678845 -0.37396958]
 [ 0.72368777  0.23471148  0.6489888 ]]"
20200222-084229.181173,63,[1.9417393  1.4620283  0.52286625],"[[-0.50051886 -0.15696146  0.68838006]
 [-0.4795556   0.70053875  0.17415898]
 [ 0.52131045  0.67093945  0.16833845]
 [ 0.49773762 -0.18560542  0.683713  ]]","[[-0.6922165   0.28651905  0.66237694]
 [ 0.02898155  0.9281095  -0.37117764]
 [ 0.72110784  0.23773865  0.6507565 ]]"
20200222-084229.181173,64,[1.9511157  1.4586147  0.52026826],"[[-0.50052196 -0.16146779  0.6873549 ]
 [-0.4807178   0.6988121   0.17776106]
 [ 0.5202304   0.67083466  0.17224765]
 [ 0.49774337 -0.188602    0.68284345]]","[[-0.6928865   0.28284308  0.6632557 ]
 [ 0.02762177  0.92958814 -0.36756375]
 [ 0.7205174   0.23635952  0.6519117 ]]"
20200222-084229.181173,65,[1.9602462  1.4657012  0.51826686],"[[-0.5005995  -0.162814    0.68698746]
 [-0.4809861   0.69833815  0.17886452]
 [ 0.51996416  0.6707195   0.17350024]
 [ 0.49768403 -0.18960612  0.6826078 ]]","[[-0.69308716  0.2830758   0.6629466 ]
 [ 0.02729417  0.9293146  -0.36827895]
 [ 0.7203368   0.23715478  0.6518224 ]]"
20200222-084229.181173,66,[1.9704297  1.4715197  0.51566535],"[[-0.50077456 -0.16278467  0.6867452 ]
 [-0.4780188   0.6998809   0.18129031]
 [ 0.52281255  0.6680201   0.17485508]
 [ 0.497383   -0.1934352   0.6818654 ]]","[[-0.6911048   0.28622448  0.66366374]
 [ 0.03119389  0.92919904 -0.3682608 ]
 [ 0.7220809   0.23380457  0.6511024 ]]"
20200222-084229.181173,67,[1.9795703 1.4735881 0.5134196],"[[-0.5007452  -0.16341814  0.6866283 ]
 [-0.47547036  0.70087224  0.18408462]
 [ 0.5252737   0.66562456  0.1767541 ]
 [ 0.49726242 -0.19752532  0.6807439 ]]","[[-0.6891595   0.28815374  0.66485083]
 [ 0.03460421  0.9295705  -0.3670168 ]
 [ 0.72378296  0.22992645  0.6505936 ]]"
20200222-084229.181173,68,[1.9891018 1.4728479 0.5101421],"[[-0.5008654  -0.16997547  0.6849898 ]
 [-0.47983631  0.69706255  0.18701895]
 [ 0.5211004   0.6677488   0.18120186]
 [ 0.49733832 -0.1983019   0.68042564]]","[[-0.69219804  0.28157935  0.6645114 ]
 [ 0.02907417  0.93088067 -0.3641649 ]
 [ 0.7211219   0.23275407  0.65254027]]"
20200222-084229.181173,69,[1.9994074  1.4740152  0.50794905],"[[-0.5010037  -0.17077558  0.6845737 ]
 [-0.47736806  0.6981029   0.18990247]
 [ 0.5234646   0.66526216  0.18307178]
 [ 0.4970915  -0.20227344  0.6795443 ]]","[[-0.69047517  0.28316787  0.66562736]
 [ 0.03238633  0.9313724  -0.36262453]
 [ 0.7226307   0.2288261   0.65226036]]"
20200222-084229.181173,70,[2.009763  1.4772887 0.5042406],"[[-0.50120306 -0.1723742   0.68391275]
 [-0.47485995  0.6989187   0.19360892]
 [ 0.5258546   0.66250014  0.18578027]
 [ 0.49677032 -0.20710744  0.6784282 ]]","[[-0.68875575  0.2848323   0.66669804]
 [ 0.03573515  0.9318116  -0.36117887]
 [ 0.7241123   0.22493938  0.651969  ]]"
20200222-084229.181173,71,[2.0191905  1.4780232  0.50165856],"[[-0.5014174  -0.17573597  0.68279916]
 [-0.47567582  0.69772017  0.19629829]
 [ 0.5250827   0.6621925   0.18866143]
 [ 0.49658975 -0.20929618  0.6779819 ]]","[[-0.6894352   0.2826694   0.66691613]
 [ 0.03477428  0.9325678  -0.3593162 ]
 [ 0.72351223  0.22453374  0.6527746 ]]"
20200222-084229.181173,72,[2.0288265  1.4747754  0.49938947],"[[-0.50138533 -0.17974597  0.6818029 ]
 [-0.4768144   0.69602406  0.19943097]
 [ 0.52403224  0.66209334  0.1920851 ]
 [ 0.49663976 -0.21183561  0.6771082 ]]","[[-0.69008684  0.27929205  0.6676645 ]
 [ 0.03343295  0.9338547  -0.35608676]
 [ 0.72295386  0.22340879  0.6537784 ]]"
20200222-084229.181173,73,[2.0392885  1.4719352  0.49776903],"[[-0.5014403  -0.181049    0.68132085]
 [-0.47473925  0.6966475   0.20254607]
 [ 0.52600837  0.6598092   0.19418119]
 [ 0.49648297 -0.21576647  0.67607015]]","[[-0.6885505   0.27961615  0.6691136 ]
 [ 0.03623754  0.93478924 -0.3533492 ]
 [ 0.7242824   0.2190517   0.65378225]]"
20200222-084229.181173,74,[2.0491557 1.4716792 0.497275 ],"[[-0.50131416 -0.1848655   0.68051773]
 [-0.47871274  0.6936339   0.20305067]
 [ 0.52224755  0.6623487   0.1962159 ]
 [ 0.49676543 -0.21445565  0.6761399 ]]","[[-0.69118     0.27457523  0.66848975]
 [ 0.031169    0.93547696 -0.35201046]
 [ 0.72201014  0.22246642  0.6551412 ]]"
20200222-084229.181173,75,[2.0584373  1.4740294  0.49531806],"[[-0.5016257  -0.18526943  0.67994624]
 [-0.47623235  0.69485444  0.20555015]
 [ 0.52462375  0.6598103   0.19760764]
 [ 0.49633113 -0.21795112  0.67555404]]","[[-0.68962836  0.27655685  0.66927516]
 [ 0.03448241  0.9356968  -0.35111612]
 [ 0.7233421   0.21906136  0.6548193 ]]"
20200222-084229.181173,76,[2.0677958 1.4789534 0.4926412],"[[-0.50171536 -0.18751879  0.67929024]
 [-0.47667605  0.69396496  0.20741788]
 [ 0.5241919   0.65954375  0.1997093 ]
 [ 0.49627078 -0.21966292  0.67502546]]","[[-0.68993455  0.2759648   0.66920394]
 [ 0.03396448  0.93580174 -0.3508871 ]
 [ 0.72307456  0.21935993  0.65501493]]"
20200222-084229.181173,77,[2.078206   1.4823415  0.48936766],"[[-0.5017155  -0.18871184  0.6789984 ]
 [-0.47443414  0.69451815  0.21054128]
 [ 0.5263141   0.6572057   0.20194754]
 [ 0.49617285 -0.22385958  0.6736848 ]]","[[-0.68817294  0.2776978   0.67030025]
 [ 0.03697528  0.93607765 -0.34984523]
 [ 0.7246042   0.21596956  0.654451  ]]"
20200222-084229.181173,78,[2.087576  1.4845834 0.4875439],"[[-0.5020244  -0.18907025  0.6784397 ]
 [-0.47206458  0.6956573   0.21290983]
 [ 0.52856296  0.6547632   0.20322083]
 [ 0.49572936 -0.22715273  0.6731201 ]]","[[-0.68667775  0.27959326  0.6710448 ]
 [ 0.04013505  0.9362541  -0.34902373]
 [ 0.72585315  0.2127344   0.65412647]]"
20200222-084229.181173,79,[2.0971255 1.4854023 0.48526  ],"[[-0.502236   -0.19197544  0.6773656 ]
 [-0.47274733  0.6945773   0.21526013]
 [ 0.52792025  0.65439093  0.20572926]
 [ 0.49554962 -0.2290864   0.67269224]]","[[-0.6872807   0.27776894  0.67118543]
 [ 0.0393407   0.93687654 -0.3474406 ]
 [ 0.725326    0.21238421  0.65482485]]"
20200222-084229.181173,80,[2.105854   1.4880497  0.48350972],"[[-0.50236267 -0.19597206  0.67613554]
 [-0.47628388  0.6918353   0.21625026]
 [ 0.5245986   0.65631115  0.20820105]
 [ 0.49556237 -0.22850601  0.6728515 ]]","[[-0.68987954  0.273578    0.67023987]
 [ 0.03483532  0.93731564 -0.3467366 ]
 [ 0.72308564  0.2158584   0.6561649 ]]"
20200222-084229.181173,81,[2.1165807  1.4874306  0.48070008],"[[-0.50250554 -0.19784768  0.6754114 ]
 [-0.47449377  0.69205755  0.21969087]
 [ 0.5262999   0.65403694  0.21081504]
 [ 0.4953303  -0.23269744  0.67164886]]","[[-0.6885522   0.2739172   0.67146486]
 [ 0.03731194  0.938075   -0.34441665]
 [ 0.7242262   0.21209525  0.65613407]]"
20200222-084229.181173,82,[2.1260219 1.4897453 0.4790217],"[[-0.502812   -0.1980802   0.6748945 ]
 [-0.47219703  0.69316155  0.2218913 ]
 [ 0.5284775   0.6516867   0.21193042]
 [ 0.49489513 -0.2357874   0.67109406]]","[[-0.68709946  0.2758311   0.6721693 ]
 [ 0.04037453  0.93820083 -0.3437284 ]
 [ 0.7254407   0.2090371   0.6557739 ]]"
20200222-084229.181173,83,[2.1362772  1.4964485  0.47767085],"[[-0.50272775 -0.19530262  0.6758111 ]
 [-0.46714994  0.69604504  0.22339344]
 [ 0.53320134  0.64803106  0.2114433 ]
 [ 0.49470416 -0.23965359  0.6698255 ]]","[[-0.6831933   0.28205264  0.67356753]
 [ 0.04697812  0.93746036 -0.34490696]
 [ 0.728725    0.20399517  0.653717  ]]"
20200222-084229.181173,84,[2.1469483  1.4954666  0.47511506],"[[-0.50265455 -0.1971638   0.6754087 ]
 [-0.46570033  0.69590884  0.22654453]
 [ 0.5345493   0.64618987  0.21393143]
 [ 0.4946907  -0.24346654  0.66838175]]","[[-0.681856    0.28212196  0.67489254]
 [ 0.04901421  0.9381792  -0.34266257]
 [ 0.7298426   0.20056713  0.6535311 ]]"
20200222-084229.181173,85,[2.156825   1.5059394  0.47305304],"[[-0.5029414  -0.19943783  0.6745363 ]
 [-0.46863675  0.69401926  0.22624217]
 [ 0.5317969   0.6480646   0.21513054]
 [ 0.4945919  -0.24202055  0.66898006]]","[[-0.6842012   0.2805738   0.6731619 ]
 [ 0.04524175  0.93758476 -0.34480155]
 [ 0.7278885   0.20545855  0.6541903 ]]"
20200222-084229.181173,86,[2.1677659  1.5008222  0.47082692],"[[-0.5029906  -0.20205808  0.67368907]
 [-0.46755663  0.6935901   0.22986583]
 [ 0.53281295  0.64620554  0.21810378]
 [ 0.49447125 -0.2460152   0.66763425]]","[[-0.68324155  0.27928028  0.6746732 ]
 [ 0.04685806  0.93883115 -0.34117505]
 [ 0.72868764  0.20149106  0.6545347 ]]"
20200222-084229.181173,87,[2.1779387  1.4984913  0.46964276],"[[-0.5028389  -0.20663549  0.6725666 ]
 [-0.47149715  0.69032395  0.23114526]
 [ 0.5291405   0.6484157   0.22100978]
 [ 0.49482676 -0.24558435  0.66736835]]","[[-0.68587327  0.2736768   0.6742987 ]
 [ 0.04189267  0.93990195 -0.33886498]
 [ 0.7265143   0.20417027  0.65611863]]"
20200222-084229.181173,88,[2.188193   1.4942149  0.46746677],"[[-0.50269246 -0.21230656  0.671079  ]
 [-0.47544807  0.6866306   0.23348837]
 [ 0.5254279   0.65025216  0.22503078]
 [ 0.49515146 -0.24624418  0.6667062 ]]","[[-0.6884987   0.26723066  0.6742088 ]
 [ 0.03690877  0.9413446  -0.33542222]
 [ 0.7242978   0.20605351  0.65797764]]"
20200222-084229.181173,89,[2.1979918  1.4974419  0.46654752],"[[-0.5025121  -0.2135554   0.6709537 ]
 [-0.47611538  0.68578416  0.23418511]
 [ 0.5248103   0.6505518   0.2260658 ]
 [ 0.49534807 -0.24673183  0.66623825]]","[[-0.68872595  0.2666319   0.6742137 ]
 [ 0.03612792  0.94138795 -0.33538595]
 [ 0.72412115  0.20663098  0.6579911 ]]"
20200222-084229.181173,90,[2.2080767 1.4946343 0.4648673],"[[-0.5024723  -0.21671458  0.6700034 ]
 [-0.47708905  0.6842535   0.23655875]
 [ 0.52391136  0.6503845   0.2287854 ]
 [ 0.49540326 -0.24866006  0.6654266 ]]","[[-0.6892996   0.2638312   0.6747289 ]
 [ 0.03498426  0.94236827 -0.33274326]
 [ 0.7236312   0.20575494  0.65880394]]"
20200222-084229.181173,91,[2.2181973  1.4918563  0.46323556],"[[-0.502428   -0.21978126  0.66906595]
 [-0.47797674  0.6827823   0.23891255]
 [ 0.5230911   0.6501572   0.2314417 ]
 [ 0.49545926 -0.25059912  0.66460973]]","[[-0.6898176   0.26113296  0.67524904]
 [ 0.03394429  0.9433259  -0.33012724]
 [ 0.72318715  0.20480676  0.65958685]]"
20200222-084229.181173,92,[2.2277942  1.4943738  0.46187097],"[[-0.502734   -0.21981487  0.66862017]
 [-0.47590336  0.68380296  0.24075861]
 [ 0.52507085  0.6480536   0.23224835]
 [ 0.4950511  -0.25322282  0.6641113 ]]","[[-0.68851304  0.26301792  0.6758487 ]
 [ 0.03672004  0.94336504 -0.32971832]
 [ 0.72429377  0.20219812  0.65917724]]"
20200222-084229.181173,93,[2.235904   1.5016454  0.46029186],"[[-0.5029127  -0.22538163  0.6667126 ]
 [-0.48354292  0.6787469   0.23957223]
 [ 0.51776206  0.6530819   0.23482959]
 [ 0.49516422 -0.24897818  0.6655485 ]]","[[-0.6943166   0.25566432  0.672726  ]
 [ 0.0267226   0.9432846  -0.3309079 ]
 [ 0.7191734   0.21177784  0.6617702 ]]"
20200222-084229.181173,94,[2.245689  1.500363  0.4591605],"[[-0.50297517 -0.22600655  0.6663639 ]
 [-0.48160884  0.6793744   0.2419512 ]
 [ 0.51965916  0.6510133   0.23618606]
 [ 0.49499813 -0.25209776  0.66455597]]","[[-0.69288826  0.25653026  0.673868  ]
 [ 0.02935807  0.94383335 -0.3291148 ]
 [ 0.7204471   0.2082563   0.6615023 ]]"
20200222-084229.181173,95,[2.2559042  1.4977028  0.45761332],"[[-0.50293696 -0.22886331  0.6654496 ]
 [-0.48235655  0.6780036   0.2441962 ]
 [ 0.5189654   0.65069485  0.2387284 ]
 [ 0.4950371  -0.25402665  0.66374236]]","[[-0.69332296  0.25403973  0.67436427]
 [ 0.02848992  0.9447334  -0.3265995 ]
 [ 0.7200638   0.2072264   0.6622429 ]]"
20200222-084229.181173,96,[2.2667341  1.4946803  0.45612264],"[[-0.50307816 -0.22864918  0.66525877]
 [-0.47828132  0.6798144   0.24762957]
 [ 0.52288085  0.64690405  0.24003947]
 [ 0.49472684 -0.25901127  0.66218686]]","[[-0.69033796  0.25663078  0.6764423 ]
 [ 0.03394923  0.9454355  -0.3240356 ]
 [ 0.72269005  0.2007294   0.6613825 ]]"
20200222-084229.181173,97,[2.276347   1.4975812  0.45484167],"[[-0.5029816  -0.22863562  0.6653773 ]
 [-0.47646293  0.68045825  0.24924138]
 [ 0.52463394  0.64527196  0.24077196]
 [ 0.49472427 -0.26139408  0.66119623]]","[[-0.6888055   0.25851312  0.67728734]
 [ 0.03641652  0.9454178  -0.3238196 ]
 [ 0.7240312   0.19838427  0.66062295]]"
20200222-084229.181173,98,[2.285045   1.5046414  0.45340702],"[[-0.5029921  -0.23086424  0.66471505]
 [-0.4791681   0.6784985   0.24905165]
 [ 0.52206     0.64699954  0.24208008]
 [ 0.49482316 -0.2602561   0.661456  ]]","[[-0.690765    0.2565965   0.67601913]
 [ 0.03291992  0.9451079  -0.32509634]
 [ 0.7223295   0.20231062  0.6612945 ]]"
20200222-084229.181173,99,[2.295323   1.5019928  0.45198005],"[[-0.50296205 -0.23368037  0.66379505]
 [-0.48003292  0.67706853  0.2511447 ]
 [ 0.52125674  0.64678097  0.2445559 ]
 [ 0.49486297 -0.26200408  0.660678  ]]","[[-0.6912814   0.25404853  0.67645377]
 [ 0.03191476  0.9459779  -0.32265663]
 [ 0.7218808   0.20145766  0.66204476]]"
20200222-084229.181173,100,[2.304846   1.507897   0.45004958],"[[-0.503034   -0.23795712  0.66230536]
 [-0.4850196   0.67347544  0.2509647 ]
 [ 0.5164609   0.6498052   0.24696745]
 [ 0.4949557  -0.25992376  0.6613439 ]]","[[-0.6950207   0.24913032  0.6744482 ]
 [ 0.02539919  0.9459717  -0.3232529 ]
 [ 0.71854097  0.20753697  0.6637977 ]]"
20200222-084229.181173,101,[2.3149312 1.5110008 0.4494506],"[[-0.503228   -0.23870075  0.6617848 ]
 [-0.48519042  0.6732459   0.2515525 ]
 [ 0.5162918   0.64957756  0.24761304]
 [ 0.49476734 -0.26040542  0.6613997 ]]","[[-0.6953247   0.2489779   0.67419094]
 [ 0.02518905  0.94594175 -0.3233566 ]
 [ 0.7182541   0.2078555   0.6640083 ]]"
20200222-084229.181173,102,[2.3253188 1.5101587 0.449069 ],"[[-0.5031859  -0.24020068  0.66128445]
 [-0.4856648   0.67247605  0.252662  ]
 [ 0.51585466  0.6494602   0.24890447]
 [ 0.4948007  -0.2613066   0.66099244]]","[[-0.69560224  0.24757735  0.67442054]
 [ 0.02463371  0.94641334 -0.3220175 ]
 [ 0.7180047   0.20738254  0.66442585]]"
20200222-084229.181173,103,[2.3366816  1.512114   0.44813618],"[[-0.5032559  -0.2399692   0.6612478 ]
 [-0.48371387  0.67337835  0.25419307]
 [ 0.5177433   0.647692    0.24940374]
 [ 0.4946679  -0.26357424  0.6602538 ]]","[[-0.69418395  0.2494187   0.6752029 ]
 [ 0.02723398  0.9464749  -0.32162645]
 [ 0.71928227  0.20487943  0.6638204 ]]"
20200222-084229.181173,104,[2.3465893  1.5109899  0.44720227],"[[-0.5032919  -0.24047126  0.66095316]
 [-0.48188126  0.67395246  0.25638568]
 [ 0.5195404   0.6457433   0.2505453 ]
 [ 0.49453562 -0.2664158   0.6592682 ]]","[[-0.69281423  0.25028223  0.6762894 ]
 [ 0.02971536  0.946949   -0.32000706]
 [ 0.7205036   0.20160925  0.66349703]]"
20200222-084229.181173,105,[2.3564503 1.5226316 0.4462942],"[[-0.5033782  -0.23971362  0.6611806 ]
 [-0.4818694   0.67424524  0.2555813 ]
 [ 0.51953393  0.6460055   0.24990211]
 [ 0.49446625 -0.26572108  0.65959626]]","[[-0.6928639   0.25262755  0.675366  ]
 [ 0.02972025  0.9458276  -0.32330623]
 [ 0.72045577  0.20393518  0.6628378 ]]"
20200222-084229.181173,106,[2.3666117  1.5237378  0.44479248],"[[-0.50357616 -0.24155465  0.66027033]
 [-0.48224494  0.67349464  0.25709894]
 [ 0.5191687   0.6455516   0.25157338]
 [ 0.49428234 -0.2670582   0.65928334]]","[[-0.69328904  0.25153482  0.67533755]
 [ 0.02927287  0.946166   -0.322356  ]
 [ 0.72006494  0.20371678  0.66332954]]"
20200222-084229.181173,107,[2.3781323 1.5252364 0.4437263],"[[-0.50365204 -0.24157713  0.6601234 ]
 [-0.48041105  0.6742459   0.25878713]
 [ 0.5209304   0.643782    0.2522427 ]
 [ 0.49413672 -0.2694018   0.6585135 ]]","[[-0.6919446   0.2530607   0.67614555]
 [ 0.03172227  0.94630647 -0.32171032]
 [ 0.7212531   0.20115678  0.6628195 ]]"
20200222-084229.181173,108,[2.3883102  1.5262989  0.44227168],"[[-0.5038691  -0.24344036  0.65919834]
 [-0.4808995   0.6734268   0.2602142 ]
 [ 0.5204575   0.64341605  0.25393558]
 [ 0.49393892 -0.2706451   0.6582271 ]]","[[-0.69244814  0.25187638  0.67607236]
 [ 0.03114948  0.94664276 -0.3207757 ]
 [ 0.7207948   0.2010612   0.66334695]]"
20200222-084229.181173,109,[2.3985093  1.5274686  0.44083223],"[[-0.5040743  -0.24522026  0.6583023 ]
 [-0.48130324  0.6726694   0.26164013]
 [ 0.5200658   0.64300066  0.25556338]
 [ 0.49374905 -0.27190715  0.6579288 ]]","[[-0.692896    0.25079942  0.67601407]
 [ 0.03066793  0.9469597  -0.3198857 ]
 [ 0.72038525  0.20091558  0.66383606]]"
20200222-084229.181173,110,[2.407658   1.5304157  0.43983376],"[[-0.50421107 -0.2477987   0.6572241 ]
 [-0.48383552  0.6707381   0.26193908]
 [ 0.51764405  0.6442902   0.2572399 ]
 [ 0.49367937 -0.2712871   0.6582336 ]]","[[-0.69488335  0.24801025  0.6750023 ]
 [ 0.02739515  0.94709533 -0.31978098]
 [ 0.7186006   0.20371865  0.66491497]]"
20200222-084229.181173,111,[2.4182062  1.5296623  0.43957552],"[[-0.50416344 -0.24915846  0.65675795]
 [-0.48427454  0.6700168   0.26293957]
 [ 0.5172413   0.64417523  0.25840583]
 [ 0.4937195  -0.27209473  0.65784353]]","[[-0.6951449   0.24670947  0.6752095 ]
 [ 0.02686944  0.9475264  -0.31854644]
 [ 0.7183673   0.2032934   0.6652971 ]]"
20200222-084229.181173,112,[2.4298275  1.5269698  0.43892738],"[[-0.50417536 -0.24969402  0.6564824 ]
 [-0.48255697  0.67048454  0.26507506]
 [ 0.51889884  0.6423352   0.25949305]
 [ 0.4936497  -0.2747891   0.656833  ]]","[[-0.69384605  0.24712855  0.6763913 ]
 [ 0.02917071  0.9481459  -0.3164942 ]
 [ 0.7195324   0.19986737  0.66507626]]"
20200222-084229.181173,113,[2.4411578  1.5307732  0.43681586],"[[-0.50407106 -0.25002947  0.6565044 ]
 [-0.48084387  0.6708917   0.26696348]
 [ 0.52053356  0.6406751   0.2604892 ]
 [ 0.49370667 -0.2773535   0.65565085]]","[[-0.6923989   0.24896774  0.67719936]
 [ 0.03146003  0.9481047  -0.31639808]
 [ 0.7208289   0.197769    0.6642991 ]]"
20200222-084229.181173,114,[2.450269   1.5339628  0.43587774],"[[-0.503819   -0.25256187  0.6559541 ]
 [-0.48349607  0.66868156  0.267103  ]
 [ 0.5180112   0.6423042   0.26215845]
 [ 0.494027   -0.27662715  0.65547925]]","[[-0.69408953  0.24627414  0.6764531 ]
 [ 0.02806856  0.94820714 -0.31641045]
 [ 0.71934134  0.20063007  0.66505307]]"
20200222-084229.181173,115,[2.461979   1.5312638  0.43529364],"[[-0.50383806 -0.25318152  0.6556541 ]
 [-0.4819916   0.66901076  0.26911953]
 [ 0.5194615   0.6406259   0.2632722 ]
 [ 0.49395454 -0.27914608  0.65450776]]","[[-0.6929229   0.24650706  0.67756367]
 [ 0.0301226   0.94881684 -0.31438735]
 [ 0.7203822   0.19743621  0.66488224]]"
20200222-084229.181173,116,[2.472046  1.5303346 0.4345632],"[[-0.5038588  -0.25359267  0.6554094 ]
 [-0.48031625  0.6694955   0.271091  ]
 [ 0.5210975   0.63884485  0.26423553]
 [ 0.49384227 -0.28168073  0.6535505 ]]","[[-0.69165725  0.2473097   0.6785635 ]
 [ 0.03237287  0.9492163  -0.3129546 ]
 [ 0.72150004  0.19449022  0.6645386 ]]"
