Timestamp,Epoch,s,u,v
20200222-051124.803010,0,[1.8401697  1.451751   0.76197326],"[[ 0.26171458  0.51099485  0.65851474]
 [ 0.657684    0.49274674 -0.27503744]
 [ 0.6610558  -0.5093641  -0.23549972]
 [ 0.24892245 -0.4864499   0.6597369 ]]","[[ 0.48998886  0.71601766  0.4972222 ]
 [ 0.7199285  -0.01075693 -0.693965  ]
 [ 0.4915426  -0.6979995   0.5207522 ]]"
20200222-051124.803010,1,[1.8085109 1.4587233 0.7582244],"[[ 0.24935383 -0.51114154  0.6632624 ]
 [ 0.6616048  -0.4938367  -0.2632447 ]
 [ 0.6659706   0.50826764 -0.22392558]
 [ 0.23787683  0.48633713  0.66380924]]","[[ 0.48310977 -0.7165404   0.5031648 ]
 [ 0.72803503  0.0095099  -0.68547416]
 [ 0.48638484  0.69748074  0.52626085]]"
20200222-051124.803010,2,[1.778293   1.4658043  0.75427645],"[[ 0.237026   -0.5112378   0.6678025 ]
 [ 0.6655271  -0.49463373 -0.25132602]
 [ 0.6705482   0.5074616  -0.21207051]
 [ 0.22640094  0.48626748  0.66775817]]","[[ 0.47630608 -0.71690154  0.50910205]
 [ 0.73621935  0.00859567 -0.67668843]
 [ 0.48074284  0.69712144  0.5318909 ]]"
20200222-051124.803010,3,[1.7560235 1.4727395 0.7511597],"[[ 0.22680566 -0.5113376   0.67133594]
 [ 0.6683298  -0.49559468 -0.24163032]
 [ 0.6742918   0.50652593 -0.2024924 ]
 [ 0.21731295  0.48615947  0.6707605 ]]","[[ 0.47044706 -0.7173525   0.51389205]
 [ 0.7427771   0.00751136 -0.66949666]
 [ 0.47640508  0.6966698   0.5363668 ]]"
20200222-051124.803010,4,[1.7368006 1.4797106 0.7469914],"[[ 0.209623   -0.51299876  0.67572296]
 [ 0.66645384 -0.50358874 -0.22978412]
 [ 0.6834959   0.49842432 -0.19164918]
 [ 0.21149671  0.4845659   0.67369777]]","[[ 0.45721    -0.72152126  0.51996744]
 [ 0.75008863 -0.00128218 -0.6613362 ]
 [ 0.47783485  0.6923912   0.5406188 ]]"
20200222-051124.803010,5,[1.7195258 1.4866996 0.7441692],"[[ 0.20501924 -0.51163954  0.6783731 ]
 [ 0.67258954 -0.4987841  -0.22158737]
 [ 0.6825703   0.5033596  -0.18278265]
 [ 0.19921944  0.4858689   0.6762391 ]]","[[ 0.45731875 -0.71884435  0.523567  ]
 [ 0.75574726  0.00383742 -0.6548522 ]
 [ 0.46872762  0.6951605   0.5450195 ]]"
20200222-051124.803010,6,[1.6996406  1.4941111  0.74062127],"[[ 0.19408835 -0.51181215  0.68154067]
 [ 0.6746492  -0.5002288  -0.21157545]
 [ 0.6863073   0.5018905  -0.17285614]
 [ 0.1901594   0.48572144  0.6788657 ]]","[[ 0.45055208 -0.7195802   0.52840066]
 [ 0.7623762   0.00214836 -0.64713055]
 [ 0.46452707  0.69440603  0.54955864]]"
20200222-051124.803010,7,[1.6860516 1.5012136 0.7366412],"[[ 0.18209349 -0.51208544  0.684861  ]
 [ 0.6754026  -0.5031288  -0.20131148]
 [ 0.6911201   0.49895692 -0.16281307]
 [ 0.18173046  0.48546004  0.6811243 ]]","[[ 0.44260797 -0.72097903  0.5331858 ]
 [ 0.76862043 -0.00122515 -0.6397037 ]
 [ 0.4618663   0.69295555  0.55361694]]"
20200222-051124.803010,8,[1.6650621  1.5086966  0.73241675],"[[ 0.1763998  -0.51044405  0.6878052 ]
 [ 0.6832993  -0.4962637  -0.19059542]
 [ 0.6889105   0.5059259  -0.15135705]
 [ 0.16549207  0.4870401   0.6838775 ]]","[[ 0.44323584 -0.717126    0.53784037]
 [ 0.7757995   0.00629283 -0.63094807]
 [ 0.44908482  0.6969152   0.55913526]]"
20200222-051124.803010,9,[1.6613884  1.5152476  0.72841567],"[[ 0.14112751 -0.5163636   0.6914167 ]
 [ 0.6597739  -0.5309685  -0.18012121]
 [ 0.7154879   0.46977055 -0.14375813]
 [ 0.18127051  0.48037153  0.6847139 ]]","[[ 0.40404513 -0.7355923   0.5437387 ]
 [ 0.7800297  -0.03342569 -0.6248493 ]
 [ 0.47780913  0.67659944  0.5602782 ]]"
20200222-051124.803010,10,[1.6488572  1.5228796  0.72405285],"[[ 0.1263349  -0.51684874  0.6939955 ]
 [ 0.6574289  -0.5371036  -0.1699136 ]
 [ 0.7218406   0.46310595 -0.13360855]
 [ 0.1754223   0.47949958  0.6867668 ]]","[[ 0.3920607  -0.738761    0.5481973 ]
 [ 0.7857771  -0.04094584 -0.61715275]
 [ 0.47837487  0.67272234  0.56444836]]"
20200222-051124.803010,11,[1.6330503 1.5301906 0.7201508],"[[ 0.10858701 -0.51780033  0.6963494 ]
 [ 0.65115833 -0.54756594 -0.16012302]
 [ 0.7308927   0.4515765  -0.12396146]
 [ 0.17319708  0.47763205  0.68854284]]","[[ 0.3750589  -0.74423105  0.552676  ]
 [ 0.7910808  -0.05383389 -0.60933816]
 [ 0.4832411   0.66574913  0.568556  ]]"
20200222-051124.803010,12,[1.6229379 1.5375472 0.7173677],"[[ 0.09252832 -0.5187441   0.69802046]
 [ 0.6431804  -0.5588818  -0.15285231]
 [ 0.7398799   0.43879893 -0.11678991]
 [ 0.1741707   0.47540674  0.68975633]]","[[ 0.35819808 -0.75007385  0.55595267]
 [ 0.79444265 -0.06794574 -0.6035266 ]
 [ 0.49046415  0.6578545   0.57155263]]"
20200222-051124.803010,13,[1.6206272  1.5455323  0.71295273],"[[ 0.09279877 -0.5168663   0.6994581 ]
 [ 0.65471005 -0.5475277  -0.1444437 ]
 [ 0.7335703   0.45169184 -0.10749523]
 [ 0.15689994  0.47857767  0.69162065]]","[[ 0.366487   -0.7441931   0.5584478 ]
 [ 0.8000104  -0.05440415 -0.5975145 ]
 [ 0.47504804  0.6657452   0.57542384]]"
20200222-051124.803010,14,[1.6095443 1.5522101 0.709561 ],"[[ 0.04980307 -0.52002776  0.70138377]
 [ 0.618312   -0.59054536 -0.13569303]
 [ 0.76324564  0.401329   -0.09984633]
 [ 0.18073773  0.46878812  0.69258857]]","[[ 0.31194326 -0.7654906   0.56277484]
 [ 0.7994372  -0.10860633 -0.5908511 ]
 [ 0.5134118   0.63421506  0.5780827 ]]"
20200222-051124.803010,15,[1.605954  1.5593446 0.7045104],"[[ 0.02053852 -0.5196127   0.7032362 ]
 [ 0.59721506 -0.61388385 -0.1259006 ]
 [ 0.77927196  0.37184897 -0.09016591]
 [ 0.18880635  0.46354914  0.69388616]]","[[ 0.278102   -0.77575535  0.56644773]
 [ 0.799607   -0.1397963  -0.5840255 ]
 [ 0.5322482   0.6153543   0.5814216 ]]"
20200222-051124.803010,16,[1.5947607 1.5673423 0.6992333],"[[-0.01129674 -0.5182355   0.7045658 ]
 [ 0.573255   -0.638137   -0.11571389]
 [ 0.7952501   0.33934483 -0.07895593]
 [ 0.19704965  0.4572291   0.6956751 ]]","[[ 0.23962867 -0.7860246   0.56986284]
 [ 0.7989597  -0.17381926 -0.5757173 ]
 [ 0.55158097  0.5932555   0.58634984]]"
20200222-051124.803010,17,[1.592365   1.5740118  0.69584477],"[[-0.09039049  0.50882256  0.70593196]
 [ 0.47827554  0.7129639  -0.108853  ]
 [ 0.836085   -0.22339533 -0.07212183]
 [ 0.253069   -0.4276409   0.69613904]]","[[ 0.12328231  0.810494    0.5726263 ]
 [ 0.76970756  0.28612134 -0.57068795]
 [ 0.62637967 -0.5111105   0.58856976]]"
20200222-051124.803010,18,[1.5851226  1.5814404  0.69116896],"[[-0.38554162  0.34332585  0.70655674]
 [-0.05007413  0.8578651  -0.10068849]
 [ 0.80148333  0.32910177 -0.06197396]
 [ 0.45439535 -0.19464594  0.6977096 ]]","[[-0.39710096  0.71567506  0.5745609 ]
 [ 0.44202396  0.69778293 -0.5636613 ]
 [ 0.80431706 -0.03013926  0.5934357 ]]"
20200222-051124.803010,19,[1.5921144  1.5702661  0.68696636],"[[-0.49993774  0.1221297   0.7077859 ]
 [-0.4337931   0.7429075  -0.09171128]
 [ 0.5649896   0.65772855 -0.05309059]
 [ 0.49261785  0.02378256  0.6984337 ]]","[[-0.6788906   0.45242187  0.5782922 ]
 [ 0.07768416  0.8274453  -0.5561469 ]
 [ 0.7301182   0.33263874  0.596891  ]]"
20200222-051124.803010,20,[1.6005328  1.5653079  0.68108386],"[[-0.49487403  0.13248892  0.70955354]
 [-0.40266722  0.7613873  -0.08099207]
 [ 0.5917086   0.63457894 -0.04351525]
 [ 0.4927877  -0.00676731  0.69862753]]","[[-0.6589512   0.4754931   0.582829  ]
 [ 0.1123733   0.828383   -0.5487748 ]
 [ 0.74374425  0.29612133  0.5992969 ]]"
20200222-051124.803010,21,[1.6094364  1.5532336  0.67685175],"[[-0.4896159   0.14217895  0.7110514 ]
 [-0.3731903   0.7774963  -0.0711484 ]
 [ 0.6155107   0.6116622  -0.0360427 ]
 [ 0.4920894  -0.03397222  0.6986022 ]]","[[-0.63900477  0.49601302  0.587915  ]
 [ 0.14475347  0.8282047  -0.5414087 ]
 [ 0.75545967  0.26086006  0.6010265 ]]"
20200222-051124.803010,22,[1.6171205  1.5473313  0.67210317],"[[-0.49508125  0.11734228  0.7118629 ]
 [-0.3987186   0.7654103  -0.06257331]
 [ 0.59494734  0.6322141  -0.02747067]
 [ 0.4918901  -0.02613793  0.6989858 ]]","[[-0.6556382   0.46991703  0.5910302 ]
 [ 0.11771816  0.8367858  -0.5347262 ]
 [ 0.7458425   0.28101185  0.6039465 ]]"
20200222-051124.803010,23,[1.6252394 1.5436349 0.6680804],"[[-0.4946477   0.11380495  0.7124855 ]
 [-0.3925363   0.7694493  -0.05483938]
 [ 0.5999599   0.62740725 -0.02094068]
 [ 0.49120912 -0.03682604  0.69922686]]","[[-0.6515091   0.4717613   0.5941187 ]
 [ 0.12488692  0.83914566 -0.5293749 ]
 [ 0.7482908   0.27069494  0.605628  ]]"
20200222-051124.803010,24,[1.6322461  1.5459366  0.66362363],"[[-0.4994577   0.09017843  0.7127367 ]
 [-0.4186631   0.7557651  -0.04854915]
 [ 0.578143    0.64804554 -0.01350829]
 [ 0.4909323  -0.02691157  0.69961935]]","[[-0.6685368   0.44564736  0.595363  ]
 [ 0.09623566  0.845675   -0.52495   ]
 [ 0.73742616  0.29365328  0.60825205]]"
20200222-051124.803010,25,[1.6404039 1.5427493 0.6595917],"[[-0.49874294  0.08835232  0.7132119 ]
 [-0.41042855  0.7609732  -0.04105899]
 [ 0.58510363  0.6415709  -0.00727078]
 [ 0.4903647  -0.0387369   0.6997074 ]]","[[-0.6632056   0.44964716  0.5983108 ]
 [ 0.10576542  0.84769684 -0.5198306 ]
 [ 0.7409264   0.28147402  0.60975456]]"
20200222-051124.803010,26,[1.6481712 1.5318822 0.6546715],"[[-0.5030835   0.05958302  0.713398  ]
 [-0.44032425  0.7442357  -0.03253942]
 [ 0.55917394  0.6646435   0.00249649]
 [ 0.49025077 -0.02849806  0.69999874]]","[[-0.6819041   0.4169145   0.60098994]
 [ 0.07228728  0.85604155 -0.51182735]
 [ 0.7278607   0.3055733   0.6138759 ]]"
20200222-051124.803010,27,[1.6563096 1.5212089 0.6497944],"[[-0.5054224   0.03717152  0.71349025]
 [-0.46032098  0.7321232  -0.02413316]
 [ 0.5409653   0.6797231   0.01201076]
 [ 0.48990783 -0.02430529  0.7001468 ]]","[[-0.69408435  0.3923108   0.6036054 ]
 [ 0.04918194  0.8623466  -0.50392437]
 [ 0.7182118   0.32007954  0.61783576]]"
20200222-051124.803010,28,[1.6646483 1.5153638 0.64435  ],"[[-0.5067985   0.01883262 -0.7134538 ]
 [-0.47432813  0.7231263   0.01592138]
 [ 0.52777714  0.69004905 -0.02135957]
 [ 0.48950922 -0.02379652 -0.70019567]]","[[-0.7025017   0.37352273 -0.6057823 ]
 [ 0.03262173  0.8672039   0.4968838 ]
 [ 0.71093404  0.32930008 -0.62139714]]"
20200222-051124.803010,29,[1.6728646 1.5074053 0.6401762],"[[-0.5081873  -0.00294477 -0.7130504 ]
 [-0.49492756  0.708925    0.00950433]
 [ 0.50771135  0.7050583  -0.03000113]
 [ 0.48889828 -0.01758244 -0.7004059 ]]","[[-0.7146944   0.34759712 -0.60695   ]
 [ 0.00753111  0.8715434   0.49026045]
 [ 0.6993964   0.34581545 -0.625505  ]]"
20200222-051124.803010,30,[1.6815099 1.4977971 0.6352904],"[[-5.0749439e-01 -4.7479840e-03 -7.1342432e-01]
 [-4.8518327e-01  7.1581256e-01  2.5133105e-04]
 [ 5.1733810e-01  6.9751424e-01 -3.7835151e-02]
 [ 4.8929307e-01 -3.2618467e-02 -6.9971013e-01]]","[[-0.7088255   0.35254553 -0.61096495]
 [ 0.01949414  0.87560505  0.48263437]
 [ 0.7051144   0.33019325 -0.6275237 ]]"
20200222-051124.803010,31,[1.6899234 1.4936085 0.6325354],"[[-0.5074332  -0.01002448 -0.71345   ]
 [-0.4854671   0.71556    -0.00488261]
 [ 0.5170966   0.69747037 -0.04287908]
 [ 0.48933047 -0.03753164 -0.6993758 ]]","[[-0.708903    0.34919572 -0.612796  ]
 [ 0.01915531  0.8780486   0.4781881 ]
 [ 0.70504576  0.32725072 -0.62914014]]"
20200222-051124.803010,32,[1.6987361  1.4845648  0.62772316],"[[-0.5068932  -0.01316205 -0.71367353]
 [-0.4779037   0.7206343  -0.01385912]
 [ 0.5244349   0.691331   -0.05040391]
 [ 0.4895255  -0.05073517 -0.6985251 ]]","[[-0.7041793   0.35194257 -0.61665857]
 [ 0.0284769   0.8818066   0.4707505 ]
 [ 0.7094507   0.3139323  -0.63097227]]"
20200222-051124.803010,33,[1.7078195  1.4859104  0.62254804],"[[-0.50692606 -0.01998642 -0.71355975]
 [-0.47802868  0.72033083 -0.02062048]
 [ 0.5242985   0.690968   -0.05705851]
 [ 0.4895156  -0.05733502 -0.69796246]]","[[-0.7041977   0.34868035 -0.6184881 ]
 [ 0.02833073  0.88421077  0.466228  ]
 [ 0.7094384   0.31079447 -0.63253766]]"
20200222-051124.803010,34,[1.716562  1.4777168 0.6177962],"[[-0.50733    -0.03327502 -0.71298444]
 [-0.48589912  0.71456945 -0.02792569]
 [ 0.51668173  0.6961892  -0.06556126]
 [ 0.48944664 -0.06002911 -0.6975494 ]]","[[-0.7089066   0.3355241  -0.6203828 ]
 [ 0.01865805  0.88821197  0.45905462]
 [ 0.7050554   0.31385174 -0.6359197 ]]"
20200222-051124.803010,35,[1.7255187 1.4726073 0.6144594],"[[-0.5069422  -0.0347118  -0.7130889 ]
 [-0.479595    0.71864825 -0.03430785]
 [ 0.5228097   0.6909864  -0.07055606]
 [ 0.48955938 -0.06984071 -0.69667006]]","[[-0.7049234   0.33861408 -0.6232363 ]
 [ 0.02650423  0.89064616  0.45392376]
 [ 0.70878804  0.303463   -0.63681215]]"
20200222-051124.803010,36,[1.7341309 1.466744  0.6104659],"[[-0.5069491  -0.04183858 -0.71275264]
 [-0.48039478  0.7177102  -0.04088506]
 [ 0.52206963  0.6909314  -0.07710747]
 [ 0.48955774 -0.07586455 -0.6959644 ]]","[[-0.70529664  0.33375642 -0.62543064]
 [ 0.02559028  0.8936511   0.4480322 ]
 [ 0.7084505   0.29999065 -0.63883   ]]"
20200222-051124.803010,37,[1.7426665  1.4654168  0.60613346],"[[-0.5067723  -0.04790283 -0.7126861 ]
 [-0.48059264  0.7170068  -0.04692417]
 [ 0.5218979   0.69058055 -0.0831179 ]
 [ 0.4897296  -0.08188232 -0.69495875]]","[[-0.7051596   0.33045918 -0.62733287]
 [ 0.02536819  0.8959449   0.4434402 ]
 [ 0.70859456  0.29678187 -0.6401673 ]]"
20200222-051124.803010,38,[1.7514894  1.462463   0.60119104],"[[ 0.507179   -0.05903914 -0.7116276 ]
 [ 0.48664045  0.71240544 -0.05324151]
 [-0.5159978   0.6941402  -0.09057491]
 [-0.48958838 -0.08462794 -0.6946563 ]]","[[ 0.7090182   0.32016885 -0.6283194 ]
 [-0.01781543  0.8988406   0.4379133 ]
 [-0.7049651   0.2992948  -0.6429982 ]]"
20200222-051124.803010,39,[1.7598505  1.4630874  0.59764194],"[[ 0.5070933  -0.06019243 -0.7113577 ]
 [ 0.48118868  0.71593595 -0.05865351]
 [-0.5213197   0.6893541  -0.0945733 ]
 [-0.48942772 -0.09275462 -0.6939639 ]]","[[ 0.70571446  0.32364458 -0.63025504]
 [-0.0247017   0.90026575  0.43463957]
 [-0.70806557  0.291163   -0.6433251 ]]"
20200222-051124.803010,40,[1.7688738  1.4589853  0.59452426],"[[ 0.507256   -0.06929035 -0.710609  ]
 [ 0.487152    0.7112955  -0.06306912]
 [-0.5155337   0.69313544 -0.10029215]
 [-0.48948917 -0.09392153 -0.6935412 ]]","[[ 0.70933867  0.3141208  -0.6310048 ]
 [-0.0172224   0.9026664   0.42999646]
 [-0.7046575   0.29414558 -0.6457061 ]]"
20200222-051124.803010,41,[1.7771958  1.4599392  0.59105706],"[[ 0.5074848  -0.07733143 -0.7096583 ]
 [ 0.49223825  0.70738155 -0.06698873]
 [-0.5105595   0.6961434  -0.10533955]
 [-0.48937693 -0.09495129 -0.6933985 ]]","[[ 0.712598    0.30645275 -0.63110304]
 [-0.01077412  0.9042288   0.42691237]
 [-0.70149     0.29741725 -0.64765346]]"
20200222-051124.803010,42,[1.7857113 1.4566711 0.5880291],"[[ 0.5074651  -0.08527841 -0.70892495]
 [ 0.49688882  0.70352006 -0.07121562]
 [-0.50599504  0.69888055 -0.11069873]
 [-0.4894382  -0.09671191 -0.6928921 ]]","[[ 0.7154036   0.29844397 -0.6317664 ]
 [-0.00480958  0.9062699   0.42267212]
 [-0.6986949   0.29934272 -0.6497842 ]]"
20200222-051124.803010,43,[1.7945794  1.4519973  0.58433723],"[[ 0.5073595  -0.09062842 -0.7083665 ]
 [ 0.49640337  0.7032183  -0.076974  ]
 [-0.50651175  0.6976559  -0.11628935]
 [-0.48950633 -0.10270001 -0.6919311 ]]","[[ 0.71505874  0.29536575 -0.633601  ]
 [-0.0053912   0.90865874  0.41750506]
 [-0.6990437   0.29512462 -0.65133667]]"
20200222-051124.803010,44,[1.803895  1.4457293 0.5800824],"[[ 0.50732857 -0.09992006 -0.7073134 ]
 [ 0.500501    0.699432   -0.08288087]
 [-0.5024174   0.69962376 -0.1233395 ]
 [-0.48958468 -0.10647576 -0.69110453]]","[[ 7.1755898e-01  2.8658354e-01 -6.3480628e-01]
 [-5.4184260e-05  9.1144919e-01  4.1141269e-01]
 [-6.9649774e-01  2.9517841e-01 -6.5403396e-01]]"
20200222-051124.803010,45,[1.813298  1.4481273 0.5749109],"[[ 0.50719476 -0.10806113 -0.70639336]
 [ 0.504197    0.6959627  -0.08794823]
 [-0.49869528  0.70138615 -0.1294499 ]
 [-0.48973686 -0.10961786 -0.6903017 ]]","[[ 0.7197792   0.2800133  -0.6352248 ]
 [ 0.00483712  0.91299653  0.40793872]
 [-0.6941863   0.29669833 -0.6558014 ]]"
20200222-051124.803010,46,[1.8219941 1.4454658 0.5720596],"[[ 0.50708586 -0.1149074   0.7055432 ]
 [ 0.50787336  0.69261944  0.09170547]
 [-0.49500722  0.70329815  0.13437343]
 [-0.4897924  -0.11156271  0.6897409 ]]","[[ 0.7220127   0.27318224  0.63566434]
 [ 0.00968965  0.91466707 -0.4040919 ]
 [-0.691812    0.29791883  0.6577542 ]]"
20200222-051124.803010,47,[1.830755  1.44299   0.5692303],"[[ 0.50694984 -0.12146454  0.70469004]
 [ 0.51123786  0.6894654   0.09540187]
 [-0.49160782  0.7049631   0.13919222]
 [-0.4898567  -0.11362715  0.6891559 ]]","[[ 0.72405607  0.26671594  0.63608605]
 [ 0.0141695   0.91626346 -0.40032566]
 [-0.6895958   0.29887125  0.6596469 ]]"
20200222-051124.803010,48,[1.8405461 1.4542925 0.5659173],"[[ 0.50675464 -0.12314397  0.7045918 ]
 [ 0.5109058   0.6894033   0.09739986]
 [-0.49193925  0.7043945   0.14096291]
 [-0.49007243 -0.11570305  0.6886168 ]]","[[ 0.7237424   0.26786977  0.63595814]
 [ 0.01379416  0.9157847  -0.40143287]
 [-0.68993235  0.29930648  0.65909714]]"
20200222-051124.803010,49,[1.8491501  1.4601834  0.56241465],"[[ 0.50684273 -0.12891592  0.70340014]
 [ 0.51439095  0.68654025  0.1001078 ]
 [-0.48835856  0.7060517   0.14457019]
 [-0.48991728 -0.11633894  0.6886993 ]]","[[ 0.72612256  0.26306796  0.63524914]
 [ 0.01844476  0.9161255  -0.4004671 ]
 [-0.68731797  0.30250517  0.66036713]]"
20200222-051124.803010,50,[1.858438  1.4545547 0.5584941],"[[ 0.50684875 -0.13096683  0.7029025 ]
 [ 0.50906295  0.6896472   0.10660491]
 [-0.49385333  0.70104843  0.14951943]
 [-0.48996803 -0.12556244  0.6871737 ]]","[[ 0.72292227  0.26528162  0.6379728 ]
 [ 0.01152613  0.9185956  -0.39503098]
 [-0.6908334   0.29292998  0.66101533]]"
20200222-051124.803010,51,[1.8673024 1.4521595 0.555845 ],"[[ 0.5066524  -0.13686731  0.7020605 ]
 [ 0.51197195  0.6867841   0.11002252]
 [-0.49091804  0.7023635   0.15394267]
 [-0.49008963 -0.12759474  0.68651867]]","[[ 0.7246978   0.25947803  0.6383452 ]
 [ 0.01547421  0.92002857 -0.39154568]
 [-0.6888934   0.29363006  0.6627274 ]]"
20200222-051124.803010,52,[1.876323   1.4525206  0.55229384],"[[ 0.5066879  -0.14042716  0.70122147]
 [ 0.510957    0.6869545   0.11437909]
 [-0.49197474  0.70062095  0.15789889]
 [-0.49005252 -0.13230467  0.68576527]]","[[ 0.72423375  0.25845417  0.6392865 ]
 [ 0.0142372   0.92129815 -0.3885964 ]
 [-0.68940777  0.29053622  0.6635553 ]]"
20200222-051124.803010,53,[1.8853469 1.4528484 0.5488341],"[[ 0.5064025  -0.14381279  0.7008994 ]
 [ 0.51012     0.68670225  0.11850902]
 [-0.4928409   0.69928384  0.16183612]
 [-0.49034938 -0.13696852  0.6844745 ]]","[[ 0.7235249   0.2574252   0.64050305]
 [ 0.01323588  0.92252004 -0.38572237]
 [-0.69017154  0.2875574   0.66405904]]"
20200222-051124.803010,54,[1.8943125 1.4506356 0.5463301],"[[ 0.50622433 -0.14944531  0.6999895 ]
 [ 0.51301724  0.6838273   0.12161837]
 [-0.4899104   0.70056623  0.16605468]
 [-0.49044752 -0.13875584  0.6838491 ]]","[[ 0.7253071   0.25178066  0.64073104]
 [ 0.01715909  0.92381847 -0.3824461 ]
 [-0.68821186  0.28838524  0.66573185]]"
20200222-051124.803010,55,[1.9033828 1.4512337 0.5429267],"[[ 0.50593793 -0.15266635  0.6996532 ]
 [ 0.5121711   0.68357617  0.12558828]
 [-0.49078855  0.69921196  0.16981421]
 [-0.49074852 -0.1432446   0.68255115]]","[[ 0.7245957   0.25088045  0.64188796]
 [ 0.01614671  0.92495155 -0.3797424 ]
 [-0.6889851   0.28552422  0.66616476]]"
20200222-051124.803010,56,[1.9124352 1.4490852 0.5405316],"[[ 0.50574666 -0.15795636  0.69874966]
 [ 0.5147922   0.68088746  0.12857042]
 [-0.48812753  0.70028704  0.17384553]
 [-0.49085718 -0.14505194  0.6819062 ]]","[[ 0.72621745  0.24560513  0.6420952 ]
 [ 0.01973238  0.9261725  -0.37658387]
 [-0.6871818   0.28615183  0.6677562 ]]"
20200222-051124.803010,57,[1.921941   1.4507697  0.53774583],"[[ 0.5057302  -0.15800893  0.6986589 ]
 [ 0.5104363   0.68353206  0.13240087]
 [-0.49262908  0.69644475  0.17608863]
 [-0.49092647 -0.15093777  0.6806899 ]]","[[ 0.7234969   0.24921882  0.64377195]
 [ 0.01400862  0.9270676  -0.3746326 ]
 [-0.69018555  0.28006393  0.6672393 ]]"
20200222-051124.803010,58,[1.9305775 1.4611558 0.5344325],"[[ 0.50560284 -0.16199316  0.6978827 ]
 [ 0.5135013   0.68095535  0.13369946]
 [-0.48946187  0.6981286   0.17833643]
 [-0.49102905 -0.15058152  0.6806471 ]]","[[ 0.72546923  0.24645248  0.6426161 ]
 [ 0.01817219  0.9265051  -0.37584317]
 [-0.6880146   0.28434044  0.66767234]]"
20200222-051124.803010,59,[1.9408308 1.4612975 0.5340249],"[[ 0.5055905  -0.16262089  0.69778126]
 [ 0.5127725   0.68121004  0.1349375 ]
 [-0.49019462  0.69737315  0.17940563]
 [-0.49107245 -0.15224312  0.6802256 ]]","[[ 0.7250544   0.24636976  0.643116  ]
 [ 0.01730849  0.92700917 -0.3746393 ]
 [-0.68847424  0.28276524  0.6678677 ]]"
20200222-051124.803010,60,[1.9507486 1.4624553 0.531467 ],"[[ 0.50556    -0.16728814  0.6967164 ]
 [ 0.51530874  0.67879945  0.13730904]
 [-0.4875592   0.69838506  0.18269816]
 [-0.49107233 -0.15331145  0.6799659 ]]","[[ 0.72679543  0.24198338  0.6428162 ]
 [ 0.02081464  0.9276952  -0.37275797]
 [-0.68653864  0.2842987   0.66920763]]"
20200222-051124.803010,61,[1.9592812  1.4648367  0.52889997],"[[ 0.50539005 -0.16715391  0.6969021 ]
 [ 0.51129603  0.6810978   0.14072643]
 [-0.49172872  0.6949657   0.18465799]
 [-0.49128368 -0.15870658  0.67854595]]","[[ 0.7240952   0.24565093  0.6444701 ]
 [ 0.01551351  0.9283835  -0.37129968]
 [-0.6895256   0.27885434  0.6684271 ]]"
20200222-051124.803010,62,[1.9685903 1.4724562 0.5266863],"[[ 0.50542784 -0.16824679  0.69651484]
 [ 0.5108469   0.68125355  0.1421961 ]
 [-0.49220005  0.6942015   0.18581824]
 [-0.49124053 -0.16021979  0.6783206 ]]","[[ 0.72392404  0.24661547  0.64429384]
 [ 0.01496557  0.9280886  -0.37205833]
 [-0.6897171   0.27898428  0.66817504]]"
20200222-051124.803010,63,[1.9778041 1.4704065 0.5244812],"[[ 0.50522685 -0.17314295  0.6955949 ]
 [ 0.51341033  0.6786066   0.14481644]
 [-0.48960942  0.6952391   0.18952662]
 [-0.49136373 -0.16173057  0.6776841 ]]","[[ 0.725514    0.2416325   0.6443939 ]
 [ 0.01845861  0.9291674  -0.36919835]
 [-0.68795997  0.2797532   0.6696636 ]]"
20200222-051124.803010,64,[1.9862742 1.4768727 0.5217312],"[[ 0.50522333 -0.1726225   0.69564056]
 [ 0.50968367  0.68092877  0.14757292]
 [-0.49344936  0.69204956  0.19077753]
 [-0.49140626 -0.16614807  0.676691  ]]","[[ 0.7231221   0.24597172  0.6454397 ]
 [ 0.0135144   0.9292272  -0.36926177]
 [-0.690588    0.27574408  0.66862065]]"
20200222-051124.803010,65,[1.9957819 1.4734097 0.5190375],"[[ 0.50516355 -0.17585257  0.69488627]
 [ 0.5088677   0.6806552   0.15147777]
 [-0.4943123   0.69045496  0.19443563]
 [-0.49144578 -0.1704592   0.6755609 ]]","[[ 0.7226166   0.24434794  0.6466214 ]
 [ 0.01249802  0.9306678  -0.36565146]
 [-0.6911361   0.2723073   0.6694622 ]]"
20200222-051124.803010,66,[2.0057006 1.4706942 0.5170255],"[[ 0.50526017 -0.17634381  0.69459414]
 [ 0.5051096   0.6827053   0.15521854]
 [-0.49814034  0.686925    0.1967527 ]
 [-0.4913583  -0.17592809  0.6743403 ]]","[[ 0.72025496  0.24650624  0.6484346 ]
 [ 0.00754249  0.93189716 -0.3626439 ]
 [-0.6936685   0.26608694  0.6693443 ]]"
20200222-051124.803010,67,[2.0149117 1.4737613 0.5153107],"[[ 0.50524414 -0.17363772  0.69521505]
 [ 0.49864182  0.68685085  0.1581692 ]
 [-0.5046548   0.6819114   0.19718936]
 [-0.49133286 -0.18188652  0.67288536]]","[[ 0.71590275  0.25343433  0.65057975]
 [-0.00103922  0.9321817  -0.36198902]
 [-0.6981992   0.25847286  0.6676148 ]]"
20200222-051124.803010,68,[2.0239995  1.4721102  0.51326793],"[[ 0.50526464 -0.17430823  0.6949384 ]
 [ 0.4953031   0.68852395  0.16174053]
 [-0.50802493  0.6786782   0.1994086 ]
 [-0.49121618 -0.18694225  0.6716673 ]]","[[ 0.71369135  0.25538176  0.652246  ]
 [-0.00546655  0.9331699  -0.35939384]
 [-0.7004389   0.25293067  0.66739136]]"
20200222-051124.803010,69,[2.0334995 1.4772139 0.5100118],"[[ 0.50540125 -0.17679542  0.69412917]
 [ 0.4950957   0.68815565  0.16434681]
 [-0.50822866  0.677691    0.20189118]
 [-0.4910741  -0.1895269   0.67112964]]","[[ 0.71369255  0.25514767  0.6523365 ]
 [-0.005727    0.93339264 -0.35881123]
 [-0.7004358   0.25234488  0.6676165 ]]"
20200222-051124.803010,70,[2.0432062 1.4806087 0.5084346],"[[ 0.50533825 -0.17819057  0.69385237]
 [ 0.49496442  0.6878496   0.16585776]
 [-0.5083834   0.6771904   0.20335977]
 [-0.49111083 -0.19111316  0.6706005 ]]","[[ 0.7135551   0.2550326   0.6525316 ]
 [-0.00589313  0.9335428  -0.35841757]
 [-0.70057434  0.25190535  0.66763717]]"
20200222-051124.803010,71,[2.053471  1.4800357 0.5050145],"[[ 0.50538903 -0.1798088   0.6933221 ]
 [ 0.49179733  0.68914026  0.17019989]
 [-0.5115126   0.67381644  0.20636696]
 [-0.49099088 -0.19678904  0.6691408 ]]","[[ 0.7114358   0.25663355  0.654216  ]
 [-0.01007626  0.9345649  -0.35565022]
 [-0.702679    0.24643032  0.6674688 ]]"
20200222-051124.803010,72,[2.0630329 1.4809017 0.5023503],"[[ 0.5051811  -0.18263234  0.6929129 ]
 [ 0.49189872  0.6881906   0.1729321 ]
 [-0.5114208   0.67320627  0.20922747]
 [-0.491199   -0.19958124  0.6679745 ]]","[[ 0.7112631   0.25532985  0.6549135 ]
 [-0.00995928  0.93526316 -0.35381302]
 [-0.7028555   0.24513167  0.667761  ]]"
20200222-051124.803010,73,[2.0726235 1.4883914 0.500623 ],"[[ 0.5049704  -0.18337832  0.6930482 ]
 [ 0.49192998  0.6878041   0.1736495 ]
 [-0.51139843  0.673145    0.21008581]
 [-0.49140748 -0.20043351  0.6673783 ]]","[[ 0.7110473   0.25618342  0.6548143 ]
 [-0.00993311  0.93483275 -0.35494915]
 [-0.7030741   0.24588126  0.6672551 ]]"
20200222-051124.803010,74,[2.0817401  1.4907788  0.49851072],"[[ 0.50520444 -0.18349384  0.69263566]
 [ 0.48883954  0.68953156  0.1764173 ]
 [-0.5144457   0.6701418   0.21148016]
 [-0.49107048 -0.2044171   0.66664004]]","[[ 0.709145    0.25887695  0.65581703]
 [-0.01401755  0.93514717 -0.3539823 ]
 [-0.7049234   0.24183184  0.6667837 ]]"
20200222-051124.803010,75,[2.0913002  1.4958764  0.49553117],"[[ 0.50515896 -0.18966521  0.6911588 ]
 [ 0.49470994  0.6849117   0.17741638]
 [-0.5086705   0.67363644  0.21497375]
 [-0.4912546  -0.20282233  0.6667902 ]]","[[ 0.7131342   0.25206402  0.65414304]
 [-0.00625984  0.935373   -0.35360733]
 [-0.70099956  0.24807467  0.6686244 ]]"
20200222-051124.803010,76,[2.100716   1.5007256  0.49273986],"[[ 0.5051337  -0.19164707  0.69067293]
 [ 0.49450856  0.6844675   0.17953804]
 [-0.5088499   0.67286503  0.21702014]
 [-0.4912971  -0.20500752  0.6660624 ]]","[[ 0.71297497  0.25205222  0.65432125]
 [-0.00648835  0.9354906  -0.35329202]
 [-0.70115954  0.24764286  0.6686167 ]]"
20200222-051124.803010,77,[2.111211  1.5024596 0.4908948],"[[ 0.50496    -0.19536233  0.68990517]
 [ 0.49724966  0.68197304  0.18083541]
 [-0.506134    0.6742925   0.21949936]
 [-0.4915143  -0.20512435  0.66569495]]","[[ 0.7147213   0.2482542   0.6538679 ]
 [-0.00281923  0.935901   -0.35225216]
 [-0.69940364  0.24991877  0.66960835]]"
20200222-051124.803010,78,[2.121562  1.5058448 0.4875783],"[[ 0.50493956 -0.1998156   0.6886664 ]
 [ 0.499721    0.67954916  0.18306313]
 [-0.50364816  0.67512393  0.2227029 ]
 [-0.491582   -0.20614024  0.66530436]]","[[ 7.1646464e-01  2.4462974e-01  6.5332586e-01]
 [ 5.3581723e-04  9.3630886e-01 -3.5117698e-01]
 [-6.9762307e-01  2.5195596e-01  6.7070121e-01]]"
20200222-051124.803010,79,[2.130699   1.5081419  0.48569447],"[[ 0.50521    -0.19968294  0.6882877 ]
 [ 0.4966203   0.6813582   0.1856439 ]
 [-0.50675684  0.6721654   0.22385712]
 [-0.49125236 -0.2099324   0.66459364]]","[[ 0.7145928   0.24748075  0.6543015 ]
 [-0.00357971  0.93661153 -0.3503513 ]
 [-0.69953156  0.24801631  0.6701818 ]]"
20200222-051124.803010,80,[2.140657   1.5114309  0.48446772],"[[ 0.50540817 -0.19698952  0.6887159 ]
 [ 0.4908097   0.68511635  0.18806285]
 [-0.5125141   0.6675874   0.22370985]
 [-0.4909153  -0.21479571  0.6635183 ]]","[[ 0.7107389   0.25386453  0.6560511 ]
 [-0.0112798   0.9366045  -0.35020688]
 [-0.7033655   0.24150549  0.6685446 ]]"
20200222-051124.803010,81,[2.1499064 1.5136669 0.4826505],"[[ 0.50530756 -0.19694437  0.68886507]
 [ 0.48807698  0.686349    0.19040783]
 [-0.5152126   0.6651568   0.22495687]
 [-0.49091884 -0.21841429  0.66227204]]","[[ 0.70869124  0.25642723  0.6572686 ]
 [-0.01492051  0.9368492  -0.34941533]
 [-0.70536107  0.23782073  0.6677629 ]]"
20200222-051124.803010,82,[2.1604652  1.5086492  0.48013213],"[[ 0.5051503  -0.20248611  0.68752885]
 [ 0.49107257  0.6832034   0.19331065]
 [-0.5122873   0.66619813  0.22916101]
 [-0.49115464 -0.22002882  0.66137755]]","[[ 0.7105985   0.25053436  0.6574819 ]
 [-0.0110002   0.9382987  -0.34565112]
 [-0.70351195  0.23838669  0.6695095 ]]"
20200222-051124.803010,83,[2.170685   1.511912   0.47898906],"[[ 0.5053335  -0.1999884   0.68793714]
 [ 0.4856387   0.68663895  0.19557749]
 [-0.51760656  0.66189957  0.22898747]
 [-0.49079174 -0.22454669  0.66034585]]","[[ 0.706925    0.2564895   0.6591436 ]
 [-0.01819446  0.93821657 -0.3455705 ]
 [-0.7070545   0.23229969  0.6679153 ]]"
20200222-051124.803010,84,[2.1805136  1.5169998  0.47638735],"[[ 0.50550205 -0.20182851  0.6871927 ]
 [ 0.48554096  0.68626386  0.19746634]
 [-0.5176944   0.6611054   0.23078795]
 [-0.4906223  -0.22637792  0.65993226]]","[[ 0.706998    0.2564979   0.65906227]
 [-0.0183215   0.9382413  -0.34549657]
 [-0.70697826  0.23219034  0.6680341 ]]"
20200222-051124.803010,85,[2.1896842  1.5193206  0.47470936],"[[ 0.50516254 -0.20532031  0.68669814]
 [ 0.48843753  0.6836078   0.1984147 ]
 [-0.51490647  0.66281515  0.23316395]
 [-0.49103054 -0.2262753   0.65932685]]","[[ 0.7086781   0.252943    0.65863115]
 [-0.01453966  0.9385621  -0.34480423]
 [-0.705382    0.234779    0.66881615]]"
20200222-051124.803010,86,[2.2005172  1.5161499  0.47338837],"[[ 0.5052204  -0.20594089  0.68638504]
 [ 0.48588687  0.68465793  0.20129308]
 [-0.5173901   0.6602091   0.23478211]
 [-0.49089155 -0.23012187  0.6582052 ]]","[[ 0.7069086   0.2540028   0.66012365]
 [-0.01790817  0.9394222  -0.3422941 ]
 [-0.7070784   0.23014896  0.6686342 ]]"
20200222-051124.803010,87,[2.2111967  1.5200804  0.47291824],"[[ 0.5050901  -0.20815133  0.68596417]
 [ 0.48871198  0.68256295  0.20099983]
 [-0.5146448   0.66216177  0.23586473]
 [-0.49110657 -0.22874175  0.6583464 ]]","[[ 0.7087456   0.25121585  0.65921944]
 [-0.0142101   0.939342   -0.34268746]
 [-0.7053211   0.23351066  0.6693243 ]]"
20200222-051124.803010,88,[2.2218373  1.5191419  0.47035763],"[[ 0.5049906  -0.20932941  0.68574905]
 [ 0.48627812  0.68323714  0.20430806]
 [-0.51700014  0.6595822   0.23806608]
 [-0.49115062 -0.2330654   0.656758  ]]","[[ 0.70686346  0.25246492  0.6607612 ]
 [-0.01745328  0.94007677 -0.3405153 ]
 [-0.7071346   0.22916535  0.6689124 ]]"
20200222-051124.803010,89,[2.2325902  1.5142128  0.46810016],"[[ 0.504844   -0.2144441   0.6844112 ]
 [ 0.48905742  0.68027896  0.20695904]
 [-0.5142952   0.66047597  0.2419594 ]
 [-0.4913815  -0.234533    0.6559003 ]]","[[ 0.7086658   0.24694061  0.66091853]
 [-0.01380161  0.94142246 -0.33694705]
 [-0.7054094   0.2296611   0.670562  ]]"
20200222-051124.803010,90,[2.2441134  1.5140803  0.46608028],"[[ 0.5048303  -0.21676914  0.6837298 ]
 [ 0.48920625  0.6794558   0.2091239 ]
 [-0.51413196  0.6598235   0.24419059]
 [-0.49141788 -0.23660892  0.6550965 ]]","[[ 0.70871073  0.24560773  0.6613666 ]
 [-0.01362712  0.94203585 -0.33523548]
 [-0.70536745  0.22857246  0.67097783]]"
20200222-051124.803010,91,[2.2551045  1.5113212  0.46489415],"[[ 0.5048683  -0.2173068   0.68345565]
 [ 0.48678675  0.6804192   0.21182872]
 [-0.5164917   0.6573535   0.24563429]
 [-0.49130794 -0.24019551  0.6539732 ]]","[[ 0.7070085   0.24664766  0.6628002 ]
 [-0.01682843  0.94281286 -0.3328978 ]
 [-0.70700496  0.22420764  0.6707273 ]]"
20200222-051124.803010,92,[2.2643275  1.5139782  0.46341637],"[[ 0.5045611  -0.2204108   0.6829577 ]
 [ 0.48946202  0.67797625  0.21253073]
 [-0.51390743  0.6589214   0.24776518]
 [-0.4916752  -0.23997904  0.6534621 ]]","[[ 0.70858455  0.24348943  0.6622847 ]
 [-0.01332251  0.9430266  -0.3324506 ]
 [-0.70550025  0.22674602  0.67145795]]"
20200222-051124.803010,93,[2.2742853  1.5216467  0.46233657],"[[ 0.5045375  -0.22380364  0.68198484]
 [ 0.49434483  0.6746297   0.21150231]
 [-0.50910044  0.6622687   0.24919167]
 [-0.4918144  -0.23703861  0.65426844]]","[[ 0.71203744  0.23912326  0.660169  ]
 [-0.00682059  0.9425332  -0.3340434 ]
 [-0.7021086   0.23334868  0.67274976]]"
20200222-051124.803010,94,[2.285253   1.5254971  0.46201625],"[[ 0.5045911  -0.222394    0.6823289 ]
 [ 0.49176982  0.6763057   0.21241757]
 [-0.5116415   0.66034555  0.24880949]
 [-0.49170497 -0.23894694  0.6537586 ]]","[[ 0.71026206  0.24233317  0.66091055]
 [-0.01022597  0.9423296  -0.33453032]
 [-0.7038633   0.23084575  0.671779  ]]"
20200222-051124.803010,95,[2.2955847  1.5266906  0.45997444],"[[ 0.5045628  -0.22448823  0.68169904]
 [ 0.4918314   0.67557687  0.21443316]
 [-0.5116007   0.6596546   0.25088647]
 [-0.49171433 -0.24094944  0.65296316]]","[[ 0.7102501   0.24145973  0.66124284]
 [-0.01017228  0.942755   -0.33333066]
 [-0.7038761   0.23002179  0.6720482 ]]"
20200222-051124.803010,96,[2.3066146  1.5238483  0.45888945],"[[ 0.5044374  -0.22815618  0.68070596]
 [ 0.49440083  0.6731054   0.21576308]
 [-0.5090708   0.66079175  0.25353947]
 [-0.49189216 -0.24130565  0.6525364 ]]","[[ 0.7119351   0.23701495  0.6610388 ]
 [-0.0067776   0.943597   -0.33102658]
 [-0.7022125   0.2311892   0.67338634]]"
20200222-051124.803010,97,[2.317701  1.5230248 0.4588168],"[[ 0.50448203 -0.2275031   0.68081456]
 [ 0.49199295  0.67443913  0.21730004]
 [-0.51144576  0.6587595   0.2538168 ]
 [-0.49179667 -0.24374247  0.65180475]]","[[ 0.71026397  0.23887034  0.6621681 ]
 [-0.00995507  0.94398004 -0.32985303]
 [-0.7038654   0.22769071  0.6728528 ]]"
20200222-051124.803010,98,[2.3273559 1.5216568 0.4576412],"[[ 0.50435317 -0.23097917  0.6798622 ]
 [ 0.4944292   0.6720886   0.21855937]
 [-0.5090826   0.6598104   0.2563743 ]
 [-0.4919378  -0.24412233  0.6513769 ]]","[[ 0.7118634   0.23493323  0.6618587 ]
 [-0.00675427  0.9446383  -0.328044  ]
 [-0.70228547  0.22905219  0.6740402 ]]"
20200222-051124.803010,99,[2.3367157  1.5243719  0.45625278],"[[ 0.50418514 -0.23073389  0.68012667]
 [ 0.49207157  0.67313105  0.22045778]
 [-0.511429    0.6577773   0.2570718 ]
 [-0.4920399  -0.24695227  0.6501851 ]]","[[ 0.7100154   0.23741084  0.6629588 ]
 [-0.00989783  0.9447256  -0.3277133 ]
 [-0.7041166   0.22611967  0.6731196 ]]"
20200222-051124.803010,100,[2.3457408  1.5310392  0.45466724],"[[ 0.50406677 -0.23295113  0.67959857]
 [ 0.4943593   0.6712704   0.22056593]
 [-0.50916713  0.6591654   0.25842637]
 [-0.49221393 -0.24623333  0.6501636 ]]","[[ 0.71152765  0.23563117  0.66197157]
 [-0.00686335  0.94438213 -0.32877904]
 [-0.70262474  0.2293921   0.6735711 ]]"
20200222-051124.803010,101,[2.355476   1.5296214  0.45354614],"[[ 0.5040972  -0.233291    0.6793746 ]
 [ 0.4920125   0.67224485  0.22305004]
 [-0.5115179   0.65679425  0.25964323]
 [-0.49209636 -0.24956608  0.6490641 ]]","[[ 0.70987535  0.23703368  0.66324353]
 [-0.00999336  0.94496435 -0.32702065]
 [-0.7042564   0.2255158   0.6731757 ]]"
20200222-051124.803010,102,[2.3648078 1.5324079 0.4522373],"[[ 0.50379765 -0.23609956  0.6788823 ]
 [ 0.49450162  0.6699554   0.22356555]
 [-0.50908494  0.6582384   0.26159284]
 [-0.49243116 -0.24927679  0.6486187 ]]","[[ 0.71133727  0.23417138  0.66269386]
 [-0.00673095  0.945092   -0.32673526]
 [-0.7028187   0.22795846  0.67385536]]"
20200222-051124.803010,103,[2.375754  1.5315826 0.450119 ],"[[ 0.5036604  -0.23693305  0.67874694]
 [ 0.4921834   0.67061466  0.22648911]
 [-0.5113553   0.6558297   0.26327094]
 [-0.4925419  -0.25303486  0.6470657 ]]","[[ 0.7095352   0.235502    0.66415256]
 [-0.00979078  0.9457053  -0.324878  ]
 [-0.704602    0.22400984  0.67331696]]"
20200222-051124.803010,104,[2.386712   1.5329304  0.44899407],"[[ 0.5037599  -0.23964135  0.6777112 ]
 [ 0.49437344  0.66877055  0.22717273]
 [-0.5091685   0.6568052   0.26508355]
 [-0.49251223 -0.25283423  0.64717126]]","[[ 0.7111952   0.23248383  0.66344005]
 [-0.00685525  0.94598275 -0.32414418]
 [-0.70296127  0.22598173  0.67437226]]"
20200222-051124.803010,105,[2.396477  1.5317334 0.4479748],"[[ 0.50363183 -0.2428355   0.67677253]
 [ 0.49661902  0.6665802   0.22830069]
 [-0.5069776   0.6577314   0.26744232]
 [-0.49264395 -0.25316158  0.6467864 ]]","[[ 0.7126818   0.22884144  0.66311103]
 [-0.00388545  0.9465659  -0.3224865 ]
 [-0.70147675  0.22725374  0.6754895 ]]"
20200222-051124.803010,106,[2.4074664  1.5330356  0.44690174],"[[ 0.50349206 -0.24262266  0.67700845]
 [ 0.49443164  0.66752595  0.23008361]
 [-0.50912887  0.6558488   0.26804292]
 [-0.49276924 -0.25574654  0.64565814]]","[[ 0.7109647   0.23085019  0.6642573 ]
 [-0.00678422  0.9467909  -0.32177815]
 [-0.7031952   0.22426642  0.67470086]]"
20200222-051124.803010,107,[2.4185126  1.538998   0.44567627],"[[ 0.50334466 -0.24169098  0.677516  ]
 [ 0.49222755  0.668725    0.23115228]
 [-0.5112864   0.65422916  0.26793858]
 [-0.4928921  -0.25763732  0.6447867 ]]","[[ 0.7092302   0.23406447  0.66498625]
 [-0.00969115  0.94642156 -0.32278907]
 [-0.7049106   0.22248726  0.67349887]]"
20200222-051124.803010,108,[2.4287245 1.5420928 0.44503  ],"[[ 0.503384   -0.24523763  0.67629445]
 [ 0.496681    0.6655203   0.23057823]
 [-0.5068735   0.6570256   0.2698399 ]
 [-0.49294227 -0.2554582   0.64548105]]","[[ 0.7124425   0.22911435  0.663274  ]
 [-0.00377982  0.9464368  -0.3228671 ]
 [-0.70172024  0.22751722  0.67514783]]"
20200222-051124.803010,109,[2.4389536  1.5450402  0.44438165],"[[ 0.50328684 -0.24301298  0.67713064]
 [ 0.49220344  0.6682192   0.23247948]
 [-0.5113033   0.65373063  0.26925808]
 [-0.4929573  -0.25896773  0.6441648 ]]","[[ 0.7091436   0.23420294  0.6650297 ]
 [-0.00970822  0.9463727  -0.3229311 ]
 [-0.7049974   0.22254829  0.6733879 ]]"
20200222-051124.803010,110,[2.4492488 1.5460829 0.4427909],"[[ 0.5034798  -0.24467446  0.676288  ]
 [ 0.4921611   0.6677666   0.23415107]
 [-0.51133406  0.652932    0.27087754]
 [-0.49277064 -0.2605804   0.6437648 ]]","[[ 0.70927036  0.23352034  0.66513455]
 [-0.00976219  0.9467013  -0.32196492]
 [-0.704869    0.22186702  0.6737468 ]]"
20200222-051124.803010,111,[2.4587557  1.5488782  0.44163206],"[[ 0.50371516 -0.24431655  0.67604756]
 [ 0.4898357   0.66905874  0.23592262]
 [-0.51362336  0.65073013  0.27130467]
 [-0.49246708 -0.26309854  0.64319074]]","[[ 0.7078168   0.23590752  0.6658404 ]
 [-0.01281989  0.94672245 -0.32179606]
 [-0.70628     0.21923658  0.67313004]]"
20200222-051124.803010,112,[2.4690487 1.5499395 0.4401121],"[[ 0.50350124 -0.24602509  0.6757469 ]
 [ 0.49003798  0.6681983   0.23741333]
 [-0.51342726  0.6503736   0.27297053]
 [-0.4926885  -0.26457065  0.6422527 ]]","[[ 0.7077147   0.2351416   0.66621965]
 [-0.01259692  0.94703805 -0.32087466]
 [-0.7063862   0.21869537  0.67319465]]"
20200222-051124.803010,113,[2.4804943  1.5516474  0.43903515],"[[ 0.5034198  -0.24865748  0.67495656]
 [ 0.49231878  0.6661999   0.23792659]
 [-0.511188    0.6515327   0.2747914 ]
 [-0.49282622 -0.26429623  0.6421172 ]]","[[ 0.7092508   0.23223299  0.66560596]
 [-0.00960195  0.94727534 -0.32027724]
 [-0.7048909   0.22076571  0.6740857 ]]"
20200222-051124.803010,114,[2.492884  1.5558089 0.4372506],"[[ 0.50340235 -0.24984284  0.6745607 ]
 [ 0.49228722  0.66576934  0.23911035]
 [-0.5112016   0.6510445   0.27595842]
 [-0.49286106 -0.26546347  0.6415926 ]]","[[ 0.7092005   0.2323065   0.665634  ]
 [-0.00962324  0.94725424 -0.32033902]
 [-0.7049413   0.22077903  0.6740287 ]]"
20200222-051124.803010,115,[2.5026832 1.5545723 0.4364074],"[[ 0.50329864 -0.25285816  0.6736136 ]
 [ 0.49450627  0.66364026  0.2400674 ]
 [-0.50904775  0.6519672   0.27820063]
 [-0.4929752  -0.26567516  0.64126194]]","[[ 0.7106857   0.2287993   0.6652643 ]
 [-0.00671178  0.94779855 -0.3187992 ]
 [-0.7034777   0.22210087  0.67512244]]"
20200222-051124.803010,116,[2.5143309  1.5563811  0.43559375],"[[ 0.50334007 -0.25243995  0.6736668 ]
 [ 0.49237153  0.6647361   0.24162014]
 [-0.5111519   0.6500878   0.2785042 ]
 [-0.49289182 -0.2679282   0.64049053]]","[[ 0.7091733   0.2309199   0.6661451 ]
 [-0.00953566  0.9478959  -0.31843752]
 [-0.70496976  0.21947528  0.67442447]]"
20200222-051124.803010,117,[2.5234787 1.563148  0.4343754],"[[ 0.50338614 -0.25147358  0.67393774]
 [ 0.49016306  0.66605514  0.24267174]
