Timestamp,Epoch,s,u,v
20200221-210710.645618,0,[1.8111019 1.416201  0.7560189],"[[ 0.24901168 -0.50698555 -0.6657443 ]
 [ 0.64276075 -0.5143065   0.26390183]
 [ 0.66713625  0.46980557  0.2672206 ]
 [ 0.28245583  0.50767887 -0.644774  ]]","[[ 0.47658196 -0.7138817  -0.5130719 ]
 [ 0.7118196  -0.0291528   0.7017572 ]
 [ 0.51592904  0.6996595  -0.4942611 ]]"
20200221-210710.645618,1,[1.7837782  1.4230139  0.75229007],"[[ 0.23606952 -0.5069918   0.67044914]
 [ 0.646644   -0.5154403  -0.25185677]
 [ 0.6726936   0.46870306 -0.25516164]
 [ 0.27130434  0.5075408   0.6495833 ]]","[[ 0.46942344 -0.71447253  0.5188164 ]
 [ 0.719932   -0.0304858  -0.6933748 ]
 [ 0.5112139   0.69899875  0.500061  ]]"
20200221-210710.645618,2,[1.7610114 1.429923  0.7488183],"[[ 0.22767892 -0.50587624  0.6743321 ]
 [ 0.65306956 -0.5121846  -0.24121423]
 [ 0.67473716  0.472157   -0.24380355]
 [ 0.2576674   0.5087474   0.653951  ]]","[[ 0.4668382  -0.71275693  0.523488  ]
 [ 0.72740734 -0.02715882 -0.6856683 ]
 [ 0.50293213  0.7008852   0.5057857 ]]"
20200221-210710.645618,3,[1.735134   1.4368807  0.74548066],"[[ 0.21963406 -0.5047745   0.6779538 ]
 [ 0.6594168  -0.50864387 -0.23074368]
 [ 0.676301    0.47588453 -0.23262428]
 [ 0.24402416  0.50991976  0.65804416]]","[[ 0.46430025 -0.7109124   0.5282319 ]
 [ 0.7349913  -0.02350468 -0.6776691 ]
 [ 0.49417925  0.7028877   0.5116012 ]]"
20200221-210710.645618,4,[1.7180141 1.4437407 0.7421513],"[[ 0.20886084 -0.50480384  0.6813076 ]
 [ 0.6621243  -0.5095859  -0.22071765]
 [ 0.6803408   0.4750303  -0.22258806]
 [ 0.23474503  0.5097467   0.661482  ]]","[[ 0.4582499  -0.7114201   0.5328117 ]
 [ 0.7414838  -0.02456582 -0.670521  ]
 [ 0.4901111   0.7023373   0.51624924]]"
20200221-210710.645618,5,[1.6995159 1.4506029 0.7381253],"[[ 0.19149941 -0.50620604  0.6853413 ]
 [ 0.65979224 -0.5175357  -0.20889568]
 [ 0.6894789   0.46687555 -0.21161336]
 [ 0.22939262  0.5078771   0.66474783]]","[[ 0.44475222 -0.7155504   0.5386865 ]
 [ 0.7484889  -0.03337801 -0.6623068 ]
 [ 0.49189425  0.6977632   0.5207367 ]]"
20200221-210710.645618,6,[1.684898   1.4575335  0.73449683],"[[ 0.18047707 -0.5062333   0.68815655]
 [ 0.6623934  -0.5183934  -0.19880112]
 [ 0.6929695   0.46608806 -0.20142083]
 [ 0.22012873  0.5076988   0.6680934 ]]","[[ 0.43857193 -0.71610606  0.54299825]
 [ 0.7548379  -0.03437827 -0.65500987]
 [ 0.48772386  0.6971445   0.52546656]]"
20200221-210710.645618,7,[1.6743289  1.464204   0.73127055],"[[ 0.16472785 -0.50758654  0.69108504]
 [ 0.65793484 -0.52748847 -0.18948156]
 [ 0.7017386   0.45660597 -0.19286261]
 [ 0.2180587   0.5055918   0.67030025]]","[[ 0.42506388 -0.72076696  0.54755455]
 [ 0.759807   -0.04465336 -0.64861345]
 [ 0.49194917  0.69173795  0.5286632 ]]"
20200221-210710.645618,8,[1.6589973 1.4711889 0.7283028],"[[ 0.1472371  -0.50922483  0.69365954]
 [ 0.65147305 -0.53880304 -0.18036303]
 [ 0.7115521   0.44452596 -0.18459046]
 [ 0.2181692   0.50277007  0.6724821 ]]","[[ 0.40862778 -0.726728    0.552168  ]
 [ 0.7646448  -0.05773755 -0.6418603 ]
 [ 0.49833873  0.6844943   0.53209573]]"
20200221-210710.645618,9,[1.6422116  1.4776345  0.72479385],"[[ 0.11950568 -0.51205546  0.69659674]
 [ 0.6354041  -0.56139755 -0.16971032]
 [ 0.7286071   0.4194576  -0.17558393]
 [ 0.22607908  0.4966761   0.67462724]]","[[ 0.37915826 -0.73826796  0.5578526 ]
 [ 0.76859206 -0.08444051 -0.6341421 ]
 [ 0.51527214  0.6692012   0.53541064]]"
20200221-210710.645618,10,[1.6272383  1.485221   0.72018737],"[[ 0.11003466 -0.5111147   0.6988642 ]
 [ 0.6402711  -0.559011   -0.158799  ]
 [ 0.7298296   0.42226455 -0.16373855]
 [ 0.21282527  0.49795738  0.6779099 ]]","[[ 0.37517583 -0.73719543  0.56194854]
 [ 0.7758019  -0.08207072 -0.6256165 ]
 [ 0.50732106  0.67067677  0.54112667]]"
20200221-210710.645618,11,[1.6196322  1.4916884  0.71662325],"[[ 0.08718941 -0.5122255   0.7012533 ]
 [ 0.6265462  -0.5768239  -0.14957397]
 [ 0.7432216   0.40171304 -0.15535009]
 [ 0.21785115  0.49348328  0.6795127 ]]","[[ 0.350858   -0.74577314  0.5663225 ]
 [ 0.7783508  -0.10398912 -0.6191578 ]
 [ 0.52064264  0.6580339   0.5439878 ]]"
20200221-210710.645618,12,[1.6010867 1.4994197 0.7122981],"[[ 0.07399634 -0.51179254  0.70326126]
 [ 0.62588406 -0.5798786  -0.13916609]
 [ 0.7477237   0.3981298  -0.14383401]
 [ 0.20905256  0.49325624  0.68217885]]","[[ 0.34038875 -0.7474582   0.570475  ]
 [ 0.7847025  -0.10845231 -0.6103116 ]
 [ 0.51805174  0.6553962   0.54961646]]"
20200221-210710.645618,13,[1.5915282 1.5064801 0.7080368],"[[ 0.05233685 -0.5117969   0.70534515]
 [ 0.61377025 -0.59469247 -0.12936673]
 [ 0.7590433   0.38020882 -0.13390243]
 [ 0.21071452  0.48974076  0.683976  ]]","[[ 0.31754124 -0.75433844  0.5745791 ]
 [ 0.7875584  -0.12767878 -0.602868  ]
 [ 0.5281281   0.64395     0.5535424 ]]"
20200221-210710.645618,14,[1.5960373  1.5133969  0.70487034],"[[ 0.03020248 -0.5115135   0.70668775]
 [ 0.59658056 -0.6135229  -0.12254885]
 [ 0.7713412   0.3566202  -0.1278815 ]
 [ 0.21957323  0.4845264   0.6849963 ]]","[[ 0.29220727 -0.7624999   0.57724243]
 [ 0.78620267 -0.15213707 -0.5989487 ]
 [ 0.5445184   0.6288468   0.55502397]]"
20200221-210710.645618,15,[1.5851247 1.5180035 0.700908 ],"[[-0.03733755  0.5077473  -0.7087643 ]
 [ 0.5248925   0.67802167  0.11206567]
 [ 0.8081116  -0.2662895   0.11920696]
 [ 0.26466894 -0.45996627 -0.6862102 ]]","[[ 0.19988732  0.7877621  -0.5826457 ]
 [ 0.76945347  0.24195015  0.5911021 ]
 [ 0.6066191  -0.56647253 -0.5577834 ]]"
20200221-210710.645618,16,[1.577843  1.5240096 0.6981569],"[[-0.08423168  0.5006165  -0.70981103]
 [ 0.47008955  0.7181345   0.10518976]
 [ 0.82792664 -0.20062746  0.11218878]
 [ 0.29403788 -0.4397896  -0.6873987 ]]","[[ 0.13255826  0.7997583  -0.5855041 ]
 [ 0.7515604   0.3040235   0.5854286 ]
 [ 0.6462084  -0.5176452  -0.56076586]]"
20200221-210710.645618,17,[1.5722289  1.529025   0.69370496],"[[-0.15158051  0.48243943 -0.7113645 ]
 [ 0.3819481   0.7696937   0.09582743]
 [ 0.84747815 -0.0995837   0.10263599]
 [ 0.33603537 -0.40608728 -0.68865335]]","[[ 0.03158472  0.8073382  -0.5892433 ]
 [ 0.71442693  0.39405468  0.5781998 ]
 [ 0.69899684 -0.4392335  -0.564338  ]]"
20200221-210710.645618,18,[1.567332  1.5380216 0.6887601],"[[-0.18967924  0.46837398 -0.7117853 ]
 [ 0.3346162   0.79220843  0.08752324]
 [ 0.85346216 -0.04646558  0.09212287]
 [ 0.3516479  -0.38842314 -0.6908073 ]]","[[-0.02451322  0.8063975  -0.5908657 ]
 [ 0.6926903   0.43986395  0.5715768 ]
 [ 0.7208185  -0.39527574 -0.5693661 ]]"
20200221-210710.645618,19,[1.5643716 1.5433805 0.6849109],"[[-0.29047662  0.41287428 -0.7121456 ]
 [ 0.16058952  0.8455578   0.08027932]
 [ 0.8449224   0.13526443  0.08364327]
 [ 0.41945222 -0.3102746  -0.6923928 ]]","[[-0.19845946  0.7805535  -0.5927478 ]
 [ 0.58723646  0.57890266  0.56570756]
 [ 0.78470826 -0.23581317 -0.57325834]]"
20200221-210710.645618,20,[1.5672759 1.5344683 0.6801721],"[[-0.42399815  0.27013057 -0.71346295]
 [-0.15558803  0.8475748   0.06956544]
 [ 0.73925924  0.43253312  0.07389908]
 [ 0.49951276 -0.14683679 -0.6933035 ]]","[[-0.46887773  0.65040755 -0.597598  ]
 [ 0.34068227  0.7573991   0.5570295 ]
 [ 0.81491655  0.05758767 -0.57671   ]]"
20200221-210710.645618,21,[1.572256  1.5324847 0.6761751],"[[-0.46530524  0.18930212 -0.713893  ]
 [-0.29302537  0.81081307  0.0623708 ]
 [ 0.65822375  0.549413    0.06552467]
 [ 0.5141682  -0.06994715 -0.69438714]]","[[-0.5719014   0.55980945 -0.5996183 ]
 [ 0.2122095   0.8070349   0.55105525]
 [ 0.7923989   0.18790452 -0.58034134]]"
20200221-210710.645618,22,[1.5800899 1.519898  0.6713663],"[[-0.47774193  0.14991143 -0.7149037 ]
 [-0.34267634  0.7919872   0.05193403]
 [ 0.623015    0.5899351   0.05594399]
 [ 0.51593405 -0.04753346 -0.695044  ]]","[[-0.6058809   0.5175041  -0.60423326]
 [ 0.16292734  0.82412803  0.54246455]
 [ 0.7786931   0.23022276 -0.58363914]]"
20200221-210710.645618,23,[1.586833   1.5088956  0.66658074],"[[ 0.49035466  0.10029149 -0.71522063]
 [ 0.40703282  0.76128834  0.04280229]
 [-0.5722418   0.64044815  0.04544859]
 [-0.51615447 -0.01442051 -0.6961046 ]]","[[ 0.6485078   0.45908841 -0.6071865 ]
 [-0.0947938   0.84015876  0.53399193]
 [-0.75528246  0.2887405  -0.58836836]]"
20200221-210710.645618,24,[1.5952353  1.4971585  0.66170776],"[[ 0.49148294  0.08772036 -0.7159638 ]
 [ 0.41099703  0.7597951   0.03256728]
 [-0.56896234  0.6438677   0.03613914]
 [-0.5155657  -0.02123858 -0.69644046]]","[[ 0.6506768   0.450029   -0.6116321 ]
 [-0.09109893  0.845908    0.52549106]
 [-0.75387055  0.28620577 -0.59140974]]"
20200221-210710.645618,25,[1.6030619 1.5015291 0.657925 ],"[[ 0.4927983   0.07908673 -0.71592116]
 [ 0.41518673  0.75788176  0.02683256]
 [-0.5654695   0.6471395   0.03033097]
 [-0.51479524 -0.02389592 -0.6970059 ]]","[[ 0.6536816   0.44391367 -0.61289585]
 [-0.08669855  0.8484803   0.522077  ]
 [-0.7517872   0.2881348  -0.5931226 ]]"
20200221-210710.645618,26,[1.6111195  1.4988811  0.65401095],"[[ 0.49270347  0.07520879 -0.71610713]
 [ 0.4099913   0.76123327  0.01945242]
 [-0.5699316   0.64320916  0.02395584]
 [-0.514129   -0.0339032  -0.69730806]]","[[ 0.6503382   0.44501525 -0.61564755]
 [-0.09297079  0.8509759   0.51691073]
 [-0.75393426  0.2789295  -0.5947954 ]]"
20200221-210710.645618,27,[1.6179982 1.4956368 0.6494538],"[[ 0.49785492  0.04296574 -0.7153762 ]
 [ 0.44741306  0.73980224  0.01284635]
 [-0.5373124   0.67125684  0.01482628]
 [-0.5130864  -0.01615071 -0.69846404]]","[[ 0.67430925  0.4067046  -0.6163589 ]
 [-0.05069969  0.8581951   0.5108137 ]
 [-0.73670655  0.31319717 -0.59930885]]"
20200221-210710.645618,28,[1.6260501 1.4935166 0.6455738],"[[ 0.49751037  0.04101747 -0.71543115]
 [ 0.4400045   0.7446333   0.00574991]
 [-0.544055    0.6656443   0.0087942 ]
 [-0.51272136 -0.02749747 -0.698604  ]]","[[ 0.66973305  0.41028994 -0.61896664]
 [-0.05961439  0.86052567  0.5059067 ]
 [-0.7402052   0.30192307 -0.60078186]]"
20200221-210710.645618,29,[1.633392  1.4966681 0.6412897],"[[ 4.9923861e-01  2.5123686e-02 -7.1511042e-01]
 [ 4.5472831e-01  7.3558134e-01  2.0234569e-04]
 [-5.3082937e-01  6.7655778e-01  1.9116377e-03]
 [-5.1205796e-01 -2.3639092e-02 -6.9900936e-01]]","[[ 0.6789722   0.39371023 -0.6196689 ]
 [-0.0426622   0.86377895  0.5020619 ]
 [-0.73292357  0.31444964 -0.6032784 ]]"
20200221-210710.645618,30,[1.6410803  1.4968356  0.63809973],"[[ 0.50131357  0.00299159 -0.71424574]
 [ 0.47971466  0.7193419  -0.00382225]
 [-0.50739104  0.6945563  -0.00446777]
 [-0.51099175 -0.01141557 -0.69987017]]","[[ 0.6942761   0.3665023  -0.6194003 ]
 [-0.01302803  0.8668852   0.49833745]
 [-0.7195908   0.33791417 -0.60663253]]"
20200221-210710.645618,31,[1.6495678  1.4931147  0.63362515],"[[ 0.50002146  0.00877087 -0.71493787]
 [ 0.46048164  0.7318821  -0.01216957]
 [-0.5256977   0.6806206  -0.01062621]
 [-0.5114465  -0.03205963 -0.6990018 ]]","[[ 0.6823814   0.38176766 -0.62338537]
 [-0.0363058   0.869436    0.49270993]
 [-0.73009443  0.31358352 -0.6071473 ]]"
20200221-210710.645618,32,[1.6574959  1.4856058  0.62965566],"[[ 0.50142497 -0.01359851 -0.71417195]
 [ 0.48291448  0.71680623 -0.01819897]
 [-0.50450736  0.69673264 -0.01913702]
 [-0.5107242  -0.02382784 -0.69947225]]","[[ 0.6959048   0.3549768  -0.6242662 ]
 [-0.00945509  0.87374276  0.48629665]
 [-0.71807194  0.33251357 -0.61139804]]"
20200221-210710.645618,33,[1.6658247 1.4813641 0.627    ],"[[ 0.5014524  -0.01918945 -0.71400416]
 [ 0.4837176   0.7161293  -0.02322652]
 [-0.5038404   0.6971293  -0.02420415]
 [-0.5105959  -0.02832006 -0.6993377 ]]","[[ 0.6963285   0.3511056  -0.62598056]
 [-0.00859388  0.8761915   0.4818865 ]
 [-0.7176718   0.33017176 -0.6131344 ]]"
20200221-210710.645618,34,[1.6737411  1.4805037  0.62328327],"[[ 0.5019553  -0.03111744 -0.7132218 ]
 [ 0.49259588  0.7098612  -0.02837707]
 [-0.49523646  0.70310706 -0.03052291]
 [-0.5100309  -0.02774187 -0.69969857]]","[[ 0.70177627  0.33891556 -0.6266152 ]
 [ 0.00224505  0.87852985  0.47768226]
 [-0.7123941   0.3366328  -0.6157704 ]]"
20200221-210710.645618,35,[1.6816597 1.4842118 0.6191674],"[[ 0.50243354 -0.04232969 -0.71216196]
 [ 0.50073934  0.70408833 -0.0331741 ]
 [-0.48719993  0.7083317  -0.03637242]
 [-0.5093693  -0.02709681 -0.7002872 ]]","[[ 0.70689106  0.32804546 -0.62665087]
 [ 0.0123226   0.88010204  0.4746249 ]
 [-0.7072151   0.34323007 -0.61809385]]"
20200221-210710.645618,36,[1.6897852  1.4835404  0.61550355],"[[ 0.5025876  -0.05286839 -0.71133465]
 [ 0.50788     0.6987068  -0.0381006 ]
 [-0.4800774   0.71292347 -0.0423844 ]
 [-0.5089096  -0.02745148 -0.7005386 ]]","[[ 0.7111938   0.3175205  -0.62720346]
 [ 0.02126542  0.8820611   0.4706548 ]
 [-0.7026743   0.34806454 -0.62056404]]"
20200221-210710.645618,37,[1.6986653 1.4789871 0.6104899],"[[-0.5025021  -0.06465334 -0.71056217]
 [-0.514002    0.6936265  -0.04502089]
 [ 0.47386992  0.71677023 -0.05052922]
 [ 0.508666   -0.03070544 -0.70037246]]","[[-0.7147472   0.30651757 -0.62863624]
 [-0.02907065  0.8850467   0.46459368]
 [ 0.6987786   0.35034186 -0.6236739 ]]"
20200221-210710.645618,38,[1.7071725  1.4724307  0.60668725],"[[-0.5024148  -0.06995893 -0.71009374]
 [-0.51236147  0.6944044  -0.05154412]
 [ 0.47567597  0.71514523 -0.05700649]
 [ 0.5087215  -0.03840966 -0.69990003]]","[[-0.71385485  0.30413327 -0.63080436]
 [-0.02699225  0.8881522   0.45875582]
 [ 0.6997733   0.34451193 -0.6258026 ]]"
20200221-210710.645618,39,[1.715554  1.46929   0.6041956],"[[ 0.50232214 -0.0648004  -0.71033657]
 [ 0.49857843  0.7042749  -0.0571867 ]
 [-0.48979676  0.7050117  -0.06020872]
 [-0.50910854 -0.05249737 -0.698947  ]]","[[ 0.70576644  0.31632248 -0.6339038 ]
 [ 0.00941092  0.8905171   0.4548524 ]
 [-0.7083821   0.32698515 -0.6255202 ]]"
20200221-210710.645618,40,[1.7239008  1.4762555  0.59909505],"[[ 0.50224775 -0.07006939 -0.7098926 ]
 [ 0.49840257  0.703925   -0.06260174]
 [-0.49003822  0.7044231  -0.06560164]
 [-0.5091217  -0.0580378  -0.69844866]]","[[ 0.7056332   0.31483343 -0.63479286]
 [ 0.00915511  0.8917436   0.4524483 ]
 [-0.7085183   0.3250742  -0.62636155]]"
20200221-210710.645618,41,[1.7324265  1.477413   0.59625745],"[[ 0.50197333 -0.06498741 -0.7104026 ]
 [ 0.48540887  0.71265775 -0.06769334]
 [-0.50296575  0.6948724  -0.0683017 ]
 [-0.509339   -0.07105025 -0.69719505]]","[[ 0.6976338   0.32680145 -0.63757974]
 [-0.00726299  0.89308965  0.44981998]
 [-0.7164177   0.30917886 -0.6254231 ]]"
20200221-210710.645618,42,[1.7413654 1.4754004 0.5945044],"[[ 0.5020061  -0.07245992 -0.7097959 ]
 [ 0.4917295   0.7078866  -0.07029613]
 [-0.49684903  0.69910586 -0.07217346]
 [-0.5092472  -0.06997895 -0.69716495]]","[[ 7.0143473e-01  3.1814912e-01 -6.3778567e-01]
 [ 6.0756534e-04  8.9457697e-01  4.4691354e-01]
 [-7.1273345e-01  3.1386814e-01 -6.2729394e-01]]"
20200221-210710.645618,43,[1.7497442 1.471127  0.5915103],"[[ 0.5019682  -0.08137002 -0.7089767 ]
 [ 0.49753264  0.7032182  -0.07467777]
 [-0.49121654  0.70272243 -0.07780445]
 [-0.5091126  -0.07102542 -0.69693744]]","[[ 0.7049161   0.30886233 -0.638512  ]
 [ 0.00788619  0.8967433   0.44248086]
 [-0.70924693  0.31694722 -0.6296931 ]]"
20200221-210710.645618,44,[1.7588146 1.4680437 0.5867138],"[[-0.50195944 -0.08422101 -0.70849997]
 [-0.4920093   0.7064572  -0.08186169]
 [ 0.4967901   0.69799453 -0.08381078]
 [ 0.5090807  -0.0814185  -0.6959183 ]]","[[-7.0154661e-01  3.1107748e-01 -6.4114201e-01]
 [-7.8573258e-04  8.9935428e-01  4.3721998e-01]
 [ 7.1262306e-01  3.0723402e-01 -6.3069463e-01]]"
20200221-210710.645618,45,[1.7674795 1.466852  0.5827504],"[[-0.5017781  -0.08944137 -0.7081167 ]
 [-0.4920206   0.7056585  -0.08715269]
 [ 0.49686483  0.69749343 -0.08920675]
 [ 0.5091761  -0.08688742 -0.6949948 ]]","[[-7.0136213e-01  3.0831397e-01 -6.4267701e-01]
 [-7.3986140e-04  9.0130121e-01  4.3319228e-01]
 [ 7.1280485e-01  3.0430010e-01 -6.3191038e-01]]"
20200221-210710.645618,46,[1.7757465 1.471793  0.5790961],"[[-0.5018001  -0.08977618 -0.7079085 ]
 [-0.48677877  0.7088808  -0.09161995]
 [ 0.5021033   0.69319737 -0.0924936 ]
 [ 0.50905347 -0.09436823 -0.6942018 ]]","[[-0.6981309   0.3126895  -0.6440797 ]
 [ 0.00599433  0.9021113   0.43146184]
 [ 0.71594507  0.29735586 -0.6316661 ]]"
20200221-210710.645618,47,[1.7852747  1.470606   0.57525396],"[[-0.50181425 -0.09504733 -0.7072105 ]
 [-0.4870936   0.7079856  -0.09665003]
 [ 0.5018543   0.6927345  -0.09757312]
 [ 0.5089838  -0.09920275 -0.6935357 ]]","[[-0.6983037   0.30964977 -0.64535964]
 [ 0.00566031  0.90395063  0.42759958]
 [ 0.7157793   0.29494137 -0.63298476]]"
20200221-210710.645618,48,[1.7941645 1.4678979 0.5731065],"[[-0.50179654 -0.09891424 -0.70668274]
 [-0.48750642  0.70720303 -0.10021742]
 [ 0.5015561   0.69250226 -0.10124392]
 [ 0.50890017 -0.10256957 -0.69304055]]","[[-0.6985019   0.3069745  -0.64642227]
 [ 0.00526032  0.90549666  0.4243204 ]
 [ 0.7155888   0.2929881  -0.6341061 ]]"
20200221-210710.645618,49,[1.8030885  1.4652989  0.57098085],"[[-0.5017691  -0.1026471  -0.7061546 ]
 [-0.4877972   0.7064975  -0.10375158]
 [ 0.50137633  0.6921688  -0.10483538]
 [ 0.5088256  -0.10595912 -0.69252497]]","[[-0.6986355   0.30443949 -0.6474759 ]
 [ 0.00498656  0.9070058   0.42108837]
 [ 0.7154603   0.29095864 -0.6351845 ]]"
20200221-210710.645618,50,[1.8119075  1.4646583  0.56723166],"[[-0.50192356 -0.10769235 -0.705148  ]
 [-0.48800722  0.7057788  -0.10858761]
 [ 0.501249    0.69142395 -0.1095989 ]
 [ 0.5085972  -0.11050748 -0.69207156]]","[[-0.69890934  0.3016761  -0.6484731 ]
 [ 0.00480425  0.9086486   0.41753426]
 [ 0.7151942   0.28870314 -0.6365122 ]]"
20200221-210710.645618,51,[1.8213449 1.4666482 0.5623053],"[[-0.5020205  -0.11026861 -0.7045425 ]
 [-0.4838246   0.7078663  -0.11450139]
 [ 0.50540626  0.68751377 -0.11440877]
 [ 0.50838333 -0.11870562 -0.69095576]]","[[-0.6962621   0.3038291  -0.6503129 ]
 [ 0.01026499  0.91011834  0.41422102]
 [ 0.7177142   0.28173095 -0.63679975]]"
20200221-210710.645618,52,[1.8308208 1.4601601 0.5584399],"[[-0.5020901  -0.11392025 -0.70379746]
 [-0.48048586  0.7092016  -0.12084816]
 [ 0.508716    0.6840868  -0.11977383]
 [ 0.50818056 -0.12681094 -0.6897243 ]]","[[-0.69405323  0.30351177 -0.6528177 ]
 [ 0.01469791  0.912572    0.40865177]
 [ 0.7197737   0.27403098 -0.6378345 ]]"
20200221-210710.645618,53,[1.8401921 1.4597121 0.5547209],"[[-0.50217664 -0.11316487 -0.7035796 ]
 [-0.47239512  0.7139185  -0.12658814]
 [ 0.5165472   0.6773491  -0.12313248]
 [ 0.5077799  -0.13679138 -0.6883238 ]]","[[-0.68879706  0.30966726 -0.65548843]
 [ 0.02511511  0.913829    0.40532184]
 [ 0.72451913  0.26272175 -0.6372199 ]]"
20200221-210710.645618,54,[1.8489779 1.4609973 0.5518054],"[[-0.5020951  -0.11432505  0.7034542 ]
 [-0.46903557  0.7154108   0.13049652]
 [ 0.5198282   0.67436826  0.12615913]
 [ 0.50762683 -0.1426336   0.6871729 ]]","[[-0.68637043  0.31173214  0.657053  ]
 [ 0.02954171  0.9146788  -0.40310025]
 [ 0.7266518   0.25726563  0.63701767]]"
20200221-210710.645618,55,[1.8573197 1.4625318 0.5489593],"[[-0.50195426 -0.12091552  0.7027287 ]
 [-0.4741969   0.7112029   0.13305937]
 [ 0.51505595  0.67764693  0.13034116]
 [ 0.5078349  -0.14270402  0.68664277]]","[[-0.68948     0.30507356  0.65692246]
 [ 0.02316768  0.91579485 -0.40097746]
 [ 0.72393394  0.26124656  0.6384901 ]]"
20200221-210710.645618,56,[1.866648  1.4567928 0.545287 ],"[[-0.5019151  -0.12990814  0.7013138 ]
 [-0.47966352  0.706443    0.1377044 ]
 [ 0.5099023   0.6805826   0.13653497]
 [ 0.50794095 -0.14446294  0.68597   ]]","[[-0.6928916   0.2958096   0.6575698 ]
 [ 0.01638804  0.9181969  -0.39578506]
 [ 0.7208555   0.2634598   0.6410587 ]]"
20200221-210710.645618,57,[1.8760159  1.4539231  0.54281175],"[[-0.50203794 -0.12647651  0.7014519 ]
 [-0.46865192  0.7131449   0.14320806]
 [ 0.52049315  0.67174     0.13848813]
 [ 0.5073563  -0.15554234  0.6843081 ]]","[[-0.68557996  0.3050152   0.66101897]
 [ 0.030638    0.91928065 -0.3924088 ]
 [ 0.7273526   0.24877523  0.6395855 ]]"
20200221-210710.645618,58,[1.8854225 1.4593208 0.5396678],"[[-0.5018616  -0.12177628  0.70228696]
 [-0.4574219   0.7196498   0.14753622]
 [ 0.5310282   0.6631429   0.13953409]
 [ 0.5068623  -0.16588117  0.682317  ]]","[[-0.67772615  0.31617707  0.663867  ]
 [ 0.04495646  0.91896194 -0.39177516]
 [ 0.7339388   0.23567116  0.63701886]]"
20200221-210710.645618,59,[1.8953705 1.4590033 0.5362495],"[[-0.5019613  -0.12182372  0.7019549 ]
 [-0.45115656  0.72280604  0.15260862]
 [ 0.5368367   0.6576033   0.14245106]
 [ 0.5062597  -0.17397745  0.6809387 ]]","[[-0.67336106  0.32053584  0.66621435]
 [ 0.05306309  0.91975504 -0.38888946]
 [ 0.7374071   0.22651163  0.6363359 ]]"
20200221-210710.645618,60,[1.9052557  1.4616766  0.53201866],"[[-0.5020639  -0.12455239  0.7014479 ]
 [-0.4490936   0.7230893   0.15700577]
 [ 0.5387696   0.6552783   0.14630339]
 [ 0.505939   -0.17955248  0.6796436 ]]","[[-0.6717141   0.32118717  0.66756207]
 [ 0.05591527  0.9205349  -0.38663813]
 [ 0.7386973   0.22238337  0.6362955 ]]"
20200221-210710.645618,61,[1.9142836 1.4620498 0.5288706],"[[-0.50202477 -0.12926209  0.7007962 ]
 [-0.45095873  0.72099334  0.16033952]
 [ 0.5371701   0.65598184  0.15022728]
 [ 0.50601935 -0.18206449  0.6786811 ]]","[[-0.67266667  0.31775513  0.668245  ]
 [ 0.05383129  0.9217219  -0.3840977 ]
 [ 0.7379849   0.22239724  0.6371167 ]]"
20200221-210710.645618,62,[1.9244947 1.464516  0.5269549],"[[-0.5020963  -0.12734532  0.7008498 ]
 [-0.44468302  0.7244482   0.16342476]
 [ 0.5429107   0.65079695  0.15119833]
 [ 0.5053751  -0.18820621  0.6776732 ]]","[[-0.6682474   0.32340765  0.6699647 ]
 [ 0.06188056  0.92160714 -0.3831594 ]
 [ 0.74136084  0.2145875   0.63587433]]"
20200221-210710.645618,63,[1.9334089 1.4689932 0.5236126],"[[-0.50237286 -0.13116905  0.6999983 ]
 [-0.44612446  0.7228861   0.16609284]
 [ 0.54166955  0.651173    0.15448771]
 [ 0.50516224 -0.19027393  0.6771627 ]]","[[-0.6692197   0.32136187  0.6699789 ]
 [ 0.06030493  0.92215747 -0.3820851 ]
 [ 0.74061364  0.21529579  0.63650554]]"
20200221-210710.645618,64,[1.9434353 1.4674087 0.5201031],"[[-0.5023669  -0.13452116  0.6994435 ]
 [-0.44496042  0.7224897   0.17046982]
 [ 0.54277956  0.64945024  0.15840197]
 [ 0.5050032  -0.19526207  0.6757425 ]]","[[-0.66802347  0.32045248  0.6716063 ]
 [ 0.06210275  0.92338604 -0.37881607]
 [ 0.74154437  0.21134943  0.6367445 ]]"
20200221-210710.645618,65,[1.9525379  1.4676906  0.51722145],"[[-0.50268406 -0.13906823  0.6982423 ]
 [-0.44684845  0.720669    0.17354816]
 [ 0.54113424  0.64991486  0.16194047]
 [ 0.5047864  -0.19724962  0.67536205]]","[[-0.66937894  0.3170558   0.67186874]
 [ 0.0599882   0.9244745  -0.37649494]
 [ 0.74049526  0.21171364  0.63784325]]"
20200221-210710.645618,66,[1.9617752  1.469203   0.51490074],"[[-0.5029938  -0.14039071  0.69751763]
 [-0.44478697  0.7214651   0.17653519]
 [ 0.5430468   0.6475762   0.16405684]
 [ 0.50424415 -0.20105682  0.67482597]]","[[-0.6680265   0.3181118   0.672715  ]
 [ 0.06279241  0.92489314 -0.37500644]
 [ 0.74148345  0.20827274  0.6378283 ]]"
20200221-210710.645618,67,[1.9709421  1.4696922  0.51208013],"[[-0.5029567  -0.14472042  0.6968457 ]
 [-0.44679472  0.71931314  0.17934324]
 [ 0.54133517  0.6483974   0.16760483]
 [ 0.50434643 -0.20304084  0.6739069 ]]","[[-0.6690784   0.31484053  0.6732086 ]
 [ 0.06057099  0.92592156 -0.37282774]
 [ 0.7407197   0.20867413  0.6385841 ]]"
20200221-210710.645618,68,[1.9801592  1.4702177  0.50928944],"[[-0.50289255 -0.14888912  0.6961913 ]
 [-0.44861957  0.71726835  0.18213037]
 [ 0.53977776  0.6490779   0.17105523]
 [ 0.5044594  -0.20507573  0.6729679 ]]","[[-0.6700132   0.31175706  0.6737132 ]
 [ 0.05854316  0.92690605 -0.37069905]
 [ 0.74003714  0.208932    0.63929063]]"
20200221-210710.645618,69,[1.9882793 1.4767686 0.5067859],"[[-0.50307    -0.15329112  0.6952532 ]
 [-0.4528736   0.7141803   0.18306619]
 [ 0.5359919   0.65173745  0.17375188]
 [ 0.5045184  -0.20417258  0.6729931 ]]","[[-0.672986    0.3077738   0.67258096]
 [ 0.05334062  0.9271439  -0.3708894 ]
 [ 0.7377294   0.21372744  0.6403717 ]]"
20200221-210710.645618,70,[1.997682   1.474355   0.50487417],"[[-0.50313246 -0.15529118  0.6946628 ]
 [-0.45146385  0.714336    0.18629801]
 [ 0.53737694  0.64988875  0.17628631]
 [ 0.5042462  -0.20797478  0.6720567 ]]","[[-0.6718078   0.30746707  0.67389786]
 [ 0.05541287  0.9280929  -0.36820295]
 [ 0.73865     0.21001905  0.6405376 ]]"
20200221-210710.645618,71,[2.0069761 1.4748486 0.5022361],"[[-0.50339484 -0.15921244  0.6934951 ]
 [-0.4529565   0.71275574  0.18903753]
 [ 0.5360679   0.65006757  0.1794191 ]
 [ 0.504039   -0.20986418  0.67166805]]","[[-0.6729102   0.30463874  0.6740825 ]
 [ 0.05373809  0.92898613 -0.36619288]
 [ 0.7377698   0.21019104  0.641495  ]]"
20200221-210710.645618,72,[2.0173137  1.4746816  0.49960616],"[[-0.5033873  -0.15908548  0.6934564 ]
 [-0.44816566  0.7148231   0.19287829]
 [ 0.5404816   0.64581096  0.18142818]
 [ 0.5036156  -0.21598095  0.6700744 ]]","[[-0.6692203   0.3081397   0.6761612 ]
 [ 0.06005848  0.92941695 -0.36411127]
 [ 0.740633    0.2030615   0.64049107]]"
20200221-210710.645618,73,[2.026781   1.4742221  0.49642536],"[[-0.50343263 -0.16583592  0.69201636]
 [-0.45331672  0.7106472   0.19550079]
 [ 0.53588283  0.64864343  0.18590915]
 [ 0.5038746  -0.21619621  0.6695751 ]]","[[-0.67266244  0.30129802  0.67582905]
 [ 0.05381463  0.9308461  -0.3614272 ]
 [ 0.7379901   0.20674886  0.6423595 ]]"
20200221-210710.645618,74,[2.0361056 1.4748877 0.4939159],"[[-0.503693   -0.16952431  0.6908556 ]
 [-0.45477524  0.7090907   0.1980124 ]
 [ 0.53460014  0.64881146  0.18888551]
 [ 0.50366217 -0.21793543  0.66920257]]","[[-0.6737468   0.29862684  0.6759344 ]
 [ 0.05218545  0.9316514  -0.3595858 ]
 [ 0.7371174   0.2069959   0.6432812 ]]"
20200221-210710.645618,75,[2.0456736  1.471629   0.49170575],"[[-0.50368035 -0.17395598  0.6898137 ]
 [-0.45670104  0.70695484  0.20094717]
 [ 0.53292143  0.64929885  0.19240895]
 [ 0.5037113  -0.2199204   0.66839784]]","[[-0.6748746   0.29462758  0.6765639 ]
 [ 0.05002107  0.9329935  -0.35640043]
 [ 0.7362351   0.20668319  0.6443912 ]]"
20200221-210710.645618,76,[2.0543802  1.4688891  0.48956963],"[[-0.5035226  -0.18199967  0.6881322 ]
 [-0.46450976  0.70105726  0.20256875]
 [ 0.52579284  0.6541164   0.19708498]
 [ 0.50421953 -0.21800613  0.66827923]]","[[-0.6801323   0.28470072  0.6755483 ]
 [ 0.04027234  0.93462765 -0.35334054]
 [ 0.73198235  0.21311235  0.64713603]]"
20200221-210710.645618,77,[2.0640686  1.465692   0.48747113],"[[-0.5034944  -0.18602571  0.68711287]
 [-0.46596813  0.69919705  0.20543946]
 [ 0.5245125   0.6542475   0.20043693]
 [ 0.5042353  -0.22017576  0.66745436]]","[[-0.68097645  0.28115797  0.67618155]
 [ 0.03862879  0.9358659  -0.35023257]
 [ 0.7312859   0.21237992  0.6481633 ]]"
20200221-210710.645618,78,[2.074832   1.4639137  0.48400608],"[[-0.50353354 -0.19075789  0.68583584]
 [-0.46736965  0.69712985  0.2090292 ]
 [ 0.52324426  0.65410113  0.20453066]
 [ 0.50421715 -0.22309908  0.6664107 ]]","[[-0.68182987  0.27756613  0.676805  ]
 [ 0.03701732  0.9371221  -0.34703314]
 [ 0.73057365  0.21156402  0.6492325 ]]"
20200221-210710.645618,79,[2.0842302 1.4664199 0.4821759],"[[-0.5034726  -0.19120634  0.68578017]
 [-0.4653705   0.6977751   0.21120255]
 [ 0.52520156  0.6521833   0.20594586]
 [ 0.5040923  -0.22628951  0.6653462 ]]","[[-0.68017554  0.2792773   0.6777653 ]
 [ 0.03977612  0.93728226 -0.34629503]
 [ 0.73196954  0.2085825   0.6486248 ]]"
20200221-210710.645618,80,[2.09348    1.4728025  0.48013613],"[[-0.5036675  -0.1908416   0.6856413 ]
 [-0.4629663   0.69897497  0.21284284]
 [ 0.5274951   0.65002066  0.20671147]
 [ 0.5037167  -0.22910029  0.66472906]]","[[-0.6785069   0.28230578  0.6781831 ]
 [ 0.04298155  0.9368829  -0.34699205]
 [ 0.73333585  0.20628712  0.6478153 ]]"
20200221-210710.645618,81,[2.1033714  1.4684283  0.47773212],"[[-0.50355023 -0.19721022  0.68409956]
 [-0.46750325  0.694942    0.21543303]
 [ 0.5233247   0.6522398   0.21114536]
 [ 0.50399345 -0.22966711  0.6640889 ]]","[[-0.681491    0.27519533  0.6781134 ]
 [ 0.0373777   0.93848336 -0.34329608]
 [ 0.7308715   0.20860694  0.649854  ]]"
20200221-210710.645618,82,[2.112993   1.4695182  0.47556585],"[[-0.5037751  -0.20006566  0.68301636]
 [-0.4683872   0.69377637  0.21753746]
 [ 0.5225404   0.65202063  0.21360126]
 [ 0.5037617  -0.23133802  0.6637326 ]]","[[-0.6822265   0.27331454  0.67813456]
 [ 0.03639015  0.9390456  -0.34186205]
 [ 0.73023516  0.2085499   0.65058744]]"
20200221-210710.645618,83,[2.121746   1.472398   0.47391582],"[[-0.5035343  -0.20383933  0.6823141 ]
 [-0.47192824  0.6908567   0.21830513]
 [ 0.5192869   0.6541625   0.21605472]
 [ 0.5040614  -0.23073265  0.6634084 ]]","[[-0.6844676   0.26939955  0.6774424 ]
 [ 0.03193727  0.939409   -0.34130767]
 [ 0.7283435   0.21197836  0.6515988 ]]"
20200221-210710.645618,84,[2.1318765  1.4788393  0.47204936],"[[-0.50351524 -0.20695399  0.68150514]
 [-0.47525308  0.6883638   0.2185372 ]
 [ 0.51618963  0.6561902   0.2179146 ]
 [ 0.5041382  -0.22965159  0.6635551 ]]","[[-0.68678164  0.26652202  0.6762374 ]
 [ 0.02770908  0.93927336 -0.3420499 ]
 [ 0.7263355   0.21617565  0.6524609 ]]"
20200221-210710.645618,85,[2.1418223  1.4801805  0.46983212],"[[-0.50353205 -0.20966218  0.6806697 ]
 [-0.47599638  0.687167    0.22062474]
 [ 0.5155551   0.655955    0.22034095]
 [ 0.5040689  -0.2314442   0.6629205 ]]","[[-0.68723756  0.26488766  0.6764162 ]
 [ 0.02689195  0.93978643 -0.34070244]
 [ 0.72593457  0.21595325  0.65298   ]]"
20200221-210710.645618,86,[2.1515806 1.4812958 0.4677902],"[[-0.50335056 -0.2122235   0.68015176]
 [-0.47675982  0.68584955  0.22254907]
 [ 0.51488936  0.6559062   0.22268419]
 [ 0.5042097  -0.23314975  0.6620249 ]]","[[-0.6875212   0.26329485  0.67674994]
 [ 0.02602316  0.9402863  -0.3393884 ]
 [ 0.7256979   0.21572553  0.65331864]]"
20200221-210710.645618,87,[2.1615868  1.4802779  0.46706733],"[[-0.5032955  -0.21417075  0.67957664]
 [-0.47742268  0.6849192   0.22396894]
 [ 0.5143286   0.655849    0.22433205]
 [ 0.50420964 -0.23426194  0.66158044]]","[[-0.6878988   0.26155052  0.67704254]
 [ 0.02527542  0.9408806  -0.33779404]
 [ 0.72536635  0.21525559  0.65384156]]"
20200221-210710.645618,88,[2.1713881  1.4814606  0.46507683],"[[-0.5031122  -0.21664327  0.67906624]
 [-0.47814587  0.68363905  0.22583285]
 [ 0.51369727  0.6557772   0.22660181]
 [ 0.50435066 -0.2359226   0.6606968 ]]","[[-0.68816054  0.26003614  0.6773599 ]
 [ 0.02445216  0.94135183 -0.33653963]
 [ 0.7251464   0.21503034  0.6541595 ]]"
20200221-210710.645618,89,[2.1811128  1.4800102  0.46381563],"[[-0.5031825  -0.21748045  0.6786461 ]
 [-0.47629333  0.68420416  0.22832666]
 [ 0.51555854  0.6537244   0.22818433]
 [ 0.50413465 -0.23918934  0.65972596]]","[[-0.6867765   0.26071483  0.6785027 ]
 [ 0.02703875  0.9419772  -0.33458647]
 [ 0.7263655   0.21144025  0.65397716]]"
20200221-210710.645618,90,[2.1913042  1.4861548  0.46232983],"[[-0.50331455 -0.22005188  0.67771584]
 [-0.47916174  0.68218076  0.22836386]
 [ 0.51283836  0.6553926   0.22963199]
 [ 0.5040594  -0.23804878  0.6601668 ]]","[[-0.68898237  0.2582887   0.677193  ]
 [ 0.023328    0.9417639  -0.33546478]
 [ 0.7244027   0.21533182  0.65488386]]"
20200221-210710.645618,91,[2.201402  1.4833684 0.4606548],"[[-0.50326717 -0.22307095  0.67677385]
 [-0.47990295  0.68082315  0.23077264]
 [ 0.51219714  0.65502495  0.23232996]
 [ 0.50405294 -0.24012817  0.659351  ]]","[[-0.6894128   0.25571367  0.6777319 ]
 [ 0.02248681  0.94272155 -0.332822  ]
 [ 0.72401965  0.21421169  0.6556745 ]]"
20200221-210710.645618,92,[2.2106636  1.4822463  0.45947534],"[[-0.5031234  -0.22697286  0.6756762 ]
 [-0.48300025  0.6780992   0.23197933]
 [ 0.50929403  0.6565291   0.23500554]
 [ 0.50417995 -0.24007218  0.6591053 ]]","[[-0.6915137   0.25119537  0.67728114]
 [ 0.01853547  0.9434523  -0.33099   ]
 [ 0.7221256   0.21633047  0.65706605]]"
20200221-210710.645618,93,[2.2205706 1.4834737 0.4576429],"[[-0.503317   -0.2291309   0.67469674]
 [-0.48338178  0.6773106   0.23379771]
 [ 0.50896794  0.6559949   0.23698933]
 [ 0.5039498  -0.24170329  0.6587561 ]]","[[-0.69193757  0.24998252  0.677297  ]
 [ 0.01811985  0.9438575  -0.3298554 ]
 [ 0.72172993  0.21596694  0.65762013]]"
20200221-210710.645618,94,[2.232043  1.4838349 0.4558498],"[[-0.503306   -0.23138209  0.6739393 ]
 [-0.48382968  0.67632896  0.23566864]
 [ 0.5085713   0.6555979   0.23904927]
 [ 0.50393206 -0.24337858  0.6581195 ]]","[[-0.6922175   0.24849297  0.6775594 ]
 [ 0.01759953  0.94438535 -0.32837024]
 [ 0.7214747   0.21537884  0.65809315]]"
20200221-210710.645618,95,[2.2418983  1.4812973  0.45431653],"[[-0.5030477  -0.2372418   0.6722884 ]
 [-0.48921925  0.67183095  0.23673448]
 [ 0.50338167  0.65852565  0.24279757]
 [ 0.5041969  -0.24228896  0.65805346]]","[[-0.695922    0.24095802  0.67648506]
 [ 0.0105699   0.94536066 -0.32585546]
 [ 0.7180397   0.21961957  0.66044414]]"
20200221-210710.645618,96,[2.2518444  1.4845746  0.45357525],"[[-0.5032149  -0.23797974  0.67177546]
 [-0.48924267  0.6716881   0.23746538]
 [ 0.50340396  0.6581536   0.24349174]
 [ 0.5039848  -0.2429708   0.6580573 ]]","[[-0.6961168   0.24096641  0.67628133]
 [ 0.01057151  0.9453281  -0.32594913]
 [ 0.7178506   0.21974939  0.6606061 ]]"
20200221-210710.645618,97,[2.2629032  1.480318   0.45164213],"[[-0.50327015 -0.23960222  0.6710668 ]
 [-0.48721373  0.6720137   0.24094403]
 [ 0.50544345  0.65564555  0.2458692 ]
 [ 0.50385386 -0.24721876  0.6566309 ]]","[[-0.6946479   0.2408762   0.67782235]
 [ 0.01333436  0.9464203  -0.32266188]
 [ 0.7192264   0.2150981   0.6606407 ]]"
20200221-210710.645618,98,[2.2721303  1.4870728  0.45018792],"[[-0.5033992  -0.23874605  0.67118484]
 [-0.4850129   0.6732995   0.2420579 ]
 [ 0.5076314   0.6538591   0.24593396]
 [ 0.5036483  -0.24927145  0.65607566]]","[[-0.6931088   0.24417183  0.67821836]
 [ 0.01630624  0.9459518  -0.32389688]
 [ 0.72064847  0.21343654  0.659629  ]]"
20200221-210710.645618,99,[2.2815576  1.4861583  0.44917327],"[[-0.5032624  -0.2422363   0.67011774]
 [-0.48775688  0.67082745  0.24311389]
 [ 0.5050376   0.6551172   0.24838535]
 [ 0.50374365 -0.24926671  0.6558527 ]]","[[-0.69499177  0.24009857  0.6777458 ]
 [ 0.01277465  0.9465741  -0.32223406]
 [ 0.7189043   0.21529196  0.66092837]]"
20200221-210710.645618,100,[2.29161    1.4875305  0.44755858],"[[-0.5030576  -0.24413978  0.6697004 ]
 [-0.48817316  0.66982013  0.24465689]
 [ 0.50468117  0.6548872   0.25019407]
 [ 0.50390214 -0.250718    0.655017  ]]","[[-0.6950633   0.23909447  0.6780273 ]
 [ 0.01231132  0.94690174 -0.32128763]
 [ 0.7188434   0.2149678   0.66110003]]"
20200221-210710.645618,101,[2.3025002  1.4940578  0.44623867],"[[-0.50296706 -0.24626157  0.66906816]
 [-0.49070966  0.66793203  0.24448779]
 [ 0.50224096  0.65644366  0.25139096]
 [ 0.50396645 -0.2496071   0.65526783]]","[[-0.6968422   0.237202    0.676865  ]
 [ 0.00900398  0.9465471  -0.3224402 ]
 [ 0.7171681   0.21859546  0.6617296 ]]"
20200221-210710.645618,102,[2.3132224  1.4980325  0.44393426],"[[-0.50304526 -0.2494618   0.66779363]
 [-0.49308065  0.66582394  0.24553068]
 [ 0.49992803  0.6573454   0.25364405]
 [ 0.5038736  -0.24968788  0.65530986]]","[[-0.6986924   0.2344191   0.67592645]
 [ 0.00586721  0.94663954 -0.3222407 ]
 [ 0.71539825  0.22118135  0.6627852 ]]"
20200221-210710.645618,103,[2.3230548  1.5031581  0.44221747],"[[-0.5030462  -0.25055552  0.66738766]
 [-0.4932006   0.6653622   0.2465125 ]
 [ 0.49983478  0.65703005  0.2547205 ]
 [ 0.50384766 -0.25065207  0.6549374 ]]","[[-0.69877976  0.23466896  0.67574954]
 [ 0.00573722  0.9464673  -0.32274887]
 [ 0.7153139   0.22165345  0.6627185 ]]"
20200221-210710.645618,104,[2.3323984 1.5059733 0.44112  ],"[[-0.5030981  -0.2531398   0.6663285 ]
 [-0.4955154   0.66349703  0.24699904]
 [ 0.49759623  0.6580906   0.25639096]
 [ 0.50374067 -0.25021702  0.65518045]]","[[-0.7005725   0.23195909  0.6748282 ]
 [ 0.00268235  0.94654167 -0.32257068]
 [ 0.7135762   0.22417395  0.6637432 ]]"
20200221-210710.645618,105,[2.3422072  1.5129428  0.44036213],"[[-0.5032298  -0.2560659   0.66504985]
 [-0.4999321   0.66065615  0.24586497]
 [ 0.49320608  0.6609063   0.2575498 ]
 [ 0.50356233 -0.24731775  0.6564504 ]]","[[-0.7040158   0.22802034  0.67258346]
 [-0.00324252  0.946013   -0.32411292]
 [ 0.7101769   0.23036148  0.66526884]]"
20200221-210710.645618,106,[2.3523588 1.52052   0.4396781],"[[-0.5029957  -0.25597408  0.6653687 ]
 [-0.5000132   0.66052234  0.24572892]
 [ 0.49317116  0.6611186   0.25747836]
 [ 0.5037505  -0.24720275  0.6562065 ]]","[[-0.7038741   0.2292829   0.67230266]
 [-0.00332334  0.9453986  -0.32589933]
 [ 0.710317    0.23162638  0.66467965]]"
20200221-210710.645618,107,[2.3617249  1.523256   0.43859082],"[[-0.50327957 -0.25547817  0.6651088 ]
 [-0.49758142  0.66195035  0.24750368]
 [ 0.49566624  0.65887904  0.25787297]
 [ 0.50342554 -0.24986191  0.655648  ]]","[[-7.0238596e-01  2.3179363e-01  6.7299742e-01]
 [-6.4012806e-05  9.4547129e-01 -3.2570574e-01]
 [ 7.1179616e-01  2.2881420e-01  6.6407090e-01]]"
20200221-210710.645618,108,[2.372186   1.5246854  0.43698603],"[[-0.50323796 -0.25713277  0.66448444]
 [-0.49761385  0.66131634  0.24915452]
 [ 0.49569982  0.65824467  0.25952467]
 [ 0.5034021  -0.25151     0.65500325]]","[[-7.0239615e-01  2.3115526e-01  6.7320651e-01]
 [-6.5009837e-05  9.4577777e-01 -3.2481441e-01]
 [ 7.1178633e-01  2.2819220e-01  6.6429561e-01]]"
20200221-210710.645618,109,[2.3842223  1.5247512  0.43580157],"[[-0.50321734 -0.25859553  0.66392756]
 [-0.49763033  0.660749    0.25061083]
 [ 0.49571717  0.65768015  0.26099437]
 [ 0.5033892  -0.25297362  0.6544281 ]]","[[-7.0240670e-01  2.3033176e-01  6.7347777e-01]
 [-6.2446954e-05  9.4617337e-01 -3.2365981e-01]
 [ 7.1177584e-01  2.2738290e-01  6.6458428e-01]]"
20200221-210710.645618,110,[2.3944514  1.5277166  0.43532842],"[[-0.5029939  -0.2591724   0.663982  ]
 [-0.49772722  0.6603533   0.25111744]
 [ 0.4956657   0.65764505  0.26159665]
 [ 0.50356805 -0.25350738  0.6539383 ]]","[[-7.0228112e-01  2.3038954e-01  6.7358881e-01]
 [-1.5679115e-04  9.4613492e-01 -3.2377273e-01]
 [ 7.1189976e-01  2.2748508e-01  6.6441655e-01]]"
20200221-210710.645618,111,[2.4057913 1.5339468 0.4341939],"[[-0.5030819  -0.25812212  0.6642196 ]
 [-0.49546713  0.6617613   0.25217494]
 [ 0.49796602  0.65589875  0.26140672]
 [ 0.50343883 -0.25542533  0.65336573]]","[[-0.70071906  0.23366152  0.67408854]
 [ 0.00285708  0.9457575  -0.32486102]
 [ 0.71343184  0.2257103   0.6633778 ]]"
20200221-210710.645618,112,[2.4161713  1.5367846  0.43372402],"[[-0.5031017  -0.25585863  0.66500866]
 [-0.49113935  0.664398    0.25389796]
 [ 0.50229305  0.65277123  0.2608261 ]
 [ 0.50336117 -0.25884688  0.6521265 ]]","[[-0.69751143  0.23855518  0.67569923]
 [ 0.00865048  0.9456929  -0.32494664]
 [ 0.71652156  0.22080882  0.6616952 ]]"
20200221-210710.645618,113,[2.426438  1.5377067 0.4323558],"[[-0.5028863  -0.2575417   0.66465193]
 [-0.49146706  0.66347045  0.2552836 ]
 [ 0.5020168   0.65251756  0.2624657 ]
 [ 0.50353175 -0.26019263  0.65129095]]","[[-0.6975306   0.23765668  0.6759958 ]
 [ 0.00828998  0.94601035 -0.3240304 ]
 [ 0.716507    0.22041704  0.66184145]]"
20200221-210710.645618,114,[2.4374177  1.5369138  0.43062833],"[[-0.5029603  -0.2610783   0.6631966 ]
 [-0.49385318  0.6611836   0.2566282 ]
 [ 0.4996834   0.65326184  0.2650992 ]
 [ 0.5034446  -0.26062143  0.6511792 ]]","[[-0.6993704   0.23384275  0.6754249 ]
 [ 0.00516919  0.9465981  -0.3223747 ]
 [ 0.7147409   0.22196792  0.66323143]]"
20200221-210710.645618,115,[2.446954   1.5396252  0.42967173],"[[-0.50283587 -0.2607219   0.6634542 ]
 [-0.4918504   0.66205704  0.2581349 ]
 [ 0.50172174  0.6515924   0.26553252]
 [ 0.503502   -0.26292932  0.6501443 ]]","[[-0.6977621   0.23604634  0.67632127]
 [ 0.0078829   0.946621   -0.32225233]
 [ 0.71628636  0.21952409  0.66237694]]"
20200221-210710.645618,116,[2.4572613 1.5406255 0.428369 ],"[[-0.50261617 -0.26232177  0.6631123 ]
 [-0.4921424   0.6611725   0.25947177]
 [ 0.50147843  0.6513263   0.2670835 ]
 [ 0.5036786  -0.26422063  0.64932543]]","[[-0.6977577   0.23522884  0.6766106 ]
 [ 0.00756707  0.94691396 -0.32139835]
 [ 0.71629405  0.21913823  0.6624964 ]]"
