Timestamp,Epoch,s,u,v
20200221-171954.227601,0,[0.01141442 0.00966921 0.00800161],"[[-0.69835764  0.59861946  0.02052251]
 [ 0.28194857  0.38555014 -0.8776174 ]
 [-0.52306634 -0.6901167  -0.4780175 ]
 [-0.39900294  0.12940207 -0.02942363]]","[[ 0.37180075 -0.26166406  0.8906717 ]
 [ 0.40184417  0.9102671   0.09967557]
 [ 0.8368307  -0.32085183 -0.44358617]]"
20200221-171954.227601,1,[0.01798687 0.00928291 0.00547504],"[[-0.730854    0.4455791   0.01467213]
 [ 0.43448067  0.7607638  -0.48134327]
 [-0.03144801 -0.47042018 -0.7940579 ]
 [-0.5254428   0.03744966 -0.37089857]]","[[ 0.38175595 -0.57852995  0.7208089 ]
 [ 0.3288506   0.813861    0.47904855]
 [ 0.8637822  -0.05415882 -0.5009462 ]]"
20200221-171954.227601,2,[0.02653205 0.00926335 0.00415357],"[[-0.6711009  -0.4466518   0.06824583]
 [ 0.47756046 -0.7944732  -0.37486696]
 [ 0.14425218  0.4097687  -0.70691067]
 [-0.54840755 -0.03747314 -0.5958979 ]]","[[ 0.44376838  0.6288711   0.6384285 ]
 [ 0.40515167 -0.77624565  0.48300624]
 [ 0.7993259   0.04431745 -0.59926134]]"
20200221-171954.227601,3,[0.03597688 0.00927514 0.00355792],"[[-0.63154596 -0.44787848  0.14345622]
 [ 0.4918017  -0.8054924  -0.33059552]
 [ 0.24161588  0.38634938 -0.5908583 ]
 [-0.5485461  -0.03634804 -0.7218125 ]]","[[ 0.4813566   0.64767396  0.59060514]
 [ 0.45094028 -0.7607786   0.46676427]
 [ 0.7516307   0.04164762 -0.65826815]]"
20200221-171954.227601,4,[0.04548172 0.00930368 0.00328837],"[[-0.603169   -0.45191088  0.20991103]
 [ 0.50015134 -0.80787235 -0.3117376 ]
 [ 0.29784623  0.37665185 -0.49064505]
 [-0.54527366 -0.03538692 -0.7861458 ]]","[[ 0.5026114   0.65515685  0.56404895]
 [ 0.4787234  -0.75420314  0.44944593]
 [ 0.71986496  0.04412678 -0.69271016]]"
20200221-171954.227601,5,[0.05528262 0.00933126 0.003132  ],"[[-0.5852043  -0.45323366  0.2600359 ]
 [ 0.50337446 -0.81023884 -0.30008638]
 [ 0.3364905   0.3700914  -0.4127959 ]
 [-0.53937405 -0.03353328 -0.8197129 ]]","[[ 0.51678705  0.66072387  0.5444036 ]
 [ 0.49677563 -0.7493286   0.43785918]
 [ 0.6972412   0.04416646 -0.7154748 ]]"
20200221-171954.227601,6,[0.06517325 0.00936386 0.00305539],"[[-0.57103103 -0.45559222  0.29822284]
 [ 0.5060643  -0.81041974 -0.29489315]
 [ 0.36247784  0.3669497  -0.35321906]
 [-0.535194   -0.03168191 -0.8362642 ]]","[[ 0.5263974   0.6635969   0.5315497 ]
 [ 0.509585   -0.74668604  0.42753166]
 [ 0.68060935  0.04581817 -0.73121256]]"
20200221-171954.227601,7,[0.07511442 0.00939531 0.00300403],"[[-0.5611028  -0.45665875  0.32671967]
 [ 0.5070874  -0.81103116 -0.29129955]
 [ 0.38258228  0.36445564 -0.30700317]
 [-0.53071356 -0.02938845 -0.84507287]]","[[ 0.53345245  0.6661692   0.5211978 ]
 [ 0.51880646 -0.7443726   0.42041564]
 [ 0.6680333   0.04612906 -0.74270034]]"
20200221-171954.227601,8,[0.08450995 0.00942762 0.00296965],"[[-0.55358946 -0.45747754  0.3483114 ]
 [ 0.50764984 -0.8114091  -0.28913867]
 [ 0.39822665  0.36277172 -0.27059576]
 [-0.5265419  -0.02695248 -0.8496213 ]]","[[ 0.5385027   0.66805065  0.5135402 ]
 [ 0.52543586 -0.7426759   0.4151505 ]
 [ 0.65873545  0.04627275 -0.7509506 ]]"
20200221-171954.227601,9,[0.09435385 0.00946186 0.00295347],"[[-0.54696876 -0.45879337  0.36499175]
 [ 0.50846875 -0.81103104 -0.2886622 ]
 [ 0.41029233  0.362124   -0.24185394]
 [-0.523398   -0.02457323 -0.85144687]]","[[ 0.5426114   0.66919357  0.50769365]
 [ 0.53101146 -0.7415914   0.40996248]
 [ 0.6508456   0.04714084 -0.75774527]]"
20200221-171954.227601,10,[0.10368844 0.00949701 0.0029459 ],"[[-0.5415188  -0.46005523  0.3777982 ]
 [ 0.5090977  -0.8104857  -0.2890038 ]
 [ 0.41993213  0.36190212 -0.2190082 ]
 [-0.52080095 -0.02210756 -0.85192734]]","[[ 0.54574084  0.66994274  0.5033327 ]
 [ 0.5352869  -0.7408583   0.4057052 ]
 [ 0.6446974   0.04801747 -0.7629281 ]]"
20200221-171954.227601,11,[0.11316854 0.00953179 0.0029394 ],"[[-0.53718436 -0.46092674  0.3878423 ]
 [ 0.50940794 -0.810124   -0.28940645]
 [ 0.42836913  0.3617524  -0.19992961]
 [-0.5181087  -0.01952741 -0.8519685 ]]","[[ 0.5483811   0.67071605  0.49941793]
 [ 0.53885823 -0.7401267   0.40229896]
 [ 0.639461    0.04850227 -0.7672923 ]]"
20200221-171954.227601,12,[0.12224031 0.00956833 0.00294154],"[[-0.53305477 -0.46222734  0.3956944 ]
 [ 0.509992   -0.8092587  -0.2907436 ]
 [ 0.43501955  0.36215633 -0.18462095]
 [-0.51625484 -0.01700304 -0.8513576 ]]","[[ 0.55047536  0.6709719   0.49676323]
 [ 0.541779   -0.73982596  0.39891523]
 [ 0.6351793   0.04954285 -0.77077425]]"
20200221-171954.227601,13,[0.13145296 0.00960429 0.00294191],"[[-0.5297719  -0.46310446  0.40186974]
 [ 0.51025647 -0.80866706 -0.29188135]
 [ 0.44114134  0.36247152 -0.17146225]
 [-0.51417345 -0.01436613 -0.8508271 ]]","[[ 0.55231184  0.6713729   0.4941762 ]
 [ 0.54429144 -0.7394224   0.3962343 ]
 [ 0.6314259   0.05013102 -0.77381426]]"
20200221-171954.227601,14,[0.14016373 0.00964187 0.00294746],"[[-0.526602   -0.46434325  0.40655273]
 [ 0.5107972  -0.80767596 -0.2936428 ]
 [ 0.44602212  0.3631886  -0.16082719]
 [-0.5126806  -0.01179003 -0.8500727 ]]","[[ 0.55379075  0.6713588   0.49253744]
 [ 0.5463814  -0.7393606   0.3934632 ]
 [ 0.62831783  0.05121701 -0.776269  ]]"
20200221-171954.227601,15,[0.14865738 0.00968038 0.00295456],"[[-0.5235872  -0.46574706  0.41022173]
 [ 0.5115252  -0.8064728  -0.29565006]
 [ 0.45019746  0.3641366  -0.15171127]
 [-0.5113913  -0.00926598 -0.84928966]]","[[ 0.55504435  0.6711264   0.491442  ]
 [ 0.5481893  -0.739479    0.39071667]
 [ 0.62563133  0.05253816 -0.7783479 ]]"
20200221-171954.227601,16,[0.15766206 0.00971875 0.00295965],"[[-0.5209868  -0.46696436  0.41292217]
 [ 0.5122107  -0.8053657  -0.29745892]
 [ 0.45415798  0.36508226 -0.14367357]
 [-0.5098564  -0.0067268  -0.84874696]]","[[ 0.5562271   0.67097485  0.49031055]
 [ 0.54988086 -0.7395353   0.38822517]
 [ 0.6230912   0.05367099 -0.78030556]]"
20200221-171954.227601,17,[0.16665807 0.0097584  0.00296677],"[[-0.5183706  -0.46844953  0.4148219 ]
 [ 0.5131777  -0.8039733  -0.29954442]
 [ 0.45748827  0.3662835  -0.1368855 ]
 [-0.5085713  -0.00428694 -0.84820867]]","[[ 0.5572599   0.6705777   0.48968056]
 [ 0.5514028  -0.73978704  0.3855779 ]
 [ 0.6208193   0.05514412 -0.7820119 ]]"
20200221-171954.227601,18,[0.17494923 0.00979679 0.00297265],"[[-0.5164916  -0.46927807  0.41627142]
 [ 0.51339835 -0.8031285  -0.30141458]
 [ 0.46078727  0.367097   -0.13089919]
 [-0.5072808  -0.00156338 -0.8477812 ]]","[[ 0.55814105  0.6705046   0.48877627]
 [ 0.5526206  -0.7397974   0.38381025]
 [ 0.618942    0.05588752 -0.78344584]]"
20200221-171954.227601,19,[0.18369897 0.00983582 0.0029788 ],"[[-0.5146464  -0.47020414  0.41714832]
 [ 0.5137933  -0.80215335 -0.30332908]
 [ 0.46382254  0.3680454  -0.12563954]
 [-0.5059887   0.00109799 -0.8474631 ]]","[[ 0.558976    0.67035055  0.4880327 ]
 [ 0.5537951  -0.73987085  0.38197163]
 [ 0.61713606  0.05675716 -0.78480697]]"
20200221-171954.227601,20,[0.1920414  0.00987528 0.00298561],"[[-0.5129677  -0.47110373  0.41761073]
 [ 0.5141351  -0.801169   -0.30534136]
 [ 0.46653745  0.36902004 -0.12107996]
 [-0.5048488   0.00379043 -0.8471763 ]]","[[ 0.5596973   0.6701395   0.48749575]
 [ 0.55480945 -0.7399939   0.38025716]
 [ 0.61556935  0.05763831 -0.78597224]]"
20200221-171954.227601,21,[0.20043328 0.00991542 0.00299254],"[[-0.51130897 -0.47210184  0.4177    ]
 [ 0.5146232  -0.8000639  -0.30741006]
 [ 0.46900988  0.3701038  -0.11699969]
 [-0.50374216  0.00643355 -0.8469574 ]]","[[ 0.56035393  0.66982675  0.48717102]
 [ 0.5557494  -0.74019676  0.37848553]
 [ 0.6141221   0.05865923 -0.787028  ]]"
20200221-171954.227601,22,[0.20876217 0.00995529 0.00299896],"[[-0.50995404 -0.47284567  0.4174886 ]
 [ 0.5148446  -0.7991616  -0.30938038]
 [ 0.47143805  0.3710434  -0.11338629]
 [-0.5026212   0.00917078 -0.8468355 ]]","[[ 0.56096184  0.66964847  0.48671615]
 [ 0.5565922  -0.7402991   0.3770438 ]
 [ 0.61280245  0.05939524 -0.78800064]]"
20200221-171954.227601,23,[0.21660504 0.00999503 0.00300403],"[[-0.5089281  -0.4733505   0.41709593]
 [ 0.5148214  -0.79846126 -0.31122077]
 [ 0.4738245   0.37182704 -0.11000764]
 [-0.50143945  0.01199973 -0.8468005 ]]","[[ 0.56149703  0.6695667   0.4862114 ]
 [ 0.55730975 -0.7403332   0.3759161 ]
 [ 0.61165935  0.05989463 -0.78885084]]"
20200221-171954.227601,24,[0.22472209 0.01003636 0.00301191],"[[-0.50758266 -0.47426066  0.41637504]
 [ 0.515205   -0.7973692  -0.31338474]
 [ 0.47579053  0.37291265 -0.10722715]
 [-0.5005467   0.01467623 -0.8467138 ]]","[[ 0.5619948   0.669208    0.4861302 ]
 [ 0.55802214 -0.74057746  0.37437448]
 [ 0.61055136  0.06087498 -0.7896336 ]]"
20200221-171954.227601,25,[0.23307952 0.01007777 0.00301907],"[[-0.5063407  -0.4750997   0.41542014]
 [ 0.5155807  -0.7963055  -0.31547385]
 [ 0.47773218  0.37400073 -0.10466474]
 [-0.49956784  0.01736422 -0.84672797]]","[[ 0.5624721   0.6688808   0.4860285 ]
 [ 0.5587012  -0.74079764  0.3729236 ]
 [ 0.6094903   0.06178558 -0.7903823 ]]"
20200221-171954.227601,26,[0.23982815 0.01012074 0.00302936],"[[-0.5050398  -0.47620586  0.41429335]
 [ 0.51605433 -0.7949882  -0.31801268]
 [ 0.47900796  0.37526044 -0.10278372]
 [-0.49917364  0.02003011 -0.84656054]]","[[ 0.5628175   0.66825527  0.48648897]
 [ 0.55921906 -0.7412502   0.37124413]
 [ 0.60869586  0.06311119 -0.7908896 ]]"
20200221-171954.227601,27,[0.24804042 0.01016351 0.00303773],"[[-0.5037922  -0.47717074  0.41297907]
 [ 0.51654845 -0.79377574 -0.3202452 ]
 [ 0.48060694  0.3764503  -0.10081922]
 [-0.49838597  0.02266484 -0.84659743]]","[[ 0.56322277  0.667793    0.48665467]
 [ 0.559811   -0.7415727   0.3697052 ]
 [ 0.6077763   0.06420822 -0.7915084 ]]"
20200221-171954.227601,28,[0.25608504 0.01020622 0.0030446 ],"[[-0.5027512  -0.47799075  0.41148955]
 [ 0.51694965 -0.79266375 -0.32235622]
 [ 0.4821878   0.37758043 -0.09898064]
 [-0.49749267  0.02534277 -0.8467383 ]]","[[ 0.5635968   0.6673895   0.48677498]
 [ 0.5603461  -0.7418517   0.36833185]
 [ 0.60693556  0.06517186 -0.79207444]]"
20200221-171954.227601,29,[0.2640397  0.01024966 0.00305272],"[[-0.50167567 -0.4788752   0.40989533]
 [ 0.5173739  -0.7914847  -0.32457796]
 [ 0.4836071   0.37874284 -0.09742299]
 [-0.4967592   0.02799994 -0.8468432 ]]","[[ 0.5639411   0.66692394  0.4870142 ]
 [ 0.56084555 -0.7421771   0.36691308]
 [ 0.606154    0.06622234 -0.7925855 ]]"
20200221-171954.227601,30,[0.2719825  0.01029356 0.00306087],"[[-0.5006136  -0.47976604  0.40822747]
 [ 0.51782    -0.7902831  -0.32680205]
 [ 0.48496827  0.37991902 -0.09595808]
 [-0.49603885  0.03064626 -0.8469609 ]]","[[ 0.5642632   0.66643655  0.48730823]
 [ 0.5613151  -0.74251854  0.36550182]
 [ 0.6054192   0.0672943  -0.7930568 ]]"
20200221-171954.227601,31,[0.27894175 0.0103376  0.00306903],"[[-0.49980447 -0.48050413  0.4064805 ]
 [ 0.51802725 -0.7892099  -0.32906595]
 [ 0.48615223  0.38098434 -0.09477166]
 [-0.49547878  0.03338626 -0.8470582 ]]","[[ 0.56453174  0.6659807   0.4876204 ]
 [ 0.5616937  -0.74283993  0.36426505]
 [ 0.60481745  0.06825418 -0.7934338 ]]"
20200221-171954.227601,32,[0.2849167  0.01038249 0.00307718],"[[-0.499057   -0.48131007  0.4046936 ]
 [ 0.51827097 -0.7880614  -0.33142778]
 [ 0.48707157  0.3820945  -0.09371921]
 [-0.49507442  0.03611428 -0.8471101 ]]","[[ 0.5647452   0.6654078   0.48815522]
 [ 0.5620019  -0.74325     0.362951  ]
 [ 0.6043318   0.06936937 -0.79370725]]"
20200221-171954.227601,33,[0.2913293  0.01042669 0.00308473],"[[-0.49847776 -0.48183957  0.40292048]
 [ 0.5182506  -0.78714323 -0.3336354 ]
 [ 0.48823225  0.38303986 -0.09262364]
 [-0.49453592  0.03894826 -0.8472094 ]]","[[ 0.56497526  0.66503656  0.4883949 ]
 [ 0.56230927 -0.74350995  0.3619415 ]
 [ 0.60383064  0.07014091 -0.7940208 ]]"
20200221-171954.227601,34,[0.29892892 0.01047163 0.00309179],"[[-0.4977122  -0.48252574  0.40092757]
 [ 0.5185393  -0.7860538  -0.33576098]
 [ 0.48944464  0.38412717 -0.09156059]
 [-0.4938054   0.04165232 -0.8474303 ]]","[[ 0.56523144  0.6646056   0.48868483]
 [ 0.5626711  -0.7438084   0.36076373]
 [ 0.6032535   0.07105384 -0.7943782 ]]"
20200221-171954.227601,35,[0.30606315 0.01051802 0.00310064],"[[-0.49677032 -0.48347807  0.39886203]
 [ 0.5190484  -0.78470945 -0.33812264]
 [ 0.49030945  0.38538453 -0.09076554]
 [-0.49336022  0.0442538  -0.8475512 ]]","[[ 0.5654499   0.66396224  0.489306  ]
 [ 0.56300265 -0.74426156  0.35930863]
 [ 0.6027391   0.07230958 -0.79465514]]"
20200221-171954.227601,36,[0.3116611  0.01056479 0.00310987],"[[-0.49605745 -0.48432127  0.39685524]
 [ 0.519316   -0.78346145 -0.34059897]
 [ 0.49093282  0.3865445  -0.09015202]
 [-0.49317613  0.04694968 -0.8475676 ]]","[[ 0.5656118   0.6633026   0.49001318]
 [ 0.56324327 -0.74473     0.3579584 ]
 [ 0.6023623   0.07353117 -0.7948288 ]]"
20200221-171954.227601,37,[0.31818298 0.01061036 0.00311584],"[[-0.49565333 -0.48474085  0.39483714]
 [ 0.51928836 -0.78258955 -0.34264404]
 [ 0.49204823  0.38743186 -0.08921956]
 [-0.4924997   0.04976432 -0.8477845 ]]","[[ 0.5658086   0.6629617   0.49024722]
 [ 0.5635006  -0.7449647   0.35706395]
 [ 0.6019366   0.07422476 -0.7950868 ]]"
20200221-171954.227601,38,[0.3249845  0.01065704 0.00312329],"[[-0.495033   -0.48538738  0.39269182]
 [ 0.5195099  -0.78148025 -0.3448415 ]
 [ 0.49297222  0.3885019  -0.08849564]
 [-0.4919655   0.05247661 -0.8479658 ]]","[[ 0.56599873  0.66246873  0.49069405]
 [ 0.5637685  -0.7453069   0.35592496]
 [ 0.6015068   0.07518478 -0.7953218 ]]"
20200221-171954.227601,39,[0.33274314 0.01070459 0.0031315 ],"[[-0.49420422 -0.48617914  0.39045057]
 [ 0.5199379  -0.78022635 -0.3470467 ]
 [ 0.4939211   0.3896694  -0.08782986]
 [-0.49139455  0.0550851  -0.8481701 ]]","[[ 0.5662037   0.6619189   0.49119917]
 [ 0.56407094 -0.74568534  0.35465074]
 [ 0.60103005  0.07626667 -0.79557914]]"
20200221-171954.227601,40,[0.33893594 0.01075271 0.00313902],"[[-0.49361396 -0.4869103   0.3882139 ]
 [ 0.52023137 -0.7790247  -0.3493067 ]
 [ 0.4946012   0.39077437 -0.08728968]
 [-0.49099308  0.05774025 -0.848325  ]]","[[ 0.56635684  0.6613205   0.4918282 ]
 [ 0.56429505 -0.74610186  0.35341623]
 [ 0.60067534  0.07737659 -0.7957398 ]]"
20200221-171954.227601,41,[0.34724241 0.01080138 0.00314708],"[[-0.49267557 -0.48779747  0.38584355]
 [ 0.520845   -0.77764714 -0.35147834]
 [ 0.49551064  0.3920304  -0.08667973]
 [-0.49036753  0.06025581 -0.8485719 ]]","[[ 0.566556    0.66071486  0.4924126 ]
 [ 0.5645979  -0.74651515  0.35205725]
 [ 0.600203    0.078555   -0.7959808 ]]"
20200221-171954.227601,42,[0.35388753 0.01085034 0.00315483],"[[-0.49202394 -0.48854017  0.38355765]
 [ 0.52119434 -0.77640504 -0.35371065]
 [ 0.4962137   0.39315483 -0.08616572]
 [-0.48993984  0.06287362 -0.84873307]]","[[ 0.56670696  0.66011274  0.49304605]
 [ 0.56482095 -0.7469295   0.35081866]
 [ 0.5998506   0.07967132 -0.79613554]]"
20200221-171954.227601,43,[0.35916993 0.01089977 0.00316289],"[[-0.4915657  -0.48920515  0.3813345 ]
 [ 0.5213515  -0.7752305  -0.35604936]
 [ 0.49669498  0.39420485 -0.0857962 ]
 [-0.48974466  0.06556158 -0.8487942 ]]","[[ 0.56682074  0.6594891   0.49374935]
 [ 0.56498486 -0.7473611   0.3496335 ]
 [ 0.5995885   0.08078139 -0.7962211 ]]"
20200221-171954.227601,44,[0.36444682 0.01094972 0.00317169],"[[-0.49106497 -0.4899023   0.3790961 ]
 [ 0.5215244  -0.7740107  -0.3584454 ]
 [ 0.49711302  0.395282   -0.08552279]
 [-0.48963884  0.06823029 -0.8488161 ]]","[[ 0.56693053  0.65884274  0.49448562]
 [ 0.5651449  -0.7478065   0.34842053]
 [ 0.59933394  0.08192581 -0.7962959 ]]"
20200221-171954.227601,45,[0.3696829  0.01099993 0.00318012],"[[-0.4906233  -0.49054325  0.3768454 ]
 [ 0.5216528  -0.77283204 -0.3607978 ]
 [ 0.49754447  0.39632156 -0.08525284]
 [-0.48950684  0.0709072  -0.84884906]]","[[ 0.5670373   0.65822506  0.49518532]
 [ 0.5652972  -0.74823     0.34726217]
 [ 0.5990892   0.08301626 -0.79636705]]"
20200221-171954.227601,46,[0.3754452  0.01105043 0.00318777],"[[-0.49016127 -0.49115384  0.37459216]
 [ 0.5218219  -0.77167284 -0.363033  ]
 [ 0.49811152  0.39733863 -0.08484156]
 [-0.48921284  0.07356223 -0.84893453]]","[[ 0.5671529   0.657644    0.49582455]
 [ 0.5654615  -0.74862504  0.3461417 ]
 [ 0.5988246   0.08405443 -0.7964572 ]]"
20200221-171954.227601,47,[0.38059378 0.01110139 0.00319522],"[[-0.48979232 -0.4917357   0.37234345]
 [ 0.5219369  -0.77053136 -0.36528763]
 [ 0.49856925  0.39833042 -0.08448755]
 [-0.48899293  0.07622809 -0.8489919 ]]","[[ 0.567252    0.65704656  0.49650282]
 [ 0.5656008  -0.7490311   0.34503347]
 [ 0.59859914  0.08510153 -0.7965154 ]]"
20200221-171954.227601,48,[0.3856394  0.01115198 0.00320071],"[[-0.48963118 -0.4921056   0.3701185 ]
 [ 0.5218943  -0.7695734  -0.36736077]
 [ 0.4991824   0.39919    -0.08396512]
 [-0.48857406  0.0789706  -0.8491219 ]]","[[ 0.5673511   0.6565736   0.497015  ]
 [ 0.5657258  -0.7493512   0.34413245]
 [ 0.59838706  0.0859303  -0.79658574]]"
20200221-171954.227601,49,[0.39180335 0.01120406 0.00320876],"[[-0.48906597 -0.49279672  0.36776742]
 [ 0.5222048  -0.76829404 -0.3696004 ]
 [ 0.49967164  0.4002846  -0.08366046]
 [-0.48830837  0.08153456 -0.84920174]]","[[ 0.5674628   0.6559393   0.49772474]
 [ 0.5658928  -0.7497764   0.34292987]
 [ 0.59812343  0.08705882 -0.7966613 ]]"
20200221-171954.227601,50,[0.3967234  0.01125577 0.00321522],"[[-0.48884094 -0.49322996  0.36552876]
 [ 0.5222067  -0.7672504  -0.37175885]
 [ 0.5001637   0.40119213 -0.08326192]
 [-0.4880278   0.08423573 -0.84926504]]","[[ 0.567552    0.6554105   0.4983189 ]
 [ 0.56600916 -0.75013185  0.34195912]
 [ 0.5979284   0.08797356 -0.79670715]]"
20200221-171954.227601,51,[0.4020434  0.0113089  0.00322255],"[[-0.48839697 -0.49389264  0.36321503]
 [ 0.5224751  -0.76598465 -0.37399068]
 [ 0.5005193   0.40224847 -0.08294645]
 [-0.48782042  0.08679605 -0.8493089 ]]","[[ 0.5676402   0.65474045  0.49909884]
 [ 0.5661425  -0.75057966  0.34075347]
 [ 0.5977186   0.08913564 -0.7967354 ]]"
20200221-171954.227601,52,[0.40734103 0.01136149 0.00322883],"[[-0.4881476  -0.4943246   0.36091408]
 [ 0.5225284  -0.76491755 -0.37609708]
 [ 0.5010298   0.40316486 -0.08257075]
 [-0.48748875  0.08945773 -0.8493963 ]]","[[ 0.5677317   0.6542163   0.49968183]
 [ 0.566264   -0.7509281   0.33978286]
 [ 0.5975166   0.09004625 -0.79678464]]"
20200221-171954.227601,53,[0.41460603 0.01141482 0.00323577],"[[-0.48757184 -0.49490225  0.35852966]
 [ 0.5228629  -0.763704   -0.37810868]
 [ 0.50175935  0.40418634 -0.08209022]
 [-0.48695526  0.0919842  -0.84955955]]","[[ 0.5678538   0.65367967  0.5002449 ]
 [ 0.56644046 -0.7512778   0.33871353]
 [ 0.5972331   0.09101918 -0.79688644]]"
20200221-171954.227601,54,[0.41778514 0.01146891 0.00324272],"[[-0.48752436 -0.49533513  0.3563541 ]
 [ 0.522744   -0.76264167 -0.38040316]
 [ 0.501878    0.4050423  -0.08191837]
 [-0.4870085   0.09466661 -0.8494673 ]]","[[ 0.56790113  0.653061    0.5009988 ]
 [ 0.5664994  -0.7516918   0.33769524]
 [ 0.59713227  0.09203798 -0.7968451 ]]"
20200221-171954.227601,55,[0.4230219  0.01152301 0.00324914],"[[-0.48724195 -0.4957932   0.35406363]
 [ 0.5228463  -0.76151836 -0.38250998]
 [ 0.5023239   0.405976   -0.08155666]
 [-0.48672152  0.09727455 -0.8495136 ]]","[[ 0.56798327  0.6525031   0.5016322 ]
 [ 0.56661177 -0.7520582   0.3366895 ]
 [ 0.59694755  0.09299666 -0.7968722 ]]"
20200221-171954.227601,56,[0.42950508 0.01157794 0.00325583],"[[-0.4867124  -0.49639493  0.35169214]
 [ 0.52320945 -0.7602387  -0.38456511]
 [ 0.5028606   0.4070329  -0.08111878]
 [-0.48630667  0.09976894 -0.84961295]]","[[ 0.56808084  0.6518925   0.5023152 ]
 [ 0.5667575  -0.75245446  0.33555678]
 [ 0.59671617  0.09406754 -0.7969197 ]]"
20200221-171954.227601,57,[0.43311593 0.01163334 0.0032625 ],"[[-0.48662683 -0.49682206  0.34948772]
 [ 0.5231521  -0.7591492  -0.38678414]
 [ 0.5030176   0.4078915  -0.08092079]
 [-0.48629192  0.10239344 -0.84953415]]","[[ 0.5681313   0.6512828   0.5030483 ]
 [ 0.5668232  -0.75285566  0.3345444 ]
 [ 0.59660584  0.09507421 -0.796883  ]]"
20200221-171954.227601,58,[0.43873206 0.01168909 0.00326919],"[[-0.48626554 -0.49732158  0.3472101 ]
 [ 0.5233273  -0.7579736  -0.38885418]
 [ 0.50346714  0.40882596 -0.08054281]
 [-0.4859992   0.10492286 -0.849559  ]]","[[ 0.56821287  0.65070647  0.5037015 ]
 [ 0.5669384  -0.75322825  0.3335086 ]
 [ 0.59641844  0.0960639  -0.7969045 ]]"
20200221-171954.227601,59,[0.44442517 0.01174494 0.00327515],"[[-0.48595914 -0.4977507   0.3449088 ]
 [ 0.52348137 -0.7568395  -0.39085707]
 [ 0.50396633  0.40974194 -0.08011597]
 [-0.48562273  0.10747259 -0.84961784]]","[[ 0.56829435  0.6501672   0.50430554]
 [ 0.5670505  -0.7535753   0.33253303]
 [ 0.5962343   0.09699007 -0.79693025]]"
20200221-171954.227601,60,[0.44853342 0.01180068 0.00328082],"[[-0.4859881  -0.4979612   0.34273896]
 [ 0.52327406 -0.75592005 -0.39290482]
 [ 0.50435746  0.41046906 -0.079771  ]
 [-0.48541084  0.11016041 -0.84958357]]","[[ 0.5683543   0.649707    0.50483084]
 [ 0.5671159  -0.7538739   0.33174354]
 [ 0.59611493  0.09774977 -0.7969267 ]]"
20200221-171954.227601,61,[0.45474362 0.01185765 0.00328707],"[[-0.48559928 -0.49842712  0.34042156]
 [ 0.5234979  -0.75474584 -0.39486852]
 [ 0.5048851   0.4113888  -0.07935315]
 [-0.48500958  0.11264141 -0.849644  ]]","[[ 0.56843907  0.6491617   0.5054365 ]
 [ 0.56723636 -0.7542208   0.33074757]
 [ 0.5959194   0.09869213 -0.7969567 ]]"
20200221-171954.227601,62,[0.46094176 0.01191535 0.00329364],"[[-0.48515645 -0.4989463   0.3381084 ]
 [ 0.5237782  -0.7535122  -0.39685923]
 [ 0.50536174  0.41234416 -0.07894923]
 [-0.48465377  0.11508596 -0.84967786]]","[[ 0.56851995  0.6485769   0.50609595]
 [ 0.5673551  -0.7545917   0.32969633]
 [ 0.5957292   0.09969721 -0.7969738 ]]"
20200221-171954.227601,63,[0.465504   0.01197293 0.00329973],"[[-0.4850305  -0.49927053  0.3359012 ]
 [ 0.5237475  -0.7524499  -0.39890927]
 [ 0.5056975   0.41316265 -0.07862529]
 [-0.48446256  0.11766233 -0.8496233 ]]","[[ 0.56857944  0.64804655  0.50670815]
 [ 0.56742984 -0.7549304   0.32879093]
 [ 0.5956012   0.10057753 -0.7969588 ]]"
20200221-171954.227601,64,[0.470819   0.01203083 0.00330547],"[[-0.48484245 -0.49958625  0.33365217]
 [ 0.5237845  -0.75138545 -0.40086645]
 [ 0.50615674  0.41398424 -0.07822419]
 [-0.48413122  0.12021026 -0.84962523]]","[[ 0.5686479   0.64754397  0.50727344]
 [ 0.5675186  -0.7552484   0.32790637]
 [ 0.59545124  0.10142388 -0.7969637 ]]"
20200221-171954.227601,65,[0.4745864  0.01208931 0.00331109],"[[-0.48484513 -0.49984828  0.3315173 ]
 [ 0.52365834 -0.7503758  -0.40291324]
 [ 0.5064077   0.4147386  -0.0778973 ]
 [-0.48400244  0.12279944 -0.8495229 ]]","[[ 0.5686944   0.64701957  0.5078902 ]
 [ 0.567572   -0.7555827   0.32704264]
 [ 0.5953561   0.10227694 -0.7969257 ]]"
20200221-171954.227601,66,[0.47896558 0.01214887 0.0033177 ],"[[-0.48466432 -0.50025374  0.32934168]
 [ 0.52369416 -0.7492289  -0.404997  ]
 [ 0.50661856  0.41557902 -0.07763573]
 [-0.48392433  0.12528484 -0.8494022 ]]","[[ 0.568745    0.6464275   0.5085868 ]
 [ 0.5676414  -0.75595665  0.3260564 ]
 [ 0.5952414   0.10325196 -0.7968856 ]]"
20200221-171954.227601,67,[0.48253912 0.01220853 0.00332354],"[[-0.48465067 -0.5005468   0.3272205 ]
 [ 0.5235948  -0.74817246 -0.40706876]
 [ 0.5067846   0.41635388 -0.07735881]
 [-0.4838712   0.12782921 -0.84925693]]","[[ 0.5687864   0.6458714   0.50924677]
 [ 0.5676901  -0.7563086   0.3251541 ]
 [ 0.5951554   0.10415112 -0.79683274]]"
20200221-171954.227601,68,[0.48616424 0.01226856 0.00332952],"[[-0.48462856 -0.50082135  0.32513568]
 [ 0.52347726 -0.7471268  -0.40913144]
 [ 0.50697947  0.41711277 -0.07705504]
 [-0.48381716  0.13037148 -0.8490942 ]]","[[ 0.56882805  0.6453301   0.50988585]
 [ 0.5677386  -0.75664985  0.32427487]
 [ 0.59506935  0.10502528 -0.7967825 ]]"
20200221-171954.227601,69,[0.49125323 0.01232992 0.00333634],"[[-0.48427612 -0.50132227  0.32293025]
 [ 0.52369636 -0.7458581  -0.41116706]
 [ 0.50720537  0.41803452 -0.07676058]
 [-0.48369572  0.13273782 -0.848979  ]]","[[ 0.56888336  0.64469814  0.51062334]
 [ 0.56782264 -0.7570421   0.3232104 ]
 [ 0.5949365   0.10607447 -0.79674286]]"
20200221-171954.227601,70,[0.4947439  0.01239124 0.00334229],"[[-0.48421463 -0.50165266  0.32086244]
 [ 0.5236507  -0.744745   -0.41323358]
 [ 0.507322    0.41882756 -0.07645743]
 [-0.48368418  0.13521609 -0.84878707]]","[[ 0.56891996  0.6441114   0.51132244]
 [ 0.5678685  -0.75740856  0.32226977]
 [ 0.5948575   0.1070182  -0.7966754 ]]"
20200221-171954.227601,71,[0.4997244  0.01245312 0.00334775],"[[-0.48396784 -0.5020481   0.31867665]
 [ 0.52382594 -0.7435523  -0.4151578 ]
 [ 0.5076086   0.41969368 -0.0760434 ]
 [-0.48344043  0.13760391 -0.8487086 ]]","[[ 0.56897295  0.6435278   0.5119978 ]
 [ 0.5679442  -0.7577678   0.32128987]
 [ 0.59473443  0.10798097 -0.79663724]]"
20200221-171954.227601,72,[0.50710386 0.01251558 0.00335384],"[[-0.4833844  -0.5025456   0.3163692 ]
 [ 0.52426356 -0.74225986 -0.4169316 ]
 [ 0.5082016   0.42063418 -0.07550994]
 [-0.4829269   0.13987598 -0.8487501 ]]","[[ 0.5690531   0.6429682   0.51261127]
 [ 0.56806636 -0.7581051   0.3202768 ]
 [ 0.5945411   0.10894278 -0.7966507 ]]"
20200221-171954.227601,73,[0.50873667 0.0125779  0.00335877],"[[-0.48368487 -0.5026672   0.31445348]
 [ 0.52389586 -0.7413436  -0.4190048 ]
 [ 0.5081739   0.4212413  -0.07525384]
 [-0.48305365  0.142447   -0.8484637 ]]","[[ 0.56906915  0.642446    0.5132479 ]
 [ 0.56807005 -0.75843185  0.31949556]
 [ 0.5945222   0.10974572 -0.7965546 ]]"
20200221-171954.227601,74,[0.51188564 0.01264106 0.00336442],"[[-0.48371172 -0.5029271   0.31241816]
 [ 0.52378136 -0.74027306 -0.42103103]
 [ 0.5082453   0.4219762  -0.07499202]
 [-0.48307663  0.1449004  -0.84823567]]","[[ 0.56910014  0.6418864   0.51391315]
 [ 0.5681055  -0.7587765   0.318613  ]
 [ 0.59445864  0.11063427 -0.79647917]]"
20200221-171954.227601,75,[0.51585275 0.01270481 0.0033702 ],"[[-0.4836384  -0.5032153   0.31036085]
 [ 0.5237435  -0.7391847  -0.4229861 ]
 [ 0.5084251   0.4227092  -0.07468022]
 [-0.48300207  0.14730144 -0.8480461 ]]","[[ 0.5691402   0.6413432   0.5145469 ]
 [ 0.568156   -0.75910795  0.3177325 ]
 [ 0.5943722   0.11150852 -0.79642177]]"
20200221-171954.227601,76,[0.5198435  0.01276967 0.00337635],"[[-0.4834363  -0.5036379   0.30832   ]
 [ 0.52385813 -0.7379581  -0.42498133]
 [ 0.50849944  0.42353797 -0.07436622]
 [-0.48300114  0.14960696 -0.84782046]]","[[ 0.5691762   0.6407133   0.51529133]
 [ 0.56820995 -0.7594901   0.31672138]
 [ 0.59428626  0.11252332 -0.79634315]]"
20200221-171954.227601,77,[0.52540374 0.01283413 0.00338155],"[[-0.4831795  -0.5039362   0.306176  ]
 [ 0.5240104  -0.73682135 -0.42676857]
 [ 0.5089187   0.4243281  -0.0738725 ]
 [-0.4826515   0.15194817 -0.84774256]]","[[ 0.56923234  0.64019966  0.51586705]
 [ 0.56828713 -0.759797    0.3158456 ]
 [ 0.59415853  0.11337113 -0.79631823]]"
20200221-171954.227601,78,[0.53089625 0.01289977 0.00338777],"[[-0.48281533 -0.5043575   0.30406484]
 [ 0.52424574 -0.73557544 -0.42863277]
 [ 0.5092119   0.42517596 -0.07346275]
 [-0.48245087  0.15420014 -0.8475976 ]]","[[ 0.5692844   0.63961893  0.5165298 ]
 [ 0.56836474 -0.760143    0.3148718 ]
 [ 0.5940345   0.11432569 -0.79627424]]"
20200221-171954.227601,79,[0.53539157 0.01296535 0.00339348],"[[-0.48266846 -0.50463223  0.30203292]
 [ 0.5242707  -0.73445463 -0.43052128]
 [ 0.50944996  0.4259287  -0.07307136]
 [-0.48231918  0.15654877 -0.84740084]]","[[ 0.5693268   0.6390864   0.5171418 ]
 [ 0.56842005 -0.7604613   0.31400213]
 [ 0.59394073  0.11518393 -0.79622054]]"
20200221-171954.227601,80,[0.54006916 0.01303223 0.00339886],"[[-0.48240325 -0.50504136  0.2999737 ]
 [ 0.5244841  -0.73321795 -0.43236986]
 [ 0.50962347  0.4267511  -0.07265782]
 [-0.4821701   0.15877132 -0.8472269 ]]","[[ 0.5693668   0.6384792   0.5178474 ]
 [ 0.56848186 -0.7608218   0.3130153 ]
 [ 0.5938434   0.11616632 -0.79615045]]"
20200221-171954.227601,81,[0.5438456  0.01309939 0.00340429],"[[-0.48228437 -0.50536555  0.29801384]
 [ 0.52452874 -0.73206484 -0.43426406]
 [ 0.50972736  0.42749298 -0.07228127]
 [-0.48213002  0.16104719 -0.8469814 ]]","[[ 0.5693987   0.6379014   0.5185239 ]
 [ 0.568526   -0.7611654   0.31209847]
 [ 0.59377044  0.11708587 -0.7960701 ]]"
20200221-171954.227601,82,[0.5473996  0.01316638 0.00340938],"[[-0.48229757 -0.5055528   0.2960808 ]
 [ 0.5244248  -0.7310217  -0.43614003]
 [ 0.5098849   0.4281604  -0.07188901]
 [-0.4820632   0.16340917 -0.84672886]]","[[ 0.56943035  0.6373856   0.51912296]
 [ 0.56856173 -0.76147187  0.31128445]
 [ 0.5937059   0.11789866 -0.7959982 ]]"
20200221-171954.227601,83,[0.5527918  0.0132344  0.00341448],"[[-0.48197535 -0.5059118   0.29401404]
 [ 0.524677   -0.7297966  -0.43789077]
 [ 0.5101922   0.4289777  -0.07137686]
 [-0.48178607  0.16561401 -0.8465889 ]]","[[ 0.569477    0.6368231   0.51976186]
 [ 0.5686311  -0.7618003   0.31035307]
 [ 0.59359473  0.11881384 -0.79594517]]"
20200221-171954.227601,84,[0.55729747 0.01330307 0.0034197 ],"[[-0.48178148 -0.5062358   0.2920104 ]
 [ 0.52480334 -0.72862476 -0.4396905 ]
 [ 0.5103773   0.42972693 -0.07096974]
 [-0.4816465   0.16782671 -0.84638345]]","[[ 0.56951433  0.63626397  0.5204051 ]
 [ 0.56868476 -0.76212704  0.3094511 ]
 [ 0.5935075   0.11970963 -0.7958758 ]]"
20200221-171954.227601,85,[0.5589563  0.01337256 0.00342508],"[[-0.4819154  -0.50649655  0.29022142]
 [ 0.52463293 -0.7275263  -0.44169948]
 [ 0.5101724   0.43038592 -0.07074972]
 [-0.48191553  0.17010294 -0.8459715 ]]","[[ 0.5695232   0.6356604   0.52113265]
 [ 0.5686931  -0.7624847   0.30855367]
 [ 0.593491    0.12063602 -0.79574835]]"
20200221-171954.227601,86,[0.562418   0.01344204 0.00343005],"[[-0.48186716 -0.5067414   0.2883335 ]
 [ 0.52462023 -0.7264088  -0.4435469 ]
 [ 0.51025176  0.43108854 -0.0703515 ]
 [-0.48189312  0.17235541 -0.84568363]]","[[ 0.5695508   0.6351129   0.5217697 ]
 [ 0.5687281  -0.7628045   0.30769768]
 [ 0.593431    0.12149561 -0.79566246]]"
20200221-171954.227601,87,[0.5649359 0.0135115 0.0034344],"[[-0.4820442  -0.50683504  0.28652897]
 [ 0.52438706 -0.72544414 -0.44538975]
 [ 0.5103157   0.43166    -0.06996553]
 [-0.4819019   0.17469603 -0.84536016]]","[[ 0.56957185  0.6346321   0.52233136]
 [ 0.5687436  -0.7630867   0.30696803]
 [ 0.5933959   0.12223221 -0.79557556]]"
20200221-171954.227601,88,[0.56924444 0.01358206 0.00343928],"[[-0.48190162 -0.5070904   0.28464034]
 [ 0.52444786 -0.72432774 -0.44713295]
 [ 0.5105234   0.4323422  -0.06948819]
 [-0.48175797  0.17688632 -0.84511733]]","[[ 0.56960696  0.6341125   0.52292377]
 [ 0.5687907  -0.76338595  0.30613527]
 [ 0.5933169   0.12305743 -0.79550725]]"
20200221-171954.227601,89,[0.572534   0.01365297 0.00344396],"[[-0.48191205 -0.5072814   0.2828004 ]
 [ 0.5243834  -0.7232525  -0.44894186]
 [ 0.51059765  0.4329971  -0.06908637]
 [-0.48173964  0.17912303 -0.84480894]]","[[ 0.56963223  0.6335932   0.5235254 ]
 [ 0.5688202  -0.76368654  0.3053304 ]
 [ 0.5932645   0.1238658  -0.795421  ]]"
20200221-171954.227601,90,[0.57483065 0.01372446 0.00344874],"[[-0.4820407  -0.507443    0.2810317 ]
 [ 0.5242054  -0.72220844 -0.4508187 ]
 [ 0.5105412   0.4336113  -0.06876622]
 [-0.48186392  0.18137722 -0.84442586]]","[[ 0.5696487   0.6330673   0.52414334]
 [ 0.5688342  -0.76399165  0.3045397 ]
 [ 0.59323525  0.12466998 -0.7953171 ]]"
20200221-171954.227601,91,[0.57802457 0.01379643 0.00345359],"[[-0.48205456 -0.5076231   0.27923468]
 [ 0.52411824 -0.7211372  -0.4526271 ]
 [ 0.5106034   0.43425003 -0.06837256]
 [-0.48187926  0.18359435 -0.8440864 ]]","[[ 0.5696729   0.6325552   0.524735  ]
 [ 0.5688615  -0.76428586  0.30374944]
 [ 0.5931858   0.12546371 -0.7952292 ]]"
20200221-171954.227601,92,[0.58124983 0.01386889 0.00345791],"[[-0.4820776  -0.50778484  0.27745727]
 [ 0.52404517 -0.72008425 -0.454381  ]
 [ 0.5107008   0.43487084 -0.06791218]
 [-0.4818329   0.18579884 -0.8437674 ]]","[[ 0.56969696  0.6320531   0.52531356]
 [ 0.5688887  -0.7645732   0.30297455]
 [ 0.59313667  0.12624127 -0.7951429 ]]"
20200221-171954.227601,93,[0.5872838  0.01394252 0.00346306],"[[-0.4816255  -0.5081616   0.27552572]
 [ 0.5243961  -0.71882176 -0.45598167]
 [ 0.5110479   0.43565455 -0.06731256]
 [-0.48153457  0.18780914 -0.8435847 ]]","[[ 0.56974304  0.63150984  0.5259165 ]
 [ 0.56896186 -0.7648758   0.30207175]
 [ 0.5930221   0.12712313 -0.79508764]]"
20200221-171954.227601,94,[0.58946943 0.01401653 0.00346771],"[[-0.48173046 -0.5083457   0.27384615]
 [ 0.52424747 -0.71776885 -0.4578005 ]
 [ 0.5109719   0.43623862 -0.06695662]
 [-0.48167214  0.18996936 -0.8431747 ]]","[[ 0.569757    0.63097847  0.5265388 ]
 [ 0.5689751  -0.7651793   0.30127716]
 [ 0.59299606  0.12793276 -0.7949773 ]]"
20200221-171954.227601,95,[0.5925778  0.01409047 0.00347176],"[[-0.4818052  -0.5084567   0.27209657]
 [ 0.52412903 -0.71675736 -0.45951337]
 [ 0.5110733   0.43681332 -0.06650432]
 [-0.48161897  0.19215891 -0.8428455 ]]","[[ 0.56978     0.6305068   0.52707875]
 [ 0.5689982  -0.76544666  0.30055374]
 [ 0.5929518   0.12865736 -0.7948934 ]]"
20200221-171954.227601,96,[0.59468126 0.01416608 0.00347691],"[[-0.4818363  -0.50872487  0.27044564]
 [ 0.52405304 -0.715613   -0.46137244]
 [ 0.5108882   0.43745834 -0.06620334]
 [-0.4818663   0.19423482 -0.8423847 ]]","[[ 0.5697901   0.6299237   0.52776456]
 [ 0.56901217 -0.7657766   0.2996854 ]
 [ 0.5929285   0.12954675 -0.7947662 ]]"
20200221-171954.227601,97,[0.5977306  0.01424146 0.00348147],"[[-0.48183405 -0.508899    0.26875973]
 [ 0.523989   -0.71453255 -0.4631115 ]
 [ 0.5109287   0.43807447 -0.06575346]
 [-0.48189533  0.1963548  -0.84200495]]","[[ 0.5698107   0.6294171   0.5283464 ]
 [ 0.5690362  -0.76606095  0.2989119 ]
 [ 0.5928859   0.13032496 -0.79467076]]"
20200221-171954.227601,98,[0.60170066 0.01431794 0.00348635],"[[-0.48165867 -0.50918317  0.2670138 ]
 [ 0.52409834 -0.71335906 -0.46479502]
 [ 0.51100445  0.43875125 -0.06529867]
 [-0.48187143  0.19836433 -0.8416681 ]]","[[ 0.5698369   0.62887853  0.5289593 ]
 [ 0.56907564 -0.7663598   0.2980701 ]
 [ 0.592823    0.13116646 -0.79457945]]"
20200221-171954.227601,99,[0.60663927 0.01439505 0.00349107],"[[-0.481339   -0.5095094   0.26522648]
 [ 0.5243498  -0.7121386  -0.46638563]
 [ 0.51120055  0.43946856 -0.06474119]
 [-0.48170954  0.20031476 -0.84139645]]","[[ 0.56987035  0.62833995  0.5295628 ]
 [ 0.5691289  -0.76665485  0.29720795]
 [ 0.59273946  0.13201943 -0.7945003 ]]"
20200221-171954.227601,100,[0.6086155  0.0144728  0.00349577],"[[-0.4813974  -0.50973463  0.2636614 ]
 [ 0.52425176 -0.7110307  -0.46817476]
 [ 0.5110394   0.4400684  -0.06437353]
 [-0.48192862  0.20234968 -0.8409227 ]]","[[ 0.5698792   0.6277851   0.53021085]
 [ 0.56914    -0.7669643   0.29638714]
 [ 0.5927202   0.13285945 -0.7943746 ]]"
20200221-171954.227601,101,[0.6105133  0.01455008 0.00349948],"[[-0.48162675 -0.5097739   0.26208487]
 [ 0.5239895  -0.71008235 -0.46989477]
 [ 0.5110052   0.44056016 -0.06396364]
 [-0.48202115  0.20450062 -0.8404874 ]]","[[ 0.56989145  0.62733364  0.530732  ]
 [ 0.5691442  -0.767217    0.2957247 ]
 [ 0.5927046   0.13353209 -0.7942736 ]]"
20200221-171954.227601,102,[0.6163046  0.01462818 0.00350368],"[[-0.48128998 -0.5099994   0.2602711 ]
 [ 0.5242408  -0.70892704 -0.47136354]
 [ 0.5113897   0.4412379  -0.06329544]
 [-0.48167622  0.20647414 -0.8402791 ]]","[[ 0.56993306  0.6268697   0.5312352 ]
 [ 0.56920457 -0.76746655  0.29495975]
 [ 0.59260654  0.13427418 -0.7942216 ]]"
20200221-171954.227601,103,[0.6211511  0.01470661 0.00350776],"[[-0.4811129  -0.5101491   0.2585219 ]
 [ 0.5243369  -0.70785    -0.47287625]
 [ 0.51168954  0.44184482 -0.06270078]
 [-0.48143026  0.20849279 -0.8400139 ]]","[[ 0.56996757  0.6264302   0.53171635]
 [ 0.56924963 -0.76770425  0.29425338]
 [ 0.59253013  0.13496442 -0.7941616 ]]"
20200221-171954.227601,104,[0.623949   0.01478691 0.0035121 ],"[[-0.48103917 -0.5104279   0.2569154 ]
 [ 0.5243977  -0.7066805  -0.474552  ]
 [ 0.5115837   0.44248593 -0.06228754]
 [-0.48154992  0.21040957 -0.8395924 ]]","[[ 0.56998116  0.6258712   0.53235966]
 [ 0.56927246 -0.76800954  0.29341143]
 [ 0.592495    0.1358187  -0.79404217]]"
20200221-171954.227601,105,[0.6266423  0.01486638 0.00351579],"[[-0.48117912 -0.5104616   0.25533164]
 [ 0.5242085  -0.7057254  -0.47617307]
 [ 0.51165646  0.44297287 -0.06181758]
 [-0.48153895  0.21249834 -0.8391919 ]]","[[ 0.5699996   0.6254462   0.5328391 ]
 [ 0.5692864  -0.76824236  0.29277384]
 [ 0.5924639   0.13645709 -0.7939558 ]]"
20200221-171954.227601,106,[0.6294357  0.01494705 0.00351993],"[[-0.48121482 -0.5106009   0.25377095]
 [ 0.52411973 -0.7046861  -0.47780275]
 [ 0.5116609   0.44350883 -0.0613767 ]
 [-0.4815951   0.21448526 -0.8387717 ]]","[[ 0.57001597  0.62497455  0.53337485]
 [ 0.5693049  -0.76849896  0.2920637 ]
 [ 0.59243035  0.1371719  -0.79385763]]"
20200221-171954.227601,107,[0.6321479  0.01502909 0.00352409],"[[-0.48114866 -0.5108663   0.25221515]
 [ 0.52417624 -0.70352674 -0.47944283]
 [ 0.5115482   0.44413242 -0.06094815]
 [-0.48172018  0.21636146 -0.838336  ]]","[[ 0.5700284   0.62442756  0.53400177]
 [ 0.56932616 -0.7687946   0.2912433 ]
 [ 0.592398    0.13800418 -0.7937377 ]]"
20200221-171954.227601,108,[0.63379383 0.01511058 0.00352765],"[[-0.48137578 -0.51090056  0.25072795]
 [ 0.5239255  -0.70257455 -0.4811001 ]
 [ 0.5114722   0.44459894 -0.06054183]
 [-0.48184592  0.21840686 -0.837862  ]]","[[ 0.5700378   0.62398505  0.5345086 ]
 [ 0.56932795 -0.7690363   0.290601  ]
 [ 0.5923872   0.13865723 -0.7936319 ]]"
20200221-171954.227601,109,[0.63632774 0.01519348 0.00353169],"[[-0.48138335 -0.511095    0.24922532]
 [ 0.52389014 -0.70148206 -0.48272473]
 [ 0.51138234  0.44516292 -0.06011   ]
 [-0.48197204  0.22030634 -0.837407  ]]","[[ 0.5700499   0.6234761   0.5350897 ]
 [ 0.5693447  -0.76931024  0.28984225]
 [ 0.59235954  0.13942589 -0.7935179 ]]"
20200221-171954.227601,110,[0.6359984  0.01527685 0.00353545],"[[-0.4817727  -0.511168    0.24793552]
 [ 0.52350014 -0.700526   -0.48451513]
 [ 0.5109994   0.44559437 -0.05984128]
 [-0.4824132   0.22229852 -0.8367748 ]]","[[ 0.5700419   0.6229797   0.535676  ]
 [ 0.56932336 -0.7695826   0.28916013]
 [ 0.5923878   0.14013937 -0.7933712 ]]"
20200221-171954.227601,111,[0.6375979  0.01536086 0.00353931],"[[-0.4818905  -0.51131845  0.24653299]
 [ 0.5233569  -0.6994822  -0.48616537]
 [ 0.51083183  0.4461069  -0.05943822]
 [-0.4826281   0.22420211 -0.8362605 ]]","[[ 0.5700477   0.6224863   0.5362427 ]
 [ 0.5693285  -0.76984787  0.28844282]
 [ 0.5923771   0.14087215 -0.79324913]]"
20200221-171954.227601,112,[0.6423333  0.01544567 0.00354323],"[[-0.48156446 -0.51160246  0.24494939]
 [ 0.5236272  -0.6982933  -0.48758602]
 [ 0.51101685  0.4467522  -0.05878843]
 [-0.48246494  0.22596887 -0.8359448 ]]","[[ 0.57007563  0.62199265  0.53678584]
 [ 0.5693754  -0.77010554  0.2876621 ]
 [ 0.5923054   0.14164355 -0.79316556]]"
20200221-171954.227601,113,[0.6438685  0.01553113 0.00354722],"[[-0.48166567 -0.51177686  0.24357496]
 [ 0.5235015  -0.6972243  -0.48923808]
 [ 0.51080215  0.44727823 -0.05840913]
 [-0.4827275   0.22782615 -0.8354074 ]]","[[ 0.5700798   0.6214867   0.5373669 ]
 [ 0.56937957 -0.77037555  0.28692928]
 [ 0.592297    0.14239325 -0.7930374 ]]"
20200221-171954.227601,114,[0.643244   0.01561681 0.00355105],"[[-0.48209792 -0.51181924  0.24235615]
 [ 0.52305424 -0.6962926  -0.49102083]
 [ 0.5103832   0.44768023 -0.05817666]
 [-0.4832237   0.22978294 -0.834732  ]]","[[ 0.5700701   0.6210106   0.5379276 ]
 [ 0.5693548  -0.77063423  0.28628358]
 [ 0.5923306   0.1430699  -0.7928908 ]]"
20200221-171954.227601,115,[0.64687246 0.01570278 0.00355389],"[[-0.48202476 -0.5119438   0.24084601]
 [ 0.5231195  -0.6952425  -0.49243507]
 [ 0.51051664  0.4482174  -0.05754922]
 [-0.4830848   0.23163033 -0.83437943]]","[[ 0.570091    0.62057334  0.5384097 ]
 [ 0.5693824  -0.7708625   0.28561306]
 [ 0.59228367  0.14373566 -0.7928053 ]]"
20200221-171954.227601,116,[0.6483136  0.01578926 0.00355684],"[[-0.48224026 -0.5119817   0.2395143 ]
 [ 0.5229024  -0.69428384 -0.49400312]
 [ 0.5103992   0.44866726 -0.05707342]
 [-0.48322874  0.23354349 -0.8338684 ]]","[[ 0.57009685  0.6201391   0.5389037 ]
 [ 0.5693814  -0.7710935   0.28499082]
 [ 0.592279    0.14436944 -0.79269356]]"
