Timestamp,Epoch,s,u,v
20200222-061650.071821,0,[1.6022491  1.2704173  0.08805674],"[[ 0.82679325 -0.42631888  0.33061114]
 [-0.19986834 -0.8105371  -0.33485803]
 [-0.4808473  -0.26116097  0.83448845]
 [-0.21272288 -0.3050841  -0.28669724]]","[[-0.32683778  0.8715474   0.3654885 ]
 [ 0.8406385   0.44481665 -0.30897382]
 [ 0.43186077 -0.20625941  0.8780394 ]]"
20200222-061650.071821,1,[1.603213   1.2704057  0.08922127],"[[ 0.8272021  -0.42309338  0.32400256]
 [-0.1946242  -0.811302   -0.31293577]
 [-0.48130307 -0.2621058   0.8301401 ]
 [-0.21495456 -0.3067271  -0.3285736 ]]","[[-0.3325027   0.86970556  0.36476594]
 [ 0.83916044  0.4493451  -0.3064289 ]
 [ 0.43040872 -0.20420869  0.879231  ]]"
20200222-061650.071821,2,[1.6006533  1.2694453  0.09057087],"[[ 0.83030975 -0.414366    0.3169867 ]
 [-0.18328466 -0.8128265  -0.29225123]
 [-0.48032674 -0.26720127  0.82405627]
 [-0.21512537 -0.31018966 -0.3674779 ]]","[[-0.34486738  0.86414045  0.36650765]
 [ 0.8350153   0.4607845  -0.30071136]
 [ 0.42873788 -0.20233388  0.8804799 ]]"
20200222-061650.071821,3,[1.602429   1.2687441  0.09188502],"[[ 0.8323458  -0.40802184  0.30865815]
 [-0.17478348 -0.81384236 -0.2703925 ]
 [-0.47965428 -0.27068317  0.81670743]
 [-0.21583147 -0.312905   -0.40571836]]","[[-0.35279098  0.8603367   0.36791223]
 [ 0.83194256  0.46836773 -0.29749528]
 [ 0.42826426 -0.20112814  0.88098663]]"
20200222-061650.071821,4,[1.5996196  1.2684246  0.09363857],"[[ 0.8332771  -0.40306953  0.30018437]
 [-0.16727789 -0.81462336 -0.24823211]
 [-0.47997567 -0.2730252   0.8079652 ]
 [-0.21746357 -0.31524712 -0.44211125]]","[[-0.3621251   0.8566053   0.3675494 ]
 [ 0.8293794   0.47606978 -0.29238197]
 [ 0.4254352  -0.19895905  0.8828478 ]]"
20200222-061650.071821,5,[1.6002433  1.2674751  0.09545224],"[[ 0.835808   -0.39550415  0.29094186]
 [-0.15748358 -0.8156203  -0.22711705]
 [-0.47883335 -0.27742854  0.79857916]
 [-0.21758309 -0.31839207 -0.47543916]]","[[-0.3713615   0.8516994   0.36972782]
 [ 0.8255444   0.48512208 -0.28832763]
 [ 0.4249316  -0.19815297  0.8832716 ]]"
20200222-061650.071821,6,[1.5988535  1.2665421  0.09757892],"[[ 0.8378288  -0.38836816  0.28186738]
 [-0.14797722 -0.816571   -0.20658389]
 [-0.47813544 -0.2812912   0.78856856]
 [-0.21801738 -0.3213364  -0.5059972 ]]","[[-0.3817807   0.84666836  0.37066978]
 [ 0.8217118   0.4945316  -0.2832455 ]
 [ 0.42312297 -0.19644605  0.88452005]]"
20200222-061650.071821,7,[1.6023165  1.2658887  0.09981889],"[[ 0.83929783 -0.38296786  0.27170232]
 [-0.14077577 -0.8172539  -0.18537743]
 [-0.47736898 -0.28390712  0.77783775]
 [-0.21881494 -0.32377216 -0.53552014]]","[[-0.3878204   0.84342784  0.3717861 ]
 [ 0.8188563   0.5004429  -0.28112498]
 [ 0.4231663  -0.19541343  0.8847283 ]]"
20200222-061650.071821,8,[1.6033179  1.265453   0.10178426],"[[ 0.83953714 -0.37951052  0.2618491 ]
 [-0.13515015 -0.8176599  -0.1648369 ]
 [-0.4778526  -0.28537035  0.7663297 ]
 [-0.22038443 -0.32552764 -0.56303   ]]","[[-0.39392862  0.8407888   0.37134144]
 [ 0.81684935  0.50547117 -0.27794954]
 [ 0.4213993  -0.19383766  0.88591737]]"
20200222-061650.071821,9,[1.6043663  1.2647135  0.10420042],"[[ 0.8409326  -0.37364125  0.251637  ]
 [-0.1271069  -0.8182429  -0.14482869]
 [-0.47731295 -0.28845298  0.75446385]
 [-0.22101556 -0.328124   -0.58863205]]","[[-0.40200493  0.8365831   0.37218353]
 [ 0.81351113  0.5128798  -0.274142  ]
 [ 0.42022797 -0.19256899  0.88675   ]]"
20200222-061650.071821,10,[1.6044981  1.2640649  0.10660917],"[[ 0.8419343  -0.36838725  0.24176924]
 [-0.11962772 -0.81872463 -0.1259566 ]
 [-0.47712153 -0.29116973  0.7425865 ]
 [-0.22179061 -0.3304566  -0.6117584 ]]","[[-0.4099603   0.8325293   0.3725961 ]
 [ 0.8103927   0.51992875 -0.27006996]
 [ 0.41856453 -0.19123127  0.8878257 ]]"
20200222-061650.071821,11,[1.6058887 1.2626    0.1088573],"[[ 0.84434366 -0.36008874  0.23174924]
 [-0.10903138 -0.8192922  -0.10808231]
 [-0.4757348  -0.29628628  0.73039687]
 [-0.22107051 -0.3336326  -0.633349  ]]","[[-0.41997907  0.8264284   0.37501135]
 [ 0.8055693   0.52977526 -0.26532292]
 [ 0.41794214 -0.19066757  0.8882399 ]]"
20200222-061650.071821,12,[1.6056103  1.2611474  0.11149567],"[[ 0.8462448  -0.35251606  0.22212954]
 [-0.09909747 -0.8197149  -0.09110726]
 [-0.47468942 -0.30078003  0.71853286]
 [-0.2207243  -0.3366469  -0.65273905]]","[[-0.43022737  0.8203186   0.37680447]
 [ 0.80096877  0.5394081  -0.25978395]
 [ 0.41635704 -0.19004244  0.8891178 ]]"
20200222-061650.071821,13,[1.6094861  1.2600396  0.11421744],"[[ 0.8474104  -0.3472982   0.21164621]
 [-0.09201703 -0.8198977  -0.07348745]
 [-0.47384858 -0.30366853  0.70619357]
 [-0.22112475 -0.33902383 -0.67163676]]","[[-0.43564057  0.8165668   0.37872928]
 [ 0.79794574  0.5450466  -0.2573067 ]
 [ 0.4165333  -0.19011216  0.8890204 ]]"
20200222-061650.071821,14,[1.6102009  1.2595124  0.11727139],"[[ 0.8475499  -0.3436541   0.20186783]
 [-0.08630491 -0.82009023 -0.05664399]
 [-0.47407755 -0.30514282  0.6942192 ]
 [-0.22239792 -0.34094205 -0.6885498 ]]","[[-0.44194287  0.8133908   0.37826157]
 [ 0.79545677  0.5502653  -0.2538834 ]
 [ 0.41465062 -0.1886887   0.8902032 ]]"
20200222-061650.071821,15,[1.6131148 1.2588149 0.1200629],"[[ 0.84775853 -0.34013423  0.19218023]
 [-0.08089195 -0.8202491  -0.04065616]
 [-0.47415602 -0.306687    0.6823843 ]
 [-0.22346827 -0.34270018 -0.7041062 ]]","[[-0.44699004  0.8105764   0.37837282]
 [ 0.7931543   0.5547227  -0.25137404]
 [ 0.4136498  -0.18774636  0.8908677 ]]"
20200222-061650.071821,16,[1.6166794 1.2579969 0.1230988],"[[ 0.84809935 -0.3364815   0.18240122]
 [-0.0754235  -0.8203391  -0.02504496]
 [-0.47398123 -0.30834526  0.6706397 ]
 [-0.22445543 -0.34459737 -0.71857154]]","[[-0.45152313  0.8077659   0.3790003 ]
 [ 0.79083973  0.5589886  -0.24920703]
 [ 0.4131578  -0.18720576  0.89120984]]"
20200222-061650.071821,17,[1.6197124  1.2575161  0.12628871],"[[ 0.84779453 -0.3340938   0.17305304]
 [-0.07124132 -0.8204575  -0.01007092]
 [-0.47442713 -0.30891907  0.6593123 ]
 [-0.22602731 -0.3461216  -0.73161376]]","[[-0.45559558  0.80581224  0.378285  ]
 [ 0.7891325   0.56224877 -0.24727811]
 [ 0.41194993 -0.18585815  0.89205056]]"
20200222-061650.071821,18,[1.6211377  1.2565817  0.12931214],"[[ 0.8480726  -0.32997322  0.16405475]
 [-0.06499617 -0.8204932   0.00381912]
 [-0.47447652 -0.31103948  0.6481105 ]
 [-0.22675963 -0.34808454 -0.74365604]]","[[-0.4621502   0.80194485  0.37855205]
 [ 0.7862359   0.5679805  -0.24337448]
 [ 0.41018307 -0.18515569  0.8930103 ]]"
20200222-061650.071821,19,[1.6230315  1.2553381  0.13241602],"[[ 0.84825927 -0.32608843  0.15543167]
 [-0.05907409 -0.8205103   0.01694273]
 [-0.47456765 -0.31295592  0.6373981 ]
 [-0.2274909  -0.34998268 -0.7545049 ]]","[[-0.46837655  0.7982385   0.37873286]
 [ 0.78345406  0.5733936  -0.23962376]
 [ 0.40843993 -0.18448564  0.8939473 ]]"
20200222-061650.071821,20,[1.6275605  1.2541006  0.13557734],"[[ 0.84892476 -0.32176808  0.1463679 ]
 [-0.05298571 -0.8204124   0.02986661]
 [-0.47390145 -0.31538638  0.62666345]
 [-0.2278964  -0.3520229  -0.76483816]]","[[-0.4725984   0.7947856   0.38074487]
 [ 0.7807633   0.57797843 -0.2373807 ]
 [ 0.4087291  -0.18508588  0.89369106]]"
20200222-061650.071821,21,[1.6316758 1.2529497 0.138584 ],"[[ 0.8493574  -0.317763    0.13781537]
 [-0.0471729  -0.82033324  0.04189848]
 [-0.4735152  -0.31760722  0.61638445]
 [-0.22836322 -0.35384414 -0.7741588 ]]","[[-0.4770658   0.79139036  0.3822428 ]
 [ 0.7781455   0.58252007 -0.23486154]
 [ 0.40853128 -0.18539606  0.89371717]]"
20200222-061650.071821,22,[1.6315273  1.2520795  0.14215992],"[[ 0.84928447 -0.31400302  0.12985964]
 [-0.0412009  -0.8202374   0.05347394]
 [-0.47381243 -0.3194251   0.6065997 ]
 [-0.2291741  -0.3557816  -0.78250486]]","[[-0.48423007  0.78718966  0.38190827]
 [ 0.7751022   0.5884392  -0.23012213]
 [ 0.4058796  -0.18458581  0.89509207]]"
20200222-061650.071821,23,[1.6336691  1.2515873  0.14521888],"[[ 0.8481755  -0.31313235  0.12196122]
 [-0.03844799 -0.8202529   0.06503928]
 [-0.47514763 -0.3191663   0.5967179 ]
 [-0.23098667 -0.3567439  -0.7904575 ]]","[[-0.48796904  0.78577876  0.38004988]
 [ 0.773985    0.5908147  -0.22778293]
 [ 0.40352607 -0.18300189  0.89648026]]"
20200222-061650.071821,24,[1.6341081  1.2509513  0.14838974],"[[ 0.847327   -0.31128672  0.11443882]
 [-0.03451717 -0.82020265  0.07586231]
 [-0.47630256 -0.31970006  0.5872062 ]
 [-0.2323398  -0.35799515 -0.797708  ]]","[[-0.49350458  0.78308487  0.3784595 ]
 [ 0.7720381   0.59479755 -0.22399363]
 [ 0.4005127  -0.18164329  0.89810663]]"
20200222-061650.071821,25,[1.6371158  1.2500545  0.15220109],"[[ 0.8472925  -0.30794057  0.10691495]
 [-0.02935199 -0.8201135   0.08614272]
 [-0.47629797 -0.32109034  0.5785154 ]
 [-0.233182   -0.35984346 -0.80403286]]","[[-0.498497    0.7798645   0.3785657 ]
 [ 0.76945436  0.5991937  -0.22114848]
 [ 0.3993001  -0.18104717  0.89876664]]"
20200222-061650.071821,26,[1.6362752  1.248395   0.15570562],"[[ 0.8475994  -0.30290303  0.10021039]
 [-0.02196817 -0.8198372   0.09504645]
 [-0.4762261  -0.32417437  0.5702209 ]
 [-0.23302594 -0.36197653 -0.8097974 ]]","[[-0.50733334  0.773821    0.37922797]
 [ 0.7652684   0.60689014 -0.2145892 ]
 [ 0.3962034  -0.18134293  0.9000763 ]]"
20200222-061650.071821,27,[1.6396719  1.2477573  0.15908404],"[[ 0.8467538  -0.30156165  0.0931646 ]
 [-0.01893015 -0.81983036  0.1046278 ]
 [-0.4771343  -0.32418585  0.56187874]
 [-0.23450485 -0.36310056 -0.8152701 ]]","[[-0.51066417  0.77223146  0.37799573]
 [ 0.7638882   0.6092773  -0.21273485]
 [ 0.39458477 -0.18011041  0.9010345 ]]"
20200222-061650.071821,28,[1.6396385  1.2468394  0.16267425],"[[ 0.84631294 -0.29849932  0.086606  ]
 [-0.01374131 -0.819646    0.11338571]
 [-0.47777197 -0.32566553  0.5538883 ]
 [-0.2351585  -0.3647196  -0.82027483]]","[[-0.51742876  0.76810515  0.37720278]
 [ 0.76090944  0.61466104 -0.20786676]
 [ 0.39151537 -0.17946094  0.9025018 ]]"
20200222-061650.071821,29,[1.6420374  1.2457135  0.16607071],"[[ 0.84606135 -0.29556236  0.07981111]
 [-0.00890491 -0.81941736  0.12196738]
 [-0.47803915 -0.32723173  0.5458861 ]
 [-0.23575304 -0.36622068 -0.8250835 ]]","[[-0.5222964   0.7646133   0.3775884 ]
 [ 0.7583839   0.6189502  -0.20433979]
 [ 0.38994926 -0.179631    0.9031459 ]]"
20200222-061650.071821,30,[1.6454674  1.2444491  0.16967082],"[[ 0.84598285 -0.29234663  0.0730373 ]
 [-0.00386382 -0.8191422   0.13029368]
 [-0.47799876 -0.32897195  0.5381878 ]
 [-0.23625323 -0.36785525 -0.8294837 ]]","[[-0.5268034   0.7610564   0.37851253]
 [ 0.75577927  0.62317693 -0.20111808]
 [ 0.38894236 -0.18012224  0.9034821 ]]"
20200222-061650.071821,31,[1.650077   1.2425842  0.17323743],"[[ 0.84632474 -0.28829744  0.06653406]
 [ 0.00192987 -0.81877875  0.13782838]
 [-0.47738677 -0.33146325  0.5310249 ]
 [-0.23629007 -0.3696188  -0.8334202 ]]","[[-0.5311273   0.75688404  0.38082835]
 [ 0.752818    0.62780267 -0.19781017]
 [ 0.38880444 -0.18163206  0.90323913]]"
20200222-061650.071821,32,[1.6538309  1.2415388  0.17727919],"[[ 0.8460041  -0.28555933  0.06040435]
 [ 0.00638143 -0.8185764   0.14535978]
 [-0.4775149  -0.3325354   0.524439  ]
 [-0.23709886 -0.3712265  -0.8367711 ]]","[[-0.5352876   0.75387025  0.38098156]
 [ 0.75044864  0.6314686  -0.19512644]
 [ 0.3876779  -0.18145832  0.9037581 ]]"
20200222-061650.071821,33,[1.6555475  1.2406951  0.18057816],"[[ 0.84496737 -0.2841974   0.05464699]
 [ 0.00960875 -0.81848395  0.15263939]
 [-0.47874412 -0.33282673  0.51754576]
 [-0.23820634 -0.3722127  -0.8401555 ]]","[[-0.5399816   0.7513321   0.37936807]
 [ 0.748568    0.6347597  -0.19164094]
 [ 0.3847935  -0.18050016  0.9051816 ]]"
20200222-061650.071821,34,[1.6592487  1.2392484  0.18392846],"[[ 0.8450304  -0.2806735   0.04855514]
 [ 0.01491519 -0.8181061   0.15932079]
 [-0.4784527  -0.33512348  0.5107878 ]
 [-0.23829325 -0.37365368 -0.8434186 ]]","[[-0.54425967  0.74725986  0.381293  ]
 [ 0.74575007  0.6391274  -0.18807718]
 [ 0.3842373  -0.18198644  0.90512025]]"
20200222-061650.071821,35,[1.6646552  1.2379454  0.18713751],"[[ 0.84490913 -0.27797648  0.04258413]
 [ 0.01914418 -0.8178547   0.16577125]
 [-0.47827792 -0.3366762   0.50438714]
 [-0.23877245 -0.37482253 -0.84634554]]","[[-0.5468048   0.7445182   0.3830106 ]
 [ 0.74376667  0.6420034  -0.18612559]
 [ 0.38446805 -0.18309616  0.90479845]]"
20200222-061650.071821,36,[1.6679933  1.2360057  0.19061513],"[[ 0.84506255 -0.27373466  0.03689433]
 [ 0.02532412 -0.81737435  0.17174631]
 [-0.4778804  -0.33957192  0.49805674]
 [-0.23845078 -0.37637702 -0.84916544]]","[[-0.552576    0.73917884  0.38506442]
 [ 0.7401391   0.6476179  -0.18106669]
 [ 0.3832153  -0.18494816  0.9049533 ]]"
20200222-061650.071821,37,[1.6718585  1.2345972  0.19394508],"[[ 0.844942   -0.27064934  0.03131527]
 [ 0.03012202 -0.81700784  0.17749779]
 [-0.47771618 -0.3415957   0.4920576 ]
 [-0.23864931 -0.377571   -0.8517002 ]]","[[-0.5563591   0.7353581   0.3869276 ]
 [ 0.73758316  0.6514855  -0.17758895]
 [ 0.3826692  -0.18658799  0.9048477 ]]"
20200222-061650.071821,38,[1.675845   1.2331804  0.19727233],"[[ 0.8447829  -0.26766014  0.0258799 ]
 [ 0.03479876 -0.81664455  0.18299344]
 [-0.47757357 -0.34355956  0.48626763]
 [-0.23886143 -0.3787044  -0.85404193]]","[[-0.56000334  0.73159444  0.38880074]
 [ 0.7350888   0.65522456 -0.17414157]
 [ 0.38215277 -0.18828318  0.9047147 ]]"
20200222-061650.071821,39,[1.6784078  1.2317247  0.20110884],"[[ 0.84439087 -0.26482385  0.02063427]
 [ 0.03951943 -0.8162187   0.1884987 ]
 [-0.47774625 -0.34535575  0.48066807]
 [-0.23916768 -0.37998042 -0.8561548 ]]","[[-0.5648094   0.7272972   0.38990897]
 [ 0.73229134  0.65955913 -0.16950253]
 [ 0.38044673 -0.18979031  0.9051188 ]]"
20200222-061650.071821,40,[1.6817954  1.230515   0.20460072],"[[ 0.8437016  -0.26301986  0.01552161]
 [ 0.04300755 -0.8159732   0.19392249]
 [-0.4783063  -0.3462891   0.47517166]
 [-0.23987626 -0.38090932 -0.85811704]]","[[-0.5682706   0.72441286  0.39024934]
 [ 0.7303575   0.66251504 -0.16628781]
 [ 0.37900707 -0.19052503  0.90556824]]"
20200222-061650.071821,41,[1.687542   1.2286711  0.20826632],"[[ 0.8436785  -0.2598154   0.0106189 ]
 [ 0.04773131 -0.81559837  0.19849335]
 [-0.47782078 -0.3482781   0.47046635]
 [-0.24003282 -0.38209665 -0.8597379 ]]","[[-0.57127964  0.7206728   0.3927729 ]
 [ 0.72788715  0.6659775  -0.16326173]
 [ 0.37923616 -0.19262621  0.90502775]]"
20200222-061650.071821,42,[1.6932191  1.2275518  0.21192664],"[[ 0.84312266 -0.25818834  0.0055853 ]
 [ 0.05074901 -0.8154126   0.20362729]
 [-0.4780277  -0.34886384  0.46558288]
 [-0.24095263 -0.38305995 -0.8612421 ]]","[[-0.5729269   0.71890116  0.39361885]
 [ 0.7265536   0.667735   -0.16201822]
 [ 0.37930816 -0.19316055  0.9048837 ]]"
20200222-061650.071821,43,[1.6966221  1.226383   0.21502262],"[[ 0.84225166 -0.25671315  0.00114139]
 [ 0.05382819 -0.81530267  0.2080811 ]
 [-0.47886845 -0.34954804  0.46079278]
 [-0.24166037 -0.38366145 -0.8627693 ]]","[[-0.57648116  0.71616584  0.39341572]
 [ 0.7247092   0.6705326  -0.15869074]
 [ 0.37744698 -0.19362973  0.9055613 ]]"
20200222-061650.071821,44,[1.70116    1.2250105  0.21879895],"[[ 0.84165627 -0.2548321  -0.00372036]
 [ 0.05731113 -0.81499904  0.21286838]
 [-0.4791682  -0.35056022  0.4559714 ]
 [-0.24233916 -0.38463575 -0.8641548 ]]","[[-0.5793404   0.7133139   0.3943956 ]
 [ 0.72284746  0.6732179  -0.15578534]
 [ 0.37663808 -0.19483507  0.90563965]]"
20200222-061650.071821,45,[1.7057848  1.2230778  0.22302008],"[[ 0.8413082  -0.25204915 -0.00808317]
 [ 0.06176732 -0.81457615  0.21687923]
 [-0.47908425 -0.3522522   0.45194513]
 [-0.24261898 -0.38581786 -0.8652422 ]]","[[-0.583199    0.7091492   0.396215  ]
 [ 0.7202297   0.6769814  -0.15154293]
 [ 0.37569678 -0.19698611  0.90556526]]"
20200222-061650.071821,46,[1.7110015  1.2219965  0.22599642],"[[ 0.840371   -0.25115976 -0.01243421]
 [ 0.06400432 -0.8145896   0.22112659]
 [-0.47992507 -0.35233733  0.44753006]
 [-0.24362285 -0.3862907  -0.86640966]]","[[-0.58516395  0.70771635  0.39587992]
 [ 0.7191227   0.67850065 -0.14999855]
 [ 0.37476116 -0.19691248  0.9059689 ]]"
20200222-061650.071821,47,[1.7146842  1.2201779  0.22947782],"[[ 0.8399583  -0.24852696 -0.01690555]
 [ 0.06836019 -0.81416696  0.22488137]
 [-0.48002633 -0.3543642   0.44291106]
 [-0.24366288 -0.38703    -0.86773974]]","[[-0.589161    0.7032593   0.3978885 ]
 [ 0.71647847  0.6823459  -0.14512873]
 [ 0.37356085 -0.19957437  0.905882  ]]"
20200222-061650.071821,48,[1.7195117  1.2187976  0.23325096],"[[ 0.83927923 -0.24689119 -0.02136289]
 [ 0.07152343 -0.81390893  0.22895844]
 [-0.4803889  -0.35522833  0.43869096]
 [-0.24437809 -0.38782707 -0.8687184 ]]","[[-0.5916841   0.7005741   0.3988807 ]
 [ 0.7147818   0.68471354 -0.14231738]
 [ 0.37282297 -0.20090577  0.9058917 ]]"
20200222-061650.071821,49,[1.725243   1.2178247  0.23708749],"[[ 0.8383444  -0.24605563 -0.02528465]
 [ 0.07362013 -0.81390125  0.23289193]
 [-0.48109776 -0.35494307  0.43528798]
 [-0.24556866 -0.38863477 -0.869279  ]]","[[-0.59327245  0.6995293   0.39835486]
 [ 0.71378154  0.68592894 -0.14148307]
 [ 0.37221465 -0.20040031  0.90625376]]"
20200222-061650.071821,50,[1.7305177  1.2168453  0.24049358],"[[ 0.8371826  -0.24570408 -0.02906708]
 [ 0.07523868 -0.8140003   0.23672265]
 [-0.48221645 -0.35435534  0.4317592 ]
 [-0.24684286 -0.38918504 -0.8698858 ]]","[[-0.59503835  0.69871837  0.397142  ]
 [ 0.7129564   0.6869971  -0.14045647]
 [ 0.370975   -0.199568    0.9069455 ]]"
20200222-061650.071821,51,[1.7352031  1.2155654  0.24424198],"[[ 0.8365102  -0.24408492 -0.03304139]
 [ 0.07830173 -0.8137868   0.24010302]
 [-0.48256135 -0.35520223  0.4281886 ]
 [-0.24749666 -0.38987848 -0.87058234]]","[[-0.5974204   0.6960698   0.39821577]
 [ 0.7112904   0.6892739  -0.13772279]
 [ 0.37034446 -0.20096864  0.90689385]]"
20200222-061650.071821,52,[1.7413138 1.2144351 0.2474935],"[[ 0.8357513  -0.24288444 -0.03686506]
 [ 0.08071259 -0.81377035  0.24337478]
 [-0.48302403 -0.35546798  0.424848  ]
 [-0.24838063 -0.3904201  -0.8711567 ]]","[[-0.5988751   0.69458514  0.39862296]
 [ 0.71015304  0.69067484 -0.13656902]
 [ 0.37017766 -0.2012955   0.9068895 ]]"
20200222-061650.071821,53,[1.7470982  1.2128812  0.25107145],"[[ 0.83538216 -0.24064915 -0.04104237]
 [ 0.08437864 -0.81344956  0.24635705]
 [-0.48283187 -0.35704082  0.4212699 ]
 [-0.24877743 -0.39103663 -0.8718691 ]]","[[-0.6008441   0.69137514  0.40123177]
 [ 0.7083193   0.6931264  -0.1336405 ]
 [ 0.37049997 -0.20390305  0.9061752 ]]"
20200222-061650.071821,54,[1.7522148  1.2100816  0.25440618],"[[ 0.8351529  -0.23740047 -0.04472767]
 [ 0.08929475 -0.81300735  0.24824207]
 [-0.48256993 -0.3599233   0.41771704]
 [-0.24833877 -0.39129934 -0.872862  ]]","[[-0.60504335  0.68549436  0.40499386]
 [ 0.70522225  0.69751173 -0.12703969]
 [ 0.36957297 -0.20874614  0.9054507 ]]"
20200222-061650.071821,55,[1.7570463  1.208136   0.25825927],"[[ 0.8343286  -0.23586802 -0.04823919]
 [ 0.09236358 -0.8128035   0.25087094]
 [-0.48313403 -0.36089903  0.41459778]
 [-0.24888915 -0.39175028 -0.8734102 ]]","[[-0.60819155  0.6819927   0.40618867]
 [ 0.7032908   0.70024043 -0.12266088]
 [ 0.36808357 -0.21106742  0.9055193 ]]"
20200222-061650.071821,56,[1.762766  1.2064807 0.2610899],"[[ 0.8336268  -0.23425703 -0.05185806]
 [ 0.09528603 -0.81274617  0.2532631 ]
 [-0.48355207 -0.36195537  0.4112127 ]
 [-0.24932778 -0.39186147 -0.8741127 ]]","[[-0.6104994   0.6791323   0.40751693]
 [ 0.7016256   0.7024477  -0.11953632]
 [ 0.36744028 -0.21294741  0.9053403 ]]"
20200222-061650.071821,57,[1.7693721 1.2047762 0.2652098],"[[ 0.8330711  -0.23246665 -0.05523488]
 [ 0.09833445 -0.8125602   0.25562957]
 [-0.48356313 -0.3628106   0.40881777]
 [-0.2499789  -0.3925218  -0.8743402 ]]","[[-0.61213386  0.67654663  0.40936145]
 [ 0.70010114  0.7043598  -0.11719906]
 [ 0.36762843 -0.21485288  0.9048136 ]]"
20200222-061650.071821,58,[1.7745262  1.2034953  0.26907954],"[[ 0.8319812  -0.23175238 -0.0584458 ]
 [ 0.1003712  -0.81256884  0.2583636 ]
 [-0.48450634 -0.36271006  0.40617803]
 [-0.25097173 -0.39301926 -0.8745579 ]]","[[-0.61446893  0.67467886  0.40894556]
 [ 0.698819    0.70602894 -0.11478385]
 [ 0.3661697  -0.21524781  0.9053111 ]]"
20200222-061650.071821,59,[1.7784629 1.2023215 0.2720947],"[[ 0.8305117  -0.23188362 -0.0613758 ]
 [ 0.10153117 -0.8128069   0.26100525]
 [-0.48621652 -0.36204115  0.40324327]
 [-0.2520619  -0.39306596 -0.87493086]]","[[-0.61723816  0.67326796  0.40709606]
 [ 0.69778955  0.7074817  -0.11206817]
 [ 0.36346495 -0.2148946   0.9064842 ]]"
20200222-061650.071821,60,[1.7824242  1.2009112  0.27610385],"[[ 0.8293633  -0.23104022 -0.06429854]
 [ 0.10382783 -0.81276566  0.26330385]
 [-0.48730755 -0.36229283  0.40069744]
 [-0.25280046 -0.39341614 -0.8752019 ]]","[[-0.62060213  0.6703215   0.406844  ]
 [ 0.6960114   0.7098768  -0.10790295]
 [ 0.36113885 -0.21620327  0.9071025 ]]"
20200222-061650.071821,61,[1.7879392  1.1992947  0.27898556],"[[ 0.82825536 -0.23039488 -0.06738944]
 [ 0.10569519 -0.8129079   0.2655157 ]
 [-0.488395   -0.36240652  0.3977767 ]
 [-0.25355828 -0.3933958  -0.87563324]]","[[-0.6229324   0.6682871   0.40662992]
 [ 0.6947485   0.7115355  -0.10507963]
 [ 0.35955492 -0.21704799  0.9075299 ]]"
20200222-061650.071821,62,[1.7946675 1.1981066 0.2825473],"[[ 0.82752955 -0.22934349 -0.07085582]
 [ 0.10782789 -0.8128816   0.2680124 ]
 [-0.48867884 -0.3626302   0.39520803]
 [-0.25448224 -0.3938585  -0.8757621 ]]","[[-0.6235634   0.66707706  0.40764832]
 [ 0.6939274   0.7124411  -0.10436788]
 [ 0.36004683 -0.21779832  0.9071551 ]]"
20200222-061650.071821,63,[1.8012321  1.1963427  0.28619245],"[[ 0.8267458  -0.2281411  -0.07390397]
 [ 0.11019912 -0.81286114  0.26993185]
 [-0.48910072 -0.3631267   0.39294216]
 [-0.2552021  -0.3941415  -0.8759403 ]]","[[-0.6251328   0.6648337   0.40890726]
 [ 0.69267654  0.7140086  -0.10193554]
 [ 0.35973355 -0.21951725  0.9068649 ]]"
20200222-061650.071821,64,[1.8070349  1.1948994  0.28987736],"[[ 0.8258982  -0.22710186 -0.07725246]
 [ 0.11249512 -0.8127934   0.27213237]
 [-0.48960644 -0.36363885  0.39028284]
 [-0.25597394 -0.39440897 -0.87615967]]","[[-0.62676764  0.6625949   0.41003698]
 [ 0.69145167  0.7155562  -0.09936754]
 [ 0.3592449  -0.22124036  0.9066399 ]]"
20200222-061650.071821,65,[1.8115522 1.1936458 0.292779 ],"[[ 0.8244484  -0.22723511 -0.07984435]
 [ 0.11351865 -0.81309974  0.2742461 ]
 [-0.49128267 -0.36294034  0.38779452]
 [-0.25698212 -0.3943438  -0.8763729 ]]","[[-0.62934846  0.6612413   0.40826508]
 [ 0.69043666  0.71688974 -0.09678011]
 [ 0.35667607 -0.22097275  0.90771884]]"
20200222-061650.071821,66,[1.8183314  1.1925275  0.29650328],"[[ 0.82348067 -0.22656529 -0.08259854]
 [ 0.1151767  -0.8132135   0.27642995]
 [-0.4919682  -0.36249942  0.38602453]
 [-0.25803295 -0.39489976 -0.87621295]]","[[-0.6303975   0.66047144  0.40789267]
 [ 0.68962926  0.7177255  -0.09634103]
 [ 0.35638556 -0.22056156  0.9079328 ]]"
20200222-061650.071821,67,[1.8246695  1.190453   0.30046922],"[[ 0.8229766  -0.22468068 -0.08590464]
 [ 0.11838396 -0.813002    0.27767295]
 [-0.4918507  -0.36414903  0.38363022]
 [-0.25841466 -0.39489442 -0.87655354]]","[[-0.6320831   0.65663475  0.41146278]
 [ 0.68796647  0.71988845 -0.09199316]
 [ 0.3566132  -0.22492531  0.9067721 ]]"
20200222-061650.071821,68,[1.8305036  1.188443   0.30412295],"[[ 0.82200885 -0.2236663  -0.08863432]
 [ 0.12065829 -0.81305087  0.2789307 ]
 [-0.4925874  -0.36480373  0.3815041 ]
 [-0.2590379  -0.39476562 -0.8768101 ]]","[[-0.6344617   0.6534924   0.41280237]
 [ 0.6864503   0.7218672  -0.08771338]
 [ 0.35530856 -0.22771749  0.9065872 ]]"
20200222-061650.071821,69,[1.8375981 1.1872481 0.3070941],"[[ 0.821192   -0.22270893 -0.09150734]
 [ 0.12252761 -0.81321067  0.28061032]
 [-0.493034   -0.36485043  0.37954068]
 [-0.2599006  -0.3949349  -0.87683153]]","[[-0.63523054  0.65242004  0.41331616]
 [ 0.6856303   0.72272414 -0.08706731]
 [ 0.35551807 -0.22807428  0.90641546]]"
20200222-061650.071821,70,[1.8446643  1.1854184  0.31045052],"[[ 0.820603   -0.22126102 -0.09471198]
 [ 0.12506066 -0.8131883   0.28185323]
 [-0.49306086 -0.36590886  0.37725314]
 [-0.260502   -0.39481476 -0.8770795 ]]","[[-0.6360309   0.6498714   0.41609097]
 [ 0.6845615   0.7240477  -0.08444222]
 [ 0.35614628 -0.231132    0.9053938 ]]"
20200222-061650.071821,71,[1.8485196  1.1840905  0.31390864],"[[ 0.8191849  -0.2211526  -0.09681441]
 [ 0.12635846 -0.8134712   0.28311515]
 [-0.4946675  -0.36561194  0.3753709 ]
 [-0.2612919  -0.39456812 -0.8772512 ]]","[[-0.6391683   0.64744437  0.4150657 ]
 [ 0.683138    0.7258645  -0.08026879]
 [ 0.35325107 -0.23224187  0.90624356]]"
20200222-061650.071821,72,[1.8540257 1.182775  0.3164835],"[[ 0.81805086 -0.22067209 -0.09935365]
 [ 0.12783688 -0.81378126  0.2843513 ]
 [-0.4957575  -0.36558893  0.37322217]
 [-0.26205987 -0.39421916 -0.87748426]]","[[-0.6410935   0.64564764  0.41489565]
 [ 0.6820573   0.7271617  -0.07767672]
 [ 0.35184795 -0.23318453  0.9065473 ]]"
20200222-061650.071821,73,[1.8616756  1.1816214  0.31991506],"[[ 0.8174171  -0.21930186 -0.10206427]
 [ 0.1300677  -0.8138611   0.28565022]
 [-0.49579936 -0.36589846  0.37181145]
 [-0.2628587  -0.39453128 -0.87735   ]]","[[-0.641532    0.64438576  0.41617736]
 [ 0.68117094  0.7280387  -0.0772384 ]
 [ 0.35276458 -0.23393703  0.90599704]]"
20200222-061650.071821,74,[1.8676075  1.1803317  0.32355967],"[[ 0.8165642  -0.21835242 -0.10483596]
 [ 0.13207127 -0.81392366  0.28696722]
 [-0.49629125 -0.36632222  0.3698726 ]
 [-0.26358134 -0.39453566 -0.87741303]]","[[-0.6428326   0.6423002   0.4173928 ]
 [ 0.68009526  0.72929376 -0.07484125]
 [ 0.35247245 -0.23575638  0.90563905]]"
20200222-061650.071821,75,[1.8732705  1.179002   0.32606658],"[[ 0.8154272  -0.2178976  -0.10726801]
 [ 0.1334693  -0.81426936  0.28801882]
 [-0.4973814  -0.3662738   0.3678555 ]
 [-0.26434156 -0.39411855 -0.8776225 ]]","[[-0.64467657  0.6405456   0.41724542]
 [ 0.67905307  0.73052126 -0.07229012]
 [ 0.35111168 -0.23672798  0.90591425]]"
20200222-061650.071821,76,[1.8806748  1.1771977  0.32878402],"[[ 0.81473595 -0.21658234 -0.11004113]
 [ 0.13569672 -0.8144582   0.28861234]
 [-0.4975937  -0.3671326   0.36594847]
 [-0.26493835 -0.39365387 -0.87788105]]","[[-0.64558476  0.63814735  0.41950926]
 [ 0.6780157   0.7317354  -0.06969652]
 [ 0.35144654 -0.23943889  0.9050714 ]]"
20200222-061650.071821,77,[1.8881528  1.17597    0.33162752],"[[ 0.8139005  -0.21566048 -0.11261097]
 [ 0.1374103  -0.81469697  0.28978765]
 [-0.49802968 -0.36710855  0.3644125 ]
 [-0.26580167 -0.3936882  -0.87780696]]","[[-0.6461781   0.6371887   0.4200526 ]
 [ 0.67728823  0.73245674 -0.06919181]
 [ 0.35175863 -0.23978646  0.9048582 ]]"
20200222-061650.071821,78,[1.8942742 1.1746678 0.3350109],"[[ 0.8132652  -0.2143869  -0.11576078]
 [ 0.1397105  -0.81471336  0.2907484 ]
 [-0.49809694 -0.36814755  0.36216897]
 [-0.26642    -0.39337978 -0.8780079 ]]","[[-0.6468392   0.63474286  0.4227299 ]
 [ 0.676338    0.73357517 -0.06659005]
 [ 0.35237175 -0.24283528  0.9038059 ]]"
20200222-061650.071821,79,[1.9017739 1.1734332 0.3383996],"[[ 0.81252044 -0.21340272 -0.11854615]
 [ 0.14153576 -0.8148272   0.2920863 ]
 [-0.4983257  -0.36828056  0.36055064]
 [-0.26730067 -0.39355493 -0.8778586 ]]","[[-0.6470738   0.6337399   0.42387402]
 [ 0.67571956  0.7341842  -0.06615519]
 [ 0.35312685 -0.24361265  0.90330195]]"
20200222-061650.071821,80,[1.9093273  1.172202   0.34179825],"[[ 0.8117867  -0.21238995 -0.12130643]
 [ 0.14338179 -0.81493473  0.29337814]
 [-0.49853    -0.36843804  0.35897008]
 [-0.26816416 -0.39373207 -0.87769836]]","[[-0.6473091   0.6327138   0.42504603]
 [ 0.67508954  0.73480386 -0.06570796]
 [ 0.35389978 -0.24441072  0.90278375]]"
20200222-061650.071821,81,[1.9165188 1.1709195 0.3448246],"[[ 0.81061804 -0.21218987 -0.12346431]
 [ 0.1443458  -0.81528836  0.29479152]
 [-0.49958962 -0.36760095  0.35766917]
 [-0.2692084  -0.39389122 -0.87745506]]","[[-0.64834374  0.63237387  0.42397398]
 [ 0.67450696  0.7353686  -0.06537095]
 [ 0.35311607 -0.24359055  0.90331227]]"
20200222-061650.071821,82,[1.9223852  1.169561   0.34781095],"[[ 0.80954105 -0.21175252 -0.12593214]
 [ 0.14569226 -0.8155841   0.29570898]
 [-0.50051486 -0.36762848  0.35579246]
 [-0.27000377 -0.39348772 -0.87755877]]","[[-0.6497319   0.63063836  0.42443365]
 [ 0.673646    0.73637307 -0.06289767]
 [ 0.35220715 -0.24505137  0.903272  ]]"
20200222-061650.071821,83,[1.9284145  1.1681999  0.35013092],"[[ 0.8083857  -0.21136172 -0.12811267]
 [ 0.1468827  -0.8160345   0.2963181 ]
 [-0.5016249  -0.36749563  0.3540777 ]
 [-0.27076012 -0.3928875  -0.87773126]]","[[-0.65140885  0.62899196  0.42430624]
 [ 0.67269886  0.73744386 -0.06043839]
 [ 0.35091725 -0.24606021  0.90349966]]"
20200222-061650.071821,84,[1.9362168 1.1665853 0.352776 ],"[[ 0.80772454 -0.20984976 -0.13055092]
 [ 0.14915499 -0.81631464  0.29630095]
 [-0.501738   -0.36841407  0.3526149 ]
 [-0.27128005 -0.3922553  -0.8779665 ]]","[[-0.6522682   0.626521    0.42663544]
 [ 0.67160094  0.7386453  -0.05792514]
 [ 0.35142356 -0.248746    0.902567  ]]"
20200222-061650.071821,85,[1.944065  1.165337  0.3554154],"[[ 0.8068906  -0.20889774 -0.13285932]
 [ 0.15077545 -0.8166276   0.29702723]
 [-0.50214183 -0.3683665   0.35141712]
 [-0.27211758 -0.392157   -0.8778549 ]]","[[-0.6527498   0.6256295   0.42720687]
 [ 0.67092645  0.7392895  -0.05752318]
 [ 0.35181782 -0.24907613  0.9023224 ]]"
20200222-061650.071821,86,[1.9518428  1.1640911  0.35852596],"[[ 0.806394   -0.20750882 -0.1360142 ]
 [ 0.15296434 -0.81667423  0.29792312]
 [-0.5018738  -0.36919487  0.34952086]
 [-0.27286157 -0.39201817 -0.8778251 ]]","[[-0.65233684  0.62421465  0.42989847]
 [ 0.67042416  0.73979527 -0.05687083]
 [ 0.35353652 -0.25111538  0.90108436]]"
20200222-061650.071821,87,[1.9579319  1.1627092  0.36164686],"[[ 0.8050621  -0.20749474 -0.13778037]
 [ 0.15376085 -0.8171374   0.29870155]
 [-0.5032718  -0.3684777   0.3483405 ]
 [-0.27377033 -0.39173514 -0.87775433]]","[[-0.6541911   0.6229687   0.42888692]
 [ 0.66954774  0.7407531  -0.05468537]
 [ 0.3517666  -0.2513856   0.9017015 ]]"
20200222-061650.071821,88,[1.9659255 1.1610957 0.3642195],"[[ 0.8043873  -0.20600607 -0.14013517]
 [ 0.1559451  -0.81746554  0.29848355]
 [-0.5033872  -0.3693689   0.3469768 ]
 [-0.274306   -0.39099678 -0.877996  ]]","[[-0.65495694  0.6205334   0.43124217]
 [ 0.66851395  0.74186635 -0.05218669]
 [ 0.35230768 -0.25411132  0.9007257 ]]"
20200222-061650.071821,89,[1.9740283  1.159837   0.36590254],"[[ 0.80368114 -0.20474727 -0.14261316]
 [ 0.1577695  -0.81786627  0.298637  ]
 [-0.5035503  -0.3697901   0.34555942]
 [-0.2750316  -0.39042073 -0.87810373]]","[[-0.6551535   0.61935055  0.43264154]
 [ 0.6678662   0.742493   -0.05156382]
 [ 0.3531694  -0.2551644   0.9000903 ]]"
20200222-061650.071821,90,[1.9814755  1.1578751  0.36900267],"[[ 0.8029056  -0.20338318 -0.14496739]
 [ 0.15996026 -0.8182059   0.2979962 ]
 [-0.5037913  -0.3709649   0.34414223]
 [-0.27558962 -0.38930666 -0.8784924 ]]","[[-0.6563504   0.61585635  0.43580413]
 [ 0.66668785  0.74384785 -0.04709143]
 [ 0.3531735  -0.25963676  0.8988088 ]]"
20200222-061650.071821,91,[1.9891284  1.156541   0.37170672],"[[ 0.8019745  -0.20279913 -0.14744164]
 [ 0.16120997 -0.8185307   0.29890862]
 [-0.50437784 -0.3707591   0.3426188 ]
 [-0.2764982  -0.38912448 -0.87836635]]","[[-0.65670735  0.6151754   0.43622798]
 [ 0.66623884  0.74427956 -0.04662384]
 [ 0.35335734 -0.26001373  0.89862764]]"
20200222-061650.071821,92,[1.996943   1.1551901  0.37363142],"[[ 0.80094457 -0.20228077 -0.1495982 ]
 [ 0.16227381 -0.81903064  0.29950133]
 [-0.505185   -0.37034366  0.34129122]
 [-0.27738723 -0.38873786 -0.8783166 ]]","[[-0.6573727   0.61463827  0.43598303]
 [ 0.6657101   0.7447781  -0.04621633]
 [ 0.35311693 -0.2598569   0.8987676 ]]"
20200222-061650.071821,93,[2.0033808 1.153801  0.3757686],"[[ 0.79974383 -0.20196947 -0.15150464]
 [ 0.16321284 -0.8196168   0.29964328]
 [-0.50634766 -0.37006673  0.33991438]
 [-0.27817976 -0.38792717 -0.87847525]]","[[-0.6589026   0.61312777  0.43580052]
 [ 0.66487026  0.7456712  -0.04384342]
 [ 0.35184544 -0.26086226  0.89897496]]"
20200222-061650.071821,94,[2.0115588  1.1525694  0.37813577],"[[ 0.79916495 -0.20059831 -0.1542284 ]
 [ 0.16518696 -0.8198566   0.29995695]
 [-0.50622964 -0.37071487  0.33837765]
 [-0.27889055 -0.38751313 -0.87848717]]","[[-0.6586967   0.6118507   0.43790102]
 [ 0.6643407   0.74617624 -0.04327315]
 [ 0.35322803 -0.2624116   0.8979811 ]]"
20200222-061650.071821,95,[2.0183632 1.15127   0.3808329],"[[ 0.79813606 -0.1998917  -0.15607338]
 [ 0.16651642 -0.8203349   0.2998776 ]
 [-0.5070041  -0.37072963  0.33737493]
 [-0.27963907 -0.38685074 -0.87857443]]","[[-0.6599303   0.610099    0.43848717]
 [ 0.6634484   0.74709815 -0.04099105]
 [ 0.35260162 -0.26386237  0.8978021 ]]"
20200222-061650.071821,96,[2.0250247 1.1500305 0.384058 ],"[[ 0.797473   -0.19869444 -0.15881032]
 [ 0.16846956 -0.82053465  0.29992786]
 [-0.5070487  -0.37169668  0.33561823]
 [-0.2802798  -0.38611498 -0.8787397 ]]","[[-0.66023344  0.60775626  0.4412756 ]
 [ 0.6627406   0.74786276 -0.03842227]
 [ 0.35336494 -0.2670836   0.8965488 ]]"
20200222-061650.071821,97,[2.0316417  1.1483252  0.38691378],"[[ 0.79628813 -0.19816928 -0.16044842]
 [ 0.16961914 -0.82116115  0.29935542]
 [-0.50818264 -0.37183747  0.3344278 ]
 [-0.28090057 -0.3849157  -0.8790909 ]]","[[-0.66221154  0.6050286   0.44205928]
 [ 0.66159624  0.749082   -0.03415692]
 [ 0.35180455 -0.2698456   0.8963353 ]]"
20200222-061650.071821,98,[2.039353   1.146442   0.39063603],"[[ 0.79561484 -0.19672409 -0.16297401]
 [ 0.1718247  -0.8214537   0.29855815]
 [-0.50817376 -0.37321568  0.3329355 ]
 [-0.28148296 -0.383697   -0.87946373]]","[[-0.66288537  0.601381    0.44600868]
 [ 0.66061926  0.7501371  -0.02960291]
 [ 0.35237023 -0.27501863  0.8945388 ]]"
20200222-061650.071821,99,[2.0476825  1.1452365  0.39291465],"[[ 0.7950181  -0.19536161 -0.1655879 ]
 [ 0.17371167 -0.8217417   0.29867157]
 [-0.50806165 -0.37381175  0.33152434]
 [-0.2822126  -0.38319576 -0.8794699 ]]","[[-0.6626066   0.60017097  0.44804844]
 [ 0.66015136  0.7505678  -0.02912295]
 [ 0.3537695  -0.2764827   0.89353484]]"
20200222-061650.071821,100,[2.0564466  1.1441116  0.39577693],"[[ 0.7946014  -0.19353934 -0.16815647]
 [ 0.17606738 -0.8219093   0.29854965]
 [-0.5075272  -0.37475082  0.33047324]
 [-0.28288722 -0.38284436 -0.87941986]]","[[-0.6620357   0.5986461   0.4509234 ]
 [ 0.65960467  0.7510648  -0.02869715]
 [ 0.35585207 -0.2784326   0.89210147]]"
20200222-061650.071821,101,[2.0651312 1.143089  0.3984578],"[[ 0.7944314  -0.19130136 -0.17132844]
 [ 0.17887902 -0.82194793  0.29829082]
 [-0.5064908  -0.37642533  0.32883462]
 [-0.28345633 -0.3822425  -0.8795093 ]]","[[-0.6608666   0.5966412   0.45527437]
 [ 0.6591537   0.7514862  -0.02801592]
 [ 0.3588478  -0.281581    0.88991034]]"
20200222-061650.071821,102,[2.071838   1.1417     0.40035164],"[[ 0.79319376 -0.19106862 -0.17302255]
 [ 0.1795707  -0.822667    0.298069  ]
 [-0.507722   -0.37600654  0.32766652]
 [-0.28428176 -0.38122243 -0.8796889 ]]","[[-0.66228455  0.59530675  0.4549606 ]
 [ 0.6584349   0.75219685 -0.02575293]
 [ 0.3575509  -0.28250626  0.8901392 ]]"
20200222-061650.071821,103,[2.080384   1.1404744  0.40249112],"[[ 0.7925779  -0.18968873 -0.17552488]
 [ 0.18140551 -0.8230023   0.29798567]
 [-0.507622   -0.3765699   0.3263592 ]
 [-0.2850129  -0.38063204 -0.8797075 ]]","[[-0.66197664  0.5941205   0.4569549 ]
 [ 0.65799564  0.75259686 -0.0252884 ]
 [ 0.35892728 -0.283934    0.88913035]]"
20200222-061650.071821,104,[2.0881078 1.1382635 0.4055481],"[[ 0.7915748  -0.18858206 -0.17744143]
 [ 0.18306203 -0.8237231   0.2961381 ]
 [-0.5083018  -0.3777531   0.32491782]
 [-0.28552923 -0.3784438  -0.88048005]]","[[-0.6636683   0.5895997   0.46034423]
 [ 0.65678054  0.7538511  -0.01865114]
 [ 0.3580277  -0.2899669   0.88754463]]"
20200222-061650.071821,105,[2.0969167 1.1368492 0.4067652],"[[ 0.79099417 -0.18673462 -0.17972422]
 [ 0.18521565 -0.8242925   0.2947593 ]
 [-0.5081535  -0.37899148  0.3235376 ]
 [-0.28601253 -0.37687826 -0.8809879 ]]","[[-0.6638786   0.586989    0.4633669 ]
 [ 0.65596145  0.75462186 -0.01613377]
 [ 0.35913706 -0.29323995  0.8860197 ]]"
20200222-061650.071821,106,[2.1036081  1.1355104  0.40943798],"[[ 0.78986275 -0.18642053 -0.18166816]
 [ 0.18602437 -0.8248838   0.2946641 ]
 [-0.5091476  -0.3787798   0.32222953]
 [-0.2868465  -0.37595156 -0.8811003 ]]","[[-0.6649172   0.585516    0.4637417 ]
 [ 0.65536577  0.75518537 -0.01382056]
 [ 0.3583031  -0.2947308   0.8858627 ]]"
20200222-061650.071821,107,[2.1119928  1.1338115  0.41154927],"[[ 0.789205   -0.18473804 -0.18402822]
 [ 0.18807511 -0.8254952   0.29294437]
 [-0.50919026 -0.3803261   0.320434  ]
 [-0.2872435  -0.37387413 -0.8818384 ]]","[[-0.6655208   0.5817242   0.46763146]
 [ 0.65444255  0.7560566  -0.00913402]
 [ 0.35886928 -0.299959    0.8838764 ]]"
20200222-061650.071821,108,[2.1191452 1.1326766 0.413835 ],"[[ 0.7883897  -0.18362142 -0.18618836]
 [ 0.18961126 -0.82600933  0.29219267]
 [-0.50949556 -0.3809309   0.31913754]
 [-0.28793073 -0.37267107 -0.882105  ]]","[[-0.6659792   0.57962745  0.46957836]
 [ 0.65379083  0.75664544 -0.00673232]
 [ 0.35920653 -0.30252248  0.8828653 ]]"
20200222-061650.071821,109,[2.1283007 1.1316009 0.4166421],"[[ 0.7879568  -0.18173063 -0.18857324]
 [ 0.19189896 -0.82622254  0.2917413 ]
 [-0.5089258  -0.3818437   0.31825483]
 [-0.28860718 -0.3721911  -0.88206637]]","[[-0.6653061   0.57811105  0.47239372]
 [ 0.6533136   0.7570608  -0.00637564]
 [ 0.36131653 -0.3043794   0.8813647 ]]"
20200222-061650.071821,110,[2.1367128  1.1302129  0.41913056],"[[ 0.7870241  -0.18109865 -0.19070879]
 [ 0.19292066 -0.8266863   0.2920455 ]
 [-0.509483   -0.38154423  0.31709316]
 [-0.2894854  -0.37177545 -0.8819249 ]]","[[-0.6654936   0.5776113   0.47274056]
 [ 0.6529892   0.7573427  -0.0061124 ]
 [ 0.3615571  -0.30462664  0.88118064]]"
20200222-061650.071821,111,[2.144133   1.1289365  0.42161903],"[[ 0.78596014 -0.18042704 -0.1922433 ]
 [ 0.19393423 -0.827339    0.2913899 ]
 [-0.51029503 -0.38140452  0.316384  ]
 [-0.29026738 -0.3707926  -0.88206345]]","[[-0.6665183   0.57603204  0.47322392]
 [ 0.652266    0.75798    -0.00395878]
 [ 0.36097455 -0.30602926  0.88093346]]"
20200222-061650.071821,112,[2.1536124  1.1274545  0.42315143],"[[ 0.7854962  -0.17831528 -0.19455124]
 [ 0.19625868 -0.8278598   0.2896602 ]
 [-0.50981486 -0.38287637  0.31517476]
 [-0.29080382 -0.36913046 -0.8825594 ]]","[[-0.6662135   0.5731939   0.47708327]
 [ 0.65161407  0.75854933 -0.00142897]
 [ 0.36271027 -0.30992216  0.87885696]]"
20200222-061650.071821,113,[2.162562  1.1262553 0.4251511],"[[ 0.784871   -0.17687628 -0.19688298]
 [ 0.1979955  -0.828249    0.28928116]
 [-0.50969094 -0.38338643  0.3140121 ]
 [-0.2915316  -0.36842015 -0.8825817 ]]","[[-0.66580796  0.5720832   0.47897872]
 [ 0.65124875  0.7588636  -0.00109928]
 [ 0.36410838 -0.31120232  0.87782604]]"
20200222-061650.071821,114,[2.1699722  1.1250023  0.42756766],"[[ 0.7837758  -0.17624737 -0.19835131]
 [ 0.19892095 -0.82894456  0.28851503]
 [-0.51054734 -0.38318413  0.3133772 ]
 [-0.29234916 -0.36736658 -0.8827292 ]]","[[-0.6668282   0.57056504  0.47937024]
 [ 0.6505604   0.7594539   0.0010308 ]
 [ 0.36347142 -0.31254664  0.8776123 ]]"
20200222-061650.071821,115,[2.1770322 1.1235306 0.4303994],"[[ 0.78236914 -0.1764376  -0.1995684 ]
 [ 0.19904926 -0.8297515   0.288351  ]
 [-0.5121058  -0.38213158  0.31275666]
 [-0.29330057 -0.36654833 -0.8827282 ]]","[[-0.6684064   0.5697045   0.47819418]
 [ 0.64994067  0.7599789   0.00305554]
 [ 0.36167678 -0.31284013  0.8782488 ]]"
20200222-061650.071821,116,[2.1866825  1.1224159  0.43224284],"[[ 0.7818373  -0.17456439 -0.20154744]
 [ 0.20111625 -0.8301475   0.28747895]
 [-0.51173055 -0.38280088  0.31216094]
 [-0.29396302 -0.36584938 -0.882774  ]]","[[-0.66800785  0.56842417  0.48027033]
 [ 0.6494073   0.76043385  0.00324879]
 [ 0.36336702 -0.31406125  0.8771146 ]]"
20200222-061650.071821,117,[2.1943226 1.1211419 0.4346597],"[[ 0.7807708  -0.17387165 -0.20300518]
 [ 0.20205556 -0.8308442   0.2866536 ]
