Timestamp,Epoch,s,u,v
20200224-195802.182314,0,[0.29339552 0.19674854 0.08674143],"[[-0.283289   -0.6836636   0.3019123 ]
 [ 0.41638047  0.32768533  0.8347737 ]
 [ 0.7426242  -0.05844641 -0.4377443 ]
 [-0.44145635  0.64946944 -0.1427647 ]]","[[ 0.23938936  0.05505994  0.9693612 ]
 [ 0.86662287 -0.46228907 -0.18775941]
 [ 0.43778703  0.8850183  -0.15838328]]"
20200224-195802.182314,1,[0.30059808 0.19739932 0.08749582],"[[-0.29756927 -0.68092453  0.29565325]
 [ 0.4258816   0.31959394  0.8302753 ]
 [ 0.73478717 -0.07228687 -0.44892195]
 [-0.43607956  0.65496284 -0.14731337]]","[[ 0.25023204  0.05166834  0.9668063 ]
 [ 0.85619485 -0.47800815 -0.1960574 ]
 [ 0.4520113   0.8768344  -0.16385111]]"
20200224-195802.182314,2,[0.30998886 0.19798839 0.088369  ],"[[-0.31056058 -0.67774564  0.29077137]
 [ 0.43671805  0.31163177  0.82482165]
 [ 0.72635    -0.08580013 -0.46088696]
 [-0.4304011   0.66044295 -0.15068021]]","[[ 0.26348206  0.04762031  0.9634882 ]
 [ 0.8444453  -0.4942367  -0.20650013]
 [ 0.46635762  0.86802214 -0.1704352 ]]"
20200224-195802.182314,3,[0.31825766 0.19855925 0.08910987],"[[-0.32217425 -0.67524755  0.28534755]
 [ 0.44475234  0.3041632   0.820427  ]
 [ 0.71892244 -0.09666009 -0.470925  ]
 [-0.4260863   0.66496754 -0.15396717]]","[[ 0.273911    0.0439715   0.9607493 ]
 [ 0.8347171  -0.5070706  -0.21477142]
 [ 0.47772402  0.86078197 -0.17559598]]"
20200224-195802.182314,4,[0.32681456 0.19910748 0.08986922],"[[-0.33267844 -0.6727847   0.28044343]
 [ 0.45233312  0.2970999   0.816016  ]
 [ 0.7116943  -0.10639917 -0.4805207 ]
 [-0.42215082  0.6691577  -0.15674536]]","[[ 0.28393936  0.04040662  0.95799047]
 [ 0.82543755 -0.5186755  -0.22277494]
 [ 0.4878846   0.854016   -0.1806255 ]]"
20200224-195802.182314,5,[0.33469367 0.19951311 0.09055322],"[[-0.34055728 -0.6718357   0.27490908]
 [ 0.45755708  0.29104728  0.8124275 ]
 [ 0.7054825  -0.1125235  -0.48899686]
 [-0.4206623   0.6717639  -0.15896155]]","[[ 0.29229227  0.03637844  0.95563686]
 [ 0.8182178  -0.5268055  -0.2302071 ]
 [ 0.4950602   0.84920686 -0.18374668]]"
20200224-195802.182314,6,[0.34293815 0.19990426 0.09137326],"[[-0.34728673 -0.6708161   0.27063102]
 [ 0.46354586  0.2856665   0.8082002 ]
 [ 0.6989465  -0.1181521  -0.4978279 ]
 [-0.41951308  0.6741223  -0.16043301]]","[[ 0.30081356  0.03255485  0.95312715]
 [ 0.8111692  -0.5342977  -0.23776129]
 [ 0.50151336  0.84466934 -0.18713146]]"
20200224-195802.182314,7,[0.35178748 0.20030048 0.09200809],"[[-0.35410285 -0.6699019   0.265497  ]
 [ 0.46803954  0.279706    0.8050045 ]
 [ 0.6934935  -0.12311439 -0.5052569 ]
 [-0.4178725   0.67663825 -0.16184731]]","[[ 0.30891848  0.02840394  0.9506643 ]
 [ 0.8041958  -0.5414542  -0.24514596]
 [ 0.5077781   0.8402503  -0.19010754]]"
20200224-195802.182314,8,[0.3601231  0.20082451 0.09256132],"[[-0.36235973 -0.66797674  0.26038092]
 [ 0.47206205  0.27313548  0.8022428 ]
 [ 0.68839043 -0.12923053 -0.5116797 ]
 [-0.41469443  0.680076   -0.16368341]]","[[ 0.31589067  0.02511883  0.9484631 ]
 [ 0.797209   -0.54906297 -0.25097346]
 [ 0.51446176  0.8354035  -0.19346881]]"
20200224-195802.182314,9,[0.36771402 0.20116307 0.09320927],"[[-0.36733577 -0.6678722   0.25543174]
 [ 0.4751882   0.26820713  0.79943734]
 [ 0.68361866 -0.13187246 -0.51824546]
 [-0.41463995  0.68163157 -0.16454837]]","[[ 0.32199886  0.02121748  0.9465022 ]
 [ 0.79216903 -0.5535111  -0.25708693]
 [ 0.5184447   0.83257157 -0.19503772]]"
20200224-195802.182314,10,[0.37483707 0.20148237 0.0938095 ],"[[-0.37179232 -0.6681231   0.25025564]
 [ 0.47747162  0.2634467   0.79707724]
 [ 0.6793778  -0.13361806 -0.52416164]
 [-0.41501495  0.682901   -0.1652115 ]]","[[ 0.32730666  0.01728122  0.9447602 ]
 [ 0.7878228  -0.5570451  -0.26274735]
 [ 0.52173346  0.8303025  -0.19593911]]"
20200224-195802.182314,11,[0.38386223 0.20183592 0.09448085],"[[-0.37620366 -0.6677485   0.24603994]
 [ 0.48100767  0.25851345  0.79418635]
 [ 0.67484766 -0.13613881 -0.53045297]
 [-0.41434664  0.6846524  -0.1653839 ]]","[[ 0.33395544  0.01331398  0.94249487]
 [ 0.7823884  -0.56156045 -0.269292  ]
 [ 0.5256825   0.8273286  -0.19795287]]"
20200224-195802.182314,12,[0.39182693 0.20235579 0.09515922],"[[-0.38266048 -0.6658055   0.24248232]
 [ 0.4849282   0.25297558  0.79123735]
 [ 0.6700134  -0.14080396 -0.53624237]
 [-0.41170123  0.68766344 -0.1661027 ]]","[[ 0.33949766  0.01070726  0.940546  ]
 [ 0.7767518  -0.56712013 -0.2739187 ]
 [ 0.53046966  0.82356554 -0.20085283]]"
20200224-195802.182314,13,[0.39871594 0.20266834 0.09570891],"[[-0.38622057 -0.6662693   0.23737407]
 [ 0.48625606  0.24847199  0.78946775]
 [ 0.66667455 -0.14133723 -0.5410793 ]
 [-0.41223037  0.68874586 -0.16621538]]","[[ 0.34372976  0.00682065  0.9390439 ]
 [ 0.7732853  -0.5694155  -0.27891925]
 [ 0.5328037   0.8220217  -0.20099936]]"
20200224-195802.182314,14,[0.40631932 0.20304878 0.09630048],"[[-0.39034587 -0.6659293   0.23300187]
 [ 0.48839265  0.24370474  0.7873996 ]
 [ 0.66308147 -0.14292058 -0.54597205]
 [-0.41161373  0.69044894 -0.16621195]]","[[ 0.34834164  0.00333318  0.93736166]
 [ 0.7691932  -0.57253224 -0.2838111 ]
 [ 0.53572387  0.8198755  -0.20200066]]"
20200224-195802.182314,15,[0.41254488 0.20340133 0.09694035],"[[-0.39380336 -0.6660344   0.22883123]
 [ 0.49021035  0.23945776  0.7853415 ]
 [ 0.6594914  -0.14367332 -0.5507622 ]
 [-0.4119268   0.69167614 -0.16593951]]","[[ 3.5199365e-01 -1.5307747e-05  9.3600243e-01]
 [ 7.6606268e-01 -5.7458586e-01 -2.8809541e-01]
 [ 5.3781813e-01  8.1844425e-01 -2.0223884e-01]]"
20200224-195802.182314,16,[0.4217695  0.20372291 0.09765393],"[[-0.39627427 -0.66618913  0.22537658]
 [ 0.4932097   0.23530297  0.78273064]
 [ 0.6557191  -0.14427288 -0.55617654]
 [-0.41199976  0.6928275  -0.16494228]]","[[ 0.35745654 -0.00394279  0.9339216 ]
 [ 0.7618943  -0.5771066  -0.29404986]
 [ 0.5401316   0.8166595  -0.2032865 ]]"
20200224-195802.182314,17,[0.4296836  0.20408988 0.09830702],"[[-0.39939344 -0.6660514   0.22165948]
 [ 0.4954918   0.23094775  0.7805906 ]
 [ 0.6522914  -0.14507425 -0.5608731 ]
 [-0.41169     0.6942568  -0.16421498]]","[[ 0.36177057 -0.00742486  0.93223757]
 [ 0.7582541  -0.57942086 -0.2988682 ]
 [ 0.54237694  0.81499475 -0.20398748]]"
20200224-195802.182314,18,[0.4374866  0.20445992 0.09893209],"[[-0.4024344  -0.6659152   0.2178216 ]
 [ 0.4974589   0.22656877  0.77868927]
 [ 0.6491609  -0.1456457  -0.5652321 ]
 [-0.4113047   0.695709   -0.16342993]]","[[ 0.3657648  -0.01089741  0.9306435 ]
 [ 0.7548237  -0.58150303 -0.30347258]
 [ 0.5444792   0.81347126 -0.20446773]]"
20200224-195802.182314,19,[0.4461197  0.2047784  0.09956123],"[[-0.40440947 -0.6663956   0.2139457 ]
 [ 0.4993373   0.22248557  0.7768418 ]
 [ 0.64629996 -0.14521173 -0.56960064]
 [-0.41159678  0.6966568  -0.16216934]]","[[ 0.3700456  -0.01486723  0.92889464]
 [ 0.7515523  -0.582972   -0.30872798]
 [ 0.5461094   0.8123564  -0.20455268]]"
20200224-195802.182314,20,[0.45417267 0.20514172 0.10024279],"[[-0.40682495 -0.6663759   0.21060756]
 [ 0.5015998   0.21838693  0.774786  ]
 [ 0.6431378  -0.14537604 -0.5739862 ]
 [-0.41141838  0.6979373  -0.16090713]]","[[ 0.37393427 -0.01834189  0.92727387]
 [ 0.748343   -0.5846359  -0.3133426 ]
 [ 0.547865    0.8110884  -0.20488939]]"
20200224-195802.182314,21,[0.4605813  0.20545882 0.1007955 ],"[[-0.40874222 -0.66714746  0.20614642]
 [ 0.50222045  0.2144013   0.773667  ]
 [ 0.6409452  -0.14413069 -0.57744515]
 [-0.412181    0.69869363 -0.15968747]]","[[ 0.37663475 -0.02218914  0.926096  ]
 [ 0.74622965 -0.585092   -0.31750348]
 [ 0.54889655  0.8106632  -0.2038078 ]]"
20200224-195802.182314,22,[0.46602476 0.20581578 0.10138108],"[[-0.41108406 -0.66754687  0.20205806]
 [ 0.5030164   0.21039478  0.77244014]
 [ 0.6385184  -0.14333543 -0.5808539 ]
 [-0.4126489   0.6996931  -0.15848514]]","[[ 0.3788606  -0.02561267  0.92509925]
 [ 0.74428505 -0.5856473  -0.3210253 ]
 [ 0.5500042   0.81016135 -0.20281555]]"
20200224-195802.182314,23,[0.47300798 0.20619176 0.10191832],"[[-0.41352633 -0.6676868   0.19785279]
 [ 0.5038536   0.20607837  0.7713757 ]
 [ 0.6364327  -0.14275993 -0.58403844]
 [-0.41240868  0.70096064 -0.1572663 ]]","[[ 0.3816187  -0.02917013  0.9238594 ]
 [ 0.7418237  -0.58660644 -0.32494685]
 [ 0.5514206   0.8093466  -0.20222092]]"
20200224-195802.182314,24,[0.48190215 0.20652826 0.10255253],"[[-0.41484097 -0.6681953   0.19425221]
 [ 0.505585    0.2021235   0.76980364]
 [ 0.634095   -0.1416537  -0.5878108 ]
 [-0.41257083  0.7018515  -0.15539256]]","[[ 0.38531643 -0.03314849  0.92218876]
 [ 0.73902327 -0.587377   -0.32989824]
 [ 0.5526082   0.8086342  -0.20182854]]"
20200224-195802.182314,25,[0.48676476 0.20681031 0.1030604 ],"[[-0.4157627  -0.6697211   0.1893534 ]
 [ 0.50523776  0.19846474  0.7692604 ]
 [ 0.63260716 -0.13886203 -0.590571  ]
 [-0.41434795  0.7019992  -0.15365402]]","[[ 0.3869534  -0.03737246  0.92134166]
 [ 0.7380172  -0.5864665  -0.33374804]
 [ 0.5528088   0.809111   -0.19935364]]"
20200224-195802.182314,26,[0.4960741  0.20711909 0.10362367],"[[-0.416436   -0.67073315  0.18518934]
 [ 0.50631684  0.19452468  0.76815915]
 [ 0.63093525 -0.13681778 -0.5938612 ]
 [-0.41490373  0.7025372  -0.15154238]]","[[ 0.39046994 -0.04181184  0.9196658 ]
 [ 0.7355247  -0.58661    -0.33895743]
 [ 0.55365753  0.8087896  -0.19829994]]"
20200224-195802.182314,27,[0.5034194  0.20742103 0.1042129 ],"[[-0.41696897 -0.67197025  0.18108839]
 [ 0.50711447  0.19083697  0.7671281 ]
 [ 0.62917566 -0.13436785 -0.5970193 ]
 [-0.4160642   0.7028387  -0.14929548]]","[[ 0.3931308  -0.04612751  0.9183247 ]
 [ 0.73375344 -0.5861511  -0.34355894]
 [ 0.5541247   0.8088875  -0.19658782]]"
20200224-195802.182314,28,[0.5118062  0.20785429 0.10484786],"[[-0.41920057 -0.6715612   0.17794847]
 [ 0.5089831   0.18653476  0.7656607 ]
 [ 0.62686175 -0.13416801 -0.600299  ]
 [-0.41503152  0.7044213  -0.14744021]]","[[ 0.39611605 -0.04940031  0.91687053]
 [ 0.7310052  -0.587285   -0.34745896]
 [ 0.5556289   0.8078713  -0.19652109]]"
20200224-195802.182314,29,[0.5192364  0.20821407 0.10536134],"[[-0.42044544 -0.6722337   0.17360066]
 [ 0.50942266  0.18243179  0.7649922 ]
 [ 0.6255062  -0.13222769 -0.60290307]
 [-0.41527852  0.705221   -0.14545667]]","[[ 0.39845884 -0.05343585  0.9156283 ]
 [ 0.72913384 -0.5871662  -0.3515679 ]
 [ 0.5564122   0.807701   -0.19499964]]"
20200224-195802.182314,30,[0.52528703 0.20856622 0.10595217],"[[-0.42141783 -0.67308825  0.16967389]
 [ 0.51009893  0.17864427  0.7640736 ]
 [ 0.62375003 -0.13001649 -0.6057271 ]
 [-0.41610312  0.7057862  -0.14316846]]","[[ 0.40038204 -0.05737661  0.91455024]
 [ 0.72771466 -0.5866252  -0.35539043]
 [ 0.5568893   0.8078236  -0.19312038]]"
20200224-195802.182314,31,[0.5322065  0.20896532 0.10653993],"[[-0.42289838 -0.67339     0.1660005 ]
 [ 0.51107955  0.17457259  0.76310766]
 [ 0.6219806  -0.1285218  -0.6084719 ]
 [-0.41604674  0.70679057 -0.14097036]]","[[ 0.40253717 -0.06104185  0.91336626]
 [ 0.72587365 -0.58663976 -0.35911193]
 [ 0.5577377   0.80754435 -0.1918356 ]]"
20200224-195802.182314,32,[0.53773403 0.20935611 0.10719926],"[[-0.42414123 -0.6738685   0.16268313]
 [ 0.5122587   0.17079851  0.7618965 ]
 [ 0.61981606 -0.12674607 -0.6114444 ]
 [-0.41656142  0.70757663 -0.13850398]]","[[ 0.40429088 -0.06463698  0.9123437 ]
 [ 0.724464   -0.5862554  -0.36256948]
 [ 0.55830175  0.8075438  -0.19019051]]"
20200224-195802.182314,33,[0.54556715 0.20972829 0.1077638 ],"[[-0.42488045 -0.67461413  0.15873869]
 [ 0.51307654  0.16681899  0.76108325]
 [ 0.6184065  -0.12445895 -0.61405635]
 [-0.41689646  0.7082214  -0.13597512]]","[[ 0.40660414 -0.06876929  0.91101253]
 [ 0.7227133  -0.5857957  -0.36678195]
 [ 0.5588906   0.80753595 -0.18848647]]"
20200224-195802.182314,34,[0.55074316 0.21009976 0.10830761],"[[-0.42575204 -0.6755488   0.15452963]
 [ 0.51324576  0.1629357   0.7605442 ]
 [ 0.61705995 -0.12179309 -0.61634177]
 [-0.4177928   0.70869744 -0.13347548]]","[[ 0.40797505 -0.07281978  0.9100843 ]
 [ 0.7217065  -0.5848088  -0.37032157]
 [ 0.5591922   0.8078959  -0.1860329 ]]"
20200224-195802.182314,35,[0.5552127  0.21049045 0.10876418],"[[-0.42699522 -0.67633075  0.14978254]
 [ 0.5127281   0.1588213   0.760449  ]
 [ 0.6161932  -0.1191307  -0.61810434]
 [-0.41843888  0.70933807 -0.13126056]]","[[ 0.40893614 -0.07683551  0.9093226 ]
 [ 0.720874   -0.58380234 -0.37351778]
 [ 0.5595642   0.808252   -0.18334915]]"
20200224-195802.182314,36,[0.5604594  0.21081291 0.10927235],"[[-0.4267797  -0.6780606   0.14502558]
 [ 0.51245326  0.1551663   0.76017225]
 [ 0.61531013 -0.11514042 -0.6201854 ]
 [-0.4202906   0.7091543  -0.12835768]]","[[ 0.41026747 -0.08159709  0.90830755]
 [ 0.7202598  -0.58192724 -0.37760642]
 [ 0.5593805   0.8091369  -0.17997473]]"
20200224-195802.182314,37,[0.56588024 0.2112734  0.10985816],"[[-0.42859763 -0.6779676   0.14151505]
 [ 0.5132647   0.15096141  0.75935584]
 [ 0.6136318  -0.11369217 -0.62248856]
 [-0.41990447  0.71038365 -0.12593614]]","[[ 0.41165358 -0.08499429  0.90736836]
 [ 0.7188364  -0.58172923 -0.38061196]
 [ 0.56019247  0.80892986 -0.1783739 ]]"
20200224-195802.182314,38,[0.57119316 0.2117402  0.11043285],"[[-0.43041676 -0.677845    0.13794802]
 [ 0.5139756   0.14671794  0.7586246 ]
 [ 0.61206263 -0.11218417 -0.62466854]
 [-0.41946307  0.71162784 -0.12348378]]","[[ 0.4129602  -0.08840391  0.9064484 ]
 [ 0.71746606 -0.5814754  -0.38357356]
 [ 0.5609868   0.80874646 -0.17669941]]"
20200224-195802.182314,39,[0.5781252  0.21216348 0.11090406],"[[-0.43125853 -0.6784075   0.13349846]
 [ 0.51406187  0.14247732  0.758377  ]
 [ 0.61136925 -0.1095427  -0.62644327]
 [-0.4195044   0.7123646  -0.12087558]]","[[ 0.41458365 -0.09258752  0.90528876]
 [ 0.71612537 -0.5806317  -0.38733837]
 [ 0.56150204  0.8088845  -0.17441611]]"
20200224-195802.182314,40,[0.5844059  0.21260972 0.11145987],"[[-0.43234897 -0.6787131   0.12970732]
 [ 0.5146922   0.13831481  0.7577608 ]
 [ 0.610114   -0.10731503 -0.62851393]
 [-0.41943642  0.7132332  -0.11808819]]","[[ 0.4161022  -0.09645289  0.9041879 ]
 [ 0.71479964 -0.5799384  -0.3908108 ]
 [ 0.5620681   0.8089304  -0.17236912]]"
20200224-195802.182314,41,[0.5894554  0.21308208 0.11204869],"[[-0.43387145 -0.6787397   0.1262208 ]
 [ 0.5154266   0.1341388   0.75701535]
 [ 0.6085446  -0.10544194 -0.6306329 ]
 [-0.41924295  0.7142834  -0.11531737]]","[[ 0.41727674 -0.09999871  0.90326095]
 [ 0.7136233  -0.5793577  -0.39381012]
 [ 0.5626917   0.8089158  -0.17039107]]"
20200224-195802.182314,42,[0.59662247 0.21347575 0.11262795],"[[-0.43365332 -0.6799024   0.12219918]
 [ 0.5161324   0.13030964  0.7563351 ]
 [ 0.6074296  -0.10189969 -0.6328481 ]
 [-0.4202153   0.7144008  -0.1119278 ]]","[[ 0.41906273 -0.10461734  0.90191   ]
 [ 0.71252126 -0.5777896  -0.39808616]
 [ 0.56276095  0.8094531  -0.167588  ]]"
20200224-195802.182314,43,[0.60085297 0.21387757 0.1131749 ],"[[-0.43372446 -0.6811484   0.11789011]
 [ 0.5161733   0.12650119  0.7559365 ]
 [ 0.60635823 -0.09812362 -0.6347142 ]
 [-0.42163748  0.7144272  -0.10862792]]","[[ 0.41999272 -0.10914878  0.90093994]
 [ 0.7120569  -0.57585406 -0.4017054 ]
 [ 0.56265557  0.8102337  -0.16413435]]"
20200224-195802.182314,44,[0.6081597  0.21432588 0.11369982],"[[-0.43410403 -0.68178487  0.11380098]
 [ 0.5167098   0.12234778  0.7554594 ]
 [ 0.6054989  -0.09512963 -0.6365602 ]
 [-0.4218248   0.7149483  -0.10545754]]","[[ 0.421639   -0.11347596  0.8996355 ]
 [ 0.7108006  -0.57466006 -0.40562138]
 [ 0.5630127   0.81048715 -0.16164033]]"
20200224-195802.182314,45,[0.6125393  0.21477486 0.11420114],"[[-0.43476173 -0.68253183  0.10943384]
 [ 0.5165989   0.11823198  0.7552163 ]
 [ 0.6046291  -0.09189023 -0.6381157 ]
 [-0.42253023  0.7153517  -0.1023764 ]]","[[ 0.4224664  -0.1177413   0.89869857]
 [ 0.7101759  -0.57308775 -0.40892634]
 [ 0.5631807   0.8109917  -0.15849327]]"
20200224-195802.182314,46,[0.62101275 0.21521463 0.11469833],"[[-0.43455994 -0.683461    0.10505943]
 [ 0.51707286  0.11409241  0.7548389 ]
 [ 0.6040918  -0.08832958 -0.63982975]
 [-0.42292625  0.7155851  -0.0989865 ]]","[[ 0.42431897 -0.12245435  0.89719474]
 [ 0.7088977  -0.57154936 -0.41327417]
 [ 0.5633983   0.8113793  -0.15571164]]"
20200224-195802.182314,47,[0.6271889  0.21574485 0.11517506],"[[-0.43619078 -0.68315405  0.10103825]
 [ 0.51730126  0.10952341  0.75454956]
 [ 0.60334384 -0.08637775 -0.641233  ]
 [-0.42203465  0.71682906 -0.09626365]]","[[ 0.42542642 -0.12610777  0.8961637 ]
 [ 0.70762604 -0.57095224 -0.4162681 ]
 [ 0.56416124  0.81124014 -0.15366101]]"
20200224-195802.182314,48,[0.63011867 0.21627478 0.11563321],"[[-0.43805528 -0.68299115  0.09678793]
 [ 0.51689696  0.10502703  0.7544774 ]
 [ 0.602543   -0.08413841 -0.6423697 ]
 [-0.42174307  0.71792275 -0.0935801 ]]","[[ 0.42572072 -0.1297196   0.89550817]
 [ 0.7070069  -0.5699618  -0.41867042]
 [ 0.56471515  0.81136703 -0.15093191]]"
20200224-195802.182314,49,[0.6332663  0.21676302 0.11606403],"[[-0.4389351  -0.68356574  0.09203489]
 [ 0.5162182   0.1007448   0.7545401 ]
 [ 0.60204035 -0.080761   -0.6434241 ]
 [-0.42237705  0.7183771  -0.09057611]]","[[ 0.426083   -0.13398375  0.89470756]
 [ 0.70665914 -0.56821567 -0.4216205 ]
 [ 0.5648772   0.8118986  -0.14742614]]"
20200224-195802.182314,50,[0.63746053 0.21719766 0.1165508 ],"[[-0.438411   -0.6850864   0.08725514]
 [ 0.51593286  0.0968397   0.75437355]
 [ 0.60141385 -0.07611626 -0.64479786]
 [-0.42415896  0.7179732  -0.08684929]]","[[ 0.42686784 -0.13901083  0.8935658 ]
 [ 0.7064483  -0.5656029  -0.4254694 ]
 [ 0.5645483   0.8128772  -0.14323367]]"
20200224-195802.182314,51,[0.64556134 0.21764557 0.11708783],"[[-0.43746576 -0.6864268   0.08291952]
 [ 0.5166059   0.09288235  0.7538381 ]
 [ 0.6007511  -0.07171119 -0.64651954]
 [-0.42525357  0.71766895 -0.08285552]]","[[ 0.4286136  -0.14412813  0.8919179 ]
 [ 0.70549244 -0.5633229  -0.4300556 ]
 [ 0.56442106  0.81356895 -0.13976659]]"
20200224-195802.182314,52,[0.6533126  0.21815385 0.1176429 ],"[[-0.43746817 -0.68697214  0.07907099]
 [ 0.5175231   0.088705    0.7531822 ]
 [ 0.59986377 -0.06835725 -0.648233  ]
 [-0.4253884   0.71800303 -0.07911236]]","[[ 0.43020698 -0.14859761  0.8904162 ]
 [ 0.7043236  -0.5617275  -0.43404004]
 [ 0.5646685   0.813868   -0.13699827]]"
20200224-195802.182314,53,[0.6574354  0.21866143 0.1180383 ],"[[-0.43781593 -0.6877114   0.07405791]
 [ 0.51681894  0.08439369  0.7533074 ]
 [ 0.59967166 -0.06445579 -0.6490677 ]
 [-0.42615643  0.7181757  -0.07585894]]","[[ 0.43074235 -0.15320589  0.8893758 ]
 [ 0.7039577  -0.559621   -0.43734223]
 [ 0.56471664  0.81446457 -0.13320197]]"
20200224-195802.182314,54,[0.66420656 0.2191915  0.11853343],"[[-0.43809426 -0.68813056  0.06985748]
 [ 0.5172163   0.08007649  0.75290805]
 [ 0.59905905 -0.06108784 -0.65040207]
 [-0.42625034  0.7185628  -0.07229821]]","[[ 0.4319669  -0.15763739  0.8880063 ]
 [ 0.70299613 -0.5579447  -0.44101486]
 [ 0.56497884  0.8147687  -0.13019514]]"
20200224-195802.182314,55,[0.6693351  0.21972066 0.11909741],"[[-0.438233   -0.68873173  0.06596516]
 [ 0.51784825  0.07597368  0.752259  ]
 [ 0.59795815 -0.05744847 -0.65197694]
 [-0.4268852   0.7187322  -0.06841879]]","[[ 0.43295068 -0.16209574  0.88672364]
 [ 0.70233667 -0.55596334 -0.4445538 ]
 [ 0.5650462   0.81524813 -0.12685892]]"
20200224-195802.182314,56,[0.6760293  0.22026858 0.11958917],"[[-0.43846703 -0.68913054  0.06175487]
 [ 0.51824665  0.07164617  0.7518408 ]
 [ 0.59735715 -0.05398607 -0.6532428 ]
 [-0.42700315  0.7190632  -0.06477199]]","[[ 0.4341139  -0.16654631  0.88532907]
 [ 0.7014298  -0.5541841  -0.44819242]
 [ 0.56528     0.81556267 -0.12375845]]"
20200224-195802.182314,57,[0.6785465  0.22082756 0.12001503],"[[-0.4391976  -0.68955547  0.05709444]
 [ 0.51766264  0.06728948  0.7518155 ]
 [ 0.596858   -0.05035135 -0.65402335]
 [-0.4276583   0.71933997 -0.06137625]]","[[ 0.43432185 -0.17090032  0.8843968 ]
 [ 0.701229   -0.552109   -0.45105842]
 [ 0.56536955  0.816069   -0.11995274]]"
20200224-195802.182314,58,[0.68265104 0.2213874  0.12051674],"[[-0.4395898  -0.6900124   0.05285984]
 [ 0.51779044  0.06304193  0.75139797]
 [ 0.5960276  -0.04667345 -0.65519786]
 [-0.42825788  0.7195347  -0.05764282]]","[[ 0.4349574  -0.17534237  0.88321406]
 [ 0.70076525 -0.55003315 -0.45430332]
 [ 0.56545556  0.81652826 -0.11636714]]"
20200224-195802.182314,59,[0.6860869  0.22199495 0.12090813],"[[-0.44089997 -0.6898085   0.04827579]
 [ 0.5172019   0.05843855  0.7514046 ]
 [ 0.5957421  -0.04373933 -0.65580845]
 [-0.4280195   0.7203029  -0.05455279]]","[[ 0.43522924 -0.17934239  0.88227654]
 [ 0.7002631  -0.5484911  -0.45693463]
 [ 0.56586856  0.816697   -0.11313254]]"
20200224-195802.182314,60,[0.69128007 0.22260085 0.12138978],"[[-0.4417363  -0.68971586  0.04420532]
 [ 0.51744485  0.05397929  0.7509863 ]
 [ 0.59508854 -0.04069095 -0.6568588 ]
 [-0.42777306  0.72091776 -0.05101392]]","[[ 0.4359962  -0.18346286  0.88104975]
 [ 0.69949067 -0.5468875  -0.46002924]
 [ 0.56623346  0.8168571  -0.11011031]]"
20200224-195802.182314,61,[0.6943992  0.22319269 0.12183695],"[[-0.44229603 -0.690041    0.03971541]
 [ 0.5171586   0.04962806  0.7507619 ]
 [ 0.5945093  -0.03697067 -0.65767336]
 [-0.4283457   0.72111976 -0.04738211]]","[[ 0.43634304 -0.18788472  0.8799455 ]
 [ 0.69920075 -0.5447256  -0.46302524]
 [ 0.5663242   0.81729645 -0.10631806]]"
20200224-195802.182314,62,[0.6985748  0.22381677 0.12228011],"[[-0.44327644 -0.68991125  0.03545016]
 [ 0.51703626  0.04510576  0.75049335]
 [ 0.5939889  -0.03385986 -0.65846413]
 [-0.42820174  0.7216934  -0.04391015]]","[[ 0.43683338 -0.19199471  0.87881434]
 [ 0.6986223  -0.543016   -0.46589777]
 [ 0.56666017  0.817479   -0.10307571]]"
20200224-195802.182314,63,[0.7046398  0.22442849 0.1226088 ],"[[-0.4434712  -0.6901732   0.03036738]
 [ 0.5164361   0.0405687   0.7505939 ]
 [ 0.5942835  -0.03000143 -0.6588204 ]
 [-0.4283156   0.72188306 -0.04052944]]","[[ 0.43757603 -0.19661067  0.87742317]
 [ 0.6980065  -0.5408757  -0.46929795]
 [ 0.56684583  0.8178006  -0.09943871]]"
20200224-195802.182314,64,[0.710757   0.22502173 0.12312421],"[[-0.44299492 -0.6909053   0.02616376]
 [ 0.5170273   0.03639307  0.749961  ]
 [ 0.5935315  -0.02565992 -0.6599698 ]
 [-0.42913723  0.72157264 -0.0362423 ]]","[[ 0.4386361  -0.20148063  0.8757876 ]
 [ 0.6974156  -0.5382883  -0.4731356 ]
 [ 0.566754    0.8183221  -0.095597  ]]"
20200224-195802.182314,65,[0.7156796  0.2256662  0.12361519],"[[-0.4436446  -0.6908438   0.02218894]
 [ 0.5173793   0.03196464  0.749409  ]
 [ 0.5927812  -0.02235692 -0.660941  ]
 [-0.42907926  0.72195107 -0.03241511]]","[[ 0.4393315  -0.2056958   0.87445825]
 [ 0.69676054 -0.53640324 -0.47623166]
 [ 0.5670211   0.8185114  -0.09233811]]"
20200224-195802.182314,66,[0.7171476  0.2263213  0.12407658],"[[-0.4446679  -0.6907972   0.017997  ]
 [ 0.5171021   0.02754546  0.74905676]
 [ 0.59196776 -0.01895181 -0.6616387 ]
 [-0.4294766   0.7222752  -0.02871502]]","[[ 0.43935767 -0.20984215  0.8734594 ]
 [ 0.6966152  -0.534327   -0.47877154]
 [ 0.5671794   0.8188169  -0.08858142]]"
20200224-195802.182314,67,[0.7216661  0.22698192 0.1244339 ],"[[-0.44526985 -0.6907602   0.013258  ]
 [ 0.5165816   0.02298892  0.74898416]
 [ 0.59194744 -0.01538622 -0.6619738 ]
 [-0.42950726  0.7225548  -0.0252514 ]]","[[ 0.43979898 -0.21419525  0.8721796 ]
 [ 0.69614685 -0.5322572  -0.48174897]
 [ 0.56741214  0.81903774 -0.08497478]]"
20200224-195802.182314,68,[0.72500086 0.22761314 0.12495326],"[[-0.44491604 -0.69152147  0.00904631]
 [ 0.5169454   0.0188975   0.7483005 ]
 [ 0.59093505 -0.01077486 -0.6629717 ]
 [-0.43082887  0.7220285  -0.02081463]]","[[ 0.44036102 -0.21907254  0.87068325]
 [ 0.6959896  -0.52932787 -0.48519117]
 [ 0.5671691   0.8196458  -0.08062316]]"
20200224-195802.182314,69,[0.7291368  0.22826871 0.12535752],"[[-0.44487414 -0.69195676  0.00435631]
 [ 0.516707    0.0145546   0.74800533]
 [ 0.59060735 -0.00649611 -0.66346395]
 [-0.43160623  0.72176325 -0.01687887]]","[[ 0.4408643  -0.22380473  0.8692239 ]
 [ 0.69571114 -0.5266752  -0.48846632]
 [ 0.5671197   0.8200761  -0.07648885]]"
20200224-195802.182314,70,[0.7325032  0.22897859 0.1258471 ],"[[-4.4605896e-01 -6.9145876e-01  6.0984876e-04]
 [ 5.1696420e-01  1.0046347e-02  7.4737954e-01]
 [ 5.8973396e-01 -3.5653629e-03 -6.6426820e-01]
 [-4.3126974e-01  7.2233754e-01 -1.3089527e-02]]","[[ 0.441224   -0.22770664  0.8680272 ]
 [ 0.6951814  -0.52494776 -0.4910731 ]
 [ 0.56748945  0.82010967 -0.0733221 ]]"
20200224-195802.182314,71,[0.7388219  0.22967497 0.12627737],"[[-4.4615170e-01 -6.9145125e-01 -3.6337539e-03]
 [ 5.1727557e-01  5.6106127e-03  7.4689472e-01]
 [ 5.8945090e-01  1.6301232e-04 -6.6486973e-01]
 [-4.3118760e-01  7.2240138e-01 -9.1289766e-03]]","[[ 0.44211063 -0.23215754  0.86639553]
 [ 0.6944664  -0.522724   -0.49444535]
 [ 0.56767493  0.82028204 -0.0698762 ]]"
20200224-195802.182314,72,[0.7398023  0.23039025 0.12671447],"[[-0.4471734  -0.6912492  -0.0078196 ]
 [ 0.51692605  0.00117593  0.74648625]
 [ 0.5886962   0.00364475 -0.6653337 ]
 [-0.4315789   0.7226064  -0.00533941]]","[[ 0.44203696 -0.23629731  0.8653133 ]
 [ 0.69439495 -0.5205183  -0.49686667]
 [ 0.5678196   0.82050246 -0.06600465]]"
20200224-195802.182314,73,[0.7435922  0.23106976 0.12714031],"[[-0.44651583 -0.6920333  -0.01251879]
 [ 0.51690453 -0.00296816  0.7459967 ]
 [ 0.58818203  0.00860624 -0.6658315 ]
 [-0.43298447  0.721808   -0.00099591]]","[[ 0.44257918 -0.24135433  0.8636388 ]
 [ 0.69430006 -0.51728654 -0.5003621 ]
 [ 0.5675132   0.8210742  -0.0613679 ]]"
20200224-195802.182314,74,[0.74486315 0.23178104 0.12753268],"[[-0.44670242 -0.69235194 -0.01720437]
 [ 0.5163771  -0.00725334  0.7456758 ]
 [ 0.58768326  0.0129839  -0.6660802 ]
 [-0.43409652  0.72140694  0.00297386]]","[[ 0.44259477 -0.24600658  0.8623171 ]
 [ 0.694405   -0.51441646 -0.50316733]
 [ 0.5673726   0.8214965  -0.05684984]]"
20200224-195802.182314,75,[0.7475292  0.23254001 0.12787998],"[[-0.44784638 -0.69177055 -0.02162435]
 [ 0.5157681  -0.0118517   0.74546164]
 [ 0.5875334   0.01612258 -0.66616714]
 [-0.4338449   0.7218404   0.00639488]]","[[ 0.44265985 -0.24997787  0.8611408 ]
 [ 0.69408673 -0.5124978  -0.50555897]
 [ 0.5677113   0.82149696 -0.05335587]]"
20200224-195802.182314,76,[0.75269043 0.23329443 0.12824388],"[[-0.44817224 -0.69154024 -0.02604623]
 [ 0.51564205 -0.01632073  0.745085  ]
 [ 0.58744913  0.01977935 -0.66638356]
 [-0.4337726   0.7218827   0.01015253]]","[[ 0.44322595 -0.2542881   0.85958624]
 [ 0.6935612  -0.5102351  -0.50855994]
 [ 0.56791174  0.82158256 -0.04978504]]"
20200224-195802.182314,77,[0.758779   0.2340544  0.12864238],"[[-0.44832653 -0.69131744 -0.03030468]
 [ 0.5158498  -0.02074422  0.74452925]
 [ 0.58724874  0.02349134 -0.6667533 ]
 [-0.43363738  0.72187114  0.01407088]]","[[ 0.44399166 -0.2586475   0.8578887 ]
 [ 0.6929111  -0.5079276  -0.51174587]
 [ 0.5681071   0.82165146 -0.04629592]]"
20200224-195802.182314,78,[0.7625655  0.23481567 0.12899993],"[[-0.44830486 -0.6914009  -0.0349262 ]
 [ 0.5155627  -0.02506545  0.74414575]
 [ 0.58707863  0.02770451 -0.6668611 ]
 [-0.43423173  0.7215049   0.0179892 ]]","[[ 0.4443786  -0.26321065  0.85629904]
 [ 0.6926829  -0.50519013 -0.5147557 ]
 [ 0.5680831   0.82189    -0.04217415]]"
20200224-195802.182314,79,[0.76422423 0.23560354 0.12944454],"[[-0.44914684 -0.6910409  -0.03888126]
 [ 0.5155283  -0.02941774  0.7434616 ]
 [ 0.5862452   0.03124397 -0.66728586]
 [-0.43452802  0.72154087  0.02196831]]","[[ 0.44445413 -0.26732078  0.8549855 ]
 [ 0.69252235 -0.50287783 -0.5172299 ]
 [ 0.56821954  0.8219816  -0.03838049]]"
20200224-195802.182314,80,[0.76778084 0.2364116  0.12981693],"[[-0.45002925 -0.6903918  -0.04303048]
 [ 0.5153169  -0.03390971  0.74298054]
 [ 0.58599347  0.0344636  -0.66743696]
 [-0.43420553  0.72181857  0.02561395]]","[[ 0.4447102  -0.27129498  0.85359925]
 [ 0.69209594 -0.5008576  -0.5197547 ]
 [ 0.5685385   0.8219129  -0.03497425]]"
20200224-195802.182314,81,[0.77243155 0.23720185 0.1302078 ],"[[-0.44973862 -0.6905397  -0.04740269]
 [ 0.51543367 -0.03814673  0.74236965]
 [ 0.5856465   0.03879864 -0.6676472 ]
 [-0.4348351   0.72124493  0.02979485]]","[[ 0.445303   -0.2759032   0.8518115 ]
 [ 0.6917785  -0.49797496 -0.5229373 ]
 [ 0.5684608   0.82213044 -0.03088582]]"
20200224-195802.182314,82,[0.77707696 0.23800452 0.13058819],"[[-0.4495186  -0.69059986 -0.05180603]
 [ 0.51549244 -0.04238578  0.7417507 ]
 [ 0.5853332   0.04308455 -0.66781175]
 [-0.43541497  0.72070736  0.03390387]]","[[ 0.4458605  -0.28046766  0.8500273 ]
 [ 0.6914637  -0.49512014 -0.5260554 ]
 [ 0.5684072   0.82231027 -0.02682129]]"
20200224-195802.182314,83,[0.78032374 0.2388048  0.13096912],"[[-0.44888958 -0.69107807 -0.05639071]
 [ 0.51545554 -0.04645615  0.74110883]
 [ 0.58484036  0.04798658 -0.66791993]
 [-0.43676746  0.71968746  0.03822473]]","[[ 0.44627944 -0.2853248   0.8481889 ]
 [ 0.69144464 -0.4917524  -0.5292296 ]
 [ 0.56810117  0.82265997 -0.02217264]]"
20200224-195802.182314,84,[0.783307   0.23967698 0.13134903],"[[-0.45075682 -0.6896511  -0.06005468]
 [ 0.5152144  -0.05109162  0.7405054 ]
 [ 0.58449036  0.05020401 -0.66806966]
 [-0.43559512  0.7205905   0.04157239]]","[[ 0.44632152 -0.28866607  0.84703547]
 [ 0.6908862  -0.49043214 -0.5311803 ]
 [ 0.56874704  0.8222823  -0.01945501]]"
20200224-195802.182314,85,[0.78632617 0.24052101 0.13175698],"[[-0.4509616  -0.6894856  -0.06411496]
 [ 0.5153091  -0.05531275  0.73974574]
 [ 0.5838639   0.05418461 -0.66826326]
 [-0.43611118  0.7201485   0.04571362]]","[[ 0.4466363  -0.29296947  0.8453905 ]
 [ 0.6906881  -0.48772407 -0.53392446]
 [ 0.5687407   0.8223711  -0.0154847 ]]"
20200224-195802.182314,86,[0.7961425  0.24138491 0.13214388],"[[-0.45056143 -0.68904614 -0.06803229]
 [ 0.51618314 -0.05961662  0.73888946]
 [ 0.58392614  0.05785516 -0.66853166]
 [-0.43540788  0.71994036  0.04979679]]","[[ 0.44794437 -0.29719773  0.84321976]
 [ 0.689636   -0.48536268 -0.53742486]
 [ 0.5689887   0.8222511  -0.01245719]]"
20200224-195802.182314,87,[0.79960495 0.24225254 0.1324588 ],"[[-0.45057085 -0.68885785 -0.07252   ]
 [ 0.5158429  -0.06383327  0.73838097]
 [ 0.58383185  0.06194128 -0.66832626]
 [-0.4359275   0.7194192   0.05361867]]","[[ 0.4482258  -0.30153644  0.8415281 ]
 [ 0.6894632  -0.48257735 -0.54014814]
 [ 0.56897676  0.8223109  -0.00840539]]"
20200224-195802.182314,88,[0.80236036 0.24313296 0.13284937],"[[-0.45081005 -0.68858457 -0.07655173]
 [ 0.51588535 -0.06800362  0.7375923 ]
 [ 0.5832415   0.06588059 -0.66840726]
 [-0.43641955  0.7189481   0.05769767]]","[[ 0.44847992 -0.30575824  0.8398678 ]
 [ 0.68929267 -0.47986782 -0.54277295]
 [ 0.56898266  0.82233745 -0.00445413]]"
20200224-195802.182314,89,[0.8040142  0.24403024 0.13319196],"[[-0.45133573 -0.68816274 -0.08072778]
 [ 0.5155003  -0.07223216  0.7369839 ]
 [ 0.58283365  0.06961942 -0.66824687]
 [-0.43687576  0.7185874   0.06151403]]","[[ 4.4849065e-01 -3.0984086e-01  8.3836442e-01]
 [ 6.8924367e-01 -4.7728214e-01 -5.4511017e-01]
 [ 5.6903362e-01  8.2231420e-01 -5.0069665e-04]]"
20200224-195802.182314,90,[0.8040701  0.24494658 0.13355501],"[[-0.45238486 -0.687449   -0.0846607 ]
 [ 0.51504344 -0.0764896   0.7363133 ]
 [ 0.5822213   0.07298181 -0.66814476]
 [-0.4371458   0.7184964   0.06525128]]","[[ 0.44824672 -0.3136739   0.8370685 ]
 [ 0.68927073 -0.47497407 -0.54708815]
 [ 0.5691931   0.8221973   0.00330068]]"
20200224-195802.182314,91,[0.8028682  0.24586195 0.13392586],"[[-0.45292845 -0.6872316  -0.08874374]
 [ 0.5145857  -0.08056546  0.7355933 ]
 [ 0.5813815   0.07701477 -0.6680039 ]
 [-0.43823844  0.7178373   0.06926652]]","[[ 0.4479335  -0.31783703  0.83566463]
 [ 0.68957716 -0.47209942 -0.5491861 ]
 [ 0.5690686   0.822254    0.00770399]]"
20200224-195802.182314,92,[0.80960435 0.24678987 0.13431785],"[[-0.45268178 -0.6868686  -0.09252049]
 [ 0.5152532  -0.08468638  0.7346133 ]
 [ 0.5810471   0.08085961 -0.6681229 ]
 [-0.43815228  0.71728766  0.07345233]]","[[ 0.448796   -0.32199433  0.83360773]
 [ 0.6889459  -0.46944618 -0.5522444 ]
 [ 0.5691534   0.8221557   0.0111511 ]]"
20200224-195802.182314,93,[0.81282717 0.24773023 0.13460942],"[[-0.45265988 -0.6865527  -0.09685601]
 [ 0.51492965 -0.08876684  0.7340053 ]
 [ 0.5809557   0.08486698 -0.66775346]
 [-0.43867645  0.71663326  0.0772065 ]]","[[ 0.44904208 -0.32616365  0.8318525 ]
 [ 0.68880737 -0.46663877 -0.5547908 ]
 [ 0.56912714  0.8221106   0.01512348]]"
20200224-195802.182314,94,[0.81716764 0.24867938 0.13494268],"[[-0.45235556 -0.6863757  -0.10097644]
 [ 0.51504207 -0.09277571  0.7332022 ]
 [ 0.5806772   0.08902078 -0.6675485 ]
 [-0.43922722  0.71579087  0.08122662]]","[[ 0.44952872 -0.3304064   0.82991314]
 [ 0.6885581  -0.46368825 -0.5575671 ]
 [ 0.56904465  0.8220857   0.01906282]]"
20200224-195802.182314,95,[0.8208847  0.24964012 0.13535091],"[[-0.45228022 -0.6861308  -0.10467737]
 [ 0.51552343 -0.09674542  0.73212045]
 [ 0.57991636  0.09305253 -0.66763186]
 [-0.4397444   0.714987    0.08550042]]","[[ 0.44999775 -0.3345517   0.827996  ]
 [ 0.68830496 -0.46080226 -0.56026584]
 [ 0.5689803   0.822032    0.02291363]]"
20200224-195802.182314,96,[0.8206731  0.25062597 0.13569193],"[[-0.45329982 -0.6853435  -0.10846868]
 [ 0.5150519  -0.10087739  0.73136127]
 [ 0.57929885  0.09635434 -0.6673769 ]
 [-0.4400615   0.71473396  0.08918563]]","[[ 0.4497254  -0.3382519   0.82663965]
 [ 0.6883717  -0.45846286 -0.5621    ]
 [ 0.56911486  0.8218259   0.02666061]]"
20200224-195802.182314,97,[0.82193637 0.25160906 0.13604079],"[[-0.45313862 -0.68530124 -0.1125066 ]
 [ 0.5149906  -0.1047224   0.7304595 ]
 [ 0.5785857   0.10070945 -0.66713285]
 [-0.44123542  0.71362007  0.09330063]]","[[ 0.449838   -0.34249258  0.82483023]
 [ 0.68849736 -0.4552772  -0.5645301 ]
 [ 0.5688736   0.8218405   0.03100425]]"
20200224-195802.182314,98,[0.82484317 0.2526209  0.13634115],"[[-0.45399126 -0.6842875  -0.11626732]
 [ 0.51468575 -0.10887962  0.7297247 ]
 [ 0.5784283   0.10371716 -0.6667978 ]
 [-0.440921    0.71353966  0.09677142]]","[[ 0.44992638 -0.3460259   0.8233057 ]
 [ 0.6882053  -0.45318645 -0.56656474]
 [ 0.56915706  0.8215158   0.03423635]]"
20200224-195802.182314,99,[0.82738876 0.25363627 0.13668454],"[[-0.45414215 -0.6838418  -0.12002506]
 [ 0.5147522  -0.11279202  0.7287901 ]
 [ 0.5778839   0.10751043 -0.6665707 ]
 [-0.44140163  0.7127974   0.10071144]]","[[ 0.45014623 -0.34993604  0.821531  ]
 [ 0.68808156 -0.4504467  -0.568895  ]
 [ 0.5691327   0.8213663   0.03801767]]"
20200224-195802.182314,100,[0.83156836 0.2546592  0.13699342],"[[-0.45377466 -0.68359715 -0.12398894]
 [ 0.51489115 -0.11661842  0.72789496]
 [ 0.5775881   0.11160181 -0.6662185 ]
 [-0.4420046   0.71178705  0.10463646]]","[[ 0.4506054  -0.3539986   0.81953657]
 [ 0.68787265 -0.447465   -0.5714951 ]
 [ 0.56902224  0.8212554   0.04187579]]"
20200224-195802.182314,101,[0.83453816 0.2557138  0.13723527],"[[-0.4553427  -0.6819258  -0.12763965]
 [ 0.5141698  -0.1209053   0.7273179 ]
 [ 0.5778336   0.11375239 -0.66569287]
 [-0.4409085   0.7123338   0.10756191]]","[[ 0.45049754 -0.3570361   0.8182768 ]
 [ 0.68744904 -0.44606137 -0.5730995 ]
 [ 0.56961894  0.8207037   0.04449463]]"
20200224-195802.182314,102,[0.8348278  0.25677052 0.1374821 ],"[[-0.45604056 -0.681129   -0.13161619]
 [ 0.51340234 -0.12486069  0.7267044 ]
 [ 0.5776659   0.11707941 -0.66503954]
 [-0.44130167  0.71187454  0.11090673]]","[[ 0.45024016 -0.36063212  0.8168404 ]
 [ 0.68754315 -0.44366154 -0.5748469 ]
 [ 0.5697089   0.8204321   0.04819593]]"
20200224-195802.182314,103,[0.834888   0.25783262 0.13776217],"[[-0.4561453  -0.68082017 -0.1356304 ]
 [ 0.51293004 -0.1286082   0.72591674]
 [ 0.57716715  0.12107854 -0.6644647 ]
 [-0.442394    0.7108333   0.1146137 ]]","[[ 0.45010093 -0.3645519   0.81517565]
 [ 0.6877825  -0.4406921  -0.57684106]
 [ 0.5695298   0.82030016  0.05237649]]"
20200224-195802.182314,104,[0.83382547 0.25891155 0.13798119],"[[-0.45665476 -0.68020767 -0.13979852]
 [ 0.5119262  -0.13242045  0.72534776]
 [ 0.5769621   0.12470715 -0.6636467 ]
 [-0.44329754  0.71009195  0.1179006 ]]","[[ 0.44967496 -0.3682612   0.8137422 ]
 [ 0.6881072  -0.438029   -0.57848006]
 [ 0.5694742   0.82006985  0.0564325 ]]"
20200224-195802.182314,105,[0.8404659  0.26000172 0.13831486],"[[-0.45639977 -0.6795586  -0.14324719]
 [ 0.5125719  -0.13620315  0.7242283 ]
 [ 0.5767518   0.12826058 -0.6634324 ]
 [-0.4430879   0.7093649   0.12178437]]","[[ 0.45045668 -0.37195     0.81162935]
 [ 0.6875187  -0.4354416  -0.58112735]
 [ 0.56956744  0.81978285  0.05957497]]"
20200224-195802.182314,106,[0.8446063  0.26110396 0.13859436],"[[-0.4560761  -0.67912817 -0.14703016]
 [ 0.5126881  -0.13986662  0.72328746]
 [ 0.5765429   0.13211584 -0.6629389 ]
 [-0.44355777  0.7083556   0.12549663]]","[[ 0.45088312 -0.37574092  0.809644  ]
 [ 0.6873026  -0.4325885  -0.58350873]
 [ 0.5694906   0.8195646   0.06320088]]"
20200224-195802.182314,107,[0.8467099 0.2622242 0.1389464],"[[-0.45712355 -0.67793477 -0.15011863]
 [ 0.512757   -0.14378256  0.72219443]
 [ 0.57595754  0.13485608 -0.6627427 ]
 [-0.44316053  0.7081986   0.12912098]]","[[ 0.450921   -0.37895367  0.8081242 ]
 [ 0.68702805 -0.43062273 -0.5852833 ]
 [ 0.5697916   0.81912047  0.06617504]]"
20200224-195802.182314,108,[0.851045   0.26335573 0.13916516],"[[-0.45752397 -0.6768634  -0.15379749]
 [ 0.5124254  -0.14760484  0.72146267]
 [ 0.57620203  0.13781363 -0.66207343]
 [-0.44281343  0.7078674   0.13227637]]","[[ 0.45115796 -0.38224658  0.80643904]
 [ 0.68667364 -0.42849338 -0.5872587 ]
 [ 0.5700315   0.8187069   0.06916048]]"
20200224-195802.182314,109,[0.85224104 0.2644991  0.13942136],"[[-0.45801088 -0.6760108  -0.15740982]
 [ 0.51201475 -0.15131786  0.7206332 ]
 [ 0.5759608   0.14105545 -0.6614462 ]
 [-0.44309866  0.70725936  0.13564272]]","[[ 0.45107868 -0.38566002  0.8048567 ]
 [ 0.6866563  -0.4261094  -0.58901095]
 [ 0.5701151   0.81835014  0.07260703]]"
20200224-195802.182314,110,[0.8510075  0.26565352 0.13962497],"[[-0.45845944 -0.6753554  -0.1613499 ]
 [ 0.51107544 -0.15492235  0.7199712 ]
 [ 0.5757089   0.1445626  -0.6605577 ]
 [-0.44404542  0.70639634  0.13882159]]","[[ 0.45065627 -0.3891714   0.80340195]
 [ 0.6869951  -0.42349285 -0.59050125]
 [ 0.5700412   0.81804615  0.07650913]]"
20200224-195802.182314,111,[0.8535955  0.26682168 0.13988292],"[[-0.45927334 -0.67411685 -0.16468187]
 [ 0.5107763  -0.15870729  0.7190937 ]
 [ 0.5756257   0.14725256 -0.6600089 ]
 [-0.44365576  0.7061835   0.142029  ]]","[[ 0.4506781  -0.3922783   0.801877  ]
 [ 0.6867321  -0.42155764 -0.59218925]
 [ 0.57034045  0.81756145  0.07940331]]"
20200224-195802.182314,112,[0.8547051  0.26799822 0.14013569],"[[-0.45971587 -0.6733152  -0.1681988 ]
 [ 0.5103916  -0.16231994  0.71820176]
 [ 0.57529914  0.1504883  -0.65936464]
 [-0.4440641   0.7054447   0.14537531]]","[[ 0.45059964 -0.39563328  0.8002715 ]
 [ 0.68674797 -0.41913465 -0.5938884 ]
 [ 0.5703834   0.81719065  0.08283834]]"
20200224-195802.182314,113,[0.8517223  0.2691912  0.14037418],"[[-0.46054944 -0.67253107 -0.17178288]
 [ 0.5094801  -0.16588119  0.717418  ]
 [ 0.5747209   0.15372878 -0.6585725 ]
 [-0.44499415  0.7046649   0.14860722]]","[[ 0.4499713  -0.3989526   0.79897594]
 [ 0.6871904  -0.41670206 -0.59508705]
 [ 0.57034653  0.8168207   0.08665244]]"
20200224-195802.182314,114,[0.8520399  0.27039677 0.14052849],"[[-0.46048787 -0.67203087 -0.17579703]
 [ 0.5086143  -0.16927604  0.7167814 ]
 [ 0.574707    0.15738897 -0.6575158 ]
 [-0.44606516  0.70352584  0.15163416]]","[[ 0.44976938 -0.40244383  0.79733706]
 [ 0.6874602  -0.41392496 -0.59671146]
 [ 0.57018054  0.81652004  0.09049337]]"
20200224-195802.182314,115,[0.8535528  0.27161333 0.14073762],"[[-0.45998853 -0.67181766 -0.17959245]
 [ 0.50833493 -0.17254321  0.7159018 ]
 [ 0.5743996   0.16137686 -0.65665466]
 [-0.44729307  0.70203096  0.15503508]]","[[ 0.4498765  -0.40606648  0.79543775]
 [ 0.687634   -0.4108424  -0.5986386 ]
 [ 0.5698866   0.8162834   0.09439681]]"
20200224-195802.182314,116,[0.8596102  0.2728449  0.14091629],"[[-0.45972818 -0.67095584 -0.18311541]
 [ 0.50828886 -0.17601451  0.7150972 ]
 [ 0.57481116  0.16446793 -0.65582854]
 [-0.44708413  0.7012756   0.15809451]]","[[ 0.45040497 -0.40924013  0.7935099 ]
