Timestamp,Epoch,s,u,v
20200223-093048.909794,0,[1.456336  0.6250448 0.2746102],"[[-0.426675   -0.21011873  0.09407399]
 [-0.20110829 -0.9260735  -0.01575636]
 [ 0.66986376 -0.24965933 -0.6148966 ]
 [ 0.57339895 -0.1894941   0.7828182 ]]","[[ 0.8131281  -0.15222088 -0.56182885]
 [ 0.23373611 -0.79858094  0.5546495 ]
 [ 0.53309494  0.58232063  0.6137691 ]]"
20200223-093048.909794,1,[1.4599804  0.62622637 0.2715643 ],"[[-0.43216878 -0.20508587  0.08656195]
 [-0.20220734 -0.9266823  -0.00758386]
 [ 0.67210406 -0.2554325  -0.6101055 ]
 [ 0.56623137 -0.18426462  0.78754073]]","[[ 0.81387556 -0.15662992 -0.5595299 ]
 [ 0.23041983 -0.7970187   0.55827224]
 [ 0.533398    0.58329093  0.61258334]]"
20200223-093048.909794,2,[1.4587651  0.62678146 0.26894048],"[[-4.3836901e-01 -1.9887128e-01  7.9398252e-02]
 [-2.0590466e-01 -9.2664635e-01  1.6899114e-04]
 [ 6.7302346e-01 -2.6276430e-01 -6.0577101e-01]
 [ 5.5899560e-01 -1.8091978e-01  7.9166764e-01]]","[[ 0.8146738  -0.16309206 -0.55651426]
 [ 0.22488795 -0.7956976   0.5623975 ]
 [ 0.5345395   0.58332354  0.6115563 ]]"
20200223-093048.909794,3,[1.4602343  0.62869114 0.26622942],"[[-0.44347194 -0.19459802  0.07187915]
 [-0.2064412  -0.9271814   0.00719588]
 [ 0.67487925 -0.26724395 -0.601742  ]
 [ 0.5524966  -0.17619982  0.79541695]]","[[ 0.8154954  -0.16659938 -0.5542671 ]
 [ 0.22149268 -0.7949331   0.5648208 ]
 [ 0.53470397  0.5833747   0.6113637 ]]"
20200223-093048.909794,4,[1.4592148  0.63107234 0.2633559 ],"[[-0.4488684  -0.1904114   0.06389888]
 [-0.20705879 -0.9276008   0.01408189]
 [ 0.6767901  -0.27175686 -0.5975017 ]
 [ 0.5455264  -0.17160532  0.79919344]]","[[ 0.8165591  -0.17025733 -0.55158305]
 [ 0.21723442 -0.7946455   0.56687564]
 [ 0.5348276   0.58271015  0.6118892 ]]"
20200223-093048.909794,5,[1.4549183  0.6334526  0.26060492],"[[-0.45451978 -0.18594357  0.05576601]
 [-0.20833892 -0.9278225   0.02081073]
 [ 0.6782674  -0.27659243 -0.59346825]
 [ 0.53847957 -0.16753273  0.8026538 ]]","[[ 0.8177746  -0.17453729 -0.54843557]
 [ 0.21200085 -0.79455537  0.5689793 ]
 [ 0.53507054  0.5815656   0.61276513]]"
20200223-093048.909794,6,[1.4546753  0.6340598  0.25803936],"[[-0.46010265 -0.17995642  0.04819627]
 [-0.21197559 -0.927631    0.02826324]
 [ 0.6787637  -0.28324974 -0.5896162 ]
 [ 0.5316501  -0.16396864  0.80574864]]","[[ 0.8183511  -0.1804626  -0.54565066]
 [ 0.20681085 -0.7933541   0.57255435]
 [ 0.53621894  0.58139694  0.6119206 ]]"
20200223-093048.909794,7,[1.4532832  0.6358904  0.25547498],"[[-0.46533385 -0.17524314  0.04019148]
 [-0.21366484 -0.9277642   0.03498591]
 [ 0.679734   -0.28803024 -0.58609915]
 [ 0.5251414  -0.15994397  0.80848527]]","[[ 0.81918645 -0.18469    -0.5429762 ]
 [ 0.20216666 -0.7929752   0.574734  ]
 [ 0.5367142   0.58058584  0.61225647]]"
20200223-093048.909794,8,[1.4460095  0.6382731  0.25284183],"[[-0.4712117  -0.1702401   0.03168746]
 [-0.2162436  -0.92755985  0.04142282]
 [ 0.6804177  -0.29344818 -0.5823795 ]
 [ 0.5179093  -0.15665038  0.8112429 ]]","[[ 0.8204095  -0.18992421 -0.53931165]
 [ 0.19546972 -0.79322976  0.576696  ]
 [ 0.5373266   0.578546    0.6136489 ]]"
20200223-093048.909794,9,[1.4519827  0.6404519  0.25054947],"[[-0.47503415 -0.16696924  0.02392025]
 [-0.21550906 -0.9282775   0.04759576]
 [ 0.6817658  -0.29567373 -0.5799046 ]
 [ 0.512927   -0.15165512  0.812941  ]]","[[ 0.8207689  -0.19135544 -0.53825796]
 [ 0.19402963 -0.79283273  0.5777273 ]
 [ 0.5372999   0.5786186   0.6136037 ]]"
20200223-093048.909794,10,[1.4520074  0.64302534 0.24823673],"[[-0.47961977 -0.163204    0.01591312]
 [-0.21606731 -0.92857295  0.05341934]
 [ 0.6826657  -0.29885402 -0.57720256]
 [ 0.5071958  -0.14766039  0.81469667]]","[[ 0.8214931  -0.19411707 -0.5361604 ]
 [ 0.19023047 -0.79310834  0.578612  ]
 [ 0.5375517   0.5773198   0.61460584]]"
20200223-093048.909794,11,[1.4448278 0.6447672 0.2455425],"[[-0.4853099  -0.15746044  0.00734509]
 [-0.22017758 -0.92794263  0.06017399]
 [ 0.68281233 -0.30535078 -0.5733845 ]
 [ 0.49976397 -0.14453232  0.8170408 ]]","[[ 0.82248133 -0.20047821 -0.53229076]
 [ 0.18281607 -0.79299587  0.5811507 ]
 [ 0.53861237  0.5752967   0.6155735 ]]"
20200223-093048.909794,12,[1.4424465  0.64726615 0.24294463],"[[-0.4900203   0.15326084 -0.00116311]
 [-0.22174375  0.92790633  0.06638276]
 [ 0.68361855  0.3094582  -0.5701993 ]
 [ 0.49333104  0.14048783  0.8188192 ]]","[[ 0.82330966  0.20425019 -0.5295688 ]
 [ 0.17781527  0.7932264   0.58238626]
 [ 0.5390205  -0.5736497   0.61675197]]"
20200223-093048.909794,13,[1.4445039  0.65070426 0.24041939],"[[-0.49373665  0.15080895 -0.00974452]
 [-0.22048043  0.92854655  0.0720952 ]
 [ 0.68526834  0.31099153 -0.5676523 ]
 [ 0.48787242  0.13543215  0.8200475 ]]","[[ 0.82405037  0.20518562 -0.52805275]
 [ 0.17548524  0.7938066   0.5823023 ]
 [ 0.53865194 -0.572512    0.61812955]]"
20200223-093048.909794,14,[1.4429277  0.65393054 0.23806907],"[[-0.49808055  0.14748318 -0.01834001]
 [-0.22071572  0.92880416  0.07765598]
 [ 0.6861205   0.3135676  -0.56525993]
 [ 0.4821193   0.13132647  0.8210446 ]]","[[ 0.824885    0.2075705  -0.52581304]
 [ 0.1713503   0.79457945  0.58247983]
 [ 0.5387059  -0.5705771   0.61986935]]"
20200223-093048.909794,15,[1.4468341  0.6560125  0.23564225],"[[-0.5017512   0.14389656 -0.02666089]
 [-0.22123198  0.9290538   0.08389469]
 [ 0.6870081   0.31644925 -0.56283253]
 [ 0.4767827   0.1265428   0.82187015]]","[[ 0.8252432   0.20981143 -0.5243596 ]
 [ 0.16880283  0.7943665   0.58351296]
 [ 0.5389614  -0.5700534   0.62012887]]"
20200223-093048.909794,16,[1.4507053 0.658139  0.2332925],"[[-0.5053583   0.14034784 -0.03497322]
 [-0.22175585  0.9292837   0.09000517]
 [ 0.68778473  0.31920052 -0.5605899 ]
 [ 0.47158217  0.1218425   0.82244474]]","[[ 0.82558215  0.21199211 -0.52294695]
 [ 0.16627729  0.7942043   0.58445823]
 [ 0.5392273  -0.56947243  0.62043154]]"
20200223-093048.909794,17,[1.4520137  0.66013986 0.23064156],"[[-0.50918424  0.1363096  -0.04370062]
 [-0.22334312  0.9291735   0.09654144]
 [ 0.6884924   0.32301387 -0.5577613 ]
 [ 0.46564713  0.11712432  0.8232084 ]]","[[ 0.8260441   0.21526892 -0.5208747 ]
 [ 0.16251226  0.7939557   0.58585346]
 [ 0.5396674  -0.56858927  0.6208585 ]]"
20200223-093048.909794,18,[1.4529871  0.66294837 0.2290204 ],"[[-0.51297694  0.13288032 -0.05153079]
 [-0.22385533  0.9294057   0.10126299]
 [ 0.68842834  0.32494214 -0.5568353 ]
 [ 0.46131295  0.11384367  0.8228151 ]]","[[ 0.8264605   0.2172918  -0.51937217]
 [ 0.15911546  0.79475605  0.5857006 ]
 [ 0.54004204 -0.56669855  0.62225986]]"
20200223-093048.909794,19,[1.451151   0.66560936 0.22709034],"[[-0.5170773   0.1288421  -0.05976174]
 [-0.22561592  0.92924964  0.10642147]
 [ 0.6882357   0.3281173  -0.55525196]
 [ 0.45613626  0.11060895  0.8226778 ]]","[[ 0.8269833   0.22060466 -0.51713884]
 [ 0.15428703  0.79544634  0.5860554 ]
 [ 0.5406427  -0.5644457   0.62378424]]"
20200223-093048.909794,20,[1.4517306  0.66691947 0.22475597],"[[-0.5209249   0.12396996 -0.0682651 ]
 [-0.22866148  0.92874736  0.11272769]
 [ 0.6880252   0.33269885 -0.5529496 ]
 [ 0.45052484  0.10663699  0.82272655]]","[[ 0.82721305  0.22495377 -0.5148927 ]
 [ 0.14968786  0.79501975  0.5878243 ]
 [ 0.5415831  -0.56332904  0.6239777 ]]"
20200223-093048.909794,21,[1.4530705  0.66903615 0.22263923],"[[-0.5244545   0.12006119 -0.07666865]
 [-0.23024201  0.92860013  0.11838421]
 [ 0.688083    0.33579484 -0.55125284]
 [ 0.44550893  0.10261235  0.82233036]]","[[ 0.82751423  0.22788134 -0.5131184 ]
 [ 0.14600912  0.7951316   0.5885976 ]
 [ 0.542127   -0.5619928   0.62470984]]"
20200223-093048.909794,22,[1.4550804  0.67104226 0.22019932],"[[-0.5278168   0.11612766 -0.08526923]
 [-0.23212302  0.9282986   0.12444033]
 [ 0.68835396  0.33932784 -0.5490285 ]
 [ 0.44011036  0.09814781  0.8220775 ]]","[[ 0.8277852   0.23101759 -0.51127577]
 [ 0.14227003  0.79507196  0.58959305]
 [ 0.5427074  -0.5607955   0.6252818 ]]"
20200223-093048.909794,23,[1.456166   0.67238057 0.2179845 ],"[[-0.5313147   0.11143672 -0.09376549]
 [-0.23509373  0.9277318   0.13046473]
 [ 0.6879718   0.34354618 -0.5471235 ]
 [ 0.4348913   0.09418863  0.8214881 ]]","[[ 0.8279126   0.23508629 -0.50921047]
 [ 0.13789628  0.7947232   0.59110063]
 [ 0.54364103 -0.5595978   0.62554365]]"
20200223-093048.909794,24,[1.4598433  0.6730424  0.21601467],"[[-0.5344362   0.10659996 -0.10169418]
 [-0.2381831   0.9271608   0.13636692]
 [ 0.6873351   0.3476447  -0.5456193 ]
 [ 0.43036863  0.09028677  0.8205862 ]]","[[ 0.82778734  0.238995   -0.5075918 ]
 [ 0.13431503  0.794002    0.5928913 ]
 [ 0.5447271  -0.55896527  0.6251642 ]]"
20200223-093048.909794,25,[1.4638944  0.6775518  0.21414544],"[[-0.53686607  0.10576066 -0.11004195]
 [-0.2355009   0.9280374   0.14062452]
 [ 0.68873143  0.34674588 -0.5450517 ]
 [ 0.42657185  0.08560862  0.81916696]]","[[ 0.828369    0.23774682 -0.5072293 ]
 [ 0.1335069   0.7955915   0.5909403 ]
 [ 0.5440414  -0.5572351   0.62730235]]"
20200223-093048.909794,26,[1.4655014  0.67887855 0.21207452],"[[-0.54001224  0.10125558 -0.11832809]
 [-0.23841363  0.9274242   0.14632766]
 [ 0.6882216   0.3506472  -0.5434964 ]
 [ 0.42177832  0.08171795  0.81804556]]","[[ 0.82841355  0.24156882 -0.5053469 ]
 [ 0.12935856  0.7953124   0.5922369 ]
 [ 0.54497457 -0.5559881   0.6275987 ]]"
20200223-093048.909794,27,[1.4655621 0.6817409 0.2099893],"[[-0.54307085  0.09792659 -0.1269891 ]
 [-0.23979342  0.9271589   0.15146442]
 [ 0.6882706   0.35318813 -0.54218316]
 [ 0.4169613   0.07774973  0.8166822 ]]","[[ 0.82874954  0.24409048 -0.50358135]
 [ 0.12541384  0.7959662   0.59220713]
 [ 0.54538584 -0.5539474   0.62904423]]"
20200223-093048.909794,28,[1.4682225  0.6846949  0.20834395],"[[-0.54582435  0.09523278 -0.13505128]
 [-0.23992644  0.9273      0.1559867 ]
 [ 0.6883515   0.35438117 -0.54175895]
 [ 0.4131379   0.07388654  0.8148167 ]]","[[ 0.8290122   0.24529436 -0.5025627 ]
 [ 0.12291168  0.7967731   0.5916461 ]
 [ 0.54555583 -0.5522527   0.6303852 ]]"
20200223-093048.909794,29,[1.4706688  0.6868064  0.20656706],"[[-0.5485908   0.09173521 -0.14315715]
 [-0.24139234  0.9270485   0.16093765]
 [ 0.6880675   0.3567377  -0.54100645]
 [ 0.40907297  0.07003104  0.81296825]]","[[ 0.8291243   0.24765792 -0.5012172 ]
 [ 0.11973059  0.7970672   0.59190243]
 [ 0.54609305 -0.55077153  0.63121575]]"
20200223-093048.909794,30,[1.4708569  0.6896264  0.20463663],"[[-0.5515253   0.08846488 -0.15177417]
 [-0.2427439   0.9267592   0.16585074]
 [ 0.6879105   0.359047   -0.54011875]
 [ 0.40456623  0.06615369  0.8110054 ]]","[[ 0.8294123   0.2500671  -0.49954137]
 [ 0.1158661   0.7977636   0.5917332 ]
 [ 0.54648906 -0.5486707   0.63270074]]"
20200223-093048.909794,31,[1.4704764  0.69158757 0.20297915],"[[-0.5546169   0.08400716 -0.15977992]
 [-0.24585639  0.9260233   0.17058074]
 [ 0.6868263   0.36255315 -0.5394166 ]
 [ 0.4002803   0.06307942  0.80895126]]","[[ 0.8294418   0.25397542 -0.49751684]
 [ 0.11080917  0.79814965  0.5921812 ]
 [ 0.54749227 -0.5463092   0.6338758 ]]"
20200223-093048.909794,32,[1.4760545  0.69307417 0.20112272],"[[-0.55675954  0.08061898 -0.16761579]
 [-0.24741429  0.9256651   0.17572135]
 [ 0.68667537  0.36495462 -0.53857076]
 [ 0.39658797  0.05875839  0.8068262 ]]","[[ 0.8293233   0.25606537 -0.4966422 ]
 [ 0.10867931  0.79792184  0.59288245]
 [ 0.5480983  -0.545666    0.6339062 ]]"
20200223-093048.909794,33,[1.4744391  0.69574    0.19898282],"[[-0.55970967  0.0766755  -0.17646137]
 [-0.25024706  0.9248389   0.180814  ]
 [ 0.6860932   0.36846232 -0.5373142 ]
 [ 0.39163446  0.05503802  0.80465   ]]","[[ 0.8295176   0.25980383 -0.49437097]
 [ 0.10331535  0.798541    0.59300786]
 [ 0.5488411  -0.5429866   0.63556206]]"
20200223-093048.909794,34,[1.4827584  0.697563   0.19752783],"[[-0.5613589   0.07430211 -0.18379238]
 [-0.25012115  0.92499906  0.1852947 ]
 [ 0.68630874  0.36917505 -0.53732497]
 [ 0.3889677   0.05065687  0.8019779 ]]","[[ 0.8293976   0.26013583 -0.49439776]
 [ 0.10307867  0.7985192   0.5930785 ]
 [ 0.5490671  -0.5428597   0.6354754 ]]"
20200223-093048.909794,35,[1.4873717  0.70158976 0.19587053],"[[-0.56322974  0.07307746 -0.19175495]
 [-0.24882375  0.925399    0.1892803 ]
 [ 0.68711025  0.3689761  -0.53723913]
 [ 0.3856659   0.04639618  0.79923546]]","[[ 0.8297045   0.25964567 -0.4941402 ]
 [ 0.10195477  0.79985297  0.5914732 ]
 [ 0.548813   -0.54112804  0.6371696 ]]"
20200223-093048.909794,36,[1.4909846  0.7047328  0.19449058],"[[-0.56532717  0.07070364 -0.19926302]
 [-0.2490786   0.9254113   0.1931479 ]
 [ 0.68703556  0.36984164 -0.53737575]
 [ 0.38255346  0.04280821  0.79637635]]","[[ 0.8298057   0.26055422 -0.49349186]
 [ 0.09977214  0.8007945   0.590571  ]
 [ 0.5490612  -0.53929573  0.6385077 ]]"
20200223-093048.909794,37,[1.4942584  0.7070192  0.19300619],"[[-0.5675085   0.06754003 -0.20692486]
 [-0.25051504  0.9250555   0.19739111]
 [ 0.686557    0.37171915 -0.5372869 ]
 [ 0.37923098  0.03919375  0.79343706]]","[[ 0.82977605  0.26254773 -0.49248403]
 [ 0.09692404  0.8012333   0.59045   ]
 [ 0.5496158  -0.5376749   0.639397  ]]"
20200223-093048.909794,38,[1.5003935  0.7085648  0.19137979],"[[-0.569248    0.06445256 -0.21436958]
 [-0.25196922  0.9246387   0.20195284]
 [ 0.68629414  0.37370822 -0.53692454]
 [ 0.37612262  0.0350848   0.79055214]]","[[ 0.8295935   0.2642958  -0.49185595]
 [ 0.09509441  0.8011368   0.59087795]
 [ 0.5502105  -0.53696126  0.63948494]]"
20200223-093048.909794,39,[1.5052345  0.71265656 0.1898751 ],"[[-0.57091856  0.06334323 -0.22199878]
 [-0.2507518   0.92498165  0.2056114 ]
 [ 0.6869903   0.37340847 -0.537091  ]
 [ 0.37312225  0.03102639  0.787384  ]]","[[ 0.8298539   0.26373735 -0.4917168 ]
 [ 0.09405085  0.80251974  0.5891659 ]
 [ 0.5499976  -0.53516793  0.6411692 ]]"
20200223-093048.909794,40,[1.5088423  0.71581626 0.1886707 ],"[[-0.57293814  0.06108315 -0.22933498]
 [-0.2508977   0.92499846  0.20915681]
 [ 0.68678397  0.374015   -0.5376152 ]
 [ 0.37029836  0.02757067  0.7839828 ]]","[[ 0.8299533   0.26450276 -0.49113747]
 [ 0.09196313  0.80351466  0.58813876]
 [ 0.5502004  -0.5332942   0.642555  ]]"
20200223-093048.909794,41,[1.5069543  0.718551   0.18717644],"[[-0.5756472   0.05698    -0.23731978]
 [-0.25412735  0.92404366  0.21312968]
 [ 0.6854498   0.37720522 -0.53749233]
 [ 0.3663448   0.02475787  0.7806133 ]]","[[ 0.82993346  0.26835683 -0.4890758 ]
 [ 0.08631558  0.8043664   0.58783007]
 [ 0.55114436 -0.5300747   0.6444072 ]]"
20200223-093048.909794,42,[1.5104291 0.7197643 0.1857451],"[[-0.57759225  0.05290338 -0.24438708]
 [-0.25725847  0.92310023  0.2172777 ]
 [ 0.68429136  0.38029784 -0.537285  ]
 [ 0.36325017  0.02146578  0.7774256 ]]","[[ 0.82961184  0.27168655 -0.48778155]
 [ 0.08258777  0.80430526  0.5884493 ]
 [ 0.552199   -0.52846926  0.64482313]]"
20200223-093048.909794,43,[1.506869   0.72411734 0.18432467],"[[-0.58039135  0.04987864 -0.25272986]
 [-0.2589942   0.92254925  0.22074027]
 [ 0.6833747   0.38218722 -0.53763825]
 [ 0.3592583   0.0186686   0.7735286 ]]","[[ 0.82987577  0.27438614 -0.4858174 ]
 [ 0.07699379  0.8060736   0.5867858 ]
 [ 0.55261034 -0.5243641   0.6478149 ]]"
20200223-093048.909794,44,[1.5058455  0.7276913  0.18313858],"[[-0.5828052   0.04668124 -0.26012564]
 [-0.26090685  0.92198294  0.22398031]
 [ 0.6823234   0.38407397 -0.5381236 ]
 [ 0.3559498   0.01599946  0.7697988 ]]","[[ 0.8299241   0.27703524 -0.4842286 ]
 [ 0.07213339  0.8074109   0.5855635 ]
 [ 0.55319315 -0.5209023   0.65010625]]"
20200223-093048.909794,45,[1.5080757  0.73157597 0.18191692],"[[-0.5846927   0.04453625 -0.26721868]
 [-0.26144066  0.92179507  0.22713707]
 [ 0.6820084   0.38489658 -0.5386048 ]
 [ 0.35305497  0.01283686  0.76609874]]","[[ 0.830013    0.27815202 -0.48343572]
 [ 0.06911682  0.8087928   0.58401823]
 [ 0.55344516 -0.51815605  0.6520835 ]]"
20200223-093048.909794,46,[1.5150404  0.7331674  0.18055312],"[[-0.58585453  0.04202095 -0.2742125 ]
 [-0.26237446  0.92143357  0.23105413]
 [ 0.6818578   0.38615742 -0.53879696]
 [ 0.3507187   0.00876562  0.7623117 ]]","[[ 0.8298073   0.27920455 -0.4831817 ]
 [ 0.06808081  0.80872214  0.58423746]
 [ 0.5538815  -0.5176999   0.652075  ]]"
20200223-093048.909794,47,[1.5142689  0.7367866  0.17946248],"[[-0.5881151   0.03885031 -0.28132725]
 [-0.264358    0.92081934  0.23406301]
 [ 0.6807233   0.38799953 -0.5394323 ]
 [ 0.34763736  0.00619679  0.75834167]]","[[ 0.8297908   0.28185967 -0.4816666 ]
 [ 0.06322785  0.8100473   0.5829458 ]
 [ 0.5544816  -0.5141777   0.65434813]]"
20200223-093048.909794,48,[1.5185231  0.7389983  0.17837498],"[[-0.5896499   0.03602804 -0.28796798]
 [-0.2657269   0.92036575  0.23734246]
 [ 0.6800502   0.3893848  -0.54000735]
 [ 0.3453027   0.00292108  0.7544107 ]]","[[ 0.82961744  0.28352597 -0.48098645]
 [ 0.06075787  0.8105095   0.5825657 ]
 [ 0.5550166  -0.51253057  0.6551864 ]]"
20200223-093048.909794,49,[1.5186366  0.7426068  0.17699273],"[[-5.9162110e-01  3.3181593e-02 -2.9539049e-01]
 [-2.6760447e-01  9.1966134e-01  2.4068031e-01]
 [ 6.7924535e-01  3.9130792e-01 -5.4028136e-01]
 [ 3.4204954e-01 -1.6854459e-04  7.5027579e-01]]","[[ 0.8295932   0.28597796 -0.47957465]
 [ 0.05629585  0.8116711   0.58139575]
 [ 0.55552316 -0.50931996  0.65725744]]"
20200223-093048.909794,50,[1.5230138  0.7447724  0.17598385],"[[-0.59305567  0.03037263 -0.30171698]
 [-0.26903945  0.91916776  0.24375816]
 [ 0.6785098   0.39267927 -0.5409144 ]
 [ 0.33989295 -0.00332954  0.746298  ]]","[[ 0.8293836   0.28765732 -0.47893214]
 [ 0.05383798  0.81211543  0.58100766]
 [ 0.5560793  -0.5076631   0.6580684 ]]"
20200223-093048.909794,51,[1.5305547  0.7473815  0.17489053],"[[-0.59392637  0.02884623 -0.30809546]
 [-0.2687734   0.91915417  0.24686147]
 [ 0.6787482   0.39277497 -0.5415494 ]
 [ 0.33810237 -0.00715337  0.7421998 ]]","[[ 0.8293058   0.28748286 -0.47917154]
 [ 0.05361532  0.81261605  0.580328  ]
 [ 0.55621684 -0.50696033  0.6584938 ]]"
20200223-093048.909794,52,[1.5330261  0.74914604 0.17363842],"[[-0.5954403   0.0250977  -0.31451106]
 [-0.2719951   0.91800076  0.25017938]
 [ 0.67742753  0.3956549  -0.5416525 ]
 [ 0.33550176 -0.01010933  0.738313  ]]","[[ 0.8289087   0.2908484  -0.4778258 ]
 [ 0.04935678  0.8128408   0.580391  ]
 [ 0.5572021  -0.5046751   0.6594156 ]]"
20200223-093048.909794,53,[1.5356474  0.7520793  0.17253056],"[[-0.5969799   0.02220492 -0.32096046]
 [-0.2739154   0.91727835  0.25309837]
 [ 0.6765118   0.3974125  -0.54216826]
 [ 0.33304247 -0.01303608  0.7341522 ]]","[[ 0.8286974   0.29304683 -0.47684857]
 [ 0.04577339  0.81363744  0.5795679 ]
 [ 0.5578224  -0.50211334  0.66084546]]"
20200223-093048.909794,54,[1.5363358  0.75679475 0.1714304 ],"[[-0.5987184   0.02030285 -0.3277347 ]
 [-0.27460137  0.9169403   0.25566265]
 [ 0.67603654  0.3981915  -0.54293096]
 [ 0.33031088 -0.01587365  0.7296936 ]]","[[ 0.8287684   0.29434383 -0.47592553]
 [ 0.04202126  0.81535006  0.57744145]
 [ 0.5580121  -0.49856403  0.66336757]]"
20200223-093048.909794,55,[1.5390247  0.76082975 0.17055157],"[[-0.60021496  0.01857138 -0.33412427]
 [-0.27473396  0.9168212   0.2580878 ]
 [ 0.67570466  0.3984204  -0.5440151 ]
 [ 0.32815605 -0.01885002  0.72512025]]","[[ 0.82882667  0.29501298 -0.4754093 ]
 [ 0.03952642  0.81669897  0.57570875]
 [ 0.55810785 -0.49595398  0.66524094]]"
20200223-093048.909794,56,[1.5439101 0.7619436 0.1695442],"[[-0.60130346  0.01509162 -0.3400185 ]
 [-0.2773988   0.9158311   0.26107216]
 [ 0.6745453   0.4006806  -0.54448473]
 [ 0.32630184 -0.02191858  0.7209473 ]]","[[ 0.82835835  0.2976527  -0.47457907]
 [ 0.03662516  0.8165743   0.57607746]
 [ 0.559      -0.49458018  0.6655146 ]]"
20200223-093048.909794,57,[1.5490395  0.763994   0.16873427],"[[-0.6023835   0.01222157 -0.34524265]
 [-0.27923495  0.9151429   0.26352558]
 [ 0.6735909   0.40218884 -0.5451626 ]
 [ 0.32471088 -0.02466458  0.71704894]]","[[ 0.828004    0.29954687 -0.47400537]
 [ 0.03400203  0.8169692   0.575678  ]
 [ 0.55969036 -0.49278077  0.6662685 ]]"
20200223-093048.909794,58,[1.5539879  0.7661817  0.16792512],"[[-0.60345703  0.00953808 -0.35075963]
 [-0.28076524  0.9145378   0.2659842 ]
 [ 0.6727708   0.40344837 -0.5459593 ]
 [ 0.32309404 -0.02755249  0.71284574]]","[[ 0.82769996  0.3011627  -0.47351235]
 [ 0.03167519  0.8173753   0.5752343 ]
 [ 0.5602763  -0.49111986  0.66700214]]"
20200223-093048.909794,59,[1.5619496  0.768629   0.16712523],"[[-0.60408735  0.00802971 -0.35578975]
 [-0.28074315  0.9144069   0.26830375]
 [ 0.6727802   0.40353975 -0.5467014 ]
 [ 0.32191443 -0.03084497  0.70890355]]","[[ 0.8275674   0.30112383 -0.47376877]
 [ 0.03132326  0.8178716   0.57454765]
 [ 0.56049204 -0.49031678  0.6674115 ]]"
20200223-093048.909794,60,[1.5698198  0.7700945  0.16619635],"[[-0.6046142   0.00598928 -0.36119533]
 [-0.28149793  0.913966    0.2709479 ]
 [ 0.67258805  0.4042895  -0.5472726 ]
 [ 0.3206652  -0.03436475  0.7047114 ]]","[[ 0.82731426  0.30175948 -0.47380647]
 [ 0.03077558  0.817848    0.5746112 ]
 [ 0.56089586 -0.48996556  0.66733044]]"
20200223-093048.909794,61,[1.5721139 0.7718982 0.1654892],"[[-0.6059805   0.00204737 -0.36636403]
 [-0.28488043  0.9127536   0.27315503]
 [ 0.6707652   0.40686968 -0.5480519 ]
 [ 0.31891215 -0.03652349  0.7005733 ]]","[[ 0.8267618   0.30524603 -0.47253555]
 [ 0.02621871  0.8181643   0.5743865 ]
 [ 0.56194097 -0.48727003  0.66842383]]"
20200223-093048.909794,62,[1.5802255  0.77455527 0.1646852 ],"[[-6.0646105e-01  8.5898989e-04 -3.7161419e-01]
 [-2.8450051e-01  9.1270417e-01  2.7537522e-01]
 [ 6.7101425e-01  4.0666404e-01 -5.4888451e-01]
 [ 3.1781191e-01 -3.9934408e-02  6.9627386e-01]]","[[ 0.8266773   0.3048125  -0.4729629 ]
 [ 0.02628743  0.81872     0.57359105]
 [ 0.5620619  -0.48660776  0.6688046 ]]"
20200223-093048.909794,63,[1.5844985  0.7766938  0.16429555],"[[-0.6076714  -0.00237984 -0.37597078]
 [-0.28666538  0.91195774  0.2770245 ]
 [ 0.66955626  0.40812728 -0.5500296 ]
 [ 0.3166277  -0.04195365  0.6923664 ]]","[[ 0.82622623  0.307058   -0.47229877]
 [ 0.0230678   0.81924784  0.572976  ]
 [ 0.5628662  -0.48430252  0.6698007 ]]"
20200223-093048.909794,64,[1.5856956 0.7792847 0.1631657],"[[-0.60893965 -0.00586547 -0.3819299 ]
 [-0.29000252  0.910568    0.2795772 ]
 [ 0.66804296  0.41090834 -0.55039656]
 [ 0.31434044 -0.04456666  0.6877716 ]]","[[ 0.8257438   0.31053627 -0.47086543]
 [ 0.01813802  0.81975013  0.5724343 ]
 [ 0.5637535  -0.48122466  0.6712711 ]]"
20200223-093048.909794,65,[1.5930232  0.7807335  0.16264899],"[[-0.60958564 -0.00836711 -0.3862461 ]
 [-0.29124495  0.9100295   0.28142345]
 [ 0.66728884  0.41175535 -0.5513354 ]
 [ 0.31354025 -0.0472624   0.68384534]]","[[ 0.82537585  0.31165844 -0.47076955]
 [ 0.01684904  0.81986594  0.5723074 ]
 [ 0.5643324  -0.4803007   0.6714464 ]]"
20200223-093048.909794,66,[1.6005104  0.7820812  0.16212039],"[[-0.6101192  -0.01089666 -0.39033604]
 [-0.29264647  0.90942043  0.28321898]
 [ 0.66652864  0.41273084 -0.55214304]
 [ 0.3128135  -0.04989105  0.68012   ]]","[[ 0.82496303  0.31287122 -0.47068852]
 [ 0.01550785  0.8199577   0.5722142 ]
 [ 0.56497383 -0.4793549   0.6715828 ]]"
20200223-093048.909794,67,[1.6087625  0.7834621  0.16133013],"[[-0.6104713  -0.01294667 -0.3948353 ]
 [-0.2936472   0.90883213  0.2853324 ]
 [ 0.6661777   0.41357517 -0.5526725 ]
 [ 0.31193456 -0.05303087  0.6761979 ]]","[[ 0.8246508   0.3136548  -0.47071403]
 [ 0.0147633   0.8199578   0.5722335 ]
 [ 0.56544936 -0.4788421   0.6715484 ]]"
20200223-093048.909794,68,[1.6151416  0.78791827 0.16062778],"[[-0.6110861  -0.01346674 -0.39943963]
 [-0.29277965  0.9089362   0.2868891 ]
 [ 0.66654783  0.41295388 -0.5535369 ]
 [ 0.3107533  -0.05588002  0.6721156 ]]","[[ 0.8247068   0.31289378 -0.4711222 ]
 [ 0.01410092  0.8213833   0.5702023 ]
 [ 0.5653847  -0.47689286  0.67298836]]"
20200223-093048.909794,69,[1.620535   0.78900313 0.15989734],"[[-0.61176646 -0.01663524 -0.40409806]
 [-0.29529518  0.9078442   0.2889057 ]
 [ 0.66533965  0.41486892 -0.5541663 ]
 [ 0.30962202 -0.05853445  0.6679357 ]]","[[ 0.8241889   0.31528482 -0.47043422]
 [ 0.01141898  0.8212723   0.5704223 ]
 [ 0.56619996 -0.47550756  0.67328334]]"
20200223-093048.909794,70,[1.6261228  0.79119056 0.15928687],"[[-0.6124213  -0.0190946  -0.40840638]
 [-0.29688662  0.90710306  0.29057673]
 [ 0.6644934   0.41602376 -0.55493975]
 [ 0.30862206 -0.06101991  0.66393626]]","[[ 0.8238037   0.31679592 -0.47009376]
 [ 0.00921165  0.8216812   0.5698732 ]
 [ 0.56680065 -0.47379383  0.6739856 ]]"
20200223-093048.909794,71,[1.6337029 0.791423  0.1587425],"[[-0.6128153  -0.02220296 -0.41223592]
 [-0.29914862  0.90610814  0.29234296]
 [ 0.6633761   0.41764456 -0.55558807]
 [ 0.30805898 -0.06362639  0.6602417 ]]","[[ 0.82324964  0.31879246 -0.46971428]
 [ 0.00749017  0.8212565   0.57051   ]
 [ 0.5676302  -0.47319037  0.6737113 ]]"
20200223-093048.909794,72,[1.636517   0.79199195 0.15811145],"[[-0.61373043 -0.02668444 -0.4163804 ]
 [-0.30353546  0.90434736  0.29413652]
 [ 0.6610879   0.42088628 -0.556163  ]
 [ 0.3068615  -0.06556146  0.6563487 ]]","[[ 0.8224155   0.32309428 -0.46823382]
 [ 0.002563    0.8209569   0.5709846 ]
 [ 0.5688816  -0.47078663  0.6743394 ]]"
20200223-093048.909794,73,[1.6430564  0.7942072  0.15729773],"[[-0.6141155  -0.02852887 -0.42077282]
 [-0.30459464  0.9036591   0.29595327]
 [ 0.66070014  0.42178136 -0.55665344]
 [ 0.30587584 -0.0684635   0.65230304]]","[[ 0.82214355  0.32406074 -0.46804395]
 [ 0.00106978  0.82128644  0.57051533]
 [ 0.56927955 -0.46954602  0.6748686 ]]"
20200223-093048.909794,74,[1.6495938  0.7976092  0.15661418],"[[-0.61456954 -0.02961233 -0.42493534]
 [-0.3046182   0.90339     0.29742432]
 [ 0.66070026  0.42182928 -0.5573615 ]
 [ 0.30493873 -0.0712028   0.64831865]]","[[ 8.2204694e-01  3.2408682e-01 -4.6819508e-01]
 [ 4.0687948e-05  8.2219845e-01  5.6920099e-01]
 [ 5.6941980e-01 -4.6792898e-01  6.7587250e-01]]"
20200223-093048.909794,75,[1.6533598  0.7993433  0.15586057],"[[-0.6152919  -0.03287806 -0.4291751 ]
 [-0.30763784  0.90201914  0.29913408]
 [ 0.65918434  0.42412707 -0.55786246]
 [ 0.3037287  -0.07346107  0.644296  ]]","[[ 0.821446    0.32706714 -0.46717623]
 [-0.00382717  0.82233894  0.5689849 ]
 [ 0.5702736  -0.46560246  0.6767588 ]]"
20200223-093048.909794,76,[1.6591522  0.8004342  0.15525807],"[[-0.6157617  -0.03582869 -0.4331529 ]
 [-0.30995536  0.900913    0.30070826]
 [ 0.6580085   0.4258031  -0.55851835]
 [ 0.30296862 -0.075919    0.6403203 ]]","[[ 0.8209148   0.32925537 -0.46657243]
 [-0.00631183  0.82222366  0.5691293 ]
 [ 0.57101595 -0.4642618   0.6770538 ]]"
20200223-093048.909794,77,[1.6648667  0.80270034 0.15480691],"[[-0.6163168  -0.0380886  -0.43682295]
 [-0.31129512  0.9002158   0.30193827]
 [ 0.6571757   0.42666835 -0.55939174]
 [ 0.30227354 -0.07820056  0.6364743 ]]","[[ 0.8205524   0.3305873  -0.4662678 ]
 [-0.00838388  0.82263875  0.56850266]
 [ 0.5715098  -0.4625772   0.6777898 ]]"
20200223-093048.909794,78,[1.6660132  0.8040743  0.15414055],"[[-0.6172572  -0.04246784 -0.4409949 ]
 [-0.31580105  0.8982862   0.30349037]
 [ 0.6547423   0.42998388 -0.5600091 ]
 [ 0.30095845 -0.07995273  0.6323031 ]]","[[ 0.8196657   0.33514544 -0.4645707 ]
 [-0.01413067  0.8225748   0.5684813 ]
 [ 0.5726681  -0.45939997  0.6789721 ]]"
20200223-093048.909794,79,[1.6717176 0.8062857 0.1537455],"[[-0.6177955  -0.04459905 -0.44449744]
 [-0.3169457   0.89765143  0.3045908 ]
 [ 0.6539583   0.4306709  -0.5609468 ]
 [ 0.30035433 -0.08219378  0.6284784 ]]","[[ 0.8193375   0.33634007 -0.46428585]
 [-0.01608432  0.82299846  0.56781584]
 [ 0.5730858  -0.4577651   0.67972326]]"
20200223-093048.909794,80,[1.6785002  0.80853885 0.15303755],"[[-0.6180562  -0.0463166  -0.44835308]
 [-0.31793725  0.89693815  0.30603778]
 [ 0.65356123  0.43145174 -0.5614593 ]
 [ 0.29963383 -0.0848915   0.62456703]]","[[ 0.8190484   0.33722568 -0.4641539 ]
 [-0.01750193  0.82332826  0.5672956 ]
 [ 0.5734577  -0.45651898  0.6802477 ]]"
20200223-093048.909794,81,[1.6835719  0.8107461  0.15291777],"[[-0.6187842  -0.04922188 -0.45104715]
 [-0.3199242   0.89608943  0.30673724]
 [ 0.65209603  0.4325843  -0.5625801 ]
 [ 0.2992082  -0.08643971  0.62126666]]","[[ 0.8185093   0.33924696 -0.46363163]
 [-0.02052317  0.82377857  0.5665402 ]
 [ 0.5741268  -0.4542032   0.68123275]]"
20200223-093048.909794,82,[1.6894959  0.8142752  0.15260382],"[[-0.6192979  -0.05075859 -0.45426944]
 [-0.32038823  0.8957367   0.30753323]
 [ 0.6516293   0.43272406 -0.5635916 ]
 [ 0.2986647  -0.08848345  0.6175976 ]]","[[ 0.8182712   0.33973935 -0.46369106]
 [-0.02218658  0.82471937  0.56510687]
 [ 0.574404   -0.452123    0.6823818 ]]"
20200223-093048.909794,83,[1.701125   0.81869    0.15221436],"[[-0.61913776 -0.04955626 -0.4572408 ]
 [-0.31729573  0.8966456   0.3082997 ]
 [ 0.65329254  0.43034938 -0.56441826]
 [ 0.29866457 -0.09148855  0.61425894]]","[[ 0.8186812   0.33648604 -0.46533683]
 [-0.01944206  0.82611746  0.5631624 ]
 [ 0.57391924 -0.45200327  0.6828689 ]]"
20200223-093048.909794,84,[1.7044133  0.82306427 0.15187319],"[[-0.62005436 -0.05104133 -0.46096796]
 [-0.3177604   0.89628243  0.30904952]
 [ 0.65265554  0.43050864 -0.5656545 ]
 [ 0.29765993 -0.09345945  0.60994446]]","[[ 0.81851923  0.33726415 -0.46505803]
 [-0.02202661  0.8273595   0.5612407 ]
 [ 0.5740565  -0.44914266  0.68463856]]"
20200223-093048.909794,85,[1.7109691  0.8276761  0.15145458],"[[-0.6204877  -0.05148841 -0.46412337]
 [-0.31706578  0.89630365  0.30982783]
 [ 0.6528638   0.42991278 -0.5665147 ]
 [ 0.29704046 -0.0957286   0.60634786]]","[[ 0.818527    0.3366361  -0.4654994 ]
 [-0.02277718  0.82869434  0.55923754]
 [ 0.5740163  -0.4471483   0.6859765 ]]"
20200223-093048.909794,86,[1.7146757  0.83180827 0.15110993],"[[-0.62129587 -0.05335212 -0.46714276]
 [-0.3182084   0.89568007  0.31054938]
 [ 0.65192664  0.4306031  -0.5674637 ]
 [ 0.296187   -0.09742533  0.60276175]]","[[ 0.8182003   0.3379955  -0.46508855]
 [-0.02589011  0.82978326  0.55748475]
 [ 0.5743502  -0.44409293  0.6876797 ]]"
20200223-093048.909794,87,[1.723645   0.8331677  0.15062322],"[[-0.621202   -0.05477116 -0.47019124]
 [-0.31859985  0.895189    0.31163573]
 [ 0.6518633   0.430822   -0.5679975 ]
 [ 0.29610333 -0.10014708  0.5993183 ]]","[[ 0.81798863  0.33817187 -0.46533275]
 [-0.0259103   0.82978386  0.55748326]
 [ 0.57465065 -0.44395798  0.68751574]]"
20200223-093048.909794,88,[1.730402   0.83655155 0.15015669],"[[-0.62150127 -0.05575554 -0.4732673 ]
 [-0.31862772  0.8948788   0.31251943]
 [ 0.65178686  0.43078685 -0.5687017 ]
 [ 0.29561204 -0.10249973  0.59575856]]","[[ 0.8178746   0.33823845 -0.4654846 ]
 [-0.02689953  0.8305722   0.5562611 ]
 [ 0.5747674  -0.4424306   0.6884024 ]]"
20200223-093048.909794,89,[1.7414216  0.8396052  0.14995943],"[[-0.6213522  -0.05590622 -0.47548252]
 [-0.3172005   0.8951912   0.3130628 ]
 [ 0.6525126   0.42952466 -0.56945634]
 [ 0.29585883 -0.1049576   0.5929821 ]]","[[ 0.8179393   0.33653498 -0.4666044 ]
 [-0.025368    0.8313654   0.55514693]
 [ 0.57474506 -0.44223973  0.68854356]]"
20200223-093048.909794,90,[1.7402314  0.8429613  0.14942613],"[[-0.622526   -0.05978592 -0.4793712 ]
 [-0.32129255  0.8933798   0.31401154]
 [ 0.6500371   0.43244272 -0.5703951 ]
 [ 0.2944215  -0.10626246  0.58843017]]","[[ 0.81707996  0.34092444 -0.46492037]
 [-0.0319116   0.83192754  0.55396605]
 [ 0.57564056 -0.43779814  0.6906308 ]]"
20200223-093048.909794,91,[1.7484725  0.84585726 0.14869669],"[[-0.62244767 -0.06066955 -0.4818636 ]
 [-0.32170957  0.8927932   0.31517318]
 [ 0.650068    0.43291944 -0.5703927 ]
 [ 0.29406375 -0.10871992  0.58576924]]","[[ 0.8168855   0.34119296 -0.4650651 ]
 [-0.0328021   0.8324596   0.55311364]
 [ 0.5758665  -0.43657538  0.6912162 ]]"
20200223-093048.909794,92,[1.7574255  0.8496497  0.14847843],"[[-0.62256306 -0.06094627 -0.48392656]
 [-0.3206583   0.8929685   0.3156482 ]
 [ 0.6504902   0.43197316 -0.5711222 ]
 [ 0.29403365 -0.11087018  0.5830962 ]]","[[ 0.81692976  0.34011167 -0.46577865]
 [-0.03250467  0.8334779   0.5515959 ]
 [ 0.5758204  -0.43547517  0.69194824]]"
20200223-093048.909794,93,[1.7637863  0.8503583  0.14806601],"[[-0.6227221  -0.06387076 -0.4865101 ]
 [-0.32312497  0.89169973  0.31655332]
 [ 0.64919776  0.4336495  -0.5716231 ]
 [ 0.2938534  -0.11287116  0.5799564 ]]","[[ 0.8163038   0.34241346 -0.46518952]
 [-0.03499789  0.83319134  0.55187625]
 [ 0.57656175 -0.434218    0.6921209 ]]"
20200223-093048.909794,94,[1.7758691 0.8533554 0.1476841],"[[-0.6223273  -0.06341611 -0.48875993]
 [-0.32118818  0.89209056  0.31723776]
 [ 0.65040994  0.4321707  -0.572051  ]
 [ 0.29413283 -0.11567792  0.5772624 ]]","[[ 0.8165191   0.3402056  -0.46642986]
 [-0.03272506  0.8339002   0.55094445]
 [ 0.57639027 -0.43459263  0.69202864]]"
20200223-093048.909794,95,[1.7837436  0.8590312  0.14719188],"[[-0.6225401  -0.0629693  -0.49081984]
 [-0.3198812   0.8922819   0.31787425]
 [ 0.6510708   0.4312835  -0.57238984]
 [ 0.2936437  -0.11773682  0.5748233 ]]","[[ 0.81663936  0.33891696 -0.46715695]
 [-0.03303237  0.8355423   0.5484324 ]
 [ 0.57620245 -0.4324401   0.69353193]]"
20200223-093048.909794,96,[1.790967   0.8608664  0.14666492],"[[-0.62257546 -0.06483858 -0.49332222]
 [-0.32125697  0.8913716   0.3187936 ]
 [ 0.6504591   0.4322837  -0.57269263]
 [ 0.2934224  -0.11993124  0.57186323]]","[[ 0.8162446   0.34013078 -0.46696463]
 [-0.03461707  0.8356519   0.5481677 ]
 [ 0.5766685  -0.431274    0.69387066]]"
20200223-093048.909794,97,[1.7970302  0.86286974 0.14644648],"[[-0.62288994 -0.06704052 -0.4954598 ]
 [-0.32270074  0.8905633   0.31932923]
 [ 0.6495035   0.43312302 -0.5734254 ]
 [ 0.29328686 -0.12168397  0.56897426]]","[[ 0.81581956  0.3415799  -0.46664932]
 [-0.03672305  0.83589447  0.54766047]
 [ 0.5771393  -0.42965537  0.694483  ]]"
20200223-093048.909794,98,[1.8030593  0.8648515  0.14623062],"[[-0.623208   -0.06926925 -0.49754402]
 [-0.3241927   0.8897298   0.31984887]
 [ 0.6485166   0.43399528 -0.5741448 ]
 [ 0.29315048 -0.12341221  0.5661313 ]]","[[ 0.8153814   0.3430717  -0.46632084]
 [-0.03887184  0.83612186  0.5471649 ]
 [ 0.5776177  -0.42802128  0.69509405]]"
20200223-093048.909794,99,[1.8144026  0.8678557  0.14610493],"[[-0.6229497  -0.06941092 -0.49915022]
 [-0.32285544  0.88999236  0.32016885]
 [ 0.64923346  0.43279475 -0.57473946]
 [ 0.29358852 -0.1256366   0.56392854]]","[[ 0.81544274  0.34146273 -0.4673933 ]
 [-0.03739073  0.8368553   0.5461458 ]
 [ 0.57762897 -0.42787448  0.69517505]]"
20200223-093048.909794,100,[1.8186727  0.8708053  0.14568684],"[[-0.6233496  -0.07183632 -0.5018795 ]
 [-0.32500693  0.8888438   0.3208234 ]
 [ 0.6480041   0.43427157 -0.5753709 ]
 [ 0.29308116 -0.12729771  0.56048006]]","[[ 0.8148711   0.3435804  -0.4668379 ]
 [-0.0406497   0.8372799   0.5452614 ]
 [ 0.57821506 -0.42534098  0.6962416 ]]"
20200223-093048.909794,101,[1.824711   0.8741486  0.14555357],"[[-0.6237157  -0.07346608 -0.5037004 ]
 [-0.3258029   0.8883221   0.32113233]
 [ 0.6473178   0.43461508 -0.5761557 ]
 [ 0.29293475 -0.12882835  0.5578572 ]]","[[ 0.8145422   0.34441033 -0.46680057]
 [-0.04255547  0.8379913   0.5440219 ]
 [ 0.5785415  -0.42326373  0.69723576]]"
20200223-093048.909794,102,[1.8309625  0.87757903 0.14538267],"[[-0.62403363 -0.07516975 -0.5056093 ]
 [-0.32675427  0.8877209   0.321469  ]
 [ 0.64659834  0.43509153 -0.5768969 ]
 [ 0.29278678 -0.13037278  0.5551641 ]]","[[ 0.81416935  0.34532613 -0.46677417]
 [-0.04451403  0.8386705   0.542817  ]
 [ 0.5789186  -0.42116696  0.6981917 ]]"
20200223-093048.909794,103,[1.8343847  0.88333106 0.14528164],"[[-0.62483597 -0.07621229 -0.5078864 ]
 [-0.3269627   0.88747483  0.32159925]
 [ 0.64600986  0.43501407 -0.57802093]
 [ 0.29214132 -0.13169111  0.5518305 ]]","[[ 0.81397337  0.34583393 -0.4667399 ]
 [-0.04709659  0.8401173   0.5403561 ]
 [ 0.57898974 -0.41785362  0.70012075]]"
20200223-093048.909794,104,[1.84337    0.8858999  0.14508057],"[[-0.6247831  -0.07686806 -0.5098403 ]
 [-0.3263903   0.8873803   0.3219816 ]
 [ 0.64627266  0.43441445 -0.5786534 ]
 [ 0.29231358 -0.1339103   0.54913646]]","[[ 0.8139591   0.3452194  -0.46721947]
 [-0.04672689  0.8405732   0.5396789 ]
 [ 0.5790398  -0.41744477  0.7003232 ]]"
20200223-093048.909794,105,[1.8511108  0.88730663 0.1445905 ],"[[-0.6246926  -0.07901349 -0.51132935]
 [-0.32828912  0.88623345  0.32277992]
 [ 0.64537644  0.43580732 -0.5786662 ]
 [ 0.2923603  -0.1357168   0.54726654]]","[[ 0.8134263   0.34692603 -0.4668833 ]
 [-0.04878565  0.8405255   0.539571  ]
 [ 0.5796186  -0.41612396  0.7006306 ]]"
20200223-093048.909794,106,[1.8578904  0.88774186 0.14426787],"[[-0.6246724  -0.08189914 -0.51310486]
 [-0.33077648  0.88489234  0.32338965]
 [ 0.64405835  0.43745413 -0.57902694]
 [ 0.29250655 -0.13744865  0.5448579 ]]","[[ 0.8127638   0.34927073 -0.46628845]
 [-0.05125736  0.8401331   0.5399529 ]
 [ 0.5803341  -0.4149534   0.7007325 ]]"
20200223-093048.909794,107,[1.861619   0.8933569  0.14417414],"[[-0.6254372  -0.08321321 -0.51465636]
 [-0.33148238  0.8844582   0.32352   ]
 [ 0.64319634  0.43776172 -0.5799144 ]
 [ 0.29196918 -0.13847023  0.5423679 ]]","[[ 0.81243473  0.350255   -0.4661235 ]
 [-0.05436614  0.8414793   0.53754723]
 [ 0.58051187 -0.4113808   0.7026892 ]]"
20200223-093048.909794,108,[1.8662372  0.89581466 0.14384526],"[[-0.6257474  -0.08597222 -0.51620835]
 [-0.33413568  0.8830942   0.32406506]
 [ 0.6416146   0.4395811  -0.58030015]
 [ 0.29176086 -0.13972144  0.54015046]]","[[ 0.811704    0.35293102 -0.4653781 ]
 [-0.05813896  0.84165156  0.53688246]
 [ 0.5811686  -0.4087329   0.70369077]]"
20200223-093048.909794,109,[1.8708514  0.89862794 0.14347705],"[[-0.6260051  -0.08843229 -0.51842344]
 [-0.3364026   0.8818456   0.32457104]
 [ 0.64030695  0.44112274 -0.5808353 ]
 [ 0.29147533 -0.14120522  0.53714204]]","[[ 0.811046    0.35517496 -0.4648175 ]
 [-0.06144852  0.8419141   0.5361013 ]
 [ 0.5817462  -0.4062404   0.70465606]]"
20200223-093048.909794,110,[1.8800336  0.8979792  0.14329214],"[[-0.6256952  -0.09110803 -0.5193874 ]
 [-0.33837646  0.88069606  0.32504725]
 [ 0.63927984  0.44230953 -0.58106697]
 [ 0.29210985 -0.14295499  0.53567   ]]","[[ 0.8104654   0.35692817 -0.46448702]
 [-0.06276791  0.841278    0.5369465 ]
 [ 0.5824139  -0.40602168  0.7042305 ]]"
20200223-093048.909794,111,[1.8875002 0.9027063 0.1430065],"[[-0.6257919  -0.09158813 -0.5209703 ]
 [-0.3381611   0.88048404  0.32538408]
 [ 0.63934016  0.44210118 -0.5814888 ]
 [ 0.29201934 -0.14458889  0.53346604]]","[[ 0.81032753  0.3566865  -0.46491262]
 [-0.06373545  0.84233993  0.5351645 ]
 [ 0.58250046 -0.4040271   0.7053049 ]]"
20200223-093048.909794,112,[1.896283   0.90501094 0.14300014],"[[-0.6257391  -0.09314039 -0.5216413 ]
 [-0.3387539   0.8800189   0.3255402 ]
 [ 0.6388646   0.44223982 -0.5819616 ]
 [ 0.2924874  -0.14599977  0.53219837]]","[[ 0.80999595  0.3571809  -0.46511158]
 [-0.06467398  0.8426858   0.5345075 ]
 [ 0.58285856 -0.40286818  0.7056723 ]]"
20200223-093048.909794,113,[1.9035673  0.90815496 0.14271691],"[[-0.62580144 -0.09417304 -0.5231701 ]
 [-0.33908334  0.8795374   0.32594213]
 [ 0.63862294  0.44239396 -0.5823591 ]
 [ 0.2925003  -0.14776047  0.53001225]]","[[ 0.809785    0.35756677 -0.4651822 ]
 [-0.06581571  0.84319735  0.5335604 ]
 [ 0.5830238  -0.40145284  0.70634204]]"
20200223-093048.909794,114,[1.9084735  0.9106475  0.14239654],"[[-0.6260372  -0.09679602 -0.52449167]
 [-0.34163553  0.87817585  0.32642606]
 [ 0.6370871   0.4441418  -0.58268344]
 [ 0.29237422 -0.14891475  0.5280478 ]]","[[ 0.8090398   0.36013904 -0.46449393]
 [-0.06951278  0.843369    0.5328197 ]
 [ 0.5836289  -0.39878404  0.7073534 ]]"
20200223-093048.909794,115,[1.9113202  0.9141273  0.14196926],"[[-0.6264517  -0.09955183 -0.5263518 ]
 [-0.34461454  0.87660795  0.3269601 ]
 [ 0.63528454  0.44626805 -0.58309454]
 [ 0.2919115  -0.1499765   0.5254064 ]]","[[ 0.8081825   0.36324742 -0.4635647 ]
 [-0.07425927  0.84369934  0.53165513]
 [ 0.5842315  -0.3952504   0.70883757]]"
20200223-093048.909794,116,[1.9234209  0.9140614  0.14180453],"[[-0.6258177  -0.10055209 -0.52725416]
 [-0.3443578   0.87630254  0.3273156 ]
 [ 0.6356329   0.44587588 -0.5832339 ]
 [ 0.29281497 -0.15224288  0.52412367]]","[[ 0.8081282   0.36276397 -0.4640379 ]
 [-0.07293268  0.84339756  0.53231704]
