Timestamp,Epoch,s,u,v
20200223-212644.248077,0,[0.25447786 0.13576113 0.09954932],"[[-0.6394338   0.4795001  -0.5833574 ]
 [ 0.5851967  -0.1994827  -0.73929626]
 [-0.16134019 -0.36722362 -0.33616272]
 [ 0.47184652  0.7716432   0.01139933]]","[[ 0.6878521   0.15055592  0.7100652 ]
 [-0.54362667  0.7550708   0.36652172]
 [ 0.48096743  0.63812304 -0.6012233 ]]"
20200223-212644.248077,1,[0.25584254 0.12617446 0.09887705],"[[-0.6448548   0.5173089  -0.54415137]
 [ 0.5898733  -0.12899864 -0.7527395 ]
 [-0.15124686 -0.33089134 -0.3610087 ]
 [ 0.46188363  0.7786283   0.08339952]]","[[ 0.6896776   0.08457589  0.7191605 ]
 [-0.5404683   0.72108555  0.43350878]
 [ 0.48191175  0.6876648  -0.54302704]]"
20200223-212644.248077,2,[0.25726685 0.11759201 0.09745364],"[[-0.64981604  0.5855287   0.4635122 ]
 [ 0.594244   -0.00594398  0.7620172 ]
 [-0.1414494  -0.26464224  0.4004989 ]
 [ 0.45233315  0.766215   -0.20996915]]","[[ 0.69187903 -0.03236767 -0.7212876 ]
 [-0.5362092   0.6459626  -0.54333425]
 [ 0.48351115  0.7626827   0.42957208]]"
20200223-212644.248077,3,[0.25845334 0.11121108 0.09456754],"[[-0.65480536  0.671329   -0.31753492]
 [ 0.5983167   0.1815423  -0.73879594]
 [-0.13184969 -0.15505359 -0.4422111 ]
 [ 0.44256347  0.701654    0.3972424 ]]","[[ 0.693548   -0.20763768  0.68983895]
 [-0.53342485  0.49558267  0.68546045]
 [ 0.48419964  0.8433769  -0.2329512 ]]"
20200223-212644.248077,4,[0.259783   0.10754795 0.08906339],"[[-0.6588208   0.7258291  -0.14030758]
 [ 0.6026596   0.37196127 -0.6621288 ]
 [-0.12232772 -0.02941625 -0.4542256 ]
 [ 0.43335062  0.5778853   0.5792912 ]]","[[ 0.6955722  -0.3835581   0.6075054 ]
 [-0.52908975  0.29857904  0.79430145]
 [ 0.48604912  0.8739187  -0.00474663]]"
20200223-212644.248077,5,[0.2614262  0.10584302 0.08243282],"[[-0.6622059   0.7358841  -0.02660112]
 [ 0.6059658   0.4793173  -0.5889687 ]
 [-0.11344037  0.05038466 -0.43466964]
 [ 0.42593437  0.47559533  0.6807865 ]]","[[ 0.69873804 -0.48302796  0.5276825 ]
 [-0.52158785  0.16084278  0.8378994 ]
 [ 0.4896029   0.8607052   0.13955455]]"
20200223-212644.248077,6,[0.2627981  0.10497185 0.07498689],"[[-0.6661533   0.7319064   0.03708706]
 [ 0.6093963   0.5387844  -0.53544796]
 [-0.10407194  0.09670781 -0.4045543 ]
 [ 0.4171866   0.40579814  0.74044293]]","[[ 0.7011496  -0.5362521   0.4699181 ]
 [-0.51630646  0.07268883  0.85331357]
 [ 0.491749    0.84092224  0.22590463]]"
20200223-212644.248077,7,[0.26474944 0.10448335 0.06716381],"[[-0.66958153  0.72613657  0.07210348]
 [ 0.61250305  0.5733407  -0.49974355]
 [-0.09474719  0.12404682 -0.36869255]
 [ 0.4092965   0.35863483  0.7804635 ]]","[[ 0.70503855 -0.5679774   0.42464384]
 [-0.5065903   0.01566301  0.86204463]
 [ 0.4962731   0.82289517  0.27668884]]"
20200223-212644.248077,8,[0.26587492 0.1042053  0.05931771],"[[-0.6740736   0.7200553   0.08813316]
 [ 0.6157135   0.595801   -0.4751264 ]
 [-0.08510163  0.14027797 -0.3269837 ]
 [ 0.39909828  0.3269007   0.8121385 ]]","[[ 0.7069757  -0.5865999   0.39507714]
 [-0.5029279  -0.02423396  0.8639886 ]
 [ 0.49724126  0.8095143   0.3121502 ]]"
20200223-212644.248077,9,[0.2672221  0.10409936 0.05159318],"[[-0.6778031   0.7158292   0.09190565]
 [ 0.61908704  0.6096824  -0.46046394]
 [-0.07552419  0.1496582  -0.2766395 ]
 [ 0.3893715   0.30574244  0.838449  ]]","[[ 0.709363   -0.5979597   0.37316012]
 [-0.49741638 -0.04959762  0.866093  ]
 [ 0.4993808   0.7999903   0.33261764]]"
20200223-212644.248077,10,[0.2690282  0.1040166  0.04394201],"[[-0.6815883   0.7121706   0.08927463]
 [ 0.62202066  0.62065166 -0.45113406]
 [-0.06580659  0.15586041 -0.20949511]
 [ 0.3797333   0.28863877  0.8629136 ]]","[[ 0.7128723  -0.60747015  0.3504186 ]
 [-0.48866087 -0.07187326  0.8695085 ]
 [ 0.50301474  0.79108435  0.34808335]]"
20200223-212644.248077,11,[0.2707517  0.10402516 0.03717572],"[[-0.68483627  0.70978785  0.07814077]
 [ 0.62488043  0.62768    -0.44842854]
 [-0.05600135  0.15916613 -0.11761878]
 [ 0.37065864  0.2772818   0.88259375]]","[[ 0.7160436 -0.6132348  0.3335038]
 [-0.48031   -0.0861349  0.8728591]
 [ 0.5065414  0.7851904  0.3562191]]"
20200223-212644.248077,12,[0.27285284 0.10405257 0.03072023],"[[-0.6879581   0.7079073   0.05999619]
 [ 0.6277741   0.63341767 -0.44704905]
 [-0.0460282   0.16088521  0.01007858]
 [ 0.36124018  0.26789021  0.8924383 ]]","[[ 0.7198696  -0.61814123  0.31573585]
 [-0.46958366 -0.09872842  0.8773504 ]
 [ 0.5111543   0.7798424   0.3613406 ]]"
20200223-212644.248077,13,[0.27528003 0.10409471 0.02515374],"[[-0.6910508   0.7063404   0.03278662]
 [ 0.63044155  0.6382195  -0.44181493]
 [-0.03589753  0.16127603  0.19120923]
 [ 0.3517149   0.26028588  0.8758788 ]]","[[ 0.7241581  -0.62239605  0.29701534]
 [-0.45696768 -0.11049736  0.8825932 ]
 [ 0.51650304  0.7748636   0.36443242]]"
20200223-212644.248077,14,[0.2767087  0.10418361 0.02108352],"[[-0.69407266  0.7050463  -0.00713078]
 [ 0.6332595   0.641837   -0.4182572 ]
 [-0.02582668  0.161042    0.44013953]
 [ 0.34143627  0.25499097  0.794536  ]]","[[ 0.7265635  -0.6245287   0.28647757]
 [-0.45028916 -0.11786687  0.88506895]
 [ 0.5189848   0.7720565   0.3668563 ]]"
20200223-212644.248077,15,[0.27856392 0.10431577 0.01905171],"[[-0.6960465   0.7047875  -0.05293351]
 [ 0.6366785   0.6438545  -0.3549628 ]
 [-0.01545738  0.16083795  0.71185213]
 [ 0.33154386  0.25071362  0.6037102 ]]","[[ 0.72934175 -0.62550503  0.27713567]
 [-0.44109166 -0.12027291  0.8893664 ]
 [ 0.5229714   0.77089417  0.36362505]]"
20200223-212644.248077,16,[0.2806031  0.10442425 0.01957283],"[[-0.6984434   0.70415133 -0.08856009]
 [ 0.639497    0.6463271  -0.25061947]
 [-0.00489454  0.15982464  0.90929   ]
 [ 0.3212416   0.24675499  0.32021606]]","[[ 0.7325064  -0.62704355  0.26504847]
 [-0.430766   -0.12545328  0.89370126]
 [ 0.5271385   0.7688159   0.36200437]]"
20200223-212644.248077,17,[0.28185838 0.10452659 0.02226809],"[[-0.7014165   0.70290303 -0.1040698 ]
 [ 0.6416808   0.6493143  -0.14401434]
 [ 0.00498111  0.15794699  0.9829746 ]
 [ 0.31021893  0.24366185  0.04680132]]","[[ 0.73472065 -0.628473    0.2553572 ]
 [-0.42457405 -0.13243422  0.89565516]
 [ 0.529077    0.7664745   0.36413544]]"
20200223-212644.248077,18,[0.28413004 0.10462815 0.02639229],"[[-0.7040593   0.7020167  -0.10328984]
 [ 0.64370364  0.65182555 -0.06614347]
 [ 0.01567892  0.15527885  0.9807416 ]
 [ 0.2995007   0.24121524 -0.15199406]]","[[ 0.73822397 -0.63019675  0.2405776 ]
 [-0.41284883 -0.14005634  0.8999668 ]
 [ 0.53346175  0.76369905  0.36356893]]"
20200223-212644.248077,19,[0.287102   0.10476302 0.03120163],"[[-0.7055918   0.70207185 -0.09563582]
 [ 0.64657295  0.65312696 -0.01455289]
 [ 0.02711632  0.15338306  0.9519553 ]
 [ 0.28870118  0.23873438 -0.29055607]]","[[ 0.74208343 -0.6310831   0.2259347 ]
 [-0.39765877 -0.14313708  0.90629977]
 [ 0.5396108   0.76239496  0.35717538]]"
20200223-212644.248077,20,[0.2897047  0.10488521 0.03624368],"[[-0.7076956   0.7014757  -0.08419475]
 [ 0.64867383  0.65503454  0.01964361]
 [ 0.03790209  0.15010943  0.9183529 ]
 [ 0.27740315  0.23733634 -0.3862036 ]]","[[ 0.7455018  -0.6322606   0.21088749]
 [-0.38452074 -0.14955722  0.91092074]
 [ 0.5443995   0.76018363  0.35461253]]"
20200223-212644.248077,21,[0.29336843 0.10502348 0.04138185],"[[-0.7089358   0.701581   -0.07120635]
 [ 0.6512507   0.6561149   0.03996794]
 [ 0.04976717  0.1472511   0.8874991 ]
 [ 0.2660943   0.23582761 -0.4535167 ]]","[[ 0.74951005 -0.6331118   0.19340268]
 [-0.36651117 -0.15357064  0.9176523 ]
 [ 0.5512755   0.7586737   0.34714517]]"
20200223-212644.248077,22,[0.29566056 0.10516515 0.04645389],"[[-0.71038127  0.7011847  -0.05858664]
 [ 0.65324086  0.6575663   0.05271057]
 [ 0.06029876  0.14430097  0.8612677 ]
 [ 0.25494877  0.23478447 -0.5020026 ]]","[[ 0.75207335 -0.6335319   0.18172206]
 [-0.35522357 -0.15738548  0.92143697]
 [ 0.5551594   0.75754005  0.34341088]]"
20200223-212644.248077,23,[0.2975966  0.10530648 0.05154366],"[[-0.7120736   0.7003752  -0.04498994]
 [ 0.65480155  0.65930784  0.0620991 ]
 [ 0.07037419  0.14032225  0.83758473]
 [ 0.24337865  0.23472872 -0.54089826]]","[[ 0.75436443 -0.63404405  0.17006592]
 [-0.34548458 -0.1631722   0.9241295 ]
 [ 0.55818874  0.75588554  0.34214374]]"
20200223-212644.248077,24,[0.30062798 0.10546045 0.05647698],"[[-0.7127501   0.700347   -0.03165814]
 [ 0.6570338   0.66026044  0.06639355]
 [ 0.08137151  0.13741915  0.81659395]
 [ 0.23167363  0.2338506  -0.5725065 ]]","[[ 0.75709856 -0.6342506   0.15661436]
 [-0.33102578 -0.16575837  0.9289489 ]
 [ 0.5632263   0.75514925  0.33544862]]"
20200223-212644.248077,25,[0.30327547 0.10560779 0.0613094 ],"[[-0.71390265  0.6996483  -0.01693615]
 [ 0.6583838   0.6616819   0.06906126]
 [ 0.09201393  0.13260733  0.7997664 ]
 [ 0.22001757  0.23470157 -0.5960852 ]]","[[ 0.7595662  -0.6347017   0.14217283]
 [-0.31832126 -0.1721264   0.9322254 ]
 [ 0.5672134   0.75334346  0.3327804 ]]"
20200223-212644.248077,26,[0.3061786  0.10576465 0.06624851],"[[-0.71451694  0.6992056  -0.00205655]
 [ 0.660012    0.66279465  0.06921481]
 [ 0.10326072  0.12830736  0.7842451 ]
 [ 0.20781535  0.23527007 -0.6165752 ]]","[[ 0.76191556 -0.63490325  0.12799567]
 [-0.30459172 -0.17684448  0.93592215]
 [ 0.57158476  0.7520798   0.3281268 ]]"
20200223-212644.248077,27,[0.30868483 0.10591842 0.07075391],"[[-0.71570706  0.6978354   0.01489004]
 [ 0.66064477  0.6643636   0.07128207]
 [ 0.11338151  0.12078343  0.77160597]
 [ 0.19610289  0.23886809 -0.6319188 ]]","[[ 0.7640792  -0.635398    0.1115899 ]
 [-0.29272982 -0.18733925  0.93766373]
 [ 0.57488453  0.74911505  0.32914197]]"
20200223-212644.248077,28,[0.31164333 0.10608292 0.07510407],"[[-0.7168197   0.6960168   0.03444484]
 [ 0.6610592   0.66580695  0.07458137]
 [ 0.1236853   0.11081215  0.7601245 ]
 [ 0.18404432  0.24491309 -0.6445633 ]]","[[ 0.76634336 -0.63588846  0.09145471]
 [-0.27919856 -0.20144781  0.9388647 ]
 [ 0.5785898   0.7450267   0.33191732]]"
20200223-212644.248077,29,[0.31488442 0.10625917 0.07954975],"[[-0.7173733   0.6941096   0.05549773]
 [ 0.661712    0.6668582   0.07745644]
 [ 0.13462767  0.10001937  0.7493851 ]
 [ 0.17143148  0.2520089  -0.6552426 ]]","[[ 0.76844174 -0.6360453   0.07031405]
 [-0.26464576 -0.21583031  0.939883  ]
 [ 0.5826321   0.74085355  0.3341797 ]]"
20200223-212644.248077,30,[0.3182615  0.10643817 0.08370062],"[[-0.7171487   0.69253457  0.07510334]
 [ 0.6626295   0.6675203   0.07836293]
 [ 0.14554867  0.09042992  0.740293  ]
 [ 0.15948705  0.25813764 -0.6634645 ]]","[[ 0.7701694  -0.6357904   0.05108226]
 [-0.2500179  -0.22724088  0.94119745]
 [ 0.58679646  0.73765284  0.33397296]]"
20200223-212644.248077,31,[0.32165432 0.10663906 0.08778405],"[[-0.71735823  0.6888489   0.10240643]
 [ 0.6628441   0.6679661   0.08638511]
 [ 0.156279    0.07299851  0.7320307 ]
 [ 0.14701107  0.271992   -0.6679685 ]]","[[ 0.7718937  -0.63529634  0.02405935]
 [-0.23547237 -0.2505399   0.93903285]
 [ 0.59053636  0.73049873  0.34298486]]"
20200223-212644.248077,32,[0.3244902  0.10686593 0.09151352],"[[-0.7175494   0.6832262   0.13409208]
 [ 0.6628223   0.66762614  0.10039696]
 [ 0.16583523  0.05012408  0.72431767]
 [ 0.13523325  0.29148692 -0.6688077 ]]","[[ 0.77329314 -0.63402057 -0.00596525]
 [-0.22325274 -0.2810753   0.93335676]
 [ 0.5934441   0.7204266   0.35890046]]"
20200223-212644.248077,33,[0.3280893  0.10709907 0.09515569],"[[-0.7167119   0.6762334   0.16955641]
 [ 0.6633471   0.665824    0.11660947]
 [ 0.1762682   0.02385408  0.71688175]
 [ 0.12338804  0.31435373 -0.6661334 ]]","[[ 0.77445346 -0.63136256 -0.04004331]
 [-0.20870073 -0.31472766  0.92595404]
 [ 0.5972154   0.7087511   0.3755077 ]]"
20200223-212644.248077,34,[0.33184552 0.10737643 0.09899696],"[[-0.71535     0.66199154  0.22319205]
 [ 0.66399735  0.6598839   0.14944974]
 [ 0.18741557 -0.02074588  0.7081545 ]
 [ 0.11071445  0.35480985 -0.65296817]]","[[ 0.77538085 -0.6249566  -0.0906313 ]
 [-0.19365278 -0.37191933  0.9078407 ]
 [ 0.60106856  0.6863712   0.40940362]]"
20200223-212644.248077,35,[0.33544976 0.10780463 0.10230844],"[[-0.71426547  0.62233067  0.31993306]
 [ 0.66406494  0.63800335  0.22855164]
 [ 0.19770797 -0.11390541  0.6911153 ]
 [ 0.09876534  0.4389555  -0.60643786]]","[[ 0.7761894  -0.6031713  -0.1836155 ]
 [-0.17961675 -0.4906911   0.85261965]
 [ 0.6043742   0.6288138   0.4892088 ]]"
20200223-212644.248077,36,[0.3385789  0.10881936 0.10502455],"[[-0.7135218  -0.47821334  0.5119304 ]
 [ 0.6635646  -0.5364426   0.4168897 ]
 [ 0.20749164  0.32740328  0.610186  ]
 [ 0.08669467 -0.6134723  -0.43795314]]","[[ 0.7769403   0.5046556  -0.37641254]
 [-0.16713841  0.74176544  0.6494989 ]
 [ 0.6069831  -0.44170886  0.66065484]]"
20200223-212644.248077,37,[0.34181598 0.11079473 0.10655429],"[[-0.711862   -0.2322763   0.66273195]
 [ 0.6637332  -0.3396046   0.5895443 ]
 [ 0.21694212  0.53295386  0.42959762]
 [ 0.07514713 -0.73937595 -0.16932262]]","[[ 0.7773181   0.3102379  -0.54729265]
 [-0.15475677  0.9375139   0.31163797]
 [ 0.6097763  -0.15754454  0.7767579 ]]"
20200223-212644.248077,38,[0.3452208  0.11356075 0.10710853],"[[-0.71072704 -0.09112573  0.6975033 ]
 [ 0.6630856  -0.22871481  0.6425756 ]
 [ 0.22612338  0.5988254   0.31591257]
 [ 0.06366166 -0.76209813 -0.02801548]]","[[ 0.7777566   0.18979745 -0.59922594]
 [-0.14215207  0.981735    0.1264483 ]
 [ 0.61228067 -0.01316479  0.79053086]]"
20200223-212644.248077,39,[0.34968868 0.1162079  0.10744579],"[[-0.709019   -0.02219422  0.7048223 ]
 [ 0.66266686 -0.18222241  0.65870476]
 [ 0.23541334  0.6165034   0.26121947]
 [ 0.05239506 -0.76565397  0.03313361]]","[[ 0.77791375  0.12706316 -0.61539006]
 [-0.12716301  0.9909119   0.04385277]
 [ 0.61536944  0.04414117  0.7870018 ]]"
20200223-212644.248077,40,[0.35415387 0.11901822 0.10771158],"[[-0.70721066  0.0225957   0.7066366 ]
 [ 0.6619821  -0.15857871  0.6664305 ]
 [ 0.2448802   0.6217422   0.22789943]
 [ 0.04082101 -0.76666754  0.06779979]]","[[ 0.77792007  0.08519855 -0.62256056]
 [-0.11243776  0.9936485  -0.00451393]
 [ 0.6182217   0.0735108   0.78255874]]"
20200223-212644.248077,41,[0.35819545 0.12170511 0.10791406],"[[-0.70585716  0.04921481  0.7066423 ]
 [ 0.6607582  -0.15088366  0.6703726 ]
 [ 0.25352862  0.62049884  0.21040812]
 [ 0.0297898  -0.76798016  0.08357896]]","[[ 0.77793086  0.05949401 -0.62552696]
 [-0.09932175  0.99463505 -0.02892062]
 [ 0.62045044  0.08462667  0.77966636]]"
20200223-212644.248077,42,[0.36178505 0.12425859 0.10808732],"[[-0.7049304   0.06660993  0.7061391 ]
 [ 0.6590884  -0.15076512  0.67299944]
 [ 0.26135182  0.6165681   0.20079592]
 [ 0.01924813 -0.76985514  0.09011488]]","[[ 0.7779755   0.04226057 -0.6268716 ]
 [-0.08772691  0.9952681  -0.04177697]
 [ 0.6221397   0.08749497  0.7780017 ]]"
20200223-212644.248077,43,[0.36532173 0.12657441 0.10834233],"[[-0.70261425  0.09133658  0.7056722 ]
 [ 0.6587141  -0.14243808  0.67606205]
 [ 0.26895487  0.61496925  0.1839345 ]
 [ 0.00960629 -0.7701832   0.10552136]]","[[ 0.7775493   0.01985594 -0.6285086 ]
 [-0.07679264  0.9950187  -0.06356801]
 [ 0.6241156   0.0976921   0.77520084]]"
20200223-212644.248077,44,[0.36836573 0.12893973 0.10852958],"[[-7.0142722e-01  1.0532155e-01  7.0488721e-01]
 [ 6.5714669e-01 -1.4412203e-01  6.7815953e-01]
 [ 2.7596784e-01  6.1034828e-01  1.7682406e-01]
 [-1.9210033e-04 -7.7175862e-01  1.0939476e-01]]","[[ 0.777423    0.00675558 -0.62894183]
 [-0.06705838  0.99513334 -0.07220067]
 [ 0.6253932   0.09830628  0.77409256]]"
20200223-212644.248077,45,[0.3717544  0.13146503 0.10876844],"[[-0.6989336   0.12570107  0.7039996 ]
 [ 0.65636283 -0.14096698  0.6804437 ]
 [ 0.28384656  0.60683566  0.16449635]
 [-0.01053533 -0.77206105  0.11967407]]","[[ 0.7768823  -0.0112078  -0.6295462 ]
 [-0.05644831  0.9945758  -0.08736564]
 [ 0.62711054  0.10340963  0.77203566]]"
20200223-212644.248077,46,[0.37650618 0.1336761  0.1089743 ],"[[-0.6965633   0.1401621   0.7035826 ]
 [ 0.65518636 -0.14333959  0.68185973]
 [ 0.29172656  0.6018942   0.15732864]
 [-0.02064344 -0.7730017   0.1236392 ]]","[[ 0.7761179  -0.0264097  -0.63003474]
 [-0.04343474  0.9945108  -0.09519351]
 [ 0.62909037  0.10124677  0.7707105 ]]"
20200223-212644.248077,47,[0.38084388 0.13555877 0.10915983],"[[-0.6948603   0.14994392  0.70320415]
 [ 0.65360284 -0.14809927  0.6831159 ]
 [ 0.2985006   0.5968356   0.15340894]
 [-0.029492   -0.7741901   0.12378364]]","[[ 0.7754741  -0.03752369 -0.6302634 ]
 [-0.0320787   0.99460155 -0.09868465]
 [ 0.6305639   0.09674542  0.7700841 ]]"
20200223-212644.248077,48,[0.3838234  0.13780408 0.10936954],"[[-0.692835    0.1630133   0.70224327]
 [ 0.6520768  -0.15034369  0.6848756 ]
 [ 0.30539954  0.5923681   0.14697926]
 [-0.03882003 -0.7745471   0.12726668]]","[[ 0.7749324  -0.04888059 -0.63015115]
 [-0.02321761  0.9941305  -0.10566634]
 [ 0.6316176   0.09651487  0.7692491 ]]"
20200223-212644.248077,49,[0.38878408 0.13935003 0.10958229],"[[-0.6904557   0.1736669   0.70196795]
 [ 0.6511494  -0.15280531  0.68593115]
 [ 0.31157568  0.5875715   0.14151427]
 [-0.04685996 -0.77540326  0.12928067]]","[[ 0.7738756  -0.06111072 -0.6303824 ]
 [-0.01161054  0.9937978  -0.11059446]
 [ 0.6332313   0.09290543  0.7683663 ]]"
20200223-212644.248077,50,[0.39241683 0.1412035  0.10978541],"[[-0.68849754  0.18368518  0.70127064]
 [ 0.64959896 -0.1563857   0.6873512 ]
 [ 0.3177013   0.5827408   0.13701588]
 [-0.05530389 -0.7760264   0.1303641 ]]","[[ 0.77313185 -0.07091346 -0.63026875]
 [-0.00238002  0.99339855 -0.11468982]
 [ 0.6342411   0.09017038  0.7678591 ]]"
20200223-212644.248077,51,[0.39793587 0.14322314 0.11000294],"[[-0.6852989   0.19653401  0.7008333 ]
 [ 0.6482982  -0.1598454   0.68842584]
 [ 0.32536244  0.5776168   0.13099918]
 [-0.06491875 -0.7760044   0.13319927]]","[[ 0.77170277 -0.084563   -0.6303367 ]
 [ 0.01042621  0.9926698  -0.12040745]
 [ 0.6358982   0.08634671  0.7669276 ]]"
20200223-212644.248077,52,[0.40218848 0.14493954 0.11021987],"[[-0.68277633  0.20701489  0.70018446]
 [ 0.6469825  -0.16271593  0.6896694 ]
 [ 0.33151194  0.5730029   0.12587492]
 [-0.07300827 -0.77610314  0.1351045 ]]","[[ 0.7706074  -0.09505538 -0.63018143]
 [ 0.02014783  0.99195373 -0.12498699]
 [ 0.6369917   0.08361911  0.76632214]]"
20200223-212644.248077,53,[0.4059848  0.14653121 0.1104019 ],"[[-0.68148494  0.21268018  0.69964045]
 [ 0.6446553  -0.16917416  0.691006  ]
 [ 0.33688372  0.56792367  0.12466288]
 [-0.08066836 -0.7769233   0.13218571]]","[[ 0.76987416 -0.10167112 -0.63004506]
 [ 0.02871355  0.9917471  -0.12495333]
 [ 0.6375495   0.07810751  0.7664398 ]]"
20200223-212644.248077,54,[0.4083352  0.14792806 0.11061724],"[[-0.68005437  0.2199435   0.6986843 ]
 [ 0.64318967 -0.17155515  0.69256693]
 [ 0.34093517  0.56359285  0.1209633 ]
 [-0.08715694 -0.7775325   0.13251118]]","[[ 0.7693525  -0.10789087 -0.6296477 ]
 [ 0.03435236  0.991196   -0.12786826]
 [ 0.6379002   0.07674588  0.7662855 ]]"
20200223-212644.248077,55,[0.41131333 0.14949453 0.11084045],"[[-0.6779295   0.22896981  0.69773513]
 [ 0.64179784 -0.17377864  0.69402903]
 [ 0.3458439   0.55921125  0.11632623]
 [-0.09433722 -0.7775967   0.13400735]]","[[ 0.76853245 -0.11577784 -0.62924826]
 [ 0.04124565  0.99041075 -0.13185413]
 [ 0.63848     0.07538042  0.7659381 ]]"
20200223-212644.248077,56,[0.41494942 0.15076338 0.11106262],"[[-0.67596227  0.23647809  0.69701284]
 [ 0.64055115 -0.17614272  0.6952979 ]
 [ 0.35014755  0.55471236  0.11237434]
 [-0.10082708 -0.77804023  0.13455883]]","[[ 0.7675801  -0.12339249 -0.62896365]
 [ 0.04863639  0.989678   -0.1348035 ]
 [ 0.6391052   0.07288196  0.76565844]]"
20200223-212644.248077,57,[0.4186966  0.15240288 0.11127986],"[[-0.6737096   0.24479957  0.6961833 ]
 [ 0.63872284 -0.18005036  0.6966673 ]
 [ 0.35546756  0.5498021   0.10880278]
 [-0.10859007 -0.7780571   0.13470735]]","[[ 0.7665387  -0.13133888 -0.6286247 ]
 [ 0.05668589  0.9888807  -0.13748516]
 [ 0.63969165  0.06975353  0.76546013]]"
20200223-212644.248077,58,[0.42220756 0.15361756 0.11152281],"[[-0.67121     0.25366122  0.6952797 ]
 [ 0.6379446  -0.18059511  0.6978979 ]
 [ 0.35968637  0.54585946  0.10338185]
 [-0.11458425 -0.7778682   0.13724756]]","[[ 0.7654489  -0.13952994 -0.6281875 ]
 [ 0.0634682   0.9878192  -0.1420734 ]
 [ 0.6403592   0.06887999  0.76498085]]"
20200223-212644.248077,59,[0.4266642  0.15491278 0.11173664],"[[-0.6692292   0.2599911   0.69468564]
 [ 0.6361256  -0.1848302   0.69909143]
 [ 0.3643552   0.54112434  0.10075585]
 [-0.12133208 -0.7780918   0.13612826]]","[[ 0.7642726  -0.1468031  -0.6279622 ]
 [ 0.07174101  0.9870558  -0.14343724]
 [ 0.6408907   0.06457449  0.7649113 ]]"
20200223-212644.248077,60,[0.43106622 0.15640122 0.11196721],"[[-0.6664353   0.26872054  0.6938771 ]
 [ 0.63464457 -0.18774003  0.7002867 ]
 [ 0.3695323   0.53643066  0.09644122]
 [-0.1285937  -0.77767956  0.13723047]]","[[ 0.7629019  -0.1553522  -0.6275719 ]
 [ 0.08004402  0.9859287  -0.14675684]
 [ 0.6415401   0.06172769  0.7646018 ]]"
20200223-212644.248077,61,[0.43680024 0.15715858 0.11219084],"[[-0.6644417   0.27381867  0.69359684]
 [ 0.63349056 -0.1905527   0.7011302 ]
 [ 0.37331697  0.5323252   0.09351224]
 [-0.13357171 -0.77803814  0.13636419]]","[[ 0.76139414 -0.16296923 -0.62747127]
 [ 0.08876006  0.9849787  -0.14811803]
 [ 0.6421844   0.0570818   0.764422  ]]"
20200223-212644.248077,62,[0.44104698 0.15833601 0.11242574],"[[-0.6620368   0.2811078   0.69278395]
 [ 0.632199   -0.19270074  0.70230424]
 [ 0.37759465  0.52822787  0.08947135]
 [-0.13947871 -0.7777018   0.13716538]]","[[ 0.7601202  -0.17035377 -0.6270542 ]
 [ 0.09590346  0.9838654  -0.15103482]
 [ 0.6426663   0.05466794  0.7641934 ]]"
20200223-212644.248077,63,[0.44681522 0.15920965 0.11265309],"[[-0.6598992   0.28649327  0.6923958 ]
 [ 0.6309127  -0.19565023  0.7032073 ]
 [ 0.38147077  0.5239422   0.08650017]
 [-0.1447826  -0.777899    0.13639955]]","[[ 0.75855815 -0.17781453 -0.62687445]
 [ 0.10435297  0.9827797  -0.15249418]
 [ 0.6431952   0.05025949  0.76405096]]"
20200223-212644.248077,64,[0.44942573 0.16031852 0.11289143],"[[-0.65811336  0.29280365  0.6912526 ]
 [ 0.62953854 -0.19718783  0.70466745]
 [ 0.38478243  0.52017444  0.08279165]
 [-0.15003577 -0.7776901   0.1369642 ]]","[[ 0.75778663 -0.18309085 -0.62628853]
 [ 0.10897556  0.981857   -0.15518212]
 [ 0.64333814  0.04934478  0.7639903 ]]"
20200223-212644.248077,65,[0.45349827 0.16142283 0.1131469 ],"[[-0.655223    0.3011184   0.69020075]
 [ 0.62880486 -0.19751625  0.70579153]
 [ 0.38877285  0.5164543   0.07746542]
 [-0.15537888 -0.7769105   0.1395708 ]]","[[ 0.7564263  -0.19072255 -0.6256551 ]
 [ 0.11528715  0.98044455 -0.15949148]
 [ 0.64383864  0.04851355  0.76362187]]"
20200223-212644.248077,66,[0.45678473 0.16247346 0.11339596],"[[-0.65292907  0.30811     0.68906045]
 [ 0.6278025  -0.19829206  0.70707613]
 [ 0.3921734   0.51271623  0.07303344]
 [-0.16045976 -0.7764472   0.14108399]]","[[ 0.75537926 -0.19687209 -0.62501484]
 [ 0.12046544  0.97926646 -0.16286516]
 [ 0.64411974  0.04773228  0.76343393]]"
20200223-212644.248077,67,[0.46085575 0.1630385  0.1136309 ],"[[-0.6518111   0.3114696   0.68835396]
 [ 0.6265841  -0.20002747  0.7082523 ]
 [ 0.3945123   0.50936425  0.07056251]
 [-0.16399562 -0.77686787  0.13988653]]","[[ 0.75442773 -0.2015448  -0.6246747 ]
 [ 0.12568048  0.9784387  -0.16389713]
 [ 0.64423853  0.04513911  0.7634914 ]]"
20200223-212644.248077,68,[0.46421304 0.16398847 0.11387159],"[[-0.65018725  0.31654754  0.6873209 ]
 [ 0.6250942  -0.202017    0.70961946]
 [ 0.39751512  0.5055602   0.06756809]
 [-0.16880715 -0.7767853   0.13951632]]","[[ 0.7535159  -0.2064945  -0.6241585 ]
 [ 0.1306219   0.9774881  -0.16569547]
 [ 0.6443227   0.04332539  0.7635254 ]]"
20200223-212644.248077,69,[0.4673886  0.16471322 0.11411291],"[[-0.64893925  0.32067907  0.6863181 ]
 [ 0.62378734 -0.20342422  0.7109633 ]
 [ 0.39996627  0.5023016   0.06469765]
 [-0.17261127 -0.776838    0.13897179]]","[[ 0.7527383  -0.21079671 -0.62365866]
 [ 0.13487972  0.9766351  -0.16730681]
 [ 0.6443546   0.04181935  0.76358277]]"
20200223-212644.248077,70,[0.4689106  0.16545293 0.11435953],"[[-0.64817905  0.32446525  0.68500096]
 [ 0.622402   -0.20433441  0.712578  ]
 [ 0.40177783  0.49917743  0.06195152]
 [-0.17622155 -0.7770403   0.13844793]]","[[ 0.7524343  -0.21370564 -0.62303495]
 [ 0.13728932  0.9760117  -0.16897611]
 [ 0.6442004   0.04160739  0.7637241 ]]"
20200223-212644.248077,71,[0.47114217 0.16593793 0.11459985],"[[-0.64782166  0.32682762  0.6839343 ]
 [ 0.6210423  -0.2054456   0.7140648 ]
 [ 0.40325272  0.49642608  0.05980736]
 [-0.17894246 -0.7775196   0.13699606]]","[[ 0.75207436 -0.21634597 -0.6225578 ]
 [ 0.14001223  0.9754732  -0.16984779]
 [ 0.6440345   0.04057245  0.7639196 ]]"
20200223-212644.248077,72,[0.4758025  0.16662723 0.11486632],"[[-0.6454257   0.3329911   0.6829181 ]
 [ 0.6206075  -0.2051044   0.715054  ]
 [ 0.40606636  0.49307722  0.05510732]
 [-0.18270943 -0.7771256   0.13886698]]","[[ 0.75069934 -0.22288887 -0.6219095 ]
 [ 0.14560796  0.97404087 -0.1733292 ]
 [ 0.6443983   0.03956313  0.7636659 ]]"
20200223-212644.248077,73,[0.47983304 0.16747183 0.11512477],"[[-0.64338994  0.33850256  0.6818142 ]
 [ 0.6195231  -0.20606503  0.7162599 ]
 [ 0.40899488  0.48952034  0.05138823]
 [-0.18698685 -0.7767388   0.13950028]]","[[ 0.7495453  -0.22843796 -0.6212874 ]
 [ 0.1507184   0.9728098  -0.17585494]
 [ 0.64456654  0.03817176  0.76359475]]"
20200223-212644.248077,74,[0.48419306 0.16842195 0.11536694],"[[-0.64175373  0.34279957  0.6808698 ]
 [ 0.61757773 -0.20913115  0.717592  ]
 [ 0.41226932  0.48568562  0.04914739]
 [-0.19179079 -0.77644217  0.13806726]]","[[ 0.7484101  -0.233311   -0.62084496]
 [ 0.15629558  0.9717626  -0.17677474]
 [ 0.6445573   0.03526469  0.76374227]]"
20200223-212644.248077,75,[0.48723856 0.16903925 0.11562611],"[[-0.6405624   0.34672216  0.6796795 ]
 [ 0.6165211  -0.2096182   0.71894085]
 [ 0.4141541   0.4825276   0.04601097]
 [-0.19508438 -0.77653795  0.13799521]]","[[ 0.74767876 -0.23726773 -0.6202263 ]
 [ 0.15982318  0.9708315  -0.17872606]
 [ 0.64454114  0.03450311  0.7637908 ]]"
20200223-212644.248077,76,[0.4903336  0.16963546 0.11588331],"[[-0.6394606   0.35036597  0.6785027 ]
 [ 0.615347   -0.21030955  0.72029984]
 [ 0.41613263  0.47958696  0.04306259]
 [-0.19817069 -0.7765369   0.13765028]]","[[ 0.74695975 -0.24107152 -0.61962533]
 [ 0.16332658  0.9699254  -0.18046875]
 [ 0.6444964   0.03360162  0.76386863]]"
20200223-212644.248077,77,[0.4942227  0.1701585  0.11613751],"[[-0.6384749   0.35337254  0.6775019 ]
 [ 0.61407804 -0.21147224  0.7215794 ]
 [ 0.41809326  0.4765768   0.04053247]
 [-0.20113797 -0.7767125   0.13664466]]","[[ 0.74609905 -0.24498306 -0.6191281 ]
 [ 0.16741529  0.9690026  -0.18167618]
 [ 0.64444435  0.0318969   0.76398575]]"
20200223-212644.248077,78,[0.5001013  0.17081486 0.11639556],"[[-0.63666195  0.35734364  0.6767174 ]
 [ 0.61279255 -0.21328877  0.7226077 ]
 [ 0.42091674  0.47302678  0.03771554]
 [-0.20488079 -0.7765689   0.1359016 ]]","[[ 0.7446187  -0.25055146 -0.6186819 ]
 [ 0.17350999  0.9676702  -0.18305434]
 [ 0.6445444   0.02895821  0.76401836]]"
20200223-212644.248077,79,[0.5049624  0.17147821 0.11665943],"[[-0.6348856   0.36168715  0.67567456]
 [ 0.61169785 -0.21424419  0.7237467 ]
 [ 0.4234501   0.46967942  0.0344425 ]
 [-0.20841344 -0.77632654  0.13589774]]","[[ 0.7433766  -0.255662   -0.6180843 ]
 [ 0.17851661  0.9663833  -0.1850272 ]
 [ 0.64461076  0.02720659  0.76402664]]"
20200223-212644.248077,80,[0.50720173 0.17215694 0.11691684],"[[-0.6342832   0.3645478   0.6743184 ]
 [ 0.6098972  -0.21580867  0.72537255]
 [ 0.42533886  0.46678254  0.03236661]
 [-0.21165329 -0.77630216  0.13446772]]","[[ 0.7429632  -0.2582829  -0.61749154]
 [ 0.18113808  0.96571034 -0.18599056]
 [ 0.6443562   0.02633288  0.76427203]]"
20200223-212644.248077,81,[0.51185703 0.17262088 0.1171897 ],"[[-0.6328496   0.36824355  0.6732304 ]
 [ 0.60911477 -0.21587989  0.72649044]
 [ 0.42727494  0.46385294  0.02900023]
 [-0.2142816  -0.77629447  0.13465235]]","[[ 0.74186    -0.26292804 -0.6168571 ]
 [ 0.18543746  0.96448773 -0.18808614]
 [ 0.64440423  0.02514513  0.76427156]]"
20200223-212644.248077,82,[0.51642007 0.17305951 0.11746187],"[[-0.63151455  0.37175286  0.6721143 ]
 [ 0.6083264  -0.21589069  0.72762734]
 [ 0.4291308   0.46104053  0.02568693]
 [-0.21673825 -0.7762943   0.13476212]]","[[ 0.74081135 -0.26736668 -0.6162092 ]
 [ 0.18951356  0.96329427 -0.19012861]
 [ 0.64442486  0.02406942  0.7642888 ]]"
20200223-212644.248077,83,[0.5219758  0.17344655 0.11773068],"[[-0.6302582   0.3746661   0.67120034]
 [ 0.60740125 -0.21648605  0.7286754 ]
 [ 0.43108115  0.45817584  0.02280124]
 [-0.21910627 -0.77642375  0.1341726 ]]","[[ 0.7395881  -0.2719436  -0.61567533]
 [ 0.19423285  0.96205866 -0.19161624]
 [ 0.6444247   0.02213272  0.7643475 ]]"
20200223-212644.248077,84,[0.52609706 0.17419992 0.11800049],"[[-0.6289016   0.37836158  0.6699454 ]
 [ 0.60576373 -0.21811077  0.7300634 ]
 [ 0.4334619   0.45480484  0.02026739]
 [-0.22280906 -0.7761591   0.1333034 ]]","[[ 0.7386227  -0.27593863 -0.6150563 ]
 [ 0.19831392  0.9609555  -0.19296688]
 [ 0.6442888   0.02055549  0.764506  ]]"
20200223-212644.248077,85,[0.5308841  0.17478026 0.11828039],"[[-0.62730944  0.38231313  0.66871655]
 [ 0.60479033 -0.21843998  0.7312379 ]
 [ 0.43560168  0.45172924  0.01695064]
 [-0.22574957 -0.7759263   0.13349803]]","[[ 0.737487   -0.28052473 -0.6143442 ]
 [ 0.2025258   0.9596499  -0.19507852]
 [ 0.6442796   0.01944733  0.76454264]]"
20200223-212644.248077,86,[0.5353377  0.17517608 0.11856356],"[[-0.6261193   0.38560385  0.6674539 ]
 [ 0.6040756  -0.21804343  0.73241335]
 [ 0.43719417  0.44905287  0.01361537]
 [-0.22787869 -0.7759628   0.1337549 ]]","[[ 0.7365336  -0.28461117 -0.613608  ]
 [ 0.2060518   0.9584581  -0.197233  ]
 [ 0.6442523   0.0188337   0.7645811 ]]"
20200223-212644.248077,87,[0.53832716 0.17542447 0.11885294],"[[-0.6253311   0.38868997  0.66592675]
 [ 0.6037381  -0.21633764  0.733691  ]
 [ 0.43809387  0.4468705   0.00990387]
 [-0.22920515 -0.7761605   0.13468845]]","[[ 0.7359778  -0.28794217 -0.6127199 ]
 [ 0.20814535  0.957447   -0.19992654]
 [ 0.64421415  0.0196067   0.7645937 ]]"
20200223-212644.248077,88,[0.541971   0.1760266  0.11914377],"[[-0.62378526  0.39302707  0.6643441 ]
 [ 0.6029471  -0.21579996  0.734988  ]
 [ 0.43989024  0.44386095  0.00619652]
 [-0.23204184 -0.7758528   0.13565104]]","[[ 0.7351091  -0.29207706 -0.6118052 ]
 [ 0.21127266  0.95619184 -0.20263518]
 [ 0.6441882   0.01970126  0.76461315]]"
20200223-212644.248077,89,[0.545708   0.17653711 0.11942339],"[[-0.62297446  0.39574987  0.6629683 ]
 [ 0.60157984 -0.21646407  0.73640025]
 [ 0.44157445  0.4411051   0.00368965]
 [-0.23455624 -0.7758554   0.13480982]]","[[ 0.7343889  -0.29530224 -0.6111215 ]
 [ 0.2143241   0.95521784 -0.20401953]
 [ 0.64400166  0.01885159  0.7647917 ]]"
20200223-212644.248077,90,[0.5502221  0.17711487 0.11972245],"[[-6.2096852e-01  4.0068981e-01  6.6135806e-01]
 [ 6.0119087e-01 -2.1525450e-01  7.3751467e-01]
 [ 4.4349805e-01  4.3807143e-01 -6.4107974e-04]
 [-2.3722845e-01 -7.7537507e-01  1.3666300e-01]]","[[ 0.7332636  -0.30019566 -0.6100878 ]
 [ 0.21791494  0.9536864  -0.20735294]
 [ 0.64407897  0.01909711  0.76472056]]"
20200223-212644.248077,91,[0.5533626  0.17749538 0.12001755],"[[-0.6199689   0.40412328  0.6596834 ]
 [ 0.60065275 -0.21390156  0.7388265 ]
 [ 0.4446571   0.43559334 -0.00428136]
 [-0.23902948 -0.77536374  0.13760309]]","[[ 0.732642   -0.3036578  -0.6091204 ]
 [ 0.2201742   0.95257586 -0.21005405]
 [ 0.644018    0.01978183  0.7647546 ]]"
20200223-212644.248077,92,[0.55753076 0.17782289 0.12031262],"[[-0.6190317   0.40707928  0.6581878 ]
 [ 0.6000397  -0.21294987  0.74005246]
 [ 0.44587442  0.43306667 -0.00761152]
 [-0.24072385 -0.7754948   0.1380334 ]]","[[ 0.7318453  -0.30731514 -0.6082433 ]
 [ 0.22301991  0.95140266 -0.21235637]
 [ 0.6439446   0.01976165  0.7648169 ]]"
20200223-212644.248077,93,[0.5589272  0.1784008  0.12061255],"[[-0.6181905   0.41080683  0.6561634 ]
 [ 0.59904665 -0.21199946  0.7416637 ]
 [ 0.44700134  0.43031946 -0.01094706]
 [-0.24325612 -0.7753187   0.13879906]]","[[ 0.7315764  -0.31001318 -0.60719687]
 [ 0.22435445  0.9504993  -0.21497954]
 [ 0.64378667  0.02104665  0.7649156 ]]"
20200223-212644.248077,94,[0.5642084 0.1786717 0.1209084],"[[-0.6172856   0.4132895   0.65484375]
 [ 0.5983886  -0.21140459  0.74278474]
 [ 0.44829226  0.42776614 -0.01401019]
 [-0.24479336 -0.77557474  0.13876016]]","[[ 0.7305908  -0.31388602 -0.6063933 ]
 [ 0.22779015  0.94924283 -0.21690984]
 [ 0.6436994   0.02034192  0.7650081 ]]"
20200223-212644.248077,95,[0.56767255 0.17919682 0.12121178],"[[-0.6159825   0.41718102  0.65303135]
 [ 0.5976578  -0.2104139   0.7441107 ]
 [ 0.4497803   0.42495847 -0.01761916]
 [-0.24712077 -0.7753042   0.13978203]]","[[ 0.7298488  -0.31761172 -0.60534585]
 [ 0.23035043  0.94799113 -0.2196629 ]
 [ 0.64362997  0.02087905  0.7650521 ]]"
20200223-212644.248077,96,[0.5697398  0.17954037 0.12151232],"[[-0.61564994  0.41969073  0.65116715]
 [ 0.59675723 -0.20930062  0.74563605]
 [ 0.45060086  0.42272976 -0.02059314]
 [-0.24862608 -0.77546936  0.13994269]]","[[ 0.7295913  -0.32003608 -0.60437864]
 [ 0.23169589  0.9471539  -0.22184786]
 [ 0.6434389   0.02182623  0.7651863 ]]"
20200223-212644.248077,97,[0.571786   0.17990036 0.12181844],"[[-0.61520875  0.42247358  0.64921784]
 [ 0.5960026  -0.20787443  0.74713653]
 [ 0.45128638  0.4202868  -0.02377307]
 [-0.2502787  -0.7756692   0.14049195]]","[[ 0.7293143  -0.3226154  -0.60334057]
 [ 0.23301351  0.94625044 -0.22430933]
 [ 0.643277    0.0230055   0.7652878 ]]"
20200223-212644.248077,98,[0.5748201  0.18025853 0.12212856],"[[-0.6142996   0.42585382  0.64726937]
 [ 0.59555876 -0.20601211  0.748456  ]
 [ 0.45224178  0.41781515 -0.02747933]
 [-0.25184003 -0.7756534   0.14177692]]","[[ 0.72876525 -0.3259698  -0.60220027]
 [ 0.23491092  0.9450712  -0.22728278]
 [ 0.6432093   0.02417236  0.76530886]]"
20200223-212644.248077,99,[0.5768507  0.18058443 0.12243417],"[[-0.61406523  0.42821184  0.64532495]
 [ 0.59460074 -0.20485401  0.75000226]
 [ 0.4530777   0.41571116 -0.03037169]
 [-0.2531694  -0.7757922   0.14187942]]","[[ 0.7285452  -0.32830322 -0.601198  ]
 [ 0.23615547  0.9442364  -0.22945184]
 [ 0.64300287  0.02518984  0.76544946]]"
20200223-212644.248077,100,[0.58014095 0.18107036 0.12274406],"[[-0.6129148   0.43187416  0.6433437 ]
 [ 0.5938981  -0.20357427  0.7513453 ]
 [ 0.454408    0.4130129  -0.03393872]
 [-0.25521332 -0.7755404   0.14296082]]","[[ 0.72789204 -0.33182347 -0.60005546]
 [ 0.23839776  0.9429828  -0.23227179]
 [ 0.6429151   0.02601692  0.7654956 ]]"
20200223-212644.248077,101,[0.5809733  0.18146123 0.12306015],"[[-0.612507    0.4350583   0.64101076]
 [ 0.59326744 -0.20140775  0.75292933]
 [ 0.45487007  0.4105864  -0.03742297]
 [-0.2568305  -0.7756145   0.14422876]]","[[ 0.72784376 -0.33416426 -0.5988134 ]
 [ 0.23894049  0.9420933  -0.23530298]
 [ 0.642768    0.02818305  0.7655422 ]]"
20200223-212644.248077,102,[0.58256227 0.18213807 0.12337221],"[[-0.6115074   0.43888277  0.63874793]
 [ 0.592019   -0.20076661  0.7545621 ]
 [ 0.4562827   0.4077099  -0.04056144]
 [-0.2595736  -0.77514356  0.14488582]]","[[ 0.7275161  -0.33692402 -0.5976643 ]
 [ 0.24042496  0.9410743  -0.23785508]
 [ 0.6425856   0.02934997  0.7656516 ]]"
20200223-212644.248077,103,[0.5827792  0.18266298 0.12368865],"[[-0.61128724  0.44178525  0.63637656]
 [ 0.5907915  -0.19964567  0.75634235]
 [ 0.45691252  0.40509492 -0.04336907]
 [-0.26177162 -0.7751553   0.14522591]]","[[ 0.7276038  -0.3387367  -0.5965319 ]
 [ 0.24083461  0.9403663  -0.2402292 ]
 [ 0.64233285  0.03112615  0.76579344]]"
20200223-212644.248077,104,[0.58487946 0.18318239 0.12400978],"[[-0.6101196   0.44590834  0.6339859 ]
 [ 0.5902849  -0.19751468  0.75774133]
 [ 0.45794573  0.40231696 -0.04728462]
 [-0.26382482 -0.77478683  0.14715147]]","[[ 0.72716224 -0.34206495 -0.5951693 ]
 [ 0.24231224  0.9390974  -0.24368185]
 [ 0.64227706  0.03297946  0.7657626 ]]"
20200223-212644.248077,105,[0.58904505 0.18336283 0.12432126],"[[-0.61011016  0.4472028   0.63232565]
 [ 0.58921003 -0.1968943   0.75913733]
 [ 0.45885572  0.40028068 -0.0496346 ]
 [-0.26466703 -0.77525353  0.14632669]]","[[ 0.7266382  -0.34471652 -0.594279  ]
 [ 0.244528    0.9381323  -0.24518164]
 [ 0.64203054  0.03284049  0.76597553]]"
20200223-212644.248077,106,[0.5927928  0.18390949 0.12463532],"[[-0.6093023   0.44993395  0.6304319 ]
 [ 0.58779544 -0.19698887  0.7606235 ]
 [ 0.46041372  0.3975211  -0.05216825]
 [-0.26695788 -0.7750689   0.14589745]]","[[ 0.72599155 -0.34774444 -0.5933045 ]
 [ 0.24703085  0.93701893 -0.24692354]
 [ 0.64180386  0.0326999   0.76617134]]"
20200223-212644.248077,107,[0.5949714  0.18433732 0.12495591],"[[-0.608805    0.45274833  0.6282    ]
 [ 0.58680683 -0.19569832  0.76215935]
 [ 0.46133068  0.3950248  -0.05517334]
 [-0.26867935 -0.7750335   0.14640449]]","[[ 0.7256952  -0.3503612  -0.5921263 ]
 [ 0.24839854  0.93600094 -0.2494007 ]
 [ 0.64161104  0.03390561  0.76628053]]"
20200223-212644.248077,108,[0.59948516 0.18466654 0.1252737 ],"[[-0.60840434  0.45459804  0.62645334]
 [ 0.5856181  -0.19537938  0.76354206]
 [ 0.46253762  0.3926177  -0.05759682]
 [-0.27010074 -0.775254    0.14574651]]","[[ 0.7250291  -0.35332677 -0.5911792 ]
 [ 0.25093895  0.9348953  -0.25099906]
 [ 0.6413754   0.03363174  0.76648974]]"
20200223-212644.248077,109,[0.6014219  0.18516418 0.12560391],"[[-0.6073291   0.45863378  0.6238661 ]
 [ 0.58516836 -0.19289373  0.7649436 ]
 [ 0.4634242   0.38985938 -0.06152203]
 [-0.2719693  -0.77489144  0.14787683]]","[[ 0.72465146 -0.35657018 -0.58969307]
 [ 0.25217715  0.9335821  -0.25461897]
 [ 0.6413166   0.03580292  0.7664406 ]]"
20200223-212644.248077,110,[0.60418606 0.1854433  0.12593167],"[[-0.60674155  0.46158993  0.62149954]
 [ 0.5847823  -0.19033833  0.7662712 ]
 [ 0.4641287   0.38759723 -0.06515022]
 [-0.27290794 -0.77490294  0.14940637]]","[[ 0.7242604  -0.35965452 -0.5882987 ]
 [ 0.25353575  0.93232787 -0.25784528]
 [ 0.6412225   0.03759243  0.76643354]]"
20200223-212644.248077,111,[0.6072045  0.18560737 0.12625523],"[[-0.60728097  0.46235085  0.61959803]
 [ 0.5834603  -0.1896351   0.7678662 ]
 [ 0.46467647  0.38568625 -0.06712424]
 [-0.27360612 -0.7755748   0.14823622]]","[[ 0.7240831  -0.36153573 -0.58736324]
 [ 0.2548893   0.93158495 -0.25919262]
 [ 0.6408863   0.03796439  0.76669645]]"
20200223-212644.248077,112,[0.6111992  0.18576144 0.12658209],"[[-0.60737616  0.46367818  0.6176598 ]
 [ 0.5824966  -0.18839523  0.76927596]
 [ 0.46542853  0.38372165 -0.06963609]
 [-0.2741694  -0.77605903  0.14785793]]","[[ 0.723651   -0.36413884 -0.58628696]
 [ 0.2567262   0.930552   -0.2610837 ]
 [ 0.6406412   0.03841824  0.7668787 ]]"
20200223-212644.248077,113,[0.61170167 0.18602547 0.12691414],"[[-0.6078577   0.46539745  0.61515725]
 [ 0.58137435 -0.1865615   0.7710216 ]
 [ 0.46565434  0.3817366  -0.07219592]
 [-0.27509797 -0.77645147  0.14796777]]","[[ 0.72387636 -0.3656631  -0.58505845]
 [ 0.2568199   0.92986894 -0.26341456]
 [ 0.6403487   0.04042491  0.7670197 ]]"
20200223-212644.248077,114,[0.6120841  0.18635145 0.12724984],"[[-0.6077692   0.46824762  0.6123573 ]
 [ 0.58074415 -0.1836906   0.77261925]
 [ 0.46593952  0.37953585 -0.07560864]
 [-0.27613983 -0.77650136  0.1495372 ]]","[[ 0.72399896 -0.36782247 -0.58355135]
 [ 0.25689495  0.92889065 -0.26677188]
 [ 0.64018005  0.04323116  0.7670074 ]]"
20200223-212644.248077,115,[0.6135296  0.18671091 0.12758942],"[[-0.60704565  0.47198728  0.6094579 ]
 [ 0.5806337  -0.18006788  0.7739565 ]
 [ 0.46632656  0.37695798 -0.07973719]
 [-0.27730808 -0.7763416   0.15229623]]","[[ 0.7238016  -0.37092698 -0.58182865]
 [ 0.25754723  0.92751026 -0.27091396]
 [ 0.6401413   0.0462396   0.76686454]]"
20200223-212644.248077,116,[0.6141196  0.18697089 0.127926  ],"[[-0.6075715   0.4736179   0.6068844 ]
 [ 0.57944214 -0.17821948  0.7757013 ]
 [ 0.46665454  0.37507707 -0.08223557]
 [-0.2780959  -0.776686    0.15236725]]","[[ 0.7240303  -0.3724624  -0.5805617 ]
 [ 0.25766137  0.9267919  -0.27325338]
 [ 0.6398365   0.0482554   0.7669946 ]]"
