Timestamp,Epoch,s,u,v
20200221-202657.955346,0,[1.8228792  1.4208347  0.76214314],"[[ 0.26273292 -0.4988847   0.6574792 ]
 [ 0.66020954 -0.49624172 -0.26011315]
 [ 0.6550836   0.5037619  -0.25945094]
 [ 0.25682667  0.5010808   0.65783536]]","[[ 0.49811897 -0.7050904   0.50470287]
 [ 0.7144073   0.00384276 -0.69971967]
 [ 0.49142608  0.70910686  0.505636  ]]"
20200221-202657.955346,1,[1.7982597  1.4274622  0.75947297],"[[ 0.253374   -0.49885032  0.6611492 ]
 [ 0.664011   -0.4960759  -0.25063047]
 [ 0.6586092   0.50395685 -0.2499821 ]
 [ 0.24723417  0.50108284  0.6614942 ]]","[[ 0.49348846 -0.7049912   0.5093688 ]
 [ 0.72100353  0.00405015 -0.6929196 ]
 [ 0.48643926  0.7092043   0.51030004]]"
20200221-202657.955346,2,[1.7744331 1.4344001 0.7566301],"[[ 0.24377246 -0.49884805  0.66473943]
 [ 0.66764814 -0.4960024  -0.24096383]
 [ 0.6621069   0.50402987 -0.24037576]
 [ 0.23756203  0.50108546  0.6650396 ]]","[[ 0.4885952  -0.7049515   0.5141189 ]
 [ 0.72769266  0.00413882 -0.6858909 ]
 [ 0.48139203  0.7092435   0.5150102 ]]"
20200221-202657.955346,3,[1.7451395 1.4414223 0.7527741],"[[ 0.23219654 -0.49876577  0.66894305]
 [ 0.67229575 -0.49538293 -0.22898687]
 [ 0.66590995  0.50464386 -0.22830887]
 [ 0.22509348  0.5011614   0.6692945 ]]","[[ 0.48290473 -0.70460206  0.51994145]
 [ 0.7359886   0.00485969 -0.67697656]
 [ 0.47447225  0.709586    0.5209258 ]]"
20200221-202657.955346,4,[1.7281522 1.448198  0.7493819],"[[ 0.23045123 -0.49596226  0.6719182 ]
 [ 0.6830931  -0.48428658 -0.21964885]
 [ 0.6615061   0.5155612  -0.21747044]
 [ 0.20660532  0.5036712   0.6730435 ]]","[[ 0.48791257 -0.69848484  0.523508  ]
 [ 0.74237955  0.01658428 -0.66977453]
 [ 0.45914525  0.7154328   0.52663255]]"
20200221-202657.955346,5,[1.7086592 1.4553305 0.7453464],"[[ 0.21537833 -0.49732873  0.67572784]
 [ 0.68344575 -0.48920634 -0.20790054]
 [ 0.66850704  0.51078165 -0.20653494]
 [ 0.19902758  0.5024372   0.67639655]]","[[ 0.47769472 -0.70120656  0.5292608 ]
 [ 0.7498247   0.01149723 -0.66153663]
 [ 0.45778874  0.7128654   0.53127414]]"
20200221-202657.955346,6,[1.6886688 1.4625993 0.7419774],"[[ 0.20639816 -0.49712795  0.67868084]
 [ 0.68737525 -0.48780447 -0.19797659]
 [ 0.6704822   0.5121521  -0.19652182]
 [ 0.1880648   0.5026041   0.67939436]]","[[ 0.47365904 -0.7003984   0.5339375 ]
 [ 0.75648534  0.01311485 -0.6538791 ]
 [ 0.45097327  0.7136317   0.5360531 ]]"
20200221-202657.955346,7,[1.6712241  1.4698461  0.73763555],"[[ 0.18979302 -0.49872783  0.6821712 ]
 [ 0.6859702  -0.49469584 -0.18603818]
 [ 0.67852014  0.50539726 -0.18551412]
 [ 0.18175219  0.50111914  0.68236107]]","[[ 0.46128437 -0.70422643  0.5397056 ]
 [ 0.76384175  0.00572828 -0.64537823]
 [ 0.45140076  0.7099526   0.5405599 ]]"
20200221-202657.955346,8,[1.6627103  1.476896   0.73329765],"[[ 0.17950901 -0.4986727   0.6851397 ]
 [ 0.6885438  -0.49471813 -0.1755721 ]
 [ 0.6814846   0.5054009  -0.1750097 ]
 [ 0.17106374  0.5011483   0.68493044]]","[[ 0.4562085  -0.7041163   0.5441454 ]
 [ 0.76993877  0.00573456 -0.63809204]
 [ 0.44617045  0.71006155  0.5447426 ]]"
20200221-202657.955346,9,[1.6454043  1.4840492  0.72971934],"[[ 0.15594688  0.5021193   0.6880417 ]
 [ 0.67794025  0.5132185  -0.1648587 ]
 [ 0.69674164 -0.48678836 -0.16612583]
 [ 0.17500988 -0.4975135   0.68689334]]","[[ 0.43294957  0.71426326  0.5498935 ]
 [ 0.7761478   0.01484989 -0.63037604]
 [ 0.4584203  -0.6997196   0.5479448 ]]"
20200221-202657.955346,10,[1.6338304 1.4912467 0.7256103],"[[ 0.14541386  0.502178    0.6901503 ]
 [ 0.68018067  0.51360416 -0.15481901]
 [ 0.69917977 -0.4864197  -0.15602802]
 [ 0.1653994  -0.49741712  0.6894773 ]]","[[ 0.42717218  0.7145888   0.553974  ]
 [ 0.78216     0.01532009 -0.6228895 ]
 [ 0.45359668 -0.6993773   0.5523783 ]]"
20200221-202657.955346,11,[1.6251698  1.4986904  0.72194886],"[[ 0.14527246  0.5002525   0.69159627]
 [ 0.6908529   0.5016308  -0.1465056 ]
 [ 0.69262725 -0.4985731  -0.14670557]
 [ 0.14793748 -0.4995387   0.69188726]]","[[ 0.43419158  0.7081493   0.55677843]
 [ 0.78746855  0.00177863 -0.61635244]
 [ 0.43745998 -0.70606047  0.556873  ]]"
20200221-202657.955346,12,[1.6097894  1.5060706  0.71814805],"[[ 0.13524325  0.5002896   0.69358253]
 [ 0.69248873  0.5021382  -0.13680781]
 [ 0.69495165 -0.49810573 -0.1370399 ]
 [ 0.13860291 -0.49945793  0.69386405]]","[[ 0.42817813  0.708428    0.5610643 ]
 [ 0.79351246  0.00235817 -0.6085493 ]
 [ 0.43243656 -0.705779    0.5611368 ]]"
20200221-202657.955346,13,[1.6028202  1.5131589  0.71441436],"[[ 0.11289103  0.5028248   0.6957185 ]
 [ 0.6801058   0.52113867 -0.12769136]
 [ 0.7099773  -0.47870484 -0.12895556]
 [ 0.1436794  -0.49641076  0.6950116 ]]","[[ 0.4047431   0.71871364  0.56536156]
 [ 0.79799205  0.02430234 -0.6021777 ]
 [ 0.44653285 -0.6948813   0.56369174]]"
20200221-202657.955346,14,[1.6003071  1.5205277  0.71011424],"[[ 0.08793399  0.50500184  0.69773364]
 [ 0.6645579   0.5429348  -0.11843748]
 [ 0.7265511  -0.45543078 -0.12064102]
 [ 0.150844   -0.49272498  0.69612205]]","[[ 0.37779757  0.7300958   0.5694113 ]
 [ 0.8013478   0.05022765 -0.5960863 ]
 [ 0.46380028 -0.6814965   0.56608486]]"
20200221-202657.955346,15,[1.5962467  1.5278606  0.70522237],"[[ 0.07439497  0.5050326   0.69929886]
 [ 0.6619886   0.5480551  -0.10875232]
 [ 0.7316116  -0.44980955 -0.11085132]
 [ 0.14484759 -0.492188    0.69775826]]","[[ 0.3673948   0.73265666  0.5729184 ]
 [ 0.80595404  0.05663761 -0.58926255]
 [ 0.46417576 -0.6782379   0.56967926]]"
20200221-202657.955346,16,[1.5849605  1.5357364  0.70011187],"[[ 0.07467554  0.5034721   0.7004033 ]
 [ 0.6753555   0.5334655  -0.09856208]
 [ 0.72325677 -0.4656794  -0.09965143]
 [ 0.12336203 -0.49504846  0.6998502 ]]","[[ 0.37674126  0.72523797  0.5762776 ]
 [ 0.81296176  0.03934305 -0.58098626]
 [ 0.44402584 -0.68737316  0.5747688 ]]"
20200221-202657.955346,17,[1.5766045 1.5433356 0.6973134],"[[ 0.12456036 -0.49337837  0.7008037 ]
 [ 0.73157454 -0.45397225 -0.09288961]
 [ 0.66760844  0.5443188  -0.09183931]
 [ 0.05985518  0.50418645  0.70129263]]","[[ 0.4510368  -0.68040866  0.57758987]
 [ 0.8161557   0.05254021 -0.57543856]
 [ 0.36118662  0.73094714  0.5790168 ]]"
20200221-202657.955346,18,[1.5708517 1.5512486 0.6916081],"[[ 0.07313114  0.50095105  0.7026618 ]
 [ 0.6932955   0.51246196 -0.08170785]
 [ 0.71121585 -0.48771644 -0.08180269]
 [ 0.09036247 -0.49856147  0.7020674 ]]","[[ 0.38901928  0.71382844  0.58233416]
 [ 0.82308495  0.01458768 -0.56773096]
 [ 0.4137575  -0.7001687   0.58186656]]"
20200221-202657.955346,19,[1.5600965 1.5557052 0.686835 ],"[[ 0.47825447 -0.1629041   0.7035376 ]
 [ 0.76477146  0.39959902 -0.07198203]
 [-0.1263416   0.8541724  -0.07107116]
 [-0.41283834  0.29012504  0.7034218 ]]","[[ 0.8098808   0.03067706  0.58579206]
 [ 0.37640297  0.73875    -0.5590791 ]
 [-0.4499048   0.67328125  0.58675236]]"
20200221-202657.955346,20,[1.5677574 1.5513915 0.6828842],"[[ 0.50054234 -0.06627712  0.70375925]
 [ 0.6638071   0.5521856  -0.06486689]
 [-0.30300662  0.8092469  -0.06290033]
 [-0.46583754  0.1892568   0.70466954]]","[[ 0.78519464  0.19548535  0.5875841 ]
 [ 0.21364844  0.8050849  -0.55334693]
 [-0.5812262   0.5600213   0.5903832 ]]"
20200221-202657.955346,21,[1.5747961 1.5431418 0.679371 ],"[[-0.5024773   0.02962947  0.7046915 ]
 [-0.53713185  0.6769929  -0.05669587]
 [ 0.46185294  0.7307176  -0.05592869]
 [ 0.4956794   0.0827924   0.7050302 ]]","[[-0.7275315   0.3477924   0.5913869 ]
 [-0.04491863  0.8359906  -0.5469024 ]
 [ 0.6846023   0.42445293  0.5925871 ]]"
20200221-202657.955346,22,[1.5825682  1.5414014  0.67602426],"[[-0.5019666   0.02892567  0.70492536]
 [-0.5294112   0.68372107 -0.05040753]
 [ 0.47015974  0.72569895 -0.0497116 ]
 [ 0.4966921   0.07106014  0.7057393 ]]","[[-0.72354406  0.35273787  0.5933467 ]
 [-0.03549643  0.8394257  -0.5423144 ]
 [ 0.6893651   0.4134499   0.59484035]]"
20200221-202657.955346,23,[1.5909164 1.5450759 0.6720879],"[[-0.5016011   0.02498748  0.7053353 ]
 [-0.5263701   0.68649256 -0.04422172]
 [ 0.47337613  0.7240009  -0.04353011]
 [ 0.49723828  0.06266235  0.70615286]]","[[-0.72185546  0.35330826  0.5950613 ]
 [-0.0318334   0.8419985  -0.5385398 ]
 [ 0.6913113   0.40769073  0.5965543 ]]"
20200221-202657.955346,24,[1.5989349 1.5416907 0.6663162],"[[ 0.49922174  0.03908703  0.70637995]
 [ 0.49348682  0.71105266 -0.03420427]
 [-0.5069167   0.7014243  -0.03456175]
 [-0.5002838   0.02967218  0.70616084]]","[[ 0.7033482   0.3826534   0.5990642 ]
 [-0.00792935  0.84691954 -0.5316619 ]
 [-0.7108013   0.3691931   0.5987136 ]]"
20200221-202657.955346,25,[1.6069412  1.535682   0.66347224],"[[ 0.49934724  0.03201811  0.706635  ]
 [ 0.49517784  0.7101458  -0.02832   ]
 [-0.5052914   0.7028836  -0.02864697]
 [-0.50013155  0.02494461  0.70643044]]","[[ 0.70428044  0.3774564   0.6012618 ]
 [-0.00597509  0.85006243 -0.526648  ]
 [-0.70989674  0.36731523  0.60093766]]"
20200221-202657.955346,26,[1.6149877 1.529843  0.6606455],"[[ 0.49945     0.02521329  0.7068278 ]
 [ 0.4966188   0.7093558  -0.02253664]
 [-0.5039089   0.7041118  -0.02280765]
 [-0.49999514  0.02012871  0.7066585 ]]","[[ 0.70507747  0.37253496  0.6033932 ]
 [-0.00430489  0.8531247  -0.52168906]
 [-0.70911705  0.3652336   0.6031229 ]]"
20200221-202657.955346,27,[1.6233376 1.5229111 0.6552769],"[[-0.5003171   0.00480421  0.70679915]
 [-0.5126894   0.69788367 -0.01394447]
 [ 0.48771283  0.7158511  -0.01306785]
 [ 0.49896765  0.02218851  0.7071559 ]]","[[-0.7142436   0.35061836  0.60574156]
 [-0.01531346  0.85743636 -0.5143621 ]
 [ 0.69972956  0.37665588  0.60704935]]"
20200221-202657.955346,28,[1.631759  1.5235665 0.6526665],"[[-0.50092226 -0.00961668  0.70633346]
 [-0.52657825  0.6875192  -0.01013581]
 [ 0.47325924  0.72557074 -0.00813839]
 [ 0.49781317  0.02778624  0.70776004]]","[[-0.722151    0.33344248  0.60606456]
 [-0.032594    0.85877514 -0.51131505]
 [ 0.69096714  0.38900062  0.60929704]]"
20200221-202657.955346,29,[1.639814  1.5238357 0.6475593],"[[-5.0048828e-01 -1.4962473e-02  7.0668340e-01]
 [-5.2383554e-01  6.8952602e-01 -2.6059134e-03]
 [ 4.7615916e-01  7.2387981e-01 -6.1586790e-04]
 [ 4.9837804e-01  1.8114289e-02  7.0752460e-01]]","[[-0.720472    0.33282277  0.6083987 ]
 [-0.02929544  0.86191756 -0.5062014 ]
 [ 0.69286495  0.38252735  0.6112372 ]]"
20200221-202657.955346,30,[1.6485195 1.5148321 0.6433935],"[[-0.5003331  -0.02024329  0.7066614 ]
 [-0.5205406   0.69200444  0.00506487]
 [ 0.47960413  0.72156435  0.00705917]
 [ 0.49868244  0.00806608  0.7074985 ]]","[[-0.7187302   0.3314564   0.6111986 ]
 [-0.02528839  0.8660134  -0.4993811 ]
 [ 0.6948291   0.37437636  0.6140478 ]]"
20200221-202657.955346,31,[1.6566726  1.5067993  0.63933575],"[[ 0.4995078  -0.0114802   0.7071072 ]
 [ 0.4974156   0.7090635   0.01367056]
 [-0.5032024   0.7048816   0.01327879]
 [-0.49985698 -0.01547069  0.7068496 ]]","[[ 0.70550233  0.35140055  0.61545455]
 [-0.00342802  0.87009996 -0.49286366]
 [-0.7086994   0.34560663  0.6150621 ]]"
20200221-202657.955346,32,[1.6648886 1.5035194 0.6348637],"[[ 0.4993543  -0.01833203  0.7072098 ]
 [ 0.49736556  0.7087729   0.02069213]
 [-0.503276    0.7048322   0.02035848]
 [-0.49998596 -0.02272149  0.7064075 ]]","[[ 0.70530474  0.34767413  0.6177927 ]
 [-0.00349358  0.87316966 -0.48740375]
 [-0.7088955   0.34160975  0.6170654 ]]"
20200221-202657.955346,33,[1.6728531  1.5024644  0.63108224],"[[-0.49949393 -0.03055455  0.7069766 ]
 [-0.50691974  0.70147794  0.02582174]
 [ 0.49372828  0.7116928   0.02684559]
 [ 0.4997706  -0.02211357  0.7062555 ]]","[[-0.71071404  0.33468428  0.61876684]
 [-0.00835299  0.87550145 -0.48314336]
 [ 0.70343167  0.34854525  0.6194355 ]]"
20200221-202657.955346,34,[1.6810303  1.4969934  0.62775666],"[[-0.49960196 -0.04210293 -0.70643663]
 [-0.51502234  0.6951852  -0.03114153]
 [ 0.48550418  0.717245   -0.03341589]
 [ 0.4994357  -0.02247402 -0.7063014 ]]","[[-0.71540576  0.32231447 -0.6199259 ]
 [-0.01853347  0.8781784   0.4779742 ]
 [ 0.6984635   0.3534348  -0.62228024]]"
20200221-202657.955346,35,[1.6896263 1.495495  0.623909 ],"[[-0.49935806 -0.04132302 -0.7064774 ]
 [-0.50560623  0.7019462  -0.03758109]
 [ 0.49515292  0.71018    -0.03850291]
 [ 0.4998271  -0.03476071 -0.70568734]]","[[-0.70995873  0.32932723 -0.62249666]
 [-0.00670875  0.88071996  0.4735897 ]
 [ 0.70421135  0.34040537 -0.6230655 ]]"
20200221-202657.955346,36,[1.6979878  1.4931245  0.61952156],"[[-0.49917352 -0.04740986 -0.7063599 ]
 [-0.5052317   0.7016905  -0.04403064]
 [ 0.49555224  0.7096807  -0.04504779]
 [ 0.49999443 -0.04166694 -0.7050445 ]]","[[-0.7095804   0.3262697  -0.6245349 ]
 [-0.00624851  0.8833886   0.4685995 ]
 [ 0.70459676  0.33641142 -0.6247965 ]]"
20200221-202657.955346,37,[1.7065065 1.4863354 0.6156564],"[[-0.49912897 -0.05369725 -0.7059174 ]
 [-0.504783    0.7015935  -0.05064806]
 [ 0.49605048  0.70888835 -0.05163831]
 [ 0.49999854 -0.04858745 -0.7045918 ]]","[[-0.7093284   0.3225512  -0.62674886]
 [-0.0056915   0.88650936  0.4626761 ]
 [ 0.70485526  0.3317564  -0.6269904 ]]"
20200221-202657.955346,38,[1.7156572 1.4805213 0.6099706],"[[-0.49911946 -0.06193324 -0.70525396]
 [-0.50463045  0.70105016 -0.05895504]
 [ 0.4962001   0.7081253  -0.06000328]
 [ 0.5000134  -0.05702358 -0.7039468 ]]","[[-0.7092464   0.3178181  -0.62925446]
 [-0.00550463  0.8900853   0.45576075]
 [ 0.7049391   0.32671055 -0.6295403 ]]"
20200221-202657.955346,39,[1.7238839 1.480501  0.6064339],"[[-0.4992399  -0.07130639 -0.70426726]
 [-0.5108923   0.6961331  -0.06334256]
 [ 0.4898822   0.7120401  -0.06551423]
 [ 0.49976426 -0.05755861 -0.7040625 ]]","[[-0.71311796  0.30845472 -0.62953854]
 [-0.01348394  0.8918      0.45222914]
 [ 0.70091444  0.3309813  -0.63179934]]"
20200221-202657.955346,40,[1.7331259  1.479585   0.60030097],"[[-0.49915498 -0.07852366 -0.7035514 ]
 [-0.51013505  0.695947   -0.07112354]
 [ 0.4906515   0.7107466  -0.0732066 ]
 [ 0.49986744 -0.06581213 -0.7032764 ]]","[[-0.71268815  0.30529967 -0.6315598 ]
 [-0.01259566  0.8946087   0.44667286]
 [ 0.7013679   0.32629338 -0.63373166]]"
20200221-202657.955346,41,[1.7417829 1.4766481 0.5978951],"[[-0.49911234 -0.08213281 -0.70314413]
 [-0.5094171   0.6960623  -0.07528944]
 [ 0.49142742  0.70978105 -0.0772825 ]
 [ 0.4998803  -0.07044351 -0.70281386]]","[[-0.71229064  0.30347055 -0.63288856]
 [-0.0117045   0.89643764  0.44301552]
 [ 0.7017872   0.32296354 -0.6349721 ]]"
20200221-202657.955346,42,[1.7506971 1.4784954 0.5951092],"[[ 0.4988813  -0.09345211 -0.7021691 ]
 [ 0.52059776  0.68716097 -0.07768363]
 [-0.47992298  0.7174032  -0.08212477]
 [-0.49976933 -0.06640112 -0.7029788 ]]","[[ 0.7188713   0.2894641  -0.63200843]
 [ 0.0261971   0.8972503   0.4407444 ]
 [-0.69464946  0.3333953  -0.6374243 ]]"
20200221-202657.955346,43,[1.7594824 1.4783508 0.5917476],"[[ 0.49878794 -0.09327695 -0.7022369 ]
 [ 0.51398075  0.6915499  -0.08285332]
 [-0.48678142  0.7122798  -0.08601457]
 [-0.500078   -0.07560139 -0.7018544 ]]","[[ 0.71486944  0.2944796  -0.6342266 ]
 [ 0.01769542  0.8990905   0.43740466]
 [-0.69903404  0.32391027 -0.6375215 ]]"
20200221-202657.955346,44,[1.7677006 1.47906   0.5883836],"[[ 0.49896294 -0.09362958 -0.701748  ]
 [ 0.50792253  0.69574106 -0.08796301]
 [-0.49303526  0.70719117 -0.08968181]
 [-0.49996707 -0.08401597 -0.7012627 ]]","[[ 0.7114407   0.29893363 -0.6359957 ]
 [ 0.00987672  0.9006724   0.4343865 ]
 [-0.7026768   0.31532192 -0.6378226 ]]"
20200221-202657.955346,45,[1.7760113 1.479637  0.5851018],"[[ 0.4988386  -0.09392152 -0.70176923]
 [ 0.5022557   0.69924325 -0.0928355 ]
 [-0.49880615  0.70265573 -0.09335396]
 [-0.50009215 -0.09226677 -0.70013356]]","[[ 0.7078597   0.30309668 -0.63801813]
 [ 0.00258564  0.9021387   0.43143836]
 [-0.70634836  0.30704755 -0.6378039 ]]"
20200221-202657.955346,46,[1.7844117  1.4803675  0.58182526],"[[ 0.49887937 -0.10176147 -0.7006324 ]
 [ 0.5074759   0.6949877  -0.09644453]
 [-0.49357763  0.7057084  -0.09812067]
 [-0.49996886 -0.09280389 -0.7001322 ]]","[[ 0.71117437  0.29532996 -0.63797456]
 [ 0.00929493  0.9034531   0.42858624]
 [-0.70295435  0.3107294  -0.6397676 ]]"
20200221-202657.955346,47,[1.7930017  1.4767121  0.57898897],"[[ 0.49873838 -0.10949806 -0.699686  ]
 [ 0.51225984  0.69078207 -0.10030852]
 [-0.48875964  0.70850426 -0.10326471]
 [-0.49996388 -0.09408543 -0.69979566]]","[[ 0.71406025  0.28721836 -0.63845414]
 [ 0.0154924   0.9052613   0.42457283]
 [-0.6999128   0.31306183 -0.6419615 ]]"
20200221-202657.955346,48,[1.8023902 1.4783344 0.5739459],"[[ 0.49849266 -0.11799468 -0.69860876]
 [ 0.51648694  0.6867256  -0.10535706]
 [-0.48441622  0.7107126  -0.10942899]
 [-0.5000875  -0.09681411 -0.69919324]]","[[ 0.71658444  0.2799457  -0.6388563 ]
 [ 0.02108747  0.90680856  0.42101505]
 [-0.69718176  0.31516466 -0.64390165]]"
20200221-202657.955346,49,[1.8120437  1.4742014  0.56888527],"[[ 0.4984755  -0.12394916 -0.6975715 ]
 [ 0.51554304  0.68640435 -0.11200194]
 [-0.4853864   0.7089828  -0.11598886]
 [-0.5001375  -0.1040616  -0.6981376 ]]","[[ 0.7160809   0.27705756 -0.64067715]
 [ 0.01992945  0.90936357  0.41552484]
 [-0.6977326   0.31031787 -0.64565647]]"
20200221-202657.955346,50,[1.8207912 1.4709258 0.5662042],"[[ 0.49827895 -0.13073541 -0.6965816 ]
 [ 0.5194104   0.682765   -0.11555769]
 [-0.481435    0.71104383 -0.12076338]
 [-0.50015146 -0.10562553 -0.69773674]]","[[ 0.71843594  0.2700255  -0.64104277]
 [ 0.02505511  0.91093355  0.41179135]
 [-0.6951418   0.31190726 -0.6476819 ]]"
20200221-202657.955346,51,[1.829663   1.4706349  0.56256044],"[[ 0.498387   -0.13472837 -0.6955767 ]
 [ 0.5185395   0.68281865 -0.12017865]
 [-0.48236805  0.7094869  -0.12512209]
 [-0.5000482  -0.11061355 -0.6971904 ]]","[[ 0.718124    0.26856497 -0.64200515]
 [ 0.02397543  0.9124384   0.40851125]
 [-0.6955019   0.3087542  -0.648805  ]]"
20200221-202657.955346,52,[1.8391098 1.4699349 0.5588968],"[[ 0.4979043  -0.14445512 -0.69422144]
 [ 0.5261531   0.6760809  -0.12350602]
 [-0.47441447  0.7141153  -0.13079354]
 [-0.50018525 -0.10993788 -0.69691896]]","[[ 0.722698    0.25741664 -0.64143914]
 [ 0.03421316  0.913595    0.4051832 ]
 [-0.6903167   0.3147708  -0.6514464 ]]"
20200221-202657.955346,53,[1.8486634  1.4722563  0.55428195],"[[ 0.49772406 -0.15154663 -0.6928165 ]
 [ 0.5293546   0.67280465 -0.1277919 ]
 [-0.47101876  0.71535575 -0.13602585]
 [-0.5001961  -0.11240062 -0.69654286]]","[[ 0.7247743   0.25158054 -0.6414123 ]
 [ 0.03861403  0.91465515  0.4023867 ]
 [-0.6879038   0.31640702 -0.6532041 ]]"
20200221-202657.955346,54,[1.8577344  1.4679512  0.55118054],"[[ 0.4977432  -0.1550034  -0.6919849 ]
 [ 0.5277302   0.6732194  -0.13254803]
 [-0.47278413  0.71329343 -0.14050056]
 [-0.5002274  -0.11816128 -0.6955916 ]]","[[ 0.7239317   0.2502977  -0.6428639 ]
 [ 0.0365753   0.9166243   0.3980731 ]
 [-0.6889014   0.31169066 -0.6544186 ]]"
20200221-202657.955346,55,[1.8663844 1.4665369 0.5493554],"[[ 0.49819523 -0.15164307 -0.69209445]
 [ 0.5186505   0.6797373  -0.13684538]
 [-0.48236847  0.70622766 -0.14204824]
 [-0.5001239  -0.12729588 -0.69433475]]","[[ 0.71857136  0.25882265 -0.6454966 ]
 [ 0.02449956  0.91817     0.3954285 ]
 [-0.69502145  0.29995805 -0.65342957]]"
20200221-202657.955346,56,[1.8757871  1.4632076  0.54700583],"[[ 0.49839774 -0.15205294  0.6916974 ]
 [ 0.51386636  0.68264705  0.14124388]
 [-0.48733562  0.7020367   0.14501722]
 [-0.5000452  -0.13422932  0.6932351 ]]","[[ 0.7157258   0.26167992  0.647503  ]
 [ 0.01821177  0.9198394  -0.391872  ]
 [-0.6981439   0.29226506  0.6535873 ]]"
20200221-202657.955346,57,[1.8848262 1.4676859 0.5432163],"[[ 0.49848193 -0.15530282  0.69076234]
 [ 0.5133704   0.68243027  0.14487618]
 [-0.4878679   0.7008096   0.1483752 ]
 [-0.4999518  -0.13797072  0.69270724]]","[[ 0.7155857   0.2611148   0.64788586]
 [ 0.01758968  0.92047584 -0.39040333]
 [-0.69830334  0.2907632   0.6540864 ]]"
20200221-202657.955346,58,[1.894078  1.4659932 0.5415123],"[[ 0.49847347 -0.15762031  0.6902204 ]
 [ 0.5127586   0.68230844  0.14770049]
 [-0.4885321   0.69977427  0.15106164]
 [-0.4999392  -0.14116137  0.6920698 ]]","[[ 0.71524465  0.2599701   0.6487223 ]
 [ 0.0168123   0.9215702  -0.38784784]
 [-0.69867194  0.28831264  0.6547772 ]]"
20200221-202657.955346,59,[1.9036611 1.4629589 0.5392336],"[[ 0.4986502  -0.15819678  0.68980163]
 [ 0.508434    0.6847952   0.15190732]
 [-0.49296567  0.695883    0.1538509 ]
 [-0.49982762 -0.14756723  0.6909611 ]]","[[ 0.7126088   0.26239684  0.6506433 ]
 [ 0.01113262  0.92307544 -0.38445836]
 [-0.70147336  0.28121185  0.6548703 ]]"
20200221-202657.955346,60,[1.9131942 1.4701899 0.5345826],"[[ 0.49861553 -0.15920873  0.689595  ]
 [ 0.5046768   0.68662393  0.15612167]
 [-0.49676052  0.6925008   0.15685144]
 [-0.49991304 -0.15376231  0.6895522 ]]","[[ 0.7100691   0.26607496  0.65192497]
 [ 0.00617598  0.9234672  -0.3836281 ]
 [-0.70410514  0.2764287   0.65408194]]"
20200221-202657.955346,61,[1.923049  1.4646013 0.5312656],"[[ 0.4984411  -0.16620544  0.6881863 ]
 [ 0.5079417   0.683101    0.16034909]
 [-0.4934675   0.69374734  0.16226245]
 [-0.5000414  -0.156407    0.6887373 ]]","[[ 0.7121475   0.25902092  0.6524983 ]
 [ 0.01054574  0.92539334 -0.37886134]
 [-0.7019506   0.27668628  0.6562851 ]]"
20200221-202657.955346,62,[1.932275  1.4650992 0.528196 ],"[[ 0.4982522  -0.16942479  0.68765515]
 [ 0.50771457  0.6823198   0.163796  ]
 [-0.49370763  0.6928965   0.1657213 ]
 [-0.5002234  -0.16009016  0.6876316 ]]","[[ 0.71184176  0.25762728  0.65338314]
 [ 0.01027736  0.92637426 -0.376464  ]
 [-0.7022648   0.27469787  0.65678406]]"
20200221-202657.955346,63,[1.9422289 1.4621619 0.5261058],"[[ 0.4980837  -0.17464279  0.6865815 ]
 [ 0.51072276  0.6793078   0.16642654]
 [-0.49065349  0.69428045  0.16950443]
 [-0.50033396 -0.16129202  0.68715096]]","[[ 0.7137739   0.25195482  0.65348727]
 [ 0.01433359  0.9276013  -0.37329662]
 [-0.7002295   0.27581617  0.6584861 ]]"
20200221-202657.955346,64,[1.9515074  1.4628431  0.52311873],"[[ 0.4982417  -0.17775524  0.68551975]
 [ 0.51032656  0.6789302   0.16982427]
 [-0.49107444  0.69303775  0.1727133 ]
 [-0.50016785 -0.16478911  0.6865803 ]]","[[ 0.7137199   0.25072342  0.6540197 ]
 [ 0.01382496  0.9285141  -0.37103984]
 [-0.700295    0.27386034  0.6592327 ]]"
20200221-202657.955346,65,[1.9614029  1.4709502  0.52169937],"[[ 0.4981932  -0.1804228   0.6848542 ]
 [ 0.51346004  0.67658216  0.1697708 ]
 [-0.4878589   0.69504374  0.1737208 ]
 [-0.50015634 -0.16309099  0.68700343]]","[[ 0.71586096  0.24805024  0.6526977 ]
 [ 0.01804442  0.92788756 -0.3724235 ]
 [-0.6980098   0.27838093  0.65976244]]"
20200221-202657.955346,66,[1.9708629 1.4754529 0.5184617],"[[ 0.49807394 -0.18744491  0.6830321 ]
 [ 0.5195971   0.6714917   0.1713939 ]
 [-0.4815095   0.6984777   0.17750771]
 [-0.5000896  -0.16153099  0.687446  ]]","[[ 0.720036    0.24023966  0.6510246 ]
 [ 0.0263442   0.9280217  -0.37159342]
 [-0.69343626  0.28471142  0.6618802 ]]"
20200221-202657.955346,67,[1.980204  1.4758655 0.5156584],"[[ 0.49787852 -0.19003592  0.6825646 ]
 [ 0.5189295   0.6710649   0.17458914]
 [-0.48220825  0.6973337   0.1805663 ]
 [-0.50030404 -0.16517873  0.68630934]]","[[ 0.7194887   0.23948604  0.65190697]
 [ 0.02553318  0.92890936 -0.3694262 ]
 [-0.6940348   0.28244314  0.6622248 ]]"
20200221-202657.955346,68,[1.9897302 1.4721999 0.5131851],"[[ 0.49789482 -0.19310099  0.68166125]
 [ 0.51817095  0.6707137   0.17827831]
 [-0.4830313   0.6958337   0.1840912 ]
 [-0.5002801  -0.16932362  0.6853213 ]]","[[ 0.71907383  0.23783466  0.6529682 ]
 [ 0.02455877  0.93032837 -0.3659043 ]
 [-0.69449955  0.27914834  0.663134  ]]"
20200221-202657.955346,69,[1.9999889 1.4754777 0.5093673],"[[ 0.49760917 -0.19822048  0.680509  ]
 [ 0.52077776  0.66780794  0.18110321]
 [-0.4803265   0.69679475  0.18797772]
 [-0.5004619  -0.17093356  0.6846706 ]]","[[ 0.720705    0.23366798  0.65267426]
 [ 0.02815738  0.9308374  -0.3643472 ]
 [-0.69266987  0.28096446  0.6642797 ]]"
20200221-202657.955346,70,[2.009578  1.4787829 0.5078667],"[[ 0.49757218 -0.19933876  0.6801791 ]
 [ 0.52027696  0.667803    0.18267913]
 [-0.48088288  0.69603455  0.18933307]
 [-0.5004851  -0.17274028  0.6842059 ]]","[[ 0.7204111   0.23392506  0.6529065 ]
 [ 0.02752804  0.93101525 -0.36394063]
 [-0.69300073  0.28016013  0.6642742 ]]"
20200221-202657.955346,71,[2.0192173 1.4820606 0.5063764],"[[ 0.49753317 -0.2004297   0.6798603 ]
 [ 0.5197689   0.66780007  0.18423496]
 [-0.48144507  0.69527596  0.19066752]
 [-0.5005108  -0.17453338  0.68373454]]","[[ 0.7201051   0.2342032   0.65314406]
 [ 0.02687477  0.9311925  -0.36353543]
 [-0.6933442   0.27933687  0.6642624 ]]"
20200221-202657.955346,72,[2.028688  1.4826505 0.5037596],"[[ 0.4976973  -0.20291372  0.67884904]
 [ 0.5191458   0.6676291   0.1872171 ]
 [-0.48211303  0.69390553  0.19337521]
 [-0.50035256 -0.17774218  0.6831691 ]]","[[ 0.7199276   0.23345436  0.65360826]
 [ 0.02608935  0.9319633  -0.36161318]
 [-0.69355893  0.2773875   0.66485536]]"
20200221-202657.955346,73,[2.0374959 1.4850118 0.5017044],"[[ 0.49806297 -0.20270154  0.67836297]
 [ 0.51563215  0.66985625  0.19007656]
 [-0.48579323  0.6906727   0.19472326]
 [-0.50006205 -0.18214299  0.6824791 ]]","[[ 0.7179105   0.2367108   0.6546547 ]
 [ 0.0213584   0.9324802  -0.36058939]
 [-0.69580793  0.27285329  0.6643814 ]]"
20200221-202657.955346,74,[2.0472271  1.4883802  0.50029856],"[[ 0.4980373  -0.20379835  0.67803586]
 [ 0.5153004   0.66973054  0.19147643]
 [-0.4861663   0.6900555   0.19599283]
 [-0.5000665  -0.1837125   0.68204904]]","[[ 0.71770376  0.23687084  0.65482336]
 [ 0.02091953  0.9326084  -0.36028317]
 [-0.69603425  0.27227515  0.6643813 ]]"
20200221-202657.955346,75,[2.0565722  1.4929918  0.49753678],"[[ 0.4980087  -0.20570648  0.6774688 ]
 [ 0.51491404  0.66939485  0.19372497]
 [-0.48655328  0.6891702   0.19806173]
 [-0.50011694 -0.18611805  0.68137956]]","[[ 0.71746916  0.23697533  0.65504265]
 [ 0.02044526  0.9327867  -0.35984877]
 [-0.69629025  0.27157292  0.6644005 ]]"
20200221-202657.955346,76,[2.0661604 1.4935598 0.4950751],"[[ 0.49818394 -0.20808579  0.67646384]
 [ 0.5144189   0.66913265  0.19650123]
 [-0.48707867  0.68790996  0.2005988 ]
 [-0.49994057 -0.18905553  0.68084085]]","[[ 0.71736246  0.23618247  0.6554459 ]
 [ 0.01982203  0.9334861  -0.35806575]
 [-0.6964183   0.26985517  0.66496617]]"
20200221-202657.955346,77,[2.0763502 1.4906904 0.4935259],"[[ 0.49843296 -0.20829225  0.6760746 ]
 [ 0.5109708   0.67097723  0.19972278]
 [-0.49062496  0.68469685  0.20243768]
 [-0.49976054 -0.19389164  0.67974466]]","[[ 0.7152211   0.23820417  0.6570522 ]
 [ 0.01521562  0.9345958  -0.3553859 ]
 [-0.6987328   0.26417688  0.6648182 ]]"
20200221-202657.955346,78,[2.0859826  1.4914013  0.49112335],"[[ 0.4982387  -0.2105719   0.67562836]
 [ 0.5106501   0.67031586  0.20230977]
 [-0.4909569   0.68383926  0.20497003]
 [-0.49995637 -0.19672439  0.67866373]]","[[ 0.71485496  0.23740682  0.65773904]
 [ 0.0148316   0.9352451  -0.35369042]
 [-0.6991157   0.26259267  0.6650433 ]]"
20200221-202657.955346,79,[2.0949366 1.4937497 0.4892572],"[[ 0.4982219  -0.21031022  0.6757098 ]
 [ 0.50752336  0.67193186  0.20484567]
 [-0.49416456  0.681163    0.20619725]
 [-0.49999622 -0.20073456  0.6774492 ]]","[[ 0.7126616   0.24042186  0.6590227 ]
 [ 0.01064117  0.9356241  -0.3528377 ]
 [-0.70142734  0.25846675  0.664225  ]]"
20200221-202657.955346,80,[2.1041753  1.4959447  0.48743543],"[[ 0.49818984 -0.21392092  0.6745756 ]
 [ 0.5101194   0.66958696  0.20614897]
 [-0.4915559   0.68232054  0.20858075]
 [-0.49995735 -0.20082207  0.67745423]]","[[ 0.7145159   0.23680079  0.6583255 ]
 [ 0.01414007  0.93589675 -0.3519906 ]
 [-0.6994763   0.26081157  0.6653647 ]]"
20200221-202657.955346,81,[2.114162   1.5032392  0.48597687],"[[ 0.49792352 -0.21822669  0.6735021 ]
 [ 0.5156265   0.6654157   0.20555186]
 [-0.48592043  0.6859401   0.21032679]
 [-0.5000832  -0.19769986  0.678164  ]]","[[ 0.71820635  0.23128033  0.656269  ]
 [ 0.02159007  0.9352844  -0.35323775]
 [-0.69549525  0.2678665   0.6667338 ]]"
20200221-202657.955346,82,[2.1235101 1.5053496 0.4841786],"[[ 0.49786144 -0.22168294  0.6723893 ]
 [ 0.51800954  0.6631867   0.20685911]
 [-0.48349038  0.6869333   0.21264705]
 [-0.5000376  -0.19789714  0.67814684]]","[[ 0.7199089   0.22783704  0.6556078 ]
 [ 0.02485587  0.9355175  -0.35240492]
 [-0.69362354  0.26999512  0.66782415]]"
20200221-202657.955346,83,[2.1318848  1.5120155  0.48217675],"[[ 0.4980927  -0.21709356  0.6736052 ]
 [ 0.5094958   0.6689204   0.20991875]
 [-0.49223813  0.6807765   0.21200727]
 [-0.50002    -0.20484136  0.67619765]]","[[ 0.7140937   0.23823553  0.6582661 ]
 [ 0.01335832  0.93550426 -0.35306296]
 [-0.6999228   0.26091334  0.6648551 ]]"
20200221-202657.955346,84,[2.1414504  1.5098808  0.48071393],"[[ 0.4978794  -0.22099617  0.6725931 ]
 [ 0.51194006  0.6663891   0.21165048]
 [-0.4897919   0.6817843   0.21489218]
 [-0.5001374  -0.20556454  0.67575455]]","[[ 0.71568036  0.23386784  0.65810925]
 [ 0.01666132  0.9362869  -0.35084084]
 [-0.6982294   0.26205477  0.6661856 ]]"
20200221-202657.955346,85,[2.1514778  1.5083963  0.47984916],"[[ 0.4978958  -0.22242452  0.67209595]
 [ 0.5115711   0.66612893  0.213398  ]
 [-0.4901988   0.6809775   0.21654063]
 [-0.50010014 -0.20753086  0.6751728 ]]","[[ 0.71546674  0.23303194  0.6586375 ]
 [ 0.01617585  0.9369553  -0.34907463]
 [-0.6984596   0.26040527  0.6665908 ]]"
20200221-202657.955346,86,[2.161515   1.5050601  0.47793496],"[[ 0.4979044  -0.22492515  0.671226  ]
 [ 0.5110878   0.66558886  0.21632466]
 [-0.49072176  0.6797098   0.21928568]
 [-0.50007236 -0.21070008  0.67422044]]","[[ 0.7151923   0.23150139  0.65947485]
 [ 0.01557349  0.9380395  -0.34617773]
 [-0.6987542   0.25785396  0.6672735 ]]"
20200221-202657.955346,87,[2.1713417  1.5079521  0.47686312],"[[ 0.49807727 -0.2257926   0.6706711 ]
 [ 0.5107275   0.66563207  0.21750051]
 [-0.49110073  0.6789883   0.22023264]
 [-0.49989623 -0.21195841  0.67408574]]","[[ 0.71514785  0.23164837  0.6594715 ]
 [ 0.01512018  0.93813837 -0.34593055]
 [-0.69880956  0.25736287  0.6674051 ]]"
20200221-202657.955346,88,[2.1821918  1.5071815  0.47417924],"[[ 0.49787596 -0.23009141  0.66945106]
 [ 0.5128448   0.6631084   0.21989422]
 [-0.4889422   0.6795425   0.22363372]
 [-0.5000453  -0.21346478  0.6734014 ]]","[[ 0.7165543   0.22758299  0.6593604 ]
 [ 0.01805105  0.93891025 -0.34368852]
 [-0.6972979   0.25817358  0.6686719 ]]"
20200221-202657.955346,89,[2.1920478  1.5078725  0.47216597],"[[ 0.4976897  -0.23196557  0.6690532 ]
 [ 0.51250786  0.6625167   0.22208293]
 [-0.48928896  0.67871886  0.22574314]
 [-0.5002371  -0.2158805   0.6723743 ]]","[[ 0.7161774   0.22701557  0.6599653 ]
 [ 0.01763381  0.9394317  -0.34228244]
 [-0.6976957   0.2567727   0.6687965 ]]"
20200221-202657.955346,90,[2.2023356  1.5150672  0.47097504],"[[ 0.49742994 -0.23561002  0.6680686 ]
 [ 0.5173981   0.6588563   0.22130482]
 [-0.48425826  0.6819471   0.2271902 ]
 [-0.5003566  -0.21294205  0.6731222 ]]","[[ 0.71950245  0.2222611   0.657964  ]
 [ 0.02429194  0.93877184 -0.34368235]
 [-0.69406515  0.26326352  0.67004955]]"
20200221-202657.955346,91,[2.212235   1.5157788  0.46900436],"[[ 0.49761504 -0.23737067  0.6671486 ]
 [ 0.51682234  0.65872043  0.22356875]
 [-0.4848671   0.6807018   0.22912033]
 [-0.500178   -0.21537848  0.67263174]]","[[ 0.7193426   0.2218567   0.65827495]
 [ 0.02357155  0.9392866  -0.3423236 ]
 [-0.69425553  0.2617645   0.6704392 ]]"
20200221-202657.955346,92,[2.2232685  1.5106852  0.46684867],"[[ 0.49746296 -0.24165969  0.6657838 ]
 [ 0.51845485  0.65641534  0.22634013]
 [-0.483182    0.68073934  0.23275855]
 [-0.50027007 -0.21751463  0.6718076 ]]","[[ 0.72048616  0.2173486   0.6585281 ]
 [ 0.02591797  0.9405106  -0.3387741 ]
 [-0.69298476  0.2611497   0.67199177]]"
20200221-202657.955346,93,[2.2331994  1.5135854  0.46595147],"[[ 0.4972607  -0.24227718  0.66583043]
 [ 0.51810056  0.65622973  0.22730078]
 [-0.48354688  0.68032336  0.23360232]
 [-0.50048625 -0.2186879   0.67114395]]","[[ 0.720093    0.21768908  0.6588459 ]
 [ 0.02549155  0.9405724  -0.3386355 ]
 [-0.69340926  0.26064393  0.6717502 ]]"
20200221-202657.955346,94,[2.2435262  1.512851   0.46363142],"[[ 0.49726924 -0.24272862  0.66563416]
 [ 0.5149754   0.65756136  0.23062074]
 [-0.48676112  0.6773671   0.235395  ]
 [-0.5005872  -0.22331652  0.66957784]]","[[ 0.7179389   0.21987154  0.6604697 ]
 [ 0.02134867  0.9414053  -0.33660173]
 [-0.69577867  0.25575963  0.67117745]]"
20200221-202657.955346,95,[2.2535014 1.5204172 0.4626088],"[[ 0.49740875 -0.24278127  0.66537505]
 [ 0.51472527  0.65780383  0.23091584]
 [-0.48702925  0.67701787  0.23543605]
 [-0.5004447  -0.22360286  0.6697189 ]]","[[ 0.71793896  0.2211919   0.66002864]
 [ 0.0210355   0.9408457  -0.3381817 ]
 [-0.69578815  0.25667787  0.6708169 ]]"
20200221-202657.955346,96,[2.2633996  1.5240544  0.46182403],"[[ 0.49773952 -0.24005833  0.66587144]
 [ 0.5095024   0.6614078   0.23297317]
 [-0.49240595  0.67307967  0.23484123]
 [-0.5001988  -0.22776158  0.66872174]]","[[ 0.7145142   0.22731091  0.66166395]
 [ 0.01399039  0.940915   -0.338354  ]
 [-0.699481    0.2510157   0.6691169 ]]"
20200221-202657.955346,97,[2.2737045  1.5228086  0.46121514],"[[ 0.49774212 -0.24124672  0.665428  ]
 [ 0.5091755   0.6611468   0.23445751]
 [-0.49276504  0.67234826  0.2362016 ]
 [-0.50017565 -0.22941694  0.66816455]]","[[ 0.7143144   0.22658423  0.6621289 ]
 [ 0.01357218  0.94147176 -0.33681872]
 [-0.6996933   0.24958098  0.66943145]]"
20200221-202657.955346,98,[2.2848687  1.52637    0.46099496],"[[ 0.4975731  -0.24292772  0.6650554 ]
 [ 0.5114      0.6594246   0.23411034]
 [-0.4905034   0.6738469   0.23700589]
 [-0.50029767 -0.22820133  0.66837287]]","[[ 0.7157915   0.22431357  0.6613064 ]
 [ 0.01660271  0.9412698  -0.3372472 ]
 [-0.69811684  0.25237814  0.6700287 ]]"
20200221-202657.955346,99,[2.2951891  1.5231009  0.45941022],"[[ 0.49758154 -0.24507065  0.6642245 ]
 [ 0.51090103  0.65892464  0.23671   ]
 [-0.49104026  0.67259985  0.23936632]
 [-0.50027245 -0.23101607  0.6674417 ]]","[[ 0.7155003   0.22298701  0.66206974]
 [ 0.01598245  0.94221956 -0.33461446]
 [-0.6984298   0.24999824  0.6705945 ]]"
20200221-202657.955346,100,[2.3052673  1.5239725  0.45765117],"[[ 0.49776888 -0.24670178  0.66333413]
 [ 0.5104954   0.65868163  0.23870145]
 [-0.49146253  0.6715193   0.24109294]
 [-0.50008523 -0.23310663  0.6669958 ]]","[[ 0.7154355   0.22252627  0.66229486]
 [ 0.01548934  0.9426399  -0.33345222]
 [-0.69850725  0.24882203  0.6709511 ]]"
20200221-202657.955346,101,[2.3150334  1.535503   0.45648834],"[[ 0.49770287 -0.24622726  0.6635702 ]
 [ 0.5104297   0.6588617   0.2383137 ]
 [-0.49151158  0.67166644  0.24057731]
 [-0.50017    -0.23267525  0.6670862 ]]","[[ 0.7153502   0.22471319  0.66164815]
 [ 0.01541323  0.9415759  -0.33644822]
 [-0.69859636  0.2508764   0.67009294]]"
20200221-202657.955346,102,[2.325425  1.5365542 0.4546188],"[[ 0.49767175 -0.24791372  0.66294724]
 [ 0.5100727   0.65842056  0.24033996]
 [-0.49190164  0.67072195  0.24241258]
 [-0.50018156 -0.2348479   0.6663138 ]]","[[ 0.71511817  0.22428298  0.66204476]
 [ 0.01496878  0.9419955  -0.3352916 ]
 [-0.69884336  0.24968313  0.67028093]]"
20200221-202657.955346,103,[2.3355646  1.5393128  0.45388663],"[[ 0.49787033 -0.24855292  0.6624267 ]
 [ 0.5098123   0.65845203  0.24120498]
 [-0.4921752   0.67013013  0.24310678]
 [-0.4999812  -0.23577225  0.6662662 ]]","[[ 0.71513635  0.22443978  0.66197234]
 [ 0.01464297  0.94202954 -0.33521113]
 [-0.698832    0.24941482  0.67039263]]"
20200221-202657.955346,104,[2.345964   1.5360878  0.45239693],"[[ 0.49787176 -0.25066042  0.66161346]
 [ 0.50945204  0.6578513   0.2436398 ]
 [-0.4925676   0.6690077   0.24539784]
 [-0.4999591  -0.23838869  0.6653474 ]]","[[ 0.71491337  0.22305414  0.6626806 ]
 [ 0.01417993  0.9429321  -0.33268267]
 [-0.6990692   0.2472361   0.670952  ]]"
20200221-202657.955346,105,[2.356437  1.5328159 0.4509741],"[[ 0.49788073 -0.2527455   0.6607937 ]
 [ 0.5091097   0.6572453   0.24603565]
 [-0.49294063  0.66789824  0.24765548]
 [-0.4999317  -0.24095625  0.66444314]]","[[ 0.7147055   0.22165255  0.66337484]
 [ 0.01374005  0.94382435 -0.33016187]
 [-0.6992905   0.24508332  0.67151093]]"
20200221-202657.955346,106,[2.3672225  1.5294511  0.44955373],"[[ 0.4976044  -0.2578179   0.65923345]
 [ 0.5133457   0.6532954   0.24717176]
 [-0.4886381   0.66997665  0.2511659 ]
 [-0.5000992  -0.24055435  0.6642539 ]]","[[ 0.7175516   0.21499261  0.6624939 ]
 [ 0.01946898  0.9446054  -0.32763052]
 [-0.6962333   0.24798979  0.67361724]]"
20200221-202657.955346,107,[2.3768463  1.5321388  0.44835246],"[[ 0.49763155 -0.2602256   0.65822834]
 [ 0.51522684  0.6516042   0.24782471]
 [-0.48672685  0.67072487  0.25280815]
 [-0.5000009  -0.24046403  0.66438407]]","[[ 0.71899027  0.21254958  0.66172177]
 [ 0.02205173  0.94463426 -0.32738325]
 [-0.6946703   0.24997747  0.67449576]]"
20200221-202657.955346,108,[2.387607   1.5328629  0.44678596],"[[ 0.49751064 -0.26450098  0.6566679 ]
 [ 0.5191238   0.6482053   0.24843888]
 [-0.48270002  0.6726607   0.25553122]
 [-0.4999942  -0.23957591  0.66465735]]","[[ 0.72177595  0.2071415   0.6604029 ]
 [ 0.02741815  0.9448584  -0.3263298 ]
 [-0.6915836   0.2536441   0.6762966 ]]"
20200221-202657.955346,109,[2.3969936 1.5319318 0.4458541],"[[ 0.4976412  -0.26432014  0.65650934]
 [ 0.51636857  0.6496196   0.25086045]
 [-0.48559463  0.67011976  0.2564274 ]
 [-0.49991474 -0.24304149  0.6635584 ]]","[[ 0.71997553  0.20922127  0.66171134]
 [ 0.02373291  0.9454948  -0.32477117]
 [-0.69359356  0.24953155  0.67576766]]"
20200221-202657.955346,110,[2.4067166 1.534636  0.4447432],"[[ 0.49765065 -0.26657435  0.6555475 ]
 [ 0.5181109   0.64803296  0.25148463]
 [-0.48381427  0.6707874   0.25796142]
 [-0.4998283  -0.24297225  0.66367835]]","[[ 0.72131217  0.20695394  0.66096807]
 [ 0.02614813  0.94549745 -0.32457772]
 [-0.6921162   0.25140497  0.6765876 ]]"
20200221-202657.955346,111,[2.4155014  1.5415951  0.44344914],"[[ 0.49771932 -0.26545691  0.65584403]
 [ 0.51565826  0.64962846  0.2527071 ]
 [-0.4863468   0.6689384   0.25770482]
 [-0.49983844 -0.24502434  0.66302   ]]","[[ 0.71965456  0.21068288  0.66159654]
 [ 0.02286834  0.94514394 -0.32585266]
 [-0.69395554  0.24963097  0.67535913]]"
20200221-202657.955346,112,[2.4250135  1.5404199  0.44258595],"[[ 0.4978448  -0.2653422   0.6556655 ]
 [ 0.51302046  0.65093386  0.25507972]
 [-0.48909852  0.6664724   0.25859973]
 [-0.4997436  -0.24838217  0.6619394 ]]","[[ 0.7179138   0.21259436  0.66287524]
 [ 0.01934766  0.94576496 -0.3242755 ]
 [-0.6958632   0.24562684  0.67486435]]"
20200221-202657.955346,113,[2.434933   1.5453961  0.44092885],"[[ 0.49781004 -0.26615286  0.65535986]
 [ 0.51272506  0.65073913  0.2561757 ]
 [-0.4893798   0.6659044   0.25948074]
 [-0.49980542 -0.24954428  0.66147345]]","[[ 0.71771646  0.21321997  0.662888  ]
 [ 0.01901311  0.9456107  -0.32474422]
 [-0.6960761   0.24567778  0.6746264 ]]"
20200221-202657.955346,114,[2.4462385  1.5488898  0.43875477],"[[ 0.49784917 -0.26888758  0.6541814 ]
 [ 0.5144659   0.6489644   0.25727057]
 [-0.487582    0.6663834   0.26151124]
 [-0.49973494 -0.2499563   0.6614154 ]]","[[ 0.7190717   0.21091583  0.6621561 ]
 [ 0.02142515  0.9456489  -0.32448325]
 [-0.6946057   0.2475135   0.67547035]]"
20200221-202657.955346,115,[2.455107  1.5556717 0.4375798],"[[ 0.49793285 -0.26776975  0.6544796 ]
 [ 0.51207924  0.65050346  0.258413  ]
 [-0.4900242   0.6645911   0.26123664]
 [-0.49971393 -0.2519196   0.6607833 ]]","[[ 0.71745485  0.2145287   0.66274893]
 [ 0.01824435  0.94528526 -0.3257346 ]
 [-0.6963662   0.24579127  0.6742856 ]]"
20200221-202657.955346,116,[2.4648206  1.5581361  0.43659514],"[[ 0.4979629  -0.2700075   0.65350163]
 [ 0.51391196  0.6488834   0.25893697]
 [-0.48816767  0.6653329   0.26275894]
 [-0.4996195  -0.25174916  0.66094255]]","[[ 0.7188545   0.21218818  0.6619852 ]
 [ 0.02074709  0.94530386 -0.3255305 ]
 [-0.69485104  0.24774334  0.6751337 ]]"
20200221-202657.955346,117,[2.476562  1.5529194 0.4350593],"[[ 0.4978621  -0.2735834   0.6521582 ]
 [ 0.5154486   0.64674133  0.26104397]
 [-0.4865923   0.6653468   0.2658224 ]
