Timestamp,Epoch,s,u,v
20200220-125152.133140,0,[1.6521424  1.1974276  0.32602277],"[[ 0.52791405  0.6854731  -0.23989971]
 [-0.38721338  0.40680695  0.7857866 ]
 [-0.6007999  -0.11279231 -0.45186603]
 [-0.4587072   0.5932222  -0.3475691 ]]","[[ 0.8960326  -0.18123576  0.40531418]
 [-0.43321818 -0.5567425   0.70877355]
 [-0.09720045  0.81067353  0.57737404]]"
20200220-125152.133140,1,[1.6577834  1.1956125  0.32851923],"[[ 0.52639276  0.68649083 -0.23165114]
 [-0.3879344   0.40644822  0.7905925 ]
 [-0.6012256  -0.11356103 -0.43920192]
 [-0.45928794  0.59214354 -0.3583332 ]]","[[ 0.89328897 -0.18135072  0.41127482]
 [-0.43759376 -0.5599344   0.7035519 ]
 [-0.10269725  0.80844635  0.579541  ]]"
20200220-125152.133140,2,[1.6614568  1.1918008  0.33169928],"[[ 0.53123933  0.68274444 -0.22380409]
 [-0.3836069   0.40878096  0.79580975]
 [-0.60250884 -0.10881469 -0.42615727]
 [-0.45564637  0.5957496  -0.367408  ]]","[[ 0.8918805  -0.19109657  0.40991625]
 [-0.44183147 -0.5617585   0.6994375 ]
 [-0.09661375  0.8049285   0.5854538 ]]"
20200220-125152.133140,3,[1.6672702 1.1881438 0.3343274],"[[ 0.5291337   0.6841261  -0.21530052]
 [-0.38483015  0.40722448  0.8000331 ]
 [-0.60293716 -0.11002494 -0.4144204 ]
 [-0.45649806  0.5950081  -0.37662852]]","[[ 0.88890415 -0.19218644  0.41582948]
 [-0.446371   -0.56742334  0.6919422 ]
 [-0.10296945  0.8006844   0.5901713 ]]"
20200220-125152.133140,4,[1.6705748 1.1880355 0.3380111],"[[ 0.53337157  0.68074554 -0.20933564]
 [-0.3807498   0.41056946  0.8037224 ]
 [-0.6040473  -0.10613476 -0.40214384]
 [-0.4535102   0.5972886  -0.38534307]]","[[ 0.8880222  -0.19828512  0.4148489 ]
 [-0.44934756 -0.56553406  0.69156194]
 [-0.09748472  0.8005338   0.5913058 ]]"
20200220-125152.133140,5,[1.6754816  1.1872773  0.34068325],"[[ 0.5350226   0.67929107 -0.20228016]
 [-0.37895644  0.41208383  0.8071632 ]
 [-0.60491705 -0.10426128 -0.39001036]
 [-0.45190513  0.59823126 -0.394287  ]]","[[ 0.8859559  -0.20179227  0.4175669 ]
 [-0.45344412 -0.56584257  0.68862945]
 [-0.097317    0.7994388   0.5928131 ]]"
20200220-125152.133140,6,[1.6801884  1.186621   0.34492114],"[[ 0.5373445   0.6772248  -0.1957601 ]
 [-0.37658194  0.41429505  0.81018126]
 [-0.6058514  -0.10198372 -0.3779041 ]
 [-0.44987845  0.5994375  -0.4030789 ]]","[[ 0.88408023 -0.2059545   0.4195051 ]
 [-0.4573956  -0.5654744   0.6863146 ]
 [-0.09586984  0.7986371   0.5941276 ]]"
20200220-125152.133140,7,[1.6852269 1.1825045 0.350126 ],"[[ 0.54019535  0.67464966 -0.18853372]
 [-0.37388813  0.41547382  0.8134502 ]
 [-0.60683846 -0.09922006 -0.36637408]
 [-0.44737417  0.6019845  -0.41051656]]","[[ 0.88197803 -0.21344629  0.42018482]
 [-0.46191224 -0.5684711   0.68079203]
 [-0.09355038  0.7945323   0.59997255]]"
20200220-125152.133140,8,[1.690465   1.1820699  0.35405406],"[[ 0.54028976  0.67424333 -0.1822785 ]
 [-0.37329888  0.41652787  0.81560594]
 [-0.6075422  -0.09887546 -0.3553286 ]
 [-0.44679752  0.6017679  -0.41869265]]","[[ 0.8797464  -0.21462871  0.42424208]
 [-0.46567425 -0.5689416   0.6778297 ]
 [-0.09588738  0.79387665  0.60047126]]"
20200220-125152.133140,9,[1.6950767 1.1802202 0.3593241],"[[ 0.54315776  0.67163545 -0.17635982]
 [-0.37041014  0.4185391   0.8179492 ]
 [-0.60847914 -0.09621522 -0.34438133]
 [-0.44444314  0.60371697 -0.42574412]]","[[ 0.87809193 -0.22035511  0.42473328]
 [-0.46934116 -0.5694141   0.67489755]
 [-0.09313205  0.79196686  0.6034196 ]]"
20200220-125152.133140,10,[1.7004395  1.1791394  0.36395898],"[[ 0.54251146  0.67168933 -0.1702263 ]
 [-0.3704797   0.41889378  0.8196123 ]
 [-0.6091917  -0.09652866 -0.3343067 ]
 [-0.4441983   0.6033607  -0.43301064]]","[[ 0.8755206  -0.22140817  0.42946744]
 [-0.47337952 -0.57117176  0.67057794]
 [-0.09682816  0.7904059   0.60488266]]"
20200220-125152.133140,11,[1.7055209 1.1789678 0.3695059],"[[ 0.5433843   0.6705485  -0.16502063]
 [-0.36924732  0.42062828  0.82091606]
 [-0.6100051  -0.09565732 -0.32423353]
 [-0.4430387   0.6035612  -0.4401567 ]]","[[ 0.87338114 -0.22345585  0.43275028]
 [-0.47712335 -0.5709214   0.6681333 ]
 [-0.09776802  0.7900104   0.605248  ]]"
20200220-125152.133140,12,[1.709305   1.1770005  0.37380216],"[[ 0.5473406   0.6670985  -0.15963902]
 [-0.36529344  0.4226922   0.82298386]
 [-0.6110261  -0.09191389 -0.3141315 ]
 [-0.44002962  0.6065168  -0.44557226]]","[[ 0.8721359  -0.23077784  0.43141723]
 [-0.48038864 -0.5710998   0.6656363 ]
 [-0.09276821  0.7877732   0.60893977]]"
20200220-125152.133140,13,[1.7138971  1.1740571  0.37867558],"[[ 0.550568   -0.6641081  -0.15392758]
 [-0.36205763 -0.42400515  0.82493293]
 [-0.61197746  0.08884002 -0.304468  ]
 [-0.43734705 -0.60933375 -0.45065656]]","[[ 0.87044185  0.23796596  0.43093294]
 [-0.4841014   0.5726153   0.6616326 ]
 [-0.08931273 -0.78452784  0.61362803]]"
20200220-125152.133140,14,[1.7172275 1.174192  0.3828495],"[[ 0.55437475  0.6607509  -0.15005846]
 [-0.3579185   0.42693448  0.82623553]
 [-0.61287004 -0.08531784 -0.29490286]
 [-0.4346878   0.6114378  -0.45590517]]","[[ 0.86968523 -0.2432075   0.4295321 ]
 [-0.48640385 -0.57037145  0.6618821 ]
 [-0.08401819  0.78455514  0.61434066]]"
20200220-125152.133140,15,[1.7238853  1.1717407  0.38714388],"[[ 0.551893   -0.66210246 -0.14338167]
 [-0.3598454  -0.4253581   0.8271832 ]
 [-0.6136138   0.08716049 -0.2867141 ]
 [-0.4352049  -0.6108145  -0.46152446]]","[[ 0.8661395   0.24367277  0.43637842]
 [-0.4913684   0.5748697   0.6542797 ]
 [-0.09143054 -0.7811201   0.6176504 ]]"
20200220-125152.133140,16,[1.7280905  1.1705317  0.39118624],"[[ 0.55433786 -0.6596732  -0.13835423]
 [-0.35709915 -0.42667145  0.82847524]
 [-0.6145938   0.08467189 -0.277717  ]
 [-0.43297163 -0.612873   -0.46621907]]","[[ 0.86432207  0.24895903  0.43699774]
 [-0.49495313  0.57527643  0.65121317]
 [-0.08926912 -0.77915114  0.62044704]]"
20200220-125152.133140,17,[1.7326479  1.1669035  0.39563385],"[[ 0.5579414  -0.65623546 -0.13255383]
 [-0.35344964 -0.4272324   0.8303822 ]
 [-0.6155831   0.0811729  -0.2689143 ]
 [-0.4299212  -0.61663467 -0.4696593 ]]","[[ 0.86254525  0.2576691   0.43545622]
 [-0.4987742   0.5777183   0.6461159 ]
 [-0.08508696 -0.7744986   0.626827  ]]"
20200220-125152.133140,18,[1.7367166 1.166173  0.400636 ],"[[ 0.5610133  -0.65330535 -0.1287683 ]
 [-0.35001317 -0.42935488  0.83125037]
 [-0.6163803   0.07833975 -0.2604703 ]
 [-0.4275868  -0.61863524 -0.4739168 ]]","[[ 0.8614106   0.26265806  0.43472147]
 [-0.5013665   0.57666814  0.6450471 ]
 [-0.08126326 -0.773605    0.62843585]]"
20200220-125152.133140,19,[1.7418507 1.1631454 0.4045875],"[[ 0.56274587  0.65128785 -0.12299758]
 [-0.34799683  0.42901713  0.832699  ]
 [-0.6172826  -0.07648146 -0.25251424]
 [-0.4256498   0.6212235  -0.4772005 ]]","[[ 0.85919654 -0.2688612   0.43531042]
 [-0.5052817  -0.57965267  0.6392912 ]
 [-0.08044823  0.76923114  0.63388616]]"
20200220-125152.133140,20,[1.7479302  1.1604569  0.40983346],"[[ 0.5635816   0.6499136  -0.11730613]
 [-0.34697324  0.4286227   0.8336701 ]
 [-0.61814654 -0.07553387 -0.24497683]
 [-0.42412353  0.62304896 -0.4808534 ]]","[[ 0.85655034 -0.27366242  0.43752792]
 [-0.5095721  -0.582557    0.63321704]
 [-0.08159729  0.7653342   0.63844   ]]"
20200220-125152.133140,21,[1.754508  1.1606847 0.4120862],"[[ 0.5638889   0.64911985 -0.11301168]
 [-0.34628332  0.42961147  0.83370703]
 [-0.61898834 -0.07497153 -0.23751332]
 [-0.4230489   0.6232629  -0.48553944]]","[[ 0.85400707 -0.27487233  0.44172052]
 [-0.51348555 -0.5819061   0.6306486 ]
 [-0.08369202  0.76539564  0.63809496]]"
20200220-125152.133140,22,[1.7587789  1.160469   0.41534752],"[[ 0.566575    0.6464526  -0.10954284]
 [-0.34306028  0.43130368  0.8343221 ]
 [-0.6197839  -0.07235596 -0.22989902]
 [-0.4209166   0.62517273 -0.4889312 ]]","[[ 0.85275424 -0.27929094  0.44136938]
 [-0.51606804 -0.5808102   0.6295501 ]
 [-0.08052424  0.764628    0.6394216 ]]"
20200220-125152.133140,23,[1.7649407  1.15683    0.41987655],"[[ 0.56778294  0.6446665  -0.10360775]
 [-0.34169796  0.4301428   0.8355698 ]
 [-0.62070215 -0.07103135 -0.22312833]
 [-0.41903967  0.6279623  -0.49122542]]","[[ 0.85002184 -0.2857123   0.44252846]
 [-0.5204797  -0.58478814  0.6221927 ]
 [-0.08101729  0.7592045   0.6457901 ]]"
20200220-125152.133140,24,[1.7686604  1.1548158  0.42371583],"[[ 0.5716564   0.64086616 -0.09942397]
 [-0.33735123  0.43090478  0.836968  ]
 [-0.62153685 -0.06731667 -0.21570326]
 [-0.41604745  0.6317279  -0.4930231 ]]","[[ 0.8488284  -0.29361397  0.43963775]
 [-0.5232229  -0.58562183  0.6191    ]
 [-0.07568504  0.7555382   0.650718  ]]"
20200220-125152.133140,25,[1.7736591 1.1536833 0.4295069],"[[ 0.5740436   0.6382529  -0.09583118]
 [-0.33454672  0.43210065  0.8374485 ]
 [-0.622273   -0.06509899 -0.20877981]
 [-0.41391945  0.6337859  -0.4958909 ]]","[[ 0.847231   -0.29844016  0.43946916]
 [-0.5261475  -0.5855251   0.61670816]
 [-0.0732697   0.75371987  0.65309864]]"
20200220-125152.133140,26,[1.7792453  1.1529886  0.43476373],"[[ 0.5748848   0.63689035 -0.09214059]
 [-0.33325544  0.43278998  0.8375249 ]
 [-0.62304026 -0.06423642 -0.20246878]
 [-0.4126369   0.6347732  -0.49906766]]","[[ 0.84517485 -0.30120966  0.44153413]
 [-0.5293715  -0.5857858   0.6136945 ]
 [-0.07379374  0.7524146   0.6545433 ]]"
20200220-125152.133140,27,[1.7842206  1.1508934  0.43985194],"[[ 0.5775455   0.6339607  -0.08816727]
 [-0.33015335  0.43315074  0.83844495]
 [-0.6237876  -0.06172183 -0.1959945 ]
 [-0.41027945  0.6377026  -0.50082225]]","[[ 0.8435305  -0.30749106  0.44034702]
 [-0.5323865  -0.5868889   0.61002135]
 [-0.07085864  0.74900645  0.6587627 ]]"
20200220-125152.133140,28,[1.7890999  1.1481917  0.44421843],"[[ 0.58056927  0.630628   -0.08364253]
 [-0.3266549   0.43276894  0.8398516 ]
 [-0.6245782  -0.0588089  -0.18957444]
 [-0.4076005   0.6415301  -0.50171155]]","[[ 0.84180474 -0.3152713   0.43814263]
 [-0.5355728  -0.58901256  0.60516614]
 [-0.06727999  0.744089    0.66468424]]"
20200220-125152.133140,29,[1.7932097 1.1480712 0.4493406],"[[ 0.583335    0.6277201  -0.08134275]
 [-0.32311648  0.43451738  0.84012544]
 [-0.6251975  -0.05622258 -0.1831872 ]
 [-0.4055171   0.6434293  -0.5039991 ]]","[[ 0.8408164  -0.31948     0.4369902 ]
 [-0.5375787  -0.5875617   0.6047977 ]
 [-0.06353793  0.7434405   0.6657771 ]]"
20200220-125152.133140,30,[1.7978323  1.1487169  0.45301166],"[[ 0.5852417   0.6256002  -0.07969685]
 [-0.32034126  0.43662038  0.83987683]
 [-0.6257929  -0.05439613 -0.17724484]
 [-0.40405104  0.6442268  -0.50679386]]","[[ 0.83976996 -0.3215905   0.43745402]
 [-0.5394708  -0.5851918   0.60541034]
 [-0.06130029  0.7443991   0.66491526]]"
20200220-125152.133140,31,[1.802304   1.1487244  0.45599604],"[[ 0.5875887   0.62302643 -0.07754077]
 [-0.3170979   0.43806112  0.84010965]
 [-0.62642044 -0.05209744 -0.17131557]
 [-0.40222618  0.6459302  -0.5087772 ]]","[[ 0.83865166 -0.32526922  0.43687898]
 [-0.5415377  -0.58382684  0.6048826 ]
 [-0.05831201  0.74387217  0.6657729 ]]"
20200220-125152.133140,32,[1.8092042 1.1473317 0.4600494],"[[ 0.58763766  0.62214035 -0.07335958]
 [-0.3166948   0.43771002  0.8401249 ]
 [-0.6273217  -0.05186052 -0.16608128]
 [-0.40106574  0.64704084 -0.51110244]]","[[ 0.8358734  -0.3280437   0.4401173 ]
 [-0.54555553 -0.58513296  0.5999906 ]
 [-0.06070401  0.7416246   0.6680631 ]]"
20200220-125152.133140,33,[1.8152523  1.1469109  0.46323797],"[[ 0.588025    0.6210965  -0.07026798]
 [-0.31572038  0.43802345  0.84000707]
 [-0.62810713 -0.05133654 -0.16108422]
 [-0.40003598  0.6478728  -0.513325  ]]","[[ 0.8337367  -0.33015856  0.44258174]
 [-0.5486791  -0.58526886  0.5970023 ]
 [-0.0619239   0.740578    0.6691111 ]]"
20200220-125152.133140,34,[1.8182336  1.1461036  0.46603107],"[[ 0.59189385  0.6171406  -0.06807864]
 [-0.31065455  0.43888482  0.84114885]
 [-0.6286432  -0.047617   -0.15504862]
 [-0.39744613  0.6513447  -0.51360875]]","[[ 0.83323205 -0.33684662  0.43847343]
 [-0.550119   -0.58481133  0.596125  ]
 [-0.05562156  0.7379227   0.6725893 ]]"
20200220-125152.133140,35,[1.8215076 1.1458951 0.4695578],"[[ 0.5952436   0.613672   -0.06660766]
 [-0.30606478  0.44037375  0.8417406 ]
 [-0.6290992  -0.0444218  -0.14923544]
 [-0.3952769   0.65383846 -0.5145533 ]]","[[ 0.83278686 -0.3418305   0.4354518 ]
 [-0.55131906 -0.58334833  0.59644973]
 [-0.05013535  0.7367881   0.6742624 ]]"
20200220-125152.133140,36,[1.8282174 1.1437393 0.4749562],"[[ 0.595955    0.61204225 -0.06222378]
 [-0.30499154  0.4393      0.8423041 ]
 [-0.6300016  -0.04362671 -0.1445637 ]
 [-0.39359388  0.6561378  -0.5155131 ]]","[[ 0.8299994  -0.3465915   0.43700734]
 [-0.5553997  -0.58563876  0.59038836]
 [-0.05130484  0.73273563  0.67857665]]"
20200220-125152.133140,37,[1.834146   1.1445503  0.47835734],"[[ 0.59689873  0.61064523 -0.0608795 ]
 [-0.3032367   0.441439    0.8414038 ]
 [-0.63065773 -0.04258047 -0.13950177]
 [-0.39246672  0.6560723  -0.51852936]]","[[ 0.8283865  -0.34718025  0.4395927 ]
 [-0.55781645 -0.5829452   0.59077555]
 [-0.0511528   0.7346026   0.6765668 ]]"
20200220-125152.133140,38,[1.8415759  1.1430428  0.48289266],"[[ 0.5960739   0.61036754 -0.0564486 ]
 [-0.30385998  0.44007298  0.8414638 ]
 [-0.6316577  -0.04318589 -0.13568982]
 [-0.39162976  0.65720814 -0.5199431 ]]","[[ 0.82522106 -0.34979254  0.44345844]
 [-0.56210184 -0.5854108   0.58423954]
 [-0.05524269  0.7313956   0.67971224]]"
20200220-125152.133140,39,[1.8476471 1.1433445 0.4872127],"[[ 0.59664255  0.6091377  -0.054396  ]
 [-0.30260995  0.44149083  0.8407002 ]
 [-0.6324841  -0.04241486 -0.13097332]
 [-0.39039567  0.65744776 -0.52259964]]","[[ 0.8230415  -0.35099384  0.44654918]
 [-0.5652013  -0.5838159   0.5828436 ]
 [-0.05612802  0.7320944   0.6788869 ]]"
20200220-125152.133140,40,[1.8534181  1.1414665  0.49081466],"[[ 0.59802204  0.6069747  -0.05060212]
 [-0.30057895  0.4402487   0.8416725 ]
 [-0.6332525  -0.04100433 -0.12666884]
 [-0.3886047   0.66036475 -0.52247655]]","[[ 0.8209229  -0.35651138  0.4460778 ]
 [-0.5683394  -0.5859669   0.5776101 ]
 [-0.05546223  0.7276968   0.683653  ]]"
20200220-125152.133140,41,[1.8575815 1.140589  0.4949319],"[[ 0.6007753   0.60385126 -0.04882339]
 [-0.29669982  0.44073477  0.8424284 ]
 [-0.63369817 -0.03839196 -0.12191153]
 [-0.386607    0.6630554  -0.5225593 ]]","[[ 0.8200848  -0.36162683  0.44349402]
 [-0.56993407 -0.5856961   0.5763117 ]
 [-0.05134291  0.7253868   0.68642396]]"
20200220-125152.133140,42,[1.8628346  1.1384299  0.49905723],"[[ 0.60333085  0.6006179  -0.04537987]
 [-0.29325792  0.4394635   0.8439092 ]
 [-0.6342807  -0.03596575 -0.11737198]
 [-0.38429174  0.6669608  -0.5215189 ]]","[[ 0.818506   -0.36869448  0.44058195]
 [-0.57247716 -0.5877125   0.5717201 ]
 [-0.04814551  0.7201793   0.69211555]]"
20200220-125152.133140,43,[1.8687191  1.1391782  0.50253695],"[[ 0.60449255  0.5990015  -0.04463935]
 [-0.2911148   0.4418909   0.8428826 ]
 [-0.6349068  -0.03465622 -0.11266483]
 [-0.38305926  0.66687965 -0.52427405]]","[[ 0.81700075 -0.36929283  0.44286886]
 [-0.57468486 -0.58459723  0.57269853]
 [-0.04740642  0.7224051   0.68984324]]"
20200220-125152.133140,44,[1.8744534 1.1389962 0.5072012],"[[ 0.60594904  0.5970284  -0.0433358 ]
 [-0.2887524   0.4432446   0.84253514]
 [-0.63545203 -0.03318454 -0.10836394]
 [-0.38163912  0.6678245  -0.5258456 ]]","[[ 0.81558573 -0.37151474  0.44361764]
 [-0.57680047 -0.58300734  0.572192  ]
 [-0.04605459  0.7225505   0.6897824 ]]"
20200220-125152.133140,45,[1.881617   1.1379421  0.51339376],"[[ 0.60640293  0.595621   -0.0401853 ]
 [-0.2879113   0.4429002   0.8425206 ]
 [-0.6363099  -0.03262369 -0.10478341]
 [-0.3801218   0.6693359  -0.52684426]]","[[ 0.81290495 -0.37471277  0.44584283]
 [-0.5804561  -0.58371514  0.5677564 ]
 [-0.04749965  0.7203242   0.69200915]]"
20200220-125152.133140,46,[1.8869607 1.1366825 0.5183259],"[[ 0.6086637   0.59270215 -0.03770589]
 [-0.2846849   0.44242385  0.84345645]
 [-0.6368145  -0.03045951 -0.10060257]
 [-0.37808728  0.67233706 -0.52634484]]","[[ 0.8114785  -0.3801772   0.4438108 ]
 [-0.5826712  -0.5844475   0.564726  ]
 [-0.04468816  0.7168587   0.69578487]]"
20200220-125152.133140,47,[1.8913836 1.1363767 0.5200355],"[[ 0.61110294  0.58979255 -0.03651107]
 [-0.28079742  0.4428468   0.84414834]
 [-0.63722473 -0.02803847 -0.09624224]
 [-0.37636507  0.6747186  -0.5261348 ]]","[[ 0.8106461  -0.38454345  0.44156456]
 [-0.58410203 -0.58383006  0.563886  ]
 [-0.04095998  0.7150307   0.6978922 ]]"
20200220-125152.133140,48,[1.8974339 1.1347592 0.5233084],"[[ 0.61219513  0.5877616  -0.03316354]
 [-0.27889258  0.4411666   0.84524655]
 [-0.6379404  -0.02693614 -0.09278232]
 [-0.37479162  0.6776304  -0.52521443]]","[[ 0.8086036  -0.38968146  0.4408047 ]
 [-0.5869548  -0.58592486  0.5587272 ]
 [-0.04055277  0.7105212   0.70250636]]"
20200220-125152.133140,49,[1.9028804 1.1328794 0.5272403],"[[ 0.6145271  -0.58460945 -0.03012818]
 [-0.2754753  -0.43944126  0.8468861 ]
 [-0.6384164   0.02474923 -0.08887077]
 [-0.37268507 -0.68154985 -0.52342904]]","[[ 0.80712146  0.39637497  0.43754062]
 [-0.5891902   0.5879253   0.55425495]
 [-0.03754841 -0.70514566  0.7080675 ]]"
20200220-125152.133140,50,[1.9078809  1.132535   0.53062993],"[[ 0.6157511  -0.582739   -0.02868851]
 [-0.2731085  -0.4395767   0.84718424]
 [-0.63893175  0.02350701 -0.08530024]
 [-0.3715223  -0.68310684 -0.5236219 ]]","[[ 0.80587196  0.39930782  0.43717685]
 [-0.5909795   0.5876605   0.5526286 ]
 [-0.03624265 -0.7037105   0.7095618 ]]"
20200220-125152.133140,51,[1.9124407  1.132303   0.53231466],"[[ 0.61802936 -0.57992685 -0.02774956]
 [-0.26927164 -0.43991014  0.84785306]
 [-0.6392746   0.02125592 -0.08115247]
 [-0.3699465  -0.6853554  -0.5232488 ]]","[[ 0.8050922   0.40333247  0.43491304]
 [-0.5922496   0.58699685  0.5519738 ]
 [-0.03266357 -0.701967    0.7114601 ]]"
20200220-125152.133140,52,[1.9167376 1.1312436 0.5354007],"[[ 0.6207232  -0.576581   -0.02601773]
 [-0.26502806 -0.43899313  0.849315  ]
 [-0.63953817  0.01871113 -0.0770524 ]
 [-0.36804068 -0.6888318  -0.5215841 ]]","[[ 0.80433357  0.40916446  0.43085024]
 [-0.5935036   0.5877903   0.5497779 ]
 [-0.0283     -0.6979161   0.7156202 ]]"
20200220-125152.133140,53,[1.92364    1.1295195  0.54098576],"[[ 0.6221495  -0.57412577 -0.0227194 ]
 [-0.26283005 -0.43704796  0.85060084]
 [-0.6401144   0.01740738 -0.0737865 ]
 [-0.3662023  -0.6921459  -0.5201131 ]]","[[ 0.80230635  0.41471383  0.42932168]
 [-0.59628606  0.589771    0.54462206]
 [-0.02733914 -0.6929522   0.720465  ]]"
20200220-125152.133140,54,[1.9270389 1.1299303 0.545002 ],"[[ 0.6246013  -0.5714332  -0.02366718]
 [-0.25852242 -0.43888876  0.85065484]
 [-0.64012873  0.0150491  -0.06977426]
 [-0.36506853 -0.6932637  -0.5205361 ]]","[[ 0.8024541   0.41686416  0.4269566 ]
 [-0.5962846   0.58733296  0.54725206]
 [-0.02263594 -0.6937322   0.7198774 ]]"
20200220-125152.133140,55,[1.9345485 1.1279877 0.5488207],"[[ 0.6249959  -0.56977636 -0.01953416]
 [-0.25759736 -0.4359024   0.85208106]
 [-0.6409629   0.01469167 -0.06726262]
 [-0.36357972 -0.6965113  -0.5187025 ]]","[[ 0.7998199   0.42218468  0.42667118]
 [-0.5997633   0.5904445   0.54005504]
 [-0.02392272 -0.6878484   0.7254602 ]]"
20200220-125152.133140,56,[1.9378684  1.127674   0.55088156],"[[ 0.6279461  -0.5663243  -0.01919718]
 [-0.25255725 -0.4357809   0.85333794]
 [-0.6409916   0.01189567 -0.06296624]
 [-0.3619794  -0.6994499  -0.51718575]]","[[ 0.79977787  0.42700395  0.42192796]
 [-0.60001665  0.59008956  0.5401616 ]
 [-0.01832416 -0.685173    0.72814995]]"
20200220-125152.133140,57,[1.9428077  1.1278545  0.55320466],"[[ 0.6296778  -0.56409854 -0.01941674]
 [-0.24917988 -0.43695876  0.8533848 ]
 [-0.6412167   0.0101581  -0.05940844]
 [-0.36091077 -0.7005403  -0.5175212 ]]","[[ 0.79918826  0.42911395  0.420903  ]
 [-0.6008822   0.58835864  0.54108673]
 [-0.01545405 -0.68534327  0.7280563 ]]"
20200220-125152.133140,58,[1.9506603  1.1271944  0.55682033],"[[ 0.62958825 -0.56309766 -0.01697543]
 [-0.24867499 -0.4363643   0.8533878 ]
 [-0.64212966  0.01006619 -0.05696161]
 [-0.35979012 -0.7017163  -0.51787686]]","[[ 0.79656106  0.43144092  0.42349637]
 [-0.60430205  0.58860606  0.53699344]
 [-0.01759154 -0.68366784  0.7295813 ]]"
20200220-125152.133140,59,[1.9583011 1.1259812 0.5616765],"[[ 0.6297684  -0.56173646 -0.01365138]
 [-0.24798115 -0.4343535   0.8542119 ]
 [-0.64294475  0.00987379 -0.05464122]
 [-0.35849634 -0.70405376 -0.5168654 ]]","[[ 0.79405403  0.4353206   0.42423382]
 [-0.6075456   0.590384    0.53135216]
 [-0.01915234 -0.6796636   0.7332738 ]]"
20200220-125152.133140,60,[1.9646958 1.1248459 0.5645829],"[[ 0.63057494 -0.55984527 -0.01087253]
 [-0.24617782 -0.4322221   0.85546255]
 [-0.6435773   0.0091113  -0.05198182]
 [-0.3571837  -0.7068767  -0.5151344 ]]","[[ 0.7921513   0.43987235  0.42309424]
 [-0.6100296   0.59220415  0.52645826]
 [-0.01898375 -0.6751345   0.73745036]]"
20200220-125152.133140,61,[1.9712261 1.124057  0.5684359],"[[ 0.6311207  -0.5583537  -0.00887728]
 [-0.2447239  -0.4310984   0.8561074 ]
 [-0.6441768   0.00857216 -0.04958008]
 [-0.35613635 -0.7087466  -0.5143374 ]]","[[ 0.79037666  0.44299707  0.42315304]
 [-0.6123194   0.592938    0.52296233]
 [-0.01923275 -0.6724419   0.73990005]]"
20200220-125152.133140,62,[1.9780133 1.1241975 0.572237 ],"[[ 0.6311669  -0.55763227 -0.0085172 ]
 [-0.24377257 -0.4325946   0.8552004 ]
 [-0.6448235   0.00831195 -0.04708843]
 [-0.35553616 -0.70840603 -0.5160837 ]]","[[ 0.78871274  0.44301662  0.42622587]
 [-0.6144269   0.5909486   0.5227421 ]
 [-0.02029418 -0.67417794  0.73829013]]"
20200220-125152.133140,63,[1.9845018  1.1231271  0.57501024],"[[ 0.6319891  -0.5557098  -0.00585747]
 [-0.24191345 -0.4303828   0.8565118 ]
 [-0.64543384  0.00754364 -0.04457085]
 [-0.3542358  -0.71126676 -0.5141662 ]]","[[ 0.7868593   0.44756433  0.42489836]
 [-0.6168071   0.59270877  0.51792413]
 [-0.0200366  -0.66961366  0.7424393 ]]"
20200220-125152.133140,64,[1.9877676 1.1232133 0.5778136],"[[ 0.63451797 -0.55281186 -0.00674145]
 [-0.23716918 -0.43109748  0.85722256]
 [-0.6452986   0.00514758 -0.0407694 ]
 [-0.35316765 -0.71311116 -0.51328546]]","[[ 0.7871718   0.4505394   0.4211589 ]
 [-0.6165536   0.5913905   0.5197296 ]
 [-0.01491073 -0.6687836   0.74330753]]"
20200220-125152.133140,65,[1.9927031 1.1233897 0.5799239],"[[ 0.6361615  -0.55069137 -0.00745783]
 [-0.23370364 -0.43226796  0.85728925]
 [-0.6454177   0.00349658 -0.03752567]
 [-0.35230285 -0.71405256 -0.5134115 ]]","[[ 0.786786    0.45232096  0.4199687 ]
 [-0.61711013  0.5896581   0.521036  ]
 [-0.01196243 -0.6691107   0.74306655]]"
20200220-125152.133140,66,[2.0006588 1.1217963 0.5834656],"[[ 0.63640463 -0.5490687  -0.00356032]
 [-0.23285227 -0.42874616  0.8589657 ]
 [-0.6462333   0.0033558  -0.03563694]
 [-0.35093033 -0.7174185  -0.5107797 ]]","[[ 0.78424126  0.45748368  0.41913572]
 [-0.62031335  0.5926148   0.51382786]
 [-0.01331816 -0.6629604   0.74853617]]"
20200220-125152.133140,67,[2.0055556 1.1219895 0.5856807],"[[ 0.63806313 -0.5469536  -0.00443107]
 [-0.2293291  -0.42996517  0.8590202 ]
 [-0.6463075   0.00169108 -0.03243259]
 [-0.35010034 -0.7183096  -0.5108941 ]]","[[ 0.7839281   0.45914885  0.41789854]
 [-0.6207665   0.5908272   0.5153369 ]
 [-0.01028952 -0.6634044   0.7481902 ]]"
20200220-125152.133140,68,[2.0122738 1.1212674 0.58943  ],"[[ 0.6385239  -0.5455255  -0.00263435]
 [-0.22789896 -0.42865747  0.8597567 ]
 [-0.64687216  0.00125098 -0.03033737]
 [-0.3491506  -0.7201757  -0.5097952 ]]","[[ 0.7822384   0.4621295   0.4177792 ]
 [-0.6228899   0.5915502   0.51193434]
 [-0.0105574  -0.6606851   0.750589  ]]"
20200220-125152.133140,69,[2.0171483 1.1213742 0.5919069],"[[ 6.4029777e-01 -5.4325521e-01 -3.4461443e-03]
 [-2.2413993e-01 -4.2989698e-01  8.5979289e-01]
 [-6.4693302e-01 -5.6818407e-04 -2.6824366e-02]
 [-3.4822085e-01 -7.2115308e-01 -5.0992608e-01]]","[[ 0.7819125   0.46392837  0.41639325]
 [-0.6233459   0.5896582   0.5135593 ]
 [-0.00727495 -0.6611154   0.7502489 ]]"
20200220-125152.133140,70,[2.0250201 1.1215184 0.5957063],"[[ 0.64064187 -0.54223496 -0.00357834]
 [-0.22275217 -0.43180513  0.85878235]
 [-0.6474842  -0.00116674 -0.02437053]
 [-0.34745324 -0.7207803  -0.5117481 ]]","[[ 0.7802987   0.46396944  0.41936427]
 [-0.62535906  0.58714086  0.51399577]
 [-0.00774759 -0.66332346  0.7482927 ]]"
20200220-125152.133140,71,[2.0303183 1.1210655 0.5974814],"[[ 0.6417835  -0.540215   -0.00247586]
 [-0.21999845 -0.43053928  0.8598505 ]
 [-0.64781713 -0.00225701 -0.02164575]
 [-0.34647894 -0.72304815 -0.5100808 ]]","[[ 0.77928287  0.46750554  0.417321  ]
 [-0.6266429   0.5877869   0.51168865]
 [-0.00607856 -0.6602614   0.75101125]]"
20200220-125152.133140,72,[2.0372057  1.121077   0.59997755],"[[ 0.6421647  -0.5390081  -0.00207671]
 [-0.21839646 -0.43119717  0.8595772 ]
 [-0.6484212  -0.00286801 -0.01936808]
 [-0.34565496 -0.72355473 -0.5106348 ]]","[[ 0.7776021   0.46879333  0.41900834]
 [-0.6287243   0.58652467  0.5105827 ]
 [-0.00640099 -0.66047084  0.7508246 ]]"
20200220-125152.133140,73,[2.0421102 1.1210034 0.6009562],"[[ 0.64402103 -0.536525   -0.0025279 ]
 [-0.21442279 -0.43128717  0.86028373]
 [-0.6484195  -0.00468687 -0.01612167]
 [-0.34469107 -0.7253349  -0.5095543 ]]","[[ 0.7772973   0.47166726  0.41633976]
 [-0.6291267   0.58578265  0.51093864]
 [-0.00289157 -0.65908164  0.7520657 ]]"
20200220-125152.133140,74,[2.0484984  1.1205474  0.60407513],"[[ 0.64525115 -0.53452617 -0.00222839]
 [-0.21159504 -0.43123847  0.8607063 ]
 [-0.6486539  -0.0059332  -0.01332778]
 [-0.3436947  -0.72682863 -0.50892246]]","[[ 0.776336    0.47412357  0.41534227]
 [-0.6303184   0.5851003   0.5102512 ]
 [-0.00109481 -0.6579243   0.7530833 ]]"
20200220-125152.133140,75,[2.056438  1.1194028 0.6066342],"[[ 6.4605385e-01 -5.3255230e-01  5.7099311e-05]
 [-2.0964608e-01 -4.2871326e-01  8.6219358e-01]
 [-6.4914453e-01 -6.5796440e-03 -1.1217450e-02]
 [-3.4245276e-01 -7.2975987e-01 -5.0645477e-01]]","[[ 7.7455443e-01  4.7852188e-01  4.1362068e-01]
 [-6.3250673e-01  5.8676243e-01  5.0561339e-01]
 [-7.4998010e-04 -6.5324306e-01  7.5714785e-01]]"
20200220-125152.133140,76,[2.0651035  1.1193069  0.60843205],"[[ 6.4546984e-01 -5.3228056e-01  5.8145594e-04]
 [-2.0948780e-01 -4.2996469e-01  8.6122334e-01]
 [-6.5002781e-01 -6.3403137e-03 -9.6463850e-03]
 [-3.4197631e-01 -7.2922403e-01 -5.0813478e-01]]","[[ 0.7723369   0.4784294   0.41785276]
 [-0.6352048   0.58507484  0.5041849 ]
 [-0.00325827 -0.65482265  0.7557756 ]]"
20200220-125152.133140,77,[2.0719662  1.1183951  0.61085206],"[[ 0.64608216 -0.5305237   0.00280089]
 [-0.20766097 -0.42735234  0.86272407]
 [-0.65055037 -0.00682671 -0.00762918]
 [-0.34093767 -0.7320297  -0.5056095 ]]","[[ 0.77067965  0.48262024  0.41608986]
 [-0.63721555  0.58684665  0.49956745]
 [-0.00307958 -0.6501453   0.7598038 ]]"
20200220-125152.133140,78,[2.078868   1.1178153  0.61472255],"[[ 0.6467316  -0.52883625  0.00429142]
 [-0.2057683  -0.42596704  0.86357784]
 [-0.65106577 -0.00750053 -0.0054835 ]
 [-0.3398699  -0.7340494  -0.50416774]]","[[ 0.76901746  0.48576772  0.4155023 ]
 [-0.6392217   0.5872953   0.49646768]
 [-0.00285458 -0.6473903   0.76215345]]"
20200220-125152.133140,79,[2.085757   1.1173861  0.61837363],"[[ 0.64721733 -0.5273662   0.00572244]
 [-0.20412283 -0.42465717  0.86433893]
 [-0.6515673  -0.00798219 -0.00348237]
 [-0.33897462 -0.73585856 -0.50286543]]","[[ 0.7674824   0.48856273  0.4150632 ]
 [-0.641064    0.5877538   0.493541  ]
 [-0.0028292  -0.6448661   0.7642905 ]]"
20200220-125152.133140,80,[2.0921931  1.1172664  0.62109864],"[[ 0.6484067  -0.5254694   0.00553285]
 [-0.20122784 -0.42478618  0.8647089 ]
 [-0.6517181  -0.00918596 -0.00090116]
 [-0.33814114 -0.73712564 -0.502242  ]]","[[ 0.7666999   0.49063674  0.4140614 ]
 [-0.64200497  0.58688784  0.49334803]
 [-0.00095289 -0.6440794   0.764958  ]]"
20200220-125152.133140,81,[2.097654  1.1170964 0.6238947],"[[ 0.6492441  -0.5239384   0.00556249]
 [-0.19879045 -0.4245244   0.8651883 ]
 [-0.6519362  -0.01002715  0.00134277]
 [-0.3375553  -0.7383543  -0.5014144 ]]","[[ 7.6596779e-01  4.9255970e-01  4.1313231e-01]
 [-6.4287883e-01  5.8648044e-01  4.9269411e-01]
 [ 3.8724457e-04 -6.4298195e-01  7.6588136e-01]]"
20200220-125152.133140,82,[2.1046169 1.1166775 0.627491 ],"[[ 0.6497002  -0.5224982   0.00693016]
 [-0.19714782 -0.42314318  0.86598355]
 [-0.6524211  -0.01046979  0.00326862]
 [-0.336704   -0.7401596  -0.50001407]]","[[ 7.6447350e-01  4.9530509e-01  4.1261768e-01]
 [-6.4465517e-01  5.8695215e-01  4.8980322e-01]
 [ 4.1519414e-04 -6.4043766e-01  7.6801026e-01]]"
20200220-125152.133140,83,[2.1100295  1.1163529  0.62887806],"[[ 0.6507403  -0.52058923  0.007523  ]
 [-0.19430539 -0.42173865  0.86711264]
 [-0.65262777 -0.01142107  0.00569901]
 [-0.33594555 -0.7422888  -0.4980224 ]]","[[ 0.76368654  0.49847233  0.41025382]
 [-0.6455837   0.58752716  0.48788682]
 [ 0.0021628  -0.63744575  0.77049214]]"
20200220-125152.133140,84,[2.1166809  1.116367   0.63290733],"[[ 0.6516449  -0.51914865  0.00661786]
 [-0.19182177 -0.42293507  0.86685103]
 [-0.6527467  -0.01242913  0.00798018]
 [-0.33538806 -0.74260074 -0.49845964]]","[[ 0.7630388   0.49915892  0.41062403]
 [-0.6463426   0.58571315  0.48906174]
 [ 0.00361166 -0.638577    0.76954955]]"
20200220-125152.133140,85,[2.12222   1.1161854 0.6354815],"[[ 0.65243244 -0.51767045  0.00651694]
 [-0.18937615 -0.4226186   0.8673582 ]
 [-0.6529362  -0.01321574  0.01012338]
 [-0.33487815 -0.743799   -0.4975391 ]]","[[ 0.7623677   0.5010055   0.40962073]
 [-0.64712524  0.58534515  0.48846716]
 [ 0.00495524 -0.6374675   0.7704614 ]]"
20200220-125152.133140,86,[2.1271732  1.1157867  0.63887995],"[[ 0.6542059  -0.51522934  0.00625705]
 [-0.18545835 -0.42147106  0.86862785]
 [-0.65269846 -0.01477731  0.01294764]
 [-0.3340729  -0.74611175 -0.4952566 ]]","[[ 0.76234156  0.5041305   0.40581742]
 [-0.64711833  0.5855041   0.4882856 ]
 [ 0.00855191 -0.6348523   0.7725862 ]]"
20200220-125152.133140,87,[2.1323862  1.1158593  0.64060104],"[[ 0.65565133 -0.5133487   0.00448603]
 [-0.18177305 -0.42265967  0.86867005]
 [-0.6525059  -0.01627362  0.01568341]
 [-0.3336408  -0.74670404 -0.49512246]]","[[ 0.76241225  0.50517803  0.40437958]
 [-0.646986    0.583816    0.49047735]
 [ 0.01169509 -0.6355738   0.7719516 ]]"
20200220-125152.133140,88,[2.1389995 1.1152114 0.644875 ],"[[ 0.6569747  -0.51105344  0.00562783]
 [-0.17870857 -0.42024562  0.870296  ]
 [-0.65254277 -0.01733645  0.01819058]
 [-0.3326189  -0.7496114  -0.49216115]]","[[ 0.7616141   0.50907815  0.40097827]
 [-0.64788234  0.5849172   0.48797575]
 [ 0.01387872 -0.6314359   0.77530384]]"
20200220-125152.133140,89,[2.1443613 1.115252  0.6466471],"[[ 0.6583675  -0.50920284  0.00388253]
 [-0.17506042 -0.42136896  0.8703349 ]
 [-0.65233725 -0.01878295  0.02091209]
 [-0.33220845 -0.75020564 -0.49200082]]","[[ 0.7616752   0.5101001   0.39956078]
 [-0.647737    0.5832771   0.49012718]
 [ 0.01695924 -0.6321282   0.7746784 ]]"
20200220-125152.133140,90,[2.1496105 1.1148244 0.6499726],"[[ 0.66001266 -0.50686175  0.00357015]
 [-0.17119578 -0.42003953  0.87163013]
 [-0.65205944 -0.02019977  0.02366942]
 [-0.33150283 -0.75249624 -0.4895795 ]]","[[ 0.761663    0.5130932   0.39573345]
 [-0.6476513   0.58355916  0.48990485]
 [ 0.02043295 -0.62943965  0.7767808 ]]"
20200220-125152.133140,91,[2.1566434  1.1144068  0.65258795],"[[ 0.6608597  -0.5052797   0.00332757]
 [-0.16863869 -0.41963932  0.872172  ]
 [-0.6521491  -0.02100044  0.02574423]
 [-0.33094898 -0.75376004 -0.48851028]]","[[ 0.7609738   0.514947    0.39464995]
 [-0.6484136   0.5831328   0.48940387]
 [ 0.02188369 -0.62831986  0.7776474 ]]"
20200220-125152.133140,92,[2.160515  1.1143909 0.6548661],"[[ 0.6629111  -0.502783    0.00140145]
 [-0.16375288 -0.41974443  0.87295496]
 [-0.6515437  -0.02293205  0.02902065]
 [-0.33049187 -0.7553133  -0.48693478]]","[[ 0.76173073  0.51696336  0.39053214]
 [-0.64733684  0.582285    0.49183264]
 [ 0.02685841 -0.6274498   0.77819365]]"
20200220-125152.133140,93,[2.1679    1.1138148 0.6585185],"[[ 0.6632636  -0.5013768   0.00269262]
 [-0.16202152 -0.4178571   0.87398   ]
 [-0.6520073  -0.02323522  0.03081293]
 [-0.32972297 -0.7572827  -0.48497662]]","[[ 0.76025593  0.51975584  0.3896984 ]
 [-0.64906776  0.5829375   0.48876882]
 [ 0.02687066 -0.62453014  0.7805384 ]]"
20200220-125152.133140,94,[2.1733508  1.1135825  0.66178674],"[[ 0.66489774 -0.49900985  0.00224357]
 [-0.15798485 -0.4166203   0.87515736]
 [-0.6516828  -0.02467285  0.0338153 ]
 [-0.3290309  -0.75947857 -0.4826499 ]]","[[ 0.760257    0.522578    0.38590363]
 [-0.64890814  0.58305335  0.4888425 ]
 [ 0.0304559  -0.6220619   0.7823755 ]]"
20200220-125152.133140,95,[2.1789913 1.113128  0.6648873],"[[ 0.6663631  -0.49682945  0.00183566]
 [-0.15420617 -0.41509497  0.87646693]
 [-0.65137    -0.02587843  0.03647815]
 [-0.32847857 -0.7617003  -0.4800746 ]]","[[ 0.76027125  0.5253608   0.382078  ]
 [-0.6487283   0.5834697   0.48858452]
 [ 0.0337523  -0.6193216   0.78441167]]"
20200220-125152.133140,96,[2.186321   1.1130162  0.66444564],"[[ 6.6707367e-01 -4.9543136e-01  6.1990018e-04]
 [-1.5154012e-01 -4.1602728e-01  8.7633067e-01]
 [-6.5147108e-01 -2.6750393e-02  3.8594928e-02]
 [-3.2807574e-01 -7.6207185e-01 -4.8016089e-01]]","[[ 0.7595922   0.52633476  0.3820882 ]
 [-0.6494525   0.5821109   0.4892427 ]
 [ 0.03508776 -0.619773    0.7839962 ]]"
20200220-125152.133140,97,[2.192333   1.1129506  0.66861963],"[[ 6.6769797e-01 -4.9418220e-01 -3.6570258e-04]
 [-1.4908120e-01 -4.1684222e-01  8.7617135e-01]
 [-6.5158272e-01 -2.7581429e-02  4.0712085e-02]
 [-3.2771099e-01 -7.6240790e-01 -4.8027730e-01]]","[[ 0.75899434  0.52696794  0.38240352]
 [-0.65008247  0.58055705  0.49025136]
 [ 0.0363397  -0.62069184  0.7832121 ]]"
20200220-125152.133140,98,[2.19655   1.1129986 0.6721627],"[[ 0.66948014 -0.49209577 -0.00310311]
 [-0.14450222 -0.4180623   0.8762831 ]
 [-0.6508808  -0.02939513  0.04369808]
 [-0.3275201  -0.7630212  -0.47980112]]","[[ 0.7598757   0.52766293  0.37968495]
 [-0.648777    0.57877177  0.49407658]
 [ 0.04095499 -0.6217677   0.7821303 ]]"
20200220-125152.133140,99,[2.2040899  1.112224   0.67420334],"[[ 0.6696091  -0.49083045 -0.00098105]
 [-0.14306343 -0.41450614  0.8780723 ]
 [-0.65136814 -0.02919428  0.04523126]
 [-0.326919   -0.76577896 -0.4763845 ]]","[[ 0.75845134  0.5312832   0.37747803]
 [-0.6504598   0.58093864  0.48929763]
 [ 0.040664   -0.6166427   0.7861921 ]]"
20200220-125152.133140,100,[2.2114367 1.1112962 0.6768463],"[[ 0.6706427  -0.48865095  0.00092164]
 [-0.14010747 -0.40982065  0.88067186]
 [-0.6513535  -0.02962376  0.0474968 ]
 [-0.3261089  -0.7696686  -0.471339  ]]","[[ 0.75766945  0.53604776  0.37227654]
 [-0.6512488   0.5837852   0.48483995]
 [ 0.04256781 -0.60979307  0.7914168 ]]"
20200220-125152.133140,101,[2.2175217  1.1110471  0.67932856],"[[ 6.7110503e-01 -4.8748222e-01  6.5402477e-04]
 [-1.3787621e-01 -4.0918866e-01  8.8119227e-01]
 [-6.5147632e-01 -3.0057866e-02  4.9358316e-02]
 [-3.2586345e-01 -7.7072847e-01 -4.7017357e-01]]","[[ 0.75710386  0.537505    0.37132484]
 [-0.65183824  0.583595    0.48427653]
 [ 0.04359771 -0.6086914   0.7922083 ]]"
20200220-125152.133140,102,[2.2249982  1.1101757  0.68179274],"[[ 0.672062   -0.48537785  0.0025192 ]
 [-0.1349784  -0.40439016  0.88379526]
 [-0.65146625 -0.03037758  0.05155756]
 [-0.3251238  -0.774567   -0.46501753]]","[[ 0.7563463   0.5421559   0.36607018]
 [-0.6525924   0.5864633   0.47977492]
 [ 0.04542613 -0.6017705   0.7973761 ]]"
20200220-125152.133140,103,[2.2310917 1.1100228 0.6818247],"[[ 0.67333394 -0.483454    0.00101324]
 [-0.13111405 -0.40426973  0.8843397 ]
 [-0.6511175  -0.03158921  0.05424953]
 [-0.32477126 -0.7757837  -0.46367994]]","[[ 0.7563998   0.54385924  0.36342314]
 [-0.65230477  0.58592993  0.4808166 ]
 [ 0.0485561  -0.60075223  0.7979594 ]]"
20200220-125152.133140,104,[2.2404218  1.1094633  0.68472075],"[[ 0.67279416 -0.48292258  0.00232503]
 [-0.130821   -0.40324348  0.8846544 ]
 [-0.65199363 -0.0311665   0.05514036]
 [-0.32425073 -0.7766654  -0.46296963]]","[[ 0.754357    0.5454383   0.36529818]
 [-0.65481645  0.5857936   0.47755778]
 [ 0.04648895 -0.59945214  0.79905957]]"
20200220-125152.133140,105,[2.2481475  1.1091201  0.68680006],"[[ 0.67267936 -0.48228112  0.00206042]
 [-0.1295806  -0.40386438  0.88434947]
 [-0.6524762  -0.03128472  0.05660434]
 [-0.32401592 -0.7767367  -0.46337694]]","[[ 0.75317645  0.5459327   0.36699182]
 [-0.6562122   0.5845784   0.47713086]
 [ 0.04594585 -0.60018814  0.79853827]]"
20200220-125152.133140,106,[2.2542698  1.1089536  0.68673915],"[[ 6.7393953e-01 -4.8037264e-01  5.0651387e-04]
 [-1.2569521e-01 -4.0369031e-01  8.8490999e-01]
 [-6.5209544e-01 -3.2479037e-02  5.9271947e-02]
 [-3.2369399e-01 -7.7795947e-01 -4.6197516e-01]]","[[ 0.75328475  0.5476175   0.3642489 ]
 [-0.6558581   0.5840999   0.4782024 ]
 [ 0.04911423 -0.59911823  0.7991528 ]]"
20200220-125152.133140,107,[2.2618594  1.1081852  0.69061625],"[[ 0.6747081  -0.4786613   0.00164512]
 [-0.12310381 -0.39999205  0.88691306]
 [-0.65204316 -0.0327152   0.06120018]
 [-0.32319298 -0.78090936 -0.45786119]]","[[ 0.7527014   0.55102855  0.3602889 ]
 [-0.65640867  0.585995    0.47511837]
 [ 0.05067634 -0.594119    0.80277914]]"
20200220-125152.133140,108,[2.26956   1.1074263 0.6929648],"[[ 0.6755758  -0.47666162  0.00345801]
 [-0.12025364 -0.39490864  0.88954484]
 [-0.65199316 -0.03285641  0.06333796]
 [-0.32255414 -0.78470457 -0.45242262]]","[[ 0.75201815  0.55549043  0.3548227 ]
 [-0.6570535   0.58892953  0.47057703]
 [ 0.05243545 -0.5870199   0.8078727 ]]"
20200220-125152.133140,109,[2.2775536  1.107178   0.69485396],"[[ 0.6755257  -0.47591686  0.00293934]
 [-0.11880735 -0.39566845  0.8892245 ]
 [-0.6524626  -0.03310376  0.0647833 ]
 [-0.32224587 -0.7847637  -0.45285153]]","[[ 0.7507803   0.55605924  0.35654896]
 [-0.6584996   0.5875321   0.47030246]
 [ 0.05203206 -0.58788115  0.8072723 ]]"
20200220-125152.133140,110,[2.2836874 1.1069864 0.6981052],"[[ 6.76604390e-01 -4.74527359e-01  7.30365136e-05]
 [-1.15242764e-01 -3.98067921e-01  8.88486028e-01]
 [-6.52006686e-01 -3.44787538e-02  6.73545748e-02]
 [-3.22200716e-01 -7.84332216e-01 -4.53933775e-01]]","[[ 0.7511363   0.55554795  0.35659605]
 [-0.65785486  0.5849489   0.47440687]
 [ 0.05496529 -0.5909326   0.80484617]]"
20200220-125152.133140,111,[2.2899776 1.1067185 0.7003677],"[[ 6.7696750e-01 -4.7348943e-01 -3.5358046e-04]
 [-1.1305348e-01 -3.9732212e-01  8.8901907e-01]
 [-6.5207446e-01 -3.4788478e-02  6.9064982e-02]
 [-3.2207584e-01 -7.8532350e-01 -4.5263141e-01]]","[[ 0.750682    0.5568401   0.3555359 ]
 [-0.65828794  0.5848389   0.47394153]
 [ 0.05597841 -0.5898243   0.80558914]]"
20200220-125152.133140,112,[2.2963624 1.1064205 0.7010824],"[[ 6.7742914e-01 -4.7216693e-01 -1.0769903e-04]
 [-1.1059689e-01 -3.9522010e-01  8.9018404e-01]
 [-6.5214378e-01 -3.4999911e-02  7.1002990e-02]
 [-3.2181737e-01 -7.8716874e-01 -4.5003408e-01]]","[[ 0.7501223   0.55921453  0.35298124]
 [-0.6588219   0.58579135  0.47201934]
 [ 0.05718667 -0.58662397  0.8078379 ]]"
20200220-125152.133140,113,[2.3026793 1.1061566 0.7034528],"[[ 6.77787364e-01 -4.71140802e-01 -5.21000300e-04]
 [-1.08414955e-01 -3.94418836e-01  8.90727341e-01]
 [-6.52196407e-01 -3.52942310e-02  7.27078617e-02]
 [-3.21698487e-01 -7.88171589e-01 -4.48684424e-01]]","[[ 0.74968064  0.56048983  0.35189492]
 [-0.6592357   0.5856983   0.47155666]
 [ 0.05819845 -0.58549863  0.8085816 ]]"
20200220-125152.133140,114,[2.310559   1.1056839  0.70574224],"[[ 0.67834777 -0.4698987  -0.00116912]
 [-0.10596081 -0.39370814  0.8912857 ]
 [-0.6521288  -0.03575288  0.07445756]
 [-0.32147294 -0.7892473  -0.44728592]]","[[ 0.74924284  0.5618495   0.35065728]
 [-0.6596167   0.5854668   0.47131163]
 [ 0.05950798 -0.5844261   0.8092621 ]]"
20200220-125152.133140,115,[2.318153  1.1053749 0.7126842],"[[ 0.6790675  -0.468575   -0.00162653]
 [-0.1034023  -0.39290196  0.8918205 ]
 [-0.6519398  -0.03637144  0.07650929]
 [-0.32117024 -0.79040664 -0.44587016]]","[[ 0.74896955  0.562933    0.34950143]
 [-0.6597752   0.58489645  0.4717976 ]
 [ 0.06116827 -0.58395433  0.80947876]]"
