Timestamp,Epoch,s,u,v
20200220-163925.612509,0,[0.03031114 0.0164183  0.00132304],"[[-0.3060776   0.43896878 -0.5053647 ]
 [ 0.77999806 -0.05182076 -0.6190046 ]
 [ 0.35389742  0.84553206  0.38730213]
 [-0.41554326  0.29949442 -0.45982268]]","[[ 0.59266007  0.79393595  0.13571975]
 [ 0.74815613 -0.48021305 -0.45788398]
 [ 0.29835615 -0.3729091   0.87859106]]"
20200220-163925.612509,1,[0.03991433 0.01642769 0.0022934 ],"[[-0.36252508  0.44237053 -0.5197726 ]
 [ 0.71635455 -0.05330934 -0.68604016]
 [ 0.3966493   0.8419648   0.35980153]
 [-0.44506374  0.30423957 -0.36017844]]","[[ 0.5976381   0.7974885   0.08270916]
 [ 0.709701   -0.47819424 -0.51735365]
 [ 0.37303263 -0.36788902  0.8517655 ]]"
20200220-163925.612509,2,[0.04987139 0.01644041 0.00286346],"[[-0.39476413  0.44366026 -0.5103496 ]
 [ 0.67505336 -0.05387418 -0.72463316]
 [ 0.42008042  0.8401813   0.33854753]
 [-0.4604312   0.30717865 -0.31596744]]","[[ 0.59785694  0.7999989   0.05068538]
 [ 0.6840806  -0.47622463 -0.5524889 ]
 [ 0.41785285 -0.36498213  0.8319777 ]]"
20200220-163925.612509,3,[0.0598931  0.0164529  0.00324394],"[[-0.41453892  0.44481936 -0.5015956 ]
 [ 0.6463114  -0.05597079 -0.7490062 ]
 [ 0.43668967  0.83825785  0.32290643]
 [-0.46876597  0.31036603 -0.28831083]]","[[ 0.59738773  0.8014293   0.0289683 ]
 [ 0.6661616  -0.4757995  -0.57432026]
 [ 0.44649395 -0.36238945  0.8181181 ]]"
20200220-163925.612509,4,[0.06993795 0.01646653 0.00351045],"[[-0.42754158  0.44528317 -0.49479246]
 [ 0.62602675 -0.05779282 -0.7650881 ]
 [ 0.44795418  0.8369129   0.31137434]
 [-0.47395745  0.3129853  -0.26993927]]","[[ 0.5964585   0.8025255   0.01379138]
 [ 0.65328956 -0.47541645 -0.5892301 ]
 [ 0.46631548 -0.3604609   0.8078477 ]]"
20200220-163925.612509,5,[0.07961769 0.01648118 0.00370287],"[[-0.43610492  0.44500142 -0.4889927 ]
 [ 0.6115442  -0.05907311 -0.7761591 ]
 [ 0.45533186  0.83622384  0.3027486 ]
 [-0.4780153   0.314982   -0.25846946]]","[[ 0.59539604  0.8034259   0.00320894]
 [ 0.6440168  -0.47486687 -0.5997865 ]
 [ 0.48036024 -0.35917714  0.8001537 ]]"
20200220-163925.612509,6,[0.08946661 0.01649623 0.00386497],"[[-0.44336066  0.44469154 -0.48568305]
 [ 0.5996628  -0.06053311 -0.78463763]
 [ 0.4616113   0.8355492   0.29545054]
 [-0.48036584  0.3169268  -0.24731538]]","[[ 0.59444     0.8041229  -0.00524579]
 [ 0.63658845 -0.47455743 -0.60790664]
 [ 0.49132118 -0.35802454  0.79399115]]"
20200220-163925.612509,7,[0.09939478 0.01651094 0.0039948 ],"[[-0.44829157  0.44452998 -0.48340222]
 [ 0.5904375  -0.06263607 -0.7909076 ]
 [ 0.46728268  0.8346315   0.28942126]
 [-0.4817312   0.31915548 -0.23879462]]","[[ 0.59368724  0.80459976 -0.01243485]
 [ 0.6305358  -0.47474107 -0.61404026]
 [ 0.49996    -0.35670733  0.78917664]]"
20200220-163925.612509,8,[0.10865338 0.01652626 0.00410425],"[[-0.45243794  0.44403893 -0.48210862]
 [ 0.58295214 -0.06441018 -0.795757  ]
 [ 0.47169396  0.8340324   0.284279  ]
 [-0.48267153  0.3210465  -0.23136114]]","[[ 0.59300953  0.80499643 -0.01790996]
 [ 0.6259128  -0.47485003 -0.6186687 ]
 [ 0.50653046 -0.35566625  0.785448  ]]"
20200220-163925.612509,9,[0.11792962 0.01654243 0.00419742],"[[-0.4559257   0.443145   -0.4812642 ]
 [ 0.57692397 -0.06570288 -0.7995453 ]
 [ 0.47481412  0.8338329   0.2799167 ]
 [-0.48357236  0.32253462 -0.22529773]]","[[ 0.5923131   0.80540115 -0.02223025]
 [ 0.6220715  -0.47467414 -0.62266487]
 [ 0.5120471  -0.3549837   0.78217286]]"
20200220-163925.612509,10,[0.12730312 0.01655839 0.00427755],"[[-0.4583158   0.442383   -0.4807847 ]
 [ 0.57199895 -0.06741958 -0.80250454]
 [ 0.4778938   0.8334354   0.27606606]
 [-0.4841293   0.3242492  -0.22049947]]","[[ 0.5917448   0.8056987  -0.02622199]
 [ 0.6187347  -0.47479916 -0.62588596]
 [ 0.5167256  -0.35414028  0.77947366]]"
20200220-163925.612509,11,[0.13630816 0.01657461 0.0043504 ],"[[-0.46047843  0.44150946 -0.48080945]
 [ 0.56772244 -0.06906237 -0.8049378 ]
 [ 0.48056647  0.8331385   0.27252713]
 [-0.4844652   0.32585308 -0.2159317 ]]","[[ 0.5912462   0.8059483  -0.02958593]
 [ 0.6159677  -0.47494772 -0.62849694]
 [ 0.52058774 -0.35337242  0.77724916]]"
20200220-163925.612509,12,[0.1452224  0.01659102 0.00441223],"[[-0.4619804   0.44044223 -0.48097143]
 [ 0.5644009  -0.07058471 -0.8067553 ]
 [ 0.4826153   0.83300394  0.26947972]
 [-0.4848793   0.3273115  -0.21258666]]","[[ 0.59077716  0.8061824  -0.03244059]
 [ 0.61359423 -0.47502837 -0.63075364]
 [ 0.52391267 -0.35272944  0.77530473]]"
20200220-163925.612509,13,[0.15393505 0.01660757 0.00447377],"[[-0.46368188  0.43950412 -0.48182172]
 [ 0.5611486  -0.07230759 -0.8083611 ]
 [ 0.4848953   0.8327357   0.2664075 ]
 [-0.48475558  0.3288755  -0.20839168]]","[[ 0.5903907   0.80635256 -0.03513666]
 [ 0.6115163  -0.47530052 -0.632564  ]
 [ 0.52677006 -0.35197324  0.7737106 ]]"
20200220-163925.612509,14,[0.16271466 0.01662392 0.00452614],"[[-0.4644576   0.43858352 -0.48255157]
 [ 0.558651   -0.07425785 -0.80951893]
 [ 0.48705882  0.8323826   0.26370054]
 [-0.48472872  0.33055922 -0.20563254]]","[[ 0.59005696  0.8064794  -0.03773369]
 [ 0.60964787 -0.47571233 -0.63405615]
 [ 0.5293036  -0.35112497  0.77236587]]"
20200220-163925.612509,15,[0.1721849  0.01664107 0.00457762],"[[-0.46549356  0.43750522 -0.48363864]
 [ 0.55640644 -0.07591587 -0.8104644 ]
 [ 0.48880318  0.8322125   0.26115137]
 [-0.4845609   0.33203703 -0.20258622]]","[[ 0.58968544  0.8066415  -0.04000562]
 [ 0.60786694 -0.4758976  -0.6356251 ]
 [ 0.5317603  -0.35050073  0.77096057]]"
20200220-163925.612509,16,[0.18065274 0.0166584  0.00462579],"[[-0.46643788  0.43628174 -0.48472586]
 [ 0.5543411  -0.07746533 -0.81129634]
 [ 0.4902665   0.83216876  0.2586643 ]
 [-0.48454162  0.33339545 -0.19983   ]]","[[ 0.58937544  0.8067705  -0.04192797]
 [ 0.6064409  -0.47612286 -0.6368174 ]
 [ 0.5337284  -0.34989768  0.76987374]]"
20200220-163925.612509,17,[0.1891709  0.0166757  0.00467151],"[[-0.4671272   0.43516815 -0.48601606]
 [ 0.5524986  -0.07925322 -0.8119332 ]
 [ 0.49191287  0.83198035  0.25624853]
 [-0.4843135   0.3348979  -0.19720425]]","[[ 0.58911157  0.80685884 -0.04388941]
 [ 0.60512304 -0.4765107  -0.63778013]
 [ 0.5355124  -0.3491652   0.7689669 ]]"
20200220-163925.612509,18,[0.19789709 0.0166935  0.00471355],"[[-0.46775204  0.43385383 -0.48741716]
 [ 0.5510513  -0.08078751 -0.8123327 ]
 [ 0.4930729   0.83199495  0.2540572 ]
 [-0.48417935  0.33619758 -0.19492355]]","[[ 0.588831    0.8069717  -0.04555126]
 [ 0.603913   -0.4767199  -0.6387702 ]
 [ 0.5371846  -0.3486187   0.768048  ]]"
20200220-163925.612509,19,[0.20578223 0.01671103 0.00475707],"[[-0.46843967  0.43272537 -0.4889782 ]
 [ 0.5493536  -0.08265877 -0.81280136]
 [ 0.49470636  0.8317868   0.2516373 ]
 [-0.4837775   0.3377084  -0.19217919]]","[[ 0.5886334   0.8070131  -0.04733302]
 [ 0.6028838  -0.4772414  -0.63935244]
 [ 0.5385552  -0.347808    0.76745546]]"
20200220-163925.612509,20,[0.2139596  0.01672892 0.00479657],"[[-0.4688942   0.43149525 -0.4906243 ]
 [ 0.5480625  -0.08444685 -0.81302327]
 [ 0.49605885  0.8316635   0.24943745]
 [-0.48341644  0.33914083 -0.18990056]]","[[ 0.58842874  0.8070645  -0.04897444]
 [ 0.60190946 -0.47768372 -0.63993996]
 [ 0.5398671  -0.34708092  0.76686263]]"
20200220-163925.612509,21,[0.22270742 0.01674716 0.00483352],"[[-0.46912694  0.43016198 -0.49221173]
 [ 0.5470839  -0.08612402 -0.81308556]
 [ 0.49714348  0.8316292   0.2474268 ]
 [-0.48318458  0.34049374 -0.18814674]]","[[ 0.5882086   0.8071326  -0.05047406]
 [ 0.60095704 -0.4780146  -0.64058787]
 [ 0.54116666 -0.3464665   0.76622427]]"
20200220-163925.612509,22,[0.22989565 0.01676543 0.00487205],"[[-0.46971232  0.42879578 -0.4939042 ]
 [ 0.5457854  -0.08780877 -0.813285  ]
 [ 0.49829674  0.83161956  0.24515979]
 [-0.4828966   0.34180796 -0.18580352]]","[[ 0.58804774  0.8071598  -0.05189537]
 [ 0.6002257  -0.47849488 -0.6409149 ]
 [ 0.5421523  -0.34573954  0.7658557 ]]"
20200220-163925.612509,23,[0.23885821 0.01678398 0.00490653],"[[-0.46975642  0.42751938 -0.49573764]
 [ 0.5450643  -0.08966459 -0.81312567]
 [ 0.49947706  0.83148223  0.24322785]
 [-0.4824481   0.3432562  -0.1841504 ]]","[[ 0.58786047  0.807198   -0.05339976]
 [ 0.5993737  -0.47893795 -0.6413811 ]
 [ 0.54329664 -0.34503618  0.76536185]]"
20200220-163925.612509,24,[0.24735333 0.01680267 0.0049402 ],"[[-0.46974483  0.42618123 -0.4974907 ]
 [ 0.54435384 -0.09149708 -0.81296873]
 [ 0.5005815   0.83138376  0.24128188]
 [-0.48211655  0.34467196 -0.18266912]]","[[ 0.5876948   0.80722255 -0.05483172]
 [ 0.59862536 -0.47941637 -0.64172226]
 [ 0.5443     -0.34431323  0.7649745 ]]"
20200220-163925.612509,25,[0.2544793  0.01682171 0.00497246],"[[-0.46995926  0.4245881  -0.49920154]
 [ 0.5436202  -0.09303243 -0.8128444 ]
 [ 0.5012529   0.8315483   0.23929484]
 [-0.4820381   0.34582862 -0.18116213]]","[[ 0.58754575  0.807251   -0.05599947]
 [ 0.59805334 -0.4798172  -0.64195615]
 [ 0.54508924 -0.34368792  0.76469374]]"
20200220-163925.612509,26,[0.26196048 0.01684089 0.0050064 ],"[[-0.47029886  0.4230723  -0.5010691 ]
 [ 0.5428136  -0.09466851 -0.8127091 ]
 [ 0.50209     0.8316245   0.23722848]
 [-0.48174495  0.34705648 -0.17932142]]","[[ 0.58740383  0.80726886 -0.05721789]
 [ 0.5974784  -0.48026603 -0.6421559 ]
 [ 0.5458722  -0.34301838  0.76443577]]"
20200220-163925.612509,27,[0.26928136 0.01686017 0.00503604],"[[-0.47031236  0.42138413 -0.50278085]
 [ 0.5423503  -0.09617341 -0.8124305 ]
 [ 0.5025766   0.8318475   0.23536481]
 [-0.48174652  0.34816095 -0.17824529]]","[[ 0.5872593   0.80729765 -0.05828673]
 [ 0.59696084 -0.4806308  -0.64236426]
 [ 0.5465936  -0.34243956  0.76417977]]"
20200220-163925.612509,28,[0.2766202  0.01687962 0.00506603],"[[-0.4703608   0.41971755 -0.5045768 ]
 [ 0.5418756  -0.09773448 -0.81212723]
 [ 0.5031279   0.83203274  0.23346345]
 [-0.48165718  0.3492946  -0.1770487 ]]","[[ 0.5871251   0.8073157  -0.05937434]
 [ 0.59646696 -0.4810383  -0.64251804]
 [ 0.5472763  -0.34182364  0.7639668 ]]"
20200220-163925.612509,29,[0.28260502 0.01689944 0.00509616],"[[-0.47065672  0.41795096 -0.50641733]
 [ 0.5412337  -0.09920643 -0.8118965 ]
 [ 0.5035765   0.83231163  0.23141402]
 [-0.48162103  0.35033184 -0.17553687]]","[[ 0.58701754  0.8073173  -0.06040938]
 [ 0.5960901  -0.48150754 -0.6425163 ]
 [ 0.5478021  -0.34115887  0.76388717]]"
20200220-163925.612509,30,[0.29022247 0.01691925 0.00512476],"[[-0.47051984  0.41631973 -0.50830054]
 [ 0.5409187  -0.10090528 -0.8114641 ]
 [ 0.504217    0.83241254  0.22955933]
 [-0.4814388   0.35154685 -0.17452465]]","[[ 0.58689773  0.8073179  -0.06155261]
 [ 0.5956206  -0.4819926  -0.64258796]
 [ 0.54844075 -0.34047145  0.7637355 ]]"
20200220-163925.612509,31,[0.2973211  0.01693923 0.00515295],"[[-0.47042435  0.41465324 -0.510219  ]
 [ 0.54057866 -0.10261253 -0.8110268 ]
 [ 0.5048413   0.8325288   0.22765252]
 [-0.48125958  0.35274488 -0.1734533 ]]","[[ 0.58679295  0.80730647 -0.06269429]
 [ 0.59520656 -0.4825286  -0.6425694 ]
 [ 0.54900223 -0.33973917  0.7636582 ]]"
20200220-163925.612509,32,[0.30319238 0.01695971 0.00518222],"[[-0.47069228  0.41280124 -0.512073  ]
 [ 0.5400193  -0.10406979 -0.8107277 ]
 [ 0.50518817  0.8328457   0.22559114]
 [-0.48126158  0.3537406  -0.17207654]]","[[ 0.5866967   0.8072987  -0.06368576]
 [ 0.59488994 -0.48301554 -0.64249665]
 [ 0.549448   -0.33906457  0.7636375 ]]"
20200220-163925.612509,33,[0.309062   0.01698015 0.00520917],"[[-0.47073424  0.41095304 -0.5139707 ]
 [ 0.53964925 -0.10562828 -0.81030554]
 [ 0.50555736  0.8331207   0.22360781]
 [-0.48124856  0.35478228 -0.17099406]]","[[ 0.5866085   0.8072805  -0.06472128]
 [ 0.59458566 -0.48355463 -0.64237285]
 [ 0.54987127 -0.33833897  0.76365453]]"
20200220-163925.612509,34,[0.31592715 0.01700085 0.0052357 ],"[[-0.47064668  0.40913078 -0.51594216]
 [ 0.5394643  -0.10722288 -0.8097617 ]
 [ 0.50593066  0.8333552   0.22173439]
 [-0.4811492   0.3558581  -0.17006977]]","[[ 0.586509    0.80727017 -0.06574485]
 [ 0.5942405  -0.48404688 -0.64232165]
 [ 0.55035055 -0.33765912  0.7636103 ]]"
20200220-163925.612509,35,[0.3225805  0.0170217  0.00526245],"[[-0.47053695  0.40735617 -0.5179339 ]
 [ 0.53922    -0.10893781 -0.8092246 ]
 [ 0.5064513   0.8335097   0.21978872]
 [-0.48098198  0.35700828 -0.16909306]]","[[ 0.5864241   0.8072401  -0.06685948]
 [ 0.5939157  -0.48464125 -0.64217365]
 [ 0.5507912  -0.3368772   0.7636379 ]]"
20200220-163925.612509,36,[0.3277519  0.01704299 0.00528977],"[[-0.47069016  0.40546653 -0.5198782 ]
 [ 0.53874975 -0.11053691 -0.808812  ]
 [ 0.5068533   0.83377326  0.21766725]
 [-0.480936    0.3580515  -0.16784014]]","[[ 0.5863577   0.8071981  -0.06794164]
 [ 0.5936797  -0.4852847  -0.64190596]
 [ 0.5511163  -0.3360509   0.7637673 ]]"
20200220-163925.612509,37,[0.33277035 0.01706437 0.00531402],"[[-0.47061348  0.40343463 -0.52170795]
 [ 0.5385175  -0.11202678 -0.8083095 ]
 [ 0.50698954  0.83415735  0.21569258]
 [-0.48112777  0.3589879  -0.1671328 ]]","[[ 0.586286    0.80716705 -0.06892072]
 [ 0.5934679  -0.48585504 -0.6416703 ]
 [ 0.5514207  -0.33530012  0.7638777 ]]"
20200220-163925.612509,38,[0.33924893 0.01708617 0.00534197],"[[-0.470732    0.4016151  -0.52383995]
 [ 0.53819793 -0.11372859 -0.8077518 ]
 [ 0.50749594  0.8343218   0.21362185]
 [-0.48083556  0.36010933 -0.16581538]]","[[ 0.58620995  0.8071271  -0.07002922]
 [ 0.593182   -0.48647895 -0.6414621 ]
 [ 0.5518091  -0.33449137  0.7639519 ]]"
20200220-163925.612509,39,[0.34554908 0.01710797 0.00536801],"[[-0.4706163   0.3997413  -0.5258379 ]
 [ 0.53799254 -0.11545033 -0.80715966]
 [ 0.50794166  0.83450323  0.2116155 ]
 [-0.4807069   0.36122364 -0.16494368]]","[[ 0.5861385   0.8070817  -0.07113995]
 [ 0.5929177  -0.48712298 -0.64121747]
 [ 0.55216885 -0.33366206  0.7640545 ]]"
20200220-163925.612509,40,[0.3503205  0.01713004 0.00539299],"[[-0.47065252  0.39769387 -0.527755  ]
 [ 0.5376919  -0.1170107  -0.80663997]
 [ 0.50814646  0.8348488   0.20951438]
 [-0.480792    0.36218175 -0.16404307]]","[[ 0.58607894  0.80703294 -0.07217533]
 [ 0.59273607 -0.48777032 -0.64089316]
 [ 0.552427   -0.3328331   0.7642294 ]]"
20200220-163925.612509,41,[0.35711864 0.01715252 0.00541886],"[[-0.4704468   0.3959031  -0.52990484]
 [ 0.5375708  -0.11890021 -0.8059334 ]
 [ 0.50877666  0.83489674  0.20750992]
 [-0.4804619   0.3634156  -0.16313037]]","[[ 0.5860151   0.80696905 -0.07339761]
 [ 0.59246165 -0.48850557 -0.6405868 ]
 [ 0.552789   -0.3319083   0.7643699 ]]"
20200220-163925.612509,42,[0.3626837  0.01717532 0.00544437],"[[-0.47049388  0.3938936  -0.5319868 ]
 [ 0.5373609  -0.12052438 -0.80530274]
 [ 0.50904876  0.8351753   0.20542292]
 [-0.4803627   0.36442316 -0.16210958]]","[[ 0.5859523   0.806917   -0.07446376]
 [ 0.5922571  -0.48916024 -0.6402764 ]
 [ 0.55307466 -0.33106977  0.7645269 ]]"
20200220-163925.612509,43,[0.36764216 0.01719816 0.00546771],"[[-0.4704573   0.39168602 -0.53390414]
 [ 0.5372623  -0.12195837 -0.8046694 ]
 [ 0.5089862   0.8356401   0.20340465]
 [-0.48057476  0.36525872 -0.16149251]]","[[ 0.5858855   0.8068797  -0.07538813]
 [ 0.5920933  -0.48972258 -0.639998  ]
 [ 0.55332065 -0.3303288   0.7646693 ]]"
20200220-163925.612509,44,[0.37366912 0.01722142 0.00549334],"[[-0.47038937  0.3897488  -0.5360358 ]
 [ 0.53709453 -0.12375114 -0.8039725 ]
 [ 0.50944394  0.835791    0.20129977]
 [-0.48034373  0.36638114 -0.16053653]]","[[ 0.58582944  0.80680984 -0.07656144]
 [ 0.5918771  -0.4904626  -0.6396311 ]
 [ 0.5536112  -0.3293997   0.7648597 ]]"
20200220-163925.612509,45,[0.37842476 0.01724476 0.00551733],"[[-0.4704636   0.3875422  -0.53803945]
 [ 0.53693175 -0.12524474 -0.8033267 ]
 [ 0.5094492   0.8362182   0.19917484]
 [-0.4804468   0.36723775 -0.15971425]]","[[ 0.5857706   0.8067587  -0.07754299]
 [ 0.5917285  -0.49108794 -0.6392885 ]
 [ 0.5538322  -0.32859206  0.7650471 ]]"
20200220-163925.612509,46,[0.3843447  0.01726835 0.00554073],"[[-0.47028425  0.38541856 -0.5401073 ]
 [ 0.5369693  -0.12687524 -0.80254495]
 [ 0.50958663  0.8365283   0.19717593]
 [-0.48043564  0.3682059  -0.1591469 ]]","[[ 0.5857075   0.80670464 -0.07857633]
 [ 0.5915383  -0.4917248  -0.6389751 ]
 [ 0.5541022  -0.32777157  0.76520365]]"
20200220-163925.612509,47,[0.39142033 0.01729218 0.00556595],"[[-0.47004908  0.38347113 -0.54228014]
 [ 0.5369936  -0.12873678 -0.80171186]
 [ 0.5100553   0.836629    0.1951472 ]
 [-0.48014072  0.36936238 -0.15845376]]","[[ 0.5856463   0.8066349  -0.07974063]
 [ 0.591304   -0.4924416  -0.63863975]
 [ 0.5544167  -0.32686603  0.76536304]]"
20200220-163925.612509,48,[0.39650065 0.01731629 0.00559042],"[[-0.47005847  0.3813109  -0.5443317 ]
 [ 0.53683543 -0.13039145 -0.8010104 ]
 [ 0.51023495  0.8369368   0.19295856]
 [-0.48011786  0.37031993 -0.15764639]]","[[ 0.58559614  0.80656236 -0.08083516]
 [ 0.5911534  -0.49316433 -0.63822156]
 [ 0.55463046 -0.32595405  0.76559716]]"
20200220-163925.612509,49,[0.40020302 0.01734095 0.00561592],"[[-0.47035548  0.37903875 -0.5462999 ]
 [ 0.53642887 -0.13192102 -0.80045414]
 [ 0.51029104  0.83735245  0.19057804]
 [-0.480222    0.3711706  -0.15655547]]","[[ 0.58555496  0.806483   -0.08191798]
 [ 0.5910544  -0.49391788 -0.6377302 ]
 [ 0.55477923 -0.3250081   0.7658915 ]]"
20200220-163925.612509,50,[0.40519327 0.01736564 0.0056386 ],"[[-0.47022256  0.37678248 -0.5483049 ]
 [ 0.5364163  -0.13352518 -0.7996808 ]
 [ 0.5103296   0.83771676  0.18846314]
 [-0.48032492  0.37207124 -0.15605724]]","[[ 0.58550376  0.8064123  -0.08297496]
 [ 0.59091777 -0.49461767 -0.6373145 ]
 [ 0.5549791  -0.3241186   0.7661236 ]]"
20200220-163925.612509,51,[0.40958712 0.01739061 0.00566209],"[[-0.4702925   0.37447104 -0.5503324 ]
 [ 0.5362847  -0.13508031 -0.79895645]
 [ 0.51031476  0.8381278   0.18622534]
 [-0.4804194   0.3729168  -0.155317  ]]","[[ 0.58545655  0.80633795 -0.08402403]
 [ 0.59080464 -0.4953289  -0.63686687]
 [ 0.5551494  -0.32321605  0.7663815 ]]"
20200220-163925.612509,52,[0.4143868  0.0174161  0.00568688],"[[-0.470365    0.37226304 -0.55241346]
 [ 0.53608465 -0.13678338 -0.79822403]
 [ 0.5105218   0.8384035   0.18392184]
 [-0.48035145  0.3738854  -0.15443605]]","[[ 0.58541465  0.8062459  -0.08519109]
 [ 0.5906745  -0.49612924 -0.63636434]
 [ 0.5553319  -0.32221678  0.7666701 ]]"
20200220-163925.612509,53,[0.421228   0.01744159 0.00571111],"[[-0.47004184  0.37025416 -0.5546395 ]
 [ 0.5361735  -0.13878788 -0.7972732 ]
 [ 0.5110641   0.8384258   0.1817993 ]
 [-0.4799919   0.37508965 -0.15388143]]","[[ 0.58536893  0.8061422  -0.08647626]
 [ 0.59047735 -0.49697936 -0.6358838 ]
 [ 0.55558956 -0.32116428  0.76692486]]"
20200220-163925.612509,54,[0.42727566 0.01746765 0.00573653],"[[-0.47003365  0.3681247  -0.5568431 ]
 [ 0.5360948  -0.14062208 -0.7964168 ]
 [ 0.51141816  0.8385793   0.17953247]
 [-0.47971094  0.37615767 -0.15301663]]","[[ 0.58532315  0.8060447  -0.08768582]
 [ 0.59031415 -0.4977891  -0.63540167]
 [ 0.5558112  -0.32015315  0.767187  ]]"
20200220-163925.612509,55,[0.4318642  0.01749376 0.00575931],"[[-0.4699476   0.36577025 -0.5588252 ]
 [ 0.5360393  -0.14226104 -0.7956223 ]
 [ 0.5114402   0.8389372   0.17728466]
 [-0.47983348  0.37703893 -0.15254389]]","[[ 0.58528036  0.80595344 -0.08880265]
 [ 0.5902068  -0.4985609  -0.63489604]
 [ 0.5559702  -0.31918028  0.76747704]]"
20200220-163925.612509,56,[0.43717787 0.01752047 0.00578371],"[[-0.46988493  0.3635796  -0.560963  ]
 [ 0.53594    -0.14411707 -0.7947701 ]
 [ 0.51177806  0.83909667  0.17496772]
 [-0.4796457   0.3780969  -0.15181284]]","[[ 0.585244    0.8058394  -0.09006989]
 [ 0.5900727  -0.49944234 -0.6343277 ]
 [ 0.556151   -0.31808868  0.76779926]]"
20200220-163925.612509,57,[0.44238618 0.01754715 0.00580618],"[[-0.469731    0.3612353  -0.56304896]
 [ 0.536008   -0.14582108 -0.79386073]
 [ 0.51184106  0.8394009   0.17275245]
 [-0.47965297  0.37901375 -0.15138529]]","[[ 0.58519983  0.80574334 -0.0912084 ]
 [ 0.5899526  -0.5002217  -0.6338252 ]
 [ 0.55632484 -0.31710577  0.7680799 ]]"
20200220-163925.612509,58,[0.44746107 0.01757417 0.00582962],"[[-0.4696804   0.35890487 -0.5651509 ]
 [ 0.5359817  -0.14756732 -0.7929785 ]
 [ 0.5119712   0.83967066  0.17044005]
 [-0.47959343  0.37995356 -0.15079702]]","[[ 0.5851595   0.80563766 -0.09239343]
 [ 0.5898369  -0.5010439  -0.63328314]
 [ 0.5564899  -0.31607458  0.76838523]]"
20200220-163925.612509,59,[0.45331687 0.01760148 0.00585261],"[[-0.46950448  0.35660124 -0.56731945]
 [ 0.5361006  -0.14936401 -0.79199195]
 [ 0.51213795  0.8398905   0.16821285]
 [-0.47945395  0.380933   -0.15033786]]","[[ 0.5851154   0.80553323 -0.09357536]
 [ 0.5897029  -0.5018488  -0.6327704 ]
 [ 0.55667824 -0.31506196  0.7686646 ]]"
20200220-163925.612509,60,[0.4597404  0.01762934 0.00587751],"[[-0.46940506  0.35439226 -0.56953967]
 [ 0.53613144 -0.15127528 -0.7910104 ]
 [ 0.51249653  0.83999205  0.16590507]
 [-0.4791336   0.38201472 -0.14967622]]","[[ 0.5850736   0.8054157  -0.09483881]
 [ 0.58955187 -0.5027104  -0.6322268 ]
 [ 0.5568819  -0.31398687  0.76895684]]"
20200220-163925.612509,61,[0.4638669  0.01765739 0.00590046],"[[-0.46938983  0.35198668 -0.5715633 ]
 [ 0.5360063  -0.15304714 -0.79016364]
 [ 0.5126254   0.8402613   0.16346528]
 [-0.47915137  0.38293982 -0.14911787]]","[[ 0.58504367  0.8052876  -0.09610417]
 [ 0.58946925 -0.50362426 -0.6315765 ]
 [ 0.557001   -0.31284937  0.7693344 ]]"
20200220-163925.612509,62,[0.46874988 0.01768599 0.00592449],"[[-0.46939406  0.34961045 -0.5736427 ]
 [ 0.5359161  -0.15483628 -0.7892717 ]
 [ 0.51279134  0.8404906   0.1610375 ]
 [-0.47907034  0.3838934  -0.14849657]]","[[ 0.5850094   0.80516154 -0.09736107]
 [ 0.58936775 -0.50451565 -0.6309595 ]
 [ 0.5571444  -0.31173575  0.76968247]]"
20200220-163925.612509,63,[0.47429332 0.01771459 0.00594815],"[[-0.46928042  0.34723544 -0.57574123]
 [ 0.5359441  -0.15666507 -0.7883058 ]
 [ 0.51296914  0.84069204  0.15867405]
 [-0.47895986  0.38486424 -0.14804763]]","[[ 0.58497137  0.8050381  -0.09860234]
 [ 0.5892526  -0.50538254 -0.6303728 ]
 [ 0.557306   -0.31064835  0.7700049 ]]"
20200220-163925.612509,64,[0.47985172 0.01774365 0.00597123],"[[-0.46905193  0.3449308  -0.5778766 ]
 [ 0.53599185 -0.1586422  -0.7872894 ]
 [ 0.5133243   0.84077626  0.15630509]
 [-0.47875014  0.38594154 -0.14765814]]","[[ 0.58494085  0.80489284 -0.09995964]
 [ 0.589136   -0.50634694 -0.62970775]
 [ 0.5574614  -0.30945185  0.7703741 ]]"
20200220-163925.612509,65,[0.48524716 0.01777326 0.00599597],"[[-0.46907452  0.3425757  -0.5800257 ]
 [ 0.5359197  -0.16053179 -0.7863254 ]
 [ 0.51359546  0.8409149   0.153817  ]
 [-0.47851744  0.38695434 -0.14697966]]","[[ 0.58490807  0.80475163 -0.10127921]
 [ 0.5890261  -0.5072826  -0.62905705]
 [ 0.5576119  -0.3082844   0.7707333 ]]"
20200220-163925.612509,66,[0.49053034 0.01780292 0.00601914],"[[-0.46893406  0.34016648 -0.582111  ]
 [ 0.53593886 -0.16242357 -0.7853273 ]
 [ 0.5138157   0.84107304  0.15138908]
 [-0.47839704  0.38794515 -0.14659321]]","[[ 0.5848759   0.8046078  -0.10259834]
 [ 0.588924   -0.5082223  -0.6283937 ]
 [ 0.55775326 -0.30710968  0.77109987]]"
20200220-163925.612509,67,[0.49665058 0.01783295 0.00604173],"[[-0.46859935  0.33782384 -0.5842691 ]
 [ 0.53610367 -0.16443864 -0.7842107 ]
 [ 0.5141676   0.841125    0.1490515 ]
 [-0.4781623   0.38902923 -0.14637826]]","[[ 0.5848439   0.8044551  -0.10397016]
 [ 0.5888028  -0.50919205 -0.62772185]
 [ 0.5579148  -0.30590138  0.7714631 ]]"
20200220-163925.612509,68,[0.50113815 0.01786332 0.00606328],"[[-0.46844253  0.33527857 -0.58630544]
 [ 0.5361638  -0.16623415 -0.7831959 ]
 [ 0.5142107   0.84137964  0.14661631]
 [-0.47820228  0.38991654 -0.14612934]]","[[ 0.5848135   0.8043093  -0.10526025]
 [ 0.58872736 -0.5101241  -0.62703544]
 [ 0.55802625 -0.3047292   0.77184635]]"
20200220-163925.612509,69,[0.50719875 0.01789396 0.00608609],"[[-0.4682289   0.33282173 -0.58846045]
 [ 0.5363481  -0.16812436 -0.78206766]
 [ 0.51437837  0.8415287   0.14424561]
 [-0.47802454  0.39088818 -0.1458701 ]]","[[ 0.5847765   0.80416733 -0.10654245]
 [ 0.5886167  -0.5110232  -0.62640697]
 [ 0.5581817  -0.3035954   0.77218074]]"
20200220-163925.612509,70,[0.5114248  0.01792506 0.00610916],"[[-0.46825394  0.3302297  -0.59044766]
 [ 0.53626585 -0.1698979  -0.7811187 ]
 [ 0.51440346  0.84179443  0.14166465]
 [-0.47806543  0.39174598 -0.145451  ]]","[[ 0.58474725  0.80401486 -0.10784584]
 [ 0.58854973 -0.5119701  -0.6256963 ]
 [ 0.55828303 -0.30240154  0.7725758 ]]"
20200220-163925.612509,71,[0.51496696 0.01795691 0.00613211],"[[-0.46834892  0.3276086  -0.5924129 ]
 [ 0.5361136  -0.17165117 -0.78019845]
 [ 0.5144107   0.8420706   0.13901877]
 [-0.4781351   0.39258856 -0.14495115]]","[[ 0.58472216  0.80385256 -0.10918372]
 [ 0.58849716 -0.5129553  -0.6249384 ]
 [ 0.55836475 -0.30116105  0.7730013 ]]"
20200220-163925.612509,72,[0.5175688  0.01798881 0.00615375],"[[-0.46845326  0.32484326 -0.5942733 ]
 [ 0.53595483 -0.17328624 -0.77931994]
 [ 0.514217    0.8424716   0.13634983]
 [-0.47841918  0.39330703 -0.14459606]]","[[ 0.58469725  0.803695   -0.11046972]
 [ 0.5884698  -0.5139131  -0.6241768 ]
 [ 0.55841964 -0.29994646  0.77343374]]"
20200220-163925.612509,73,[0.52353317 0.018021   0.00617641],"[[-0.46821225  0.32237408 -0.596447  ]
 [ 0.5361253  -0.17530328 -0.77812946]
 [ 0.5145028   0.84252065  0.1338821 ]
 [-0.4781562   0.39433807 -0.14436345]]","[[ 0.5846675   0.80352247 -0.11187289]
 [ 0.5883652  -0.5149142  -0.62344986]
 [ 0.5585609  -0.2986888   0.7738183 ]]"
20200220-163925.612509,74,[0.5293687  0.01805354 0.00619826],"[[-0.4679207   0.31983802 -0.5985811 ]
 [ 0.5363485  -0.17725536 -0.7769231 ]
 [ 0.5146884   0.84262097  0.13145217]
 [-0.4779921   0.39531547 -0.14426221]]","[[ 0.5846363   0.8033536  -0.11324053]
 [ 0.588268   -0.51588947 -0.62273496]
 [ 0.55869603 -0.2974577   0.77419484]]"
20200220-163925.612509,75,[0.5325311  0.0180865  0.00622054],"[[-0.4680362   0.31703582 -0.60044676]
 [ 0.53623027 -0.1788964  -0.7759941 ]
 [ 0.5144796   0.8430009   0.12875892]
 [-0.4782368   0.3960232  -0.14393887]]","[[ 0.5846083   0.80319273 -0.11451944]
 [ 0.58823204 -0.51683116 -0.6219877 ]
 [ 0.55876315 -0.29625517  0.77460736]]"
20200220-163925.612509,76,[0.53655875 0.01812035 0.00624435],"[[-0.46812782  0.31444842 -0.602443  ]
 [ 0.5360491  -0.18083361 -0.7749976 ]
 [ 0.5146919   0.8431081   0.12599106]
 [-0.4781216   0.39697662 -0.14341526]]","[[ 0.5845889   0.8029937  -0.11600573]
 [ 0.5881707  -0.5179281  -0.62113285]
 [ 0.5588482  -0.29487616  0.7750722 ]]"
20200220-163925.612509,77,[0.54147655 0.01815444 0.00626685],"[[-0.4680069   0.3118579  -0.6044965 ]
 [ 0.53609204 -0.1827852  -0.7738649 ]
 [ 0.5148865   0.84319484  0.12338092]
 [-0.47798198  0.39794046 -0.1431582 ]]","[[ 0.58456445  0.8028011  -0.11745197]
 [ 0.5880944  -0.51897985 -0.62032646]
 [ 0.55895394 -0.2935479   0.77549994]]"
20200220-163925.612509,78,[0.54538184 0.01818902 0.00629053],"[[-0.4681508   0.30918828 -0.6064724 ]
 [ 0.5359256  -0.18465975 -0.7728536 ]
 [ 0.51499087  0.8433496   0.1205806 ]
 [-0.47791517  0.3988296  -0.14264803]]","[[ 0.5845428   0.8026029  -0.11890499]
 [ 0.58803946 -0.52005005 -0.6194817 ]
 [ 0.55903435 -0.2921927   0.77595353]]"
20200220-163925.612509,79,[0.54929656 0.01822396 0.00631332],"[[-0.46819136  0.30647033 -0.60841024]
 [ 0.53584135 -0.18649724 -0.77181125]
 [ 0.51502705  0.84353215  0.11784437]
 [-0.4779313   0.39968547 -0.14232822]]","[[ 0.5845195   0.80240756 -0.12032876]
 [ 0.5879866  -0.521096   -0.61865246]
 [ 0.5591142  -0.29086274  0.7763957 ]]"
20200220-163925.612509,80,[0.55224246 0.01825931 0.0063365 ],"[[-0.46841782  0.30364543 -0.6102564 ]
 [ 0.5356202  -0.18822254 -0.7708668 ]
 [ 0.51491284  0.84381336  0.11498114]
 [-0.4780801   0.40043828 -0.14188331]]","[[ 0.5844971   0.802213   -0.12172687]
 [ 0.58795524 -0.522133   -0.6178072 ]
 [ 0.5591706  -0.28953663  0.7768506 ]]"
20200220-163925.612509,81,[0.5569058  0.01829512 0.00635974],"[[-0.46836966  0.30100128 -0.6122252 ]
 [ 0.53556335 -0.19021076 -0.76975715]
 [ 0.5151367   0.84385556  0.11223756]
 [-0.4779494   0.4014047  -0.1416224 ]]","[[ 0.58447635  0.80199665 -0.1232431 ]
 [ 0.58788705 -0.52324265 -0.6169328 ]
 [ 0.559264   -0.2881296   0.7773064 ]]"
20200220-163925.612509,82,[0.5588092  0.01833146 0.00638223],"[[-0.46865502  0.29810974 -0.6139982 ]
 [ 0.5352506  -0.19192536 -0.768855  ]
 [ 0.5149892   0.8441496   0.10927281]
 [-0.47817925  0.40212777 -0.1411656 ]]","[[ 0.58445936  0.8017838  -0.12469994]
 [ 0.58787537 -0.5243385  -0.6160128 ]
 [ 0.559294   -0.28672647  0.77780354]]"
20200220-163925.612509,83,[0.5614966  0.01836771 0.00640461],"[[-0.46885082  0.29518688 -0.61578417]
 [ 0.53506476 -0.19362696 -0.7678861 ]
 [ 0.51478875  0.8444566   0.10638101]
 [-0.47841126  0.4028234  -0.14087088]]","[[ 0.5844364   0.8015827  -0.12609276]
 [ 0.58785236 -0.5253716  -0.6151539 ]
 [ 0.55934227 -0.28539446  0.7782585 ]]"
20200220-163925.612509,84,[0.5661329  0.0184047  0.00642684],"[[-0.46877488  0.29244247 -0.61775434]
 [ 0.53511465 -0.19554728 -0.7667012 ]
 [ 0.5148804   0.8445437   0.1036585 ]
 [-0.47833163  0.4037139  -0.14072597]]","[[ 0.5844126   0.80136704 -0.12756503]
 [ 0.5877896  -0.5264434  -0.614297  ]
 [ 0.5594331  -0.2840215   0.77869534]]"
20200220-163925.612509,85,[0.56896764 0.01844228 0.00644893],"[[-0.46891627  0.28957707 -0.61959684]
 [ 0.53495544 -0.19735798 -0.76565653]
 [ 0.5148242   0.8447345   0.10075615]
 [-0.4784312   0.40449822 -0.14042006]]","[[ 0.58439434  0.8011418  -0.12905489]
 [ 0.58776134 -0.52755105 -0.6133731 ]
 [ 0.55948186 -0.28259832  0.7791779 ]]"
20200220-163925.612509,86,[0.57249516 0.01848019 0.00647247],"[[-0.46910837  0.28673887 -0.62144357]
 [ 0.53477377 -0.19920622 -0.76460737]
 [ 0.51482314  0.84487814  0.09781718]
 [-0.47844705  0.4053134  -0.1400552 ]]","[[ 0.5843736   0.80091536 -0.1305456 ]
 [ 0.58772016 -0.52864885 -0.61246675]
 [ 0.5595467  -0.28118512  0.7796425 ]]"
20200220-163925.612509,87,[0.5743349  0.0185188  0.00649466],"[[-0.46937293  0.28379723 -0.623186  ]
 [ 0.53448147 -0.20097569 -0.7636388 ]
 [ 0.5147053   0.8450985   0.09478581]
 [-0.47864118  0.40604997 -0.13968164]]","[[ 0.58435905  0.8006766  -0.1320671 ]
 [ 0.5877097  -0.5297908  -0.61148924]
 [ 0.559573   -0.27971214  0.7801534 ]]"
20200220-163925.612509,88,[0.57779413 0.01855741 0.00651637],"[[-0.46937767  0.28093633 -0.62501454]
 [ 0.53440374 -0.20288445 -0.76251423]
 [ 0.5147396   0.8451975   0.09190658]
 [-0.4786862   0.40688288 -0.13957915]]","[[ 0.5843407   0.80043495 -0.13360383]
 [ 0.5876709  -0.5309248  -0.61054224]
 [ 0.5596329  -0.27824953  0.78063333]]"
20200220-163925.612509,89,[0.5830937  0.01859637 0.00653855],"[[-0.46918148  0.27819666 -0.62698406]
 [ 0.53451866 -0.20495985 -0.76121676]
 [ 0.5149845   0.84513545  0.08915357]
 [-0.47848684  0.40785277 -0.13961193]]","[[ 0.5843195   0.8001861  -0.13517736]
 [ 0.58759797 -0.5320656  -0.6096186 ]
 [ 0.55973166 -0.27678213  0.781084  ]]"
20200220-163925.612509,90,[0.58745825 0.01863615 0.00656011],"[[-0.46907887  0.27538204 -0.62889546]
 [ 0.5345627  -0.20694281 -0.75996935]
 [ 0.51511717  0.845139    0.08634086]
 [-0.47839522  0.40875363 -0.13957937]]","[[ 0.5843002   0.79993373 -0.13674577]
 [ 0.5875436  -0.5332124  -0.6086683 ]
 [ 0.5598089  -0.27530092  0.781552  ]]"
20200220-163925.612509,91,[0.5908344  0.01867599 0.00658106],"[[-0.469089    0.27242115 -0.6307126 ]
 [ 0.53455454 -0.20878181 -0.7587906 ]
 [ 0.5150267   0.84528023  0.08345629]
 [-0.47849151  0.40950948 -0.13954769]]","[[ 0.5842793   0.79969126 -0.13824478]
 [ 0.58751094 -0.5343141  -0.6077329 ]
 [ 0.5598649  -0.2738654   0.782016  ]]"
20200220-163925.612509,92,[0.59517634 0.01871629 0.00660268],"[[-0.46900636  0.26953098 -0.6325765 ]
 [ 0.5346179  -0.21071659 -0.75753796]
 [ 0.5150674   0.8453214   0.08062146]
 [-0.478458    0.41034532 -0.13958456]]","[[ 0.58425754  0.7994421  -0.13976993]
 [ 0.58746064 -0.5354248  -0.6068035 ]
 [ 0.55994046 -0.27242014  0.7824667 ]]"
20200220-163925.612509,93,[0.59929425 0.01875724 0.00662493],"[[-0.46897256  0.26666185 -0.6343877 ]
 [ 0.5345666  -0.21271941 -0.7563306 ]
 [ 0.5152043   0.8453002   0.07769486]
 [-0.47840148  0.41122887 -0.13956879]]","[[ 0.58423996  0.79917246 -0.14137565]
 [ 0.5874122  -0.5366007  -0.6058107 ]
 [ 0.5600096  -0.27089304  0.7829471 ]]"
20200220-163925.612509,94,[0.6044867  0.0187986  0.00664695],"[[-0.46878952  0.26384968 -0.6362932 ]
 [ 0.53467464 -0.21480246 -0.75499344]
 [ 0.5154378   0.8451951   0.07487413]
 [-0.478209    0.41217574 -0.13967796]]","[[ 0.5842205   0.7989003  -0.14298534]
 [ 0.5873462  -0.5377677  -0.6048391 ]
 [ 0.5600991  -0.2693775   0.7834059 ]]"
20200220-163925.612509,95,[0.6095693  0.01884039 0.00666843],"[[-0.46860784  0.26099795 -0.63819075]
 [ 0.53480065 -0.21685874 -0.7536406 ]
 [ 0.515624    0.84510833  0.07204793]
 [-0.47804487  0.41309148 -0.13981247]]","[[ 0.58420044  0.79862607 -0.14459024]
 [ 0.5872846  -0.5389312  -0.60386264]
 [ 0.5601846  -0.2678612   0.78386456]]"
20200220-163925.612509,96,[0.6146567  0.0188831  0.00669065],"[[-0.46849853  0.25818092 -0.6400883 ]
 [ 0.5348568  -0.21895373 -0.75229734]
 [ 0.5158854   0.8449626   0.0691603 ]
 [-0.47780666  0.4140534  -0.13983078]]","[[ 0.58418286  0.7983376  -0.1462445 ]
 [ 0.5872217  -0.54013276 -0.60284936]
 [ 0.5602687  -0.26629636  0.78433746]]"
20200220-163925.612509,97,[0.6186907  0.01892589 0.00671149],"[[-0.4683866   0.25520933 -0.6418618 ]
 [ 0.534904   -0.22090566 -0.75101435]
 [ 0.5159238   0.8449571   0.06626117]
 [-0.47782224  0.41486898 -0.14000066]]","[[ 0.58416414  0.79805833 -0.1478347 ]
 [ 0.58718055 -0.54129344 -0.60184747]
 [ 0.5603314  -0.26477212  0.7848085 ]]"
20200220-163925.612509,98,[0.6207027  0.01896976 0.00673357],"[[-0.46864662  0.25213093 -0.64345604]
 [ 0.53461796 -0.22272027 -0.7499537 ]
 [ 0.51580715  0.8450541   0.06309293]
 [-0.47801372  0.41558316 -0.13983148]]","[[ 0.5841503   0.79776824 -0.14944673]
 [ 0.5871705  -0.5424891  -0.60077995]
 [ 0.5603562  -0.2631951   0.7853211 ]]"
20200220-163925.612509,99,[0.62482256 0.01901359 0.00675404],"[[-0.46852583  0.24915546 -0.6452551 ]
 [ 0.5347044  -0.22469513 -0.748613  ]
 [ 0.5158681   0.8450072   0.06018779]
 [-0.47796965  0.41640922 -0.14000656]]","[[ 0.5841322   0.7974784  -0.15105568]
 [ 0.5871288  -0.5436612  -0.5997601 ]
 [ 0.56041884 -0.26165015  0.7857926 ]]"
20200220-163925.612509,100,[0.62886214 0.01905817 0.00677502],"[[-0.46848735  0.24615248 -0.6470286 ]
 [ 0.53474927 -0.22662604 -0.7472939 ]
 [ 0.515883    0.8449764   0.05723797]
 [-0.47794053  0.4172101  -0.14010508]]","[[ 0.5841136   0.79718745 -0.15265514]
 [ 0.58708894 -0.5448251  -0.5987421 ]
 [ 0.56048006 -0.26011124  0.78625965]]"
20200220-163925.612509,101,[0.63067675 0.01910336 0.00679628],"[[-0.46869642  0.24303621 -0.64857644]
 [ 0.53448063 -0.2284735  -0.74619853]
 [ 0.5157812   0.84503084  0.05404795]
 [-0.4781462   0.41791865 -0.14005426]]","[[ 0.58410114  0.79687953 -0.15430166]
 [ 0.58708227 -0.5460446  -0.5976369 ]
 [ 0.56050014 -0.25849262  0.78677905]]"
20200220-163925.612509,102,[0.6344922  0.01914904 0.00681752],"[[-0.4687063   0.23999986 -0.6502839 ]
 [ 0.534468   -0.23039505 -0.74490577]
 [ 0.5157835   0.84498817  0.05103767]
 [-0.47814807  0.41870436 -0.14014846]]","[[ 0.5840831   0.7965775  -0.15592049]
 [ 0.58704615 -0.54722244 -0.596594  ]
 [ 0.56055653 -0.2569279   0.7872512 ]]"
20200220-163925.612509,103,[0.6364223  0.01919567 0.0068386 ],"[[-0.46890807  0.23689732 -0.6518468 ]
 [ 0.53422153 -0.23226836 -0.7437617 ]
 [ 0.5157262   0.84498405  0.04784461]
 [-0.47828734  0.41944376 -0.14008856]]","[[ 0.5840722   0.7962543  -0.15760313]
 [ 0.58703685 -0.5484659  -0.5954602 ]
 [ 0.5605777  -0.25527287  0.7877743 ]]"
20200220-163925.612509,104,[0.63923943 0.01924204 0.00685845],"[[-0.46892402  0.23372428 -0.65344757]
 [ 0.53420556 -0.23407125 -0.74250555]
 [ 0.5155415   0.84504324  0.04481089]
 [-0.47848886  0.42010128 -0.14029887]]","[[ 0.5840535   0.79595536 -0.159175  ]
 [ 0.5870201  -0.5496132  -0.5944181 ]
 [ 0.560615   -0.25373307  0.78824526]]"
20200220-163925.612509,105,[0.64197665 0.01928959 0.00688042],"[[-0.4691336   0.23064163 -0.65502477]
 [ 0.5339872  -0.23599023 -0.74131256]
 [ 0.51553905  0.8449738   0.04160543]
 [-0.47853002  0.4208711  -0.14023776]]","[[ 0.58404046  0.7956252  -0.16086364]
 [ 0.5869988  -0.55085003 -0.59329295]
 [ 0.5606507  -0.25208032  0.7887498 ]]"
20200220-163925.612509,106,[0.6467758  0.01933765 0.00690122],"[[-0.4689494   0.22770146 -0.6567757 ]
 [ 0.53407526 -0.23810123 -0.73986936]
 [ 0.5157999   0.8447157   0.03865666]
 [-0.47833082  0.42179978 -0.14051427]]","[[ 0.5840264   0.7952828  -0.16259909]
 [ 0.58694565 -0.55210465 -0.59217834]
 [ 0.56072104 -0.25041094  0.7892314 ]]"
20200220-163925.612509,107,[0.6485158  0.01938634 0.00692207],"[[-0.4691887   0.22451214 -0.6582577 ]
 [ 0.53383183 -0.23991081 -0.738715  ]
 [ 0.5156451   0.8447225   0.03542126]
 [-0.47853497  0.42246944 -0.14050737]]","[[ 0.5840136   0.79495084 -0.1642593 ]
 [ 0.5869415  -0.55332464 -0.59104264]
 [ 0.5607387  -0.24876635  0.7897388 ]]"
20200220-163925.612509,108,[0.64913076 0.0194352  0.00694283],"[[-0.46956035  0.22119154 -0.65959835]
 [ 0.53348255 -0.24158767 -0.73767596]
 [ 0.51528764  0.8448525   0.03208629]
 [-0.47894487  0.4230058  -0.14048044]]","[[ 0.5839994   0.7946283  -0.16586293]
 [ 0.5869568  -0.55450803 -0.5899174 ]
 [ 0.5607375  -0.24715707  0.7902449 ]]"
20200220-163925.612509,109,[0.6539222  0.01948502 0.00696388],"[[-0.46940434  0.21824202 -0.66129255]
 [ 0.5335287  -0.24372996 -0.73622686]
 [ 0.51559156  0.8445314   0.0290827 ]
 [-0.47871906  0.42394927 -0.14077102]]","[[ 0.5839871   0.7942642  -0.16764003]
 [ 0.58690387 -0.55579036 -0.588762  ]
 [ 0.56080544 -0.24544089  0.79073125]]"
20200220-163925.612509,110,[0.65874195 0.01953483 0.00698431],"[[-0.46922824  0.21521683 -0.6629979 ]
 [ 0.53366375 -0.24580505 -0.7347342 ]
 [ 0.51577556  0.84427214  0.02610766]
 [-0.4785435   0.42481375 -0.14113267]]","[[ 0.5839715   0.79391396 -0.16934606]
 [ 0.5868542  -0.557016   -0.5876525 ]
 [ 0.56087387 -0.24379085  0.79119325]]"
20200220-163925.612509,111,[0.6603746  0.01958592 0.00700439],"[[-0.4694221   0.21201067 -0.6644256 ]
 [ 0.5334327  -0.24764486 -0.7335344 ]
 [ 0.5156633   0.84420085  0.02286034]
 [-0.47873122  0.42549774 -0.14122127]]","[[ 0.58396083  0.7935555  -0.17105387]
 [ 0.58685124 -0.55826676 -0.58646727]
 [ 0.560888   -0.24209076  0.79170495]]"
20200220-163925.612509,112,[0.6628876  0.01963693 0.00702432],"[[-0.46951303  0.20878263 -0.66589737]
 [ 0.5333518  -0.2494745  -0.7322459 ]
 [ 0.515514    0.84413743  0.01970195]
 [-0.47889346  0.4261507  -0.14145228]]","[[ 0.583945    0.7932117  -0.1726945 ]
 [ 0.58683807 -0.55945617 -0.58534604]
 [ 0.56091833 -0.24046613  0.79217845]]"
20200220-163925.612509,113,[0.667589   0.01968856 0.00704371],"[[-0.46925977  0.20572712 -0.6675423 ]
 [ 0.5335137  -0.25154814 -0.7307227 ]
 [ 0.51570505  0.8438418   0.01675023]
 [-0.47875538  0.4270022  -0.14195481]]","[[ 0.5839304   0.7928436  -0.17442608]
 [ 0.5867915  -0.56069785 -0.58420336]
 [ 0.5609822  -0.23878233  0.7926424 ]]"
20200220-163925.612509,114,[0.6691162  0.01974143 0.00706351],"[[-0.46946302  0.20249143 -0.6689197 ]
 [ 0.53327763 -0.25338075 -0.72950596]
 [ 0.5155845   0.8437369   0.01347633]
 [-0.4789488   0.42767218 -0.14207771]]","[[ 0.58392024  0.7924706  -0.17614678]
 [ 0.58679044 -0.5619537  -0.5829966 ]
 [ 0.5609939  -0.23706229  0.7931503 ]]"
20200220-163925.612509,115,[0.66947764 0.01979419 0.0070827 ],"[[-0.46977332  0.19906335 -0.67015886]
 [ 0.5330103  -0.25498793 -0.72839195]
 [ 0.51512897  0.8438368   0.01015029]
 [-0.4794324   0.42812887 -0.1422287 ]]","[[ 0.58390474  0.7921274  -0.17773433]
 [ 0.58681095 -0.5631133  -0.581856  ]
 [ 0.56098866 -0.23545203  0.79363346]]"
20200220-163925.612509,116,[0.67416507 0.01984802 0.00710299],"[[-0.4696508   0.19602287 -0.6717747 ]
 [ 0.53309643 -0.2570755  -0.726868  ]
 [ 0.5153601   0.84347016  0.00710629]
 [-0.47920796  0.42900503 -0.14258711]]","[[ 0.5838917   0.79173833 -0.17950198]
 [ 0.5867636  -0.56437737 -0.58067775]
 [ 0.56105167 -0.23372771  0.79409844]]"
