Timestamp,Epoch,s,u,v
20200221-184929.703296,0,[1.8313926  1.4135003  0.75088537],"[[ 0.25663972 -0.5049564   0.6497845 ]
 [ 0.6578373  -0.49890363 -0.25483572]
 [ 0.6611486   0.5035854  -0.25523078]
 [ 0.25351238  0.4924592   0.669101  ]]","[[ 4.8519579e-01 -7.1270597e-01  5.0659180e-01]
 [ 7.2246313e-01  3.8392836e-04 -6.9140935e-01]
 [ 4.9257714e-01  7.0146269e-01  5.1509005e-01]]"
20200221-184929.703296,1,[1.8068933 1.4201171 0.7480025],"[[ 0.25314453 -0.50283235  0.65308386]
 [ 0.66640186 -0.49152184 -0.2460384 ]
 [ 0.6595844   0.5109675  -0.24516538]
 [ 0.2382746   0.4944469   0.672934  ]]","[[ 0.48700514 -0.70887554  0.510217  ]
 [ 0.72887206  0.00799606 -0.68460333]
 [ 0.48121879  0.7052882   0.52057374]]"
20200221-184929.703296,2,[1.7854564 1.4268185 0.7441604],"[[ 0.24562882 -0.50167835  0.65679806]
 [ 0.6738065  -0.48673183 -0.23528111]
 [ 0.66000277  0.5156732  -0.23377852]
 [ 0.22371365  0.49547163  0.67720515]]","[[ 0.48584646 -0.7064499   0.5146668 ]
 [ 0.7359832   0.01303701 -0.6768744 ]
 [ 0.4714681   0.707643    0.5262693 ]]"
20200221-184929.703296,3,[1.7705038 1.4336464 0.7411195],"[[ 0.24032673 -0.50050557  0.6597673 ]
 [ 0.67989326 -0.4821657  -0.2267018 ]
 [ 0.6597865   0.52013564 -0.2246432 ]
 [ 0.21135308  0.4964567   0.6803302 ]]","[[ 0.4856039  -0.70402735  0.5182031 ]
 [ 0.741539    0.01782526 -0.670673  ]
 [ 0.46293506  0.7099493   0.53071976]]"
20200221-184929.703296,4,[1.7551178 1.4403158 0.7388344],"[[ 0.2406767  -0.49788493  0.6619006 ]
 [ 0.6889038  -0.47197443 -0.22003034]
 [ 0.6549254   0.5299697  -0.21659216]
 [ 0.19636427  0.4984804   0.68305373]]","[[ 0.49090654 -0.69853395  0.5206353 ]
 [ 0.74611646  0.02855313 -0.66520303]
 [ 0.4498011   0.7150071   0.53520447]]"
20200221-184929.703296,5,[1.7307206  1.4474431  0.73503095],"[[ 0.22698575 -0.4990482   0.6656153 ]
 [ 0.68998826 -0.4758544  -0.20875944]
 [ 0.6609638   0.52625495 -0.20630974]
 [ 0.1884692   0.49756306  0.68615717]]","[[ 0.48192397 -0.700527    0.5263188 ]
 [ 0.75343907  0.02466696 -0.65705496]
 [ 0.447302    0.71319973  0.53969187]]"
20200221-184929.703296,6,[1.7188301  1.4542831  0.73176926],"[[ 0.2146354  -0.5003585   0.66834366]
 [ 0.68999213 -0.4803684  -0.19950196]
 [ 0.66653675  0.52191854 -0.19801228]
 [ 0.18322524  0.4964765   0.6886996 ]]","[[ 0.47355667 -0.7030103   0.53058517]
 [ 0.75893945  0.0200104  -0.6508536 ]
 [ 0.4469396   0.710898    0.54301834]]"
20200221-184929.703296,7,[1.7025124 1.4610894 0.7288226],"[[ 0.21138729 -0.4987682   0.67066246]
 [ 0.6970152  -0.47336715 -0.19134296]
 [ 0.66386884  0.52868754 -0.1892396 ]
 [ 0.16959769  0.4976376   0.69122237]]","[[ 0.47547528 -0.6991521   0.5339566 ]
 [ 0.76420486  0.02758739 -0.6443835 ]
 [ 0.43579152  0.7144405   0.54741263]]"
20200221-184929.703296,8,[1.6838406 1.4681362 0.7252358],"[[ 0.20313336 -0.49845552  0.67338544]
 [ 0.7010499  -0.47135732 -0.18154842]
 [ 0.66496146  0.5306246  -0.17957717]
 [ 0.15840429  0.49779692  0.6937899 ]]","[[ 0.4721913  -0.69795203  0.5384219 ]
 [ 0.7704086   0.02992672 -0.63684785]
 [ 0.42837602  0.7155189   0.5518394 ]]"
20200221-184929.703296,9,[1.671038  1.4752234 0.7211397],"[[ 0.19361767 -0.49840748  0.67631674]
 [ 0.7037321  -0.47102815 -0.17139187]
 [ 0.66738     0.5309513  -0.1697369 ]
 [ 0.14791192  0.49780893  0.6959958 ]]","[[ 0.46752864 -0.6976032   0.54292476]
 [ 0.77638376  0.03038318 -0.62952805]
 [ 0.42266485  0.7158401   0.5558128 ]]"
20200221-184929.703296,10,[1.660914   1.4824361  0.71747977],"[[ 0.19191884 -0.49643257  0.6783714 ]
 [ 0.7121397  -0.46113926 -0.16288391]
 [ 0.66226906  0.54026157 -0.16059983]
 [ 0.13200164  0.4990222   0.69820404]]","[[ 0.47207263 -0.69205225  0.5460872 ]
 [ 0.78111506  0.04120534 -0.6230262 ]
 [ 0.40866497  0.7206705   0.56002426]]"
20200221-184929.703296,11,[1.6549331 1.4899582 0.7143307],"[[ 0.1717663  -0.5001328   0.680653  ]
 [ 0.70276725 -0.47874126 -0.15436389]
 [ 0.67662174  0.5235965  -0.15417346]
 [ 0.13710351  0.49650794  0.69936675]]","[[ 0.4523002  -0.70174414  0.5504358 ]
 [ 0.7860695   0.02210434 -0.6177429 ]
 [ 0.4213305   0.71208596  0.5616174 ]]"
20200221-184929.703296,12,[1.6403904  1.4974859  0.70940506],"[[ 0.15365519 -0.5019611   0.6834082 ]
 [ 0.6987642  -0.4884745  -0.14266977]
 [ 0.6858887   0.5141335  -0.14370519]
 [ 0.13294894  0.49507052  0.70138973]]","[[ 0.4372972  -0.7069957   0.55581325]
 [ 0.7928224   0.01133739 -0.6093474 ]
 [ 0.42450452  0.707127    0.5654798 ]]"
20200221-184929.703296,13,[1.631798   1.504867   0.70393884],"[[ 0.15201037 -0.4998856   0.68526375]
 [ 0.7100949  -0.47504595 -0.13185516]
 [ 0.6782603   0.5271269  -0.13213654]
 [ 0.11234292  0.49657118  0.7039657 ]]","[[ 0.44439036 -0.6997662   0.5593249 ]
 [ 0.79853404  0.02643774 -0.6013687 ]
 [ 0.4060303   0.7138826   0.57053584]]"
20200221-184929.703296,14,[1.6219133  1.5122828  0.69947803],"[[ 0.12280428 -0.50406504  0.6878234 ]
 [ 0.6931511  -0.5024763  -0.12119927]
 [ 0.69968075  0.50019413 -0.12366592]
 [ 0.12209609  0.4931956   0.704923  ]]","[[ 0.413133   -0.71443784  0.5647121 ]
 [ 0.80429375 -0.00459048 -0.59421426]
 [ 0.42712143  0.6996839   0.57272136]]"
20200221-184929.703296,15,[1.6094103  1.5199488  0.69436526],"[[ 0.12266507 -0.5019632   0.6894986 ]
 [ 0.7049251  -0.4881185  -0.11087343]
 [ 0.6912478   0.51448756 -0.11260981]
 [ 0.10104389  0.49505103  0.7068363 ]]","[[ 0.42137045 -0.7066906   0.568362  ]
 [ 0.81023556  0.01182662 -0.58598506]
 [ 0.40738833  0.7074239   0.57756937]]"
20200221-184929.703296,16,[1.5932899 1.5276676 0.6896522],"[[ 0.09615798 -0.5047824   0.69141996]
 [ 0.69092363 -0.51035756 -0.09984462]
 [ 0.7085549   0.49219626 -0.10283544]
 [ 0.10643236  0.49241498  0.7080919 ]]","[[ 0.39331508 -0.7186169   0.57349175]
 [ 0.8163491  -0.01397916 -0.5773895 ]
 [ 0.42293885  0.69526553  0.58114415]]"
20200221-184929.703296,17,[1.5852975 1.5351787 0.6850787],"[[ 0.08200119 -0.5052493   0.6930179 ]
 [ 0.6866998  -0.51757187 -0.09060008]
 [ 0.7150424   0.4847454  -0.09375218]
 [ 0.10214389  0.49179718  0.70903355]]","[[ 0.38107035 -0.7222674   0.57716143]
 [ 0.8210274  -0.02265945 -0.570439  ]
 [ 0.42508757  0.6912427   0.58436656]]"
20200221-184929.703296,18,[1.5740494 1.5416692 0.6809243],"[[-0.01014251 -0.5088536   0.6947533 ]
 [ 0.5949457  -0.6227522  -0.08039836]
 [ 0.7849823   0.36182803 -0.0859695 ]
 [ 0.17245218  0.4715171   0.7095515 ]]","[[ 0.25490764 -0.77191305  0.5823851 ]
 [ 0.81147856 -0.1567653  -0.56296307]
 [ 0.5258562   0.61609644  0.5864301 ]]"
20200221-184929.703296,19,[1.5680901 1.5482739 0.6762585],"[[-0.09207652  0.49887398  0.6960771 ]
 [ 0.499004    0.702839   -0.07137102]
 [ 0.8302932  -0.24361624 -0.07708465]
 [ 0.23049925 -0.44473925  0.7102399 ]]","[[ 0.13574618  0.7989591   0.5858647 ]
 [ 0.7844436   0.2745244  -0.5561336 ]
 [ 0.60516214 -0.53507084  0.58947265]]"
20200221-184929.703296,20,[1.5671288 1.5541847 0.6710486],"[[-0.23686877  0.44710875  0.697013  ]
 [ 0.28016645  0.8159344  -0.06234147]
 [ 0.8660063   0.00212095 -0.06815992]
 [ 0.33975387 -0.3665242   0.71108407]]","[[-0.09979952  0.8020323   0.5888839 ]
 [ 0.67796534  0.48800337 -0.5497414 ]
 [ 0.72828764 -0.3443789   0.5924527 ]]"
20200221-184929.703296,21,[1.5692707 1.5530726 0.6663913],"[[-0.42953098  0.26517275  0.69782716]
 [-0.15667872  0.84898615 -0.0536477 ]
 [ 0.7534951   0.42809528 -0.05963061]
 [ 0.47244048 -0.16012537  0.7117609 ]]","[[-0.4829742   0.64518905  0.5920024 ]
 [ 0.35241044  0.762135   -0.5430993 ]
 [ 0.80158764  0.05367512  0.59546304]]"
20200221-184929.703296,22,[1.5755426  1.5440807  0.66215557],"[[-0.48041856  0.15157259  0.6985242 ]
 [-0.34662917  0.7912643  -0.04506441]
 [ 0.6357201   0.5897208  -0.05120828]
 [ 0.49488047 -0.05618296  0.7123281 ]]","[[-0.6187271   0.51261926  0.5953138 ]
 [ 0.16960575  0.8270677  -0.53590405]
 [ 0.7670793   0.23060966  0.59867233]]"
20200221-184929.703296,23,[1.5834768  1.5376438  0.65918815],"[[-0.49005273  0.11391728  0.69896036]
 [-0.39729577  0.76745033 -0.03883872]
 [ 0.59606206  0.6301926  -0.04511771]
 [ 0.4967035  -0.03000521  0.7126785 ]]","[[-0.65122634  0.46761006  0.5976999 ]
 [ 0.11587759  0.83964086 -0.53063726]
 [ 0.74998444  0.27630484  0.6009817 ]]"
20200221-184929.703296,24,[1.5911201 1.532627  0.6545402],"[[-0.49425802  0.09067269  0.6992015 ]
 [-0.4204549   0.7555932  -0.03055941]
 [ 0.5766017   0.648334   -0.03708052]
 [ 0.49644446 -0.0228057   0.713308  ]]","[[-0.66577715  0.4430763   0.6003536 ]
 [ 0.09061402  0.84665763 -0.5243663 ]
 [ 0.74062806  0.2947106   0.60383415]]"
20200221-184929.703296,25,[1.5984904  1.5280441  0.64985055],"[[-0.50132936  0.04242703  0.6990549 ]
 [-0.4806541   0.71876234 -0.02358569]
 [ 0.5218833   0.6938976  -0.0278965 ]
 [ 0.4952556   0.00931333  0.7141344 ]]","[[-0.70167506  0.3819294   0.60148317]
 [ 0.0212669   0.855041   -0.51812404]
 [ 0.7121796   0.35076308  0.6080835 ]]"
20200221-184929.703296,26,[1.6065246  1.518986   0.64562744],"[[-0.5015769   0.03250765  0.6993613 ]
 [-0.48347712  0.7171423  -0.01551089]
 [ 0.51918125  0.69616073 -0.01998093]
 [ 0.4950972   0.00321825  0.71432054]]","[[-0.7031994   0.37436783  0.6044496 ]
 [ 0.01799146  0.85924596 -0.511246  ]
 [ 0.71076494  0.348633    0.6109568 ]]"
20200221-184929.703296,27,[1.6147393  1.5128466  0.64033204],"[[-0.50290024  0.01140198  0.69905317]
 [-0.5009735   0.70519423 -0.0071828 ]
 [ 0.5018865   0.70889217 -0.01069887]
 [ 0.49419314  0.00654453  0.71495366]]","[[-0.71324664  0.35146764  0.6064239 ]
 [-0.00322441  0.8635365  -0.5042761 ]
 [ 0.7009059   0.3616285   0.6147812 ]]"
20200221-184929.703296,28,[1.6228975 1.5132517 0.6352549],"[[-0.5007604   0.02519965  0.7000097 ]
 [-0.47054794  0.7261102   0.00144699]
 [ 0.5315548   0.68677187 -0.00460602]
 [ 0.49525008 -0.02174339  0.7141171 ]]","[[-0.6955738   0.37905502  0.61032313]
 [ 0.03363787  0.8657448  -0.49935398]
 [ 0.7176666   0.32680756  0.6149401 ]]"
20200221-184929.703296,29,[1.6315039 1.5062912 0.6317897],"[[-0.5000521   0.02521676  0.7003118 ]
 [-0.46087676  0.73245317  0.00855486]
 [ 0.54060423  0.67946917  0.00115114]
 [ 0.4952651  -0.03461509  0.7137849 ]]","[[-0.68967074  0.38473377  0.613461  ]
 [ 0.04529164  0.8684378  -0.49372512]
 [ 0.7227053   0.31272313  0.6163614 ]]"
20200221-184929.703296,30,[1.6395082 1.507656  0.6267871],"[[-0.5004136   0.01704788  0.70027345]
 [-0.4627152   0.73120844  0.01557134]
 [ 0.5388841   0.68074656  0.00802876]
 [ 0.4950605  -0.04034081  0.71365976]]","[[-0.69075733  0.3798201   0.61529756]
 [ 0.04321319  0.8710949  -0.4892099 ]
 [ 0.7217943   0.31133634  0.61812836]]"
20200221-184929.703296,31,[1.6476417 1.5046269 0.6222636],"[[-0.5006004   0.00836256  0.70041806]
 [-0.4655011   0.7291361   0.02255309]
 [ 0.5363062   0.68279505  0.01499606]
 [ 0.49505928 -0.04562532  0.7132188 ]]","[[-0.6921593   0.37353507  0.6175656 ]
 [ 0.04003605  0.87421    -0.48389482]
 [ 0.72063357  0.31020734  0.6200474 ]]"
20200221-184929.703296,32,[1.6557975 1.5033497 0.6184974],"[[ 0.49996832  0.00862151  0.7008152 ]
 [ 0.45672372  0.73449916  0.02887846]
 [-0.54448295  0.67613006  0.0200876 ]
 [-0.49494758 -0.05731437  0.7124747 ]]","[[ 0.6866058   0.3794038   0.6201817 ]
 [-0.05068294  0.87593776 -0.4797545 ]
 [-0.7252612   0.29796973  0.62065333]]"
20200221-184929.703296,33,[1.6641256 1.5030723 0.6128317],"[[-0.5009936  -0.00766141  0.7002281 ]
 [-0.46973503  0.7257988   0.03591806]
 [ 0.5323776   0.68555385  0.02834096]
 [ 0.4949021  -0.05633226  0.7124516 ]]","[[-0.69438845  0.36297536  0.6213482 ]
 [ 0.03520247  0.8795635  -0.47447744]
 [ 0.71873873  0.30759862  0.62353635]]"
20200221-184929.703296,34,[1.6723347 1.5004536 0.6084852],"[[-0.50136703 -0.0157614   0.69963807]
 [-0.47197166  0.7241938   0.0424362 ]
 [ 0.5302608   0.6867018   0.03471183]
 [ 0.49466902 -0.06112013  0.7123914 ]]","[[-0.69579786  0.35733804  0.6230368 ]
 [ 0.03262764  0.8822824  -0.46958834]
 [ 0.7174962   0.3064103   0.6255494 ]]"
20200221-184929.703296,35,[1.6808506  1.4949591  0.60521936],"[[-0.50182486 -0.02884789  0.69902664]
 [-0.48302677  0.7164185   0.04747102]
 [ 0.51968175  0.6945423   0.04094739]
 [ 0.49476063 -0.05935832  0.71234226]]","[[-0.7022288   0.3426754   0.62405807]
 [ 0.01916119  0.8853251  -0.46457788]
 [ 0.7116936   0.31428227  0.6282666 ]]"
20200221-184929.703296,36,[1.6888505 1.4945444 0.6016144],"[[-0.50220835 -0.04012209  0.69816476]
 [-0.49186084  0.7100945   0.05210662]
 [ 0.51107806  0.70052874  0.0466104 ]
 [ 0.49463043 -0.05844176  0.71251535]]","[[-0.707507    0.33090222  0.62444955]
 [ 0.00823807  0.8874074  -0.4609124 ]
 [ 0.7066582   0.32095453  0.630573  ]]"
20200221-184929.703296,37,[1.6976907 1.4935477 0.5978947],"[[-0.5020273  -0.04007706  0.6980994 ]
 [-0.484107    0.71515894  0.05803429]
 [ 0.5186695   0.69440293  0.05114081]
 [ 0.49456185 -0.06889251  0.7118103 ]]","[[-0.70291835  0.33628595  0.62675166]
 [ 0.01791736  0.8892639  -0.45704332]
 [ 0.71104497  0.31003436  0.63110524]]"
20200221-184929.703296,38,[1.7064902  1.4870092  0.59407216],"[[ 0.5016578  -0.03732821  0.69815993]
 [ 0.47064582  0.7238202   0.06556191]
 [-0.53157175  0.683826    0.05612366]
 [-0.4942304  -0.08410162  0.7107212 ]]","[[ 0.694725    0.34626108  0.6304449 ]
 [-0.0347001   0.8916136  -0.4514653 ]
 [-0.7184381   0.2917677   0.6314416 ]]"
20200221-184929.703296,39,[1.7149557  1.482506   0.59096956],"[[ 0.5015098  -0.03918106 -0.69797295]
 [ 0.46565813  0.72669923 -0.07131967]
 [-0.5362971   0.6795683  -0.06064061]
 [-0.49399993 -0.0925241  -0.70997894]]","[[ 0.6915154   0.34827724 -0.63285834]
 [-0.04099637  0.89360577  0.44697663]
 [-0.7211976   0.28314626 -0.6322202 ]]"
20200221-184929.703296,40,[1.7234063  1.4811012  0.58684546],"[[ 0.5017999  -0.04594914 -0.6971776 ]
 [ 0.46716505  0.72532713 -0.07706273]
 [-0.53488433  0.67997986 -0.06618691]
 [-0.493814   -0.09704124 -0.7096648 ]]","[[ 0.69251126  0.3438232  -0.6342033 ]
 [-0.03926219  0.89577985  0.44276077]
 [-0.7203378   0.28171661 -0.6338369 ]]"
20200221-184929.703296,41,[1.7321551  1.4766201  0.58381826],"[[ 0.5020225  -0.05632834 -0.6963916 ]
 [ 0.4753168   0.7193919  -0.08146334]
 [-0.5271977   0.68553716 -0.07174936]
 [-0.494075   -0.09665043 -0.70940447]]","[[ 0.6973705   0.33245078 -0.6349417 ]
 [-0.02926474  0.89838004  0.43824315]
 [-0.7161131   0.28703657 -0.6362328 ]]"
20200221-184929.703296,42,[1.7408082 1.4787959 0.5810474],"[[ 0.5020619  -0.06033245 -0.69599736]
 [ 0.47606203  0.7185237  -0.08500139]
 [-0.52651703  0.6856729  -0.07524218]
 [-0.49404293 -0.09968181 -0.7090141 ]]","[[ 0.6977586   0.33025268 -0.63566196]
 [-0.02839607  0.899438    0.43612513]
 [-0.71576995  0.2862599  -0.6369685 ]]"
20200221-184929.703296,43,[1.7498263  1.4816763  0.57657194],"[[-0.50179005 -0.05770878 -0.6962284 ]
 [-0.46465918  0.7253889  -0.09121657]
 [ 0.5372669   0.67665607 -0.07905407]
 [ 0.4936018  -0.11232558 -0.70759875]]","[[-0.6905019   0.34000504 -0.6384386 ]
 [ 0.04265986  0.9002432   0.43329227]
 [ 0.72207147  0.27195337 -0.6361243 ]]"
20200221-184929.703296,44,[1.7584403  1.4833189  0.57392156],"[[-0.5017298  -0.06176317 -0.6960549 ]
 [-0.46586838  0.72405726 -0.09452666]
 [ 0.5361579   0.67726934 -0.08249501]
 [ 0.49372938 -0.11503564 -0.70694226]]","[[-0.6909902   0.33743668 -0.6392725 ]
 [ 0.04126567  0.90133196  0.43115923]
 [ 0.72168547  0.27154675 -0.63673604]]"
20200221-184929.703296,45,[1.7677652 1.4800968 0.5716788],"[[-0.5015003  -0.05935211 -0.6960943 ]
 [-0.4563413   0.7297901  -0.09947474]
 [ 0.5449784   0.66953516 -0.08499574]
 [ 0.49320257 -0.12492595 -0.7059272 ]]","[[-0.684794    0.34478447 -0.6420132 ]
 [ 0.0532019   0.90229714  0.4278194 ]
 [ 0.72679204  0.25881177 -0.6362309 ]]"
20200221-184929.703296,46,[1.7765602 1.4809014 0.5684882],"[[-0.5017933  -0.06810904 -0.6952275 ]
 [-0.46362182  0.7245688  -0.10284553]
 [ 0.53827506  0.6744823  -0.08971024]
 [ 0.49347574 -0.12423611 -0.7057148 ]]","[[-0.68929774  0.33567083 -0.6420233 ]
 [ 0.04435075  0.904076    0.42506427]
 [ 0.7231195   0.2645216  -0.63806474]]"
20200221-184929.703296,47,[1.7846547  1.4820461  0.56527257],"[[-0.5018182  -0.07634091 -0.6946319 ]
 [-0.47029784  0.7194902  -0.10615131]
 [ 0.5320739   0.6790629  -0.09440956]
 [ 0.49385846 -0.124016   -0.7051992 ]]","[[-0.69323444  0.32719743 -0.6421588 ]
 [ 0.03614605  0.905669    0.42244196]
 [ 0.7198052   0.2696397  -0.63966787]]"
20200221-184929.703296,48,[1.7934824 1.4811509 0.5614087],"[[-0.5018867  -0.08194505 -0.69390744]
 [-0.471368    0.7180854  -0.11107768]
 [ 0.5310938   0.67911536 -0.09928922]
 [ 0.493823   -0.12822163 -0.7044827 ]]","[[-0.6938167   0.3236482  -0.6433275 ]
 [ 0.0349081   0.9073868   0.41884467]
 [ 0.71930516  0.2681441  -0.640858  ]]"
20200221-184929.703296,49,[1.8017001 1.482386  0.5582915],"[[-0.50179976 -0.08959985 -0.69329584]
 [-0.47741765  0.7133068  -0.11419351]
 [ 0.52538544  0.6831798  -0.10377529]
 [ 0.49420616 -0.12818272 -0.7039401 ]]","[[-0.6973484   0.31580746 -0.64340574]
 [ 0.02737108  0.9087724   0.41639346]
 [ 0.7162094   0.27276054 -0.64237505]]"
20200221-184929.703296,50,[1.8111851 1.4756529 0.5543857],"[[-0.50180274 -0.09303624 -0.6926533 ]
 [-0.4736971   0.7149131  -0.12071926]
 [ 0.5289299   0.67943084 -0.10894276]
 [ 0.49400267 -0.13644606 -0.7027021 ]]","[[-0.6948815   0.31588784 -0.6460299 ]
 [ 0.03218629  0.9111178   0.41088736]
 [ 0.71840364  0.26472473 -0.6432863 ]]"
20200221-184929.703296,51,[1.820896  1.4774619 0.5520511],"[[-0.5018283  -0.0962662  -0.692172  ]
 [-0.4743586   0.7140242  -0.12351014]
 [ 0.52828246  0.67944914 -0.11168049]
 [ 0.49403414 -0.13874847 -0.70226103]]","[[-0.69522387  0.31404883 -0.6465579 ]
 [ 0.03139419  0.9119131   0.40918118]
 [ 0.7181074   0.26417446 -0.6438431 ]]"
20200221-184929.703296,52,[1.8305053 1.4795363 0.5473133],"[[-0.5019715  -0.09878165 -0.6915403 ]
 [-0.4706208   0.71569896 -0.12905139]
 [ 0.5318185   0.6757652  -0.11605061]
 [ 0.49366954 -0.14614485 -0.7011774 ]]","[[-0.69280493  0.31593156 -0.64823496]
 [ 0.03624012  0.91303957  0.40625805]
 [ 0.7202138   0.2579655  -0.6440077 ]]"
20200221-184929.703296,53,[1.8389254  1.4767469  0.54475194],"[[-0.5019649  -0.10654366 -0.6905174 ]
 [-0.4765819   0.71103275 -0.13224699]
 [ 0.5262187   0.6795042  -0.12060537]
 [ 0.49395877 -0.14613348 -0.700822  ]]","[[-0.69645417  0.3074615  -0.64839745]
 [ 0.02881964  0.91481715  0.40283868]
 [ 0.7170225   0.26187205 -0.64598924]]"
20200221-184929.703296,54,[1.848012   1.4764668  0.54120874],"[[-0.50199383 -0.11132307 -0.68971276]
 [-0.4773926   0.70971876 -0.13649829]
 [ 0.52546984  0.67930096 -0.12485437]
 [ 0.4939438  -0.1498572  -0.70005465]]","[[-0.69688517  0.30454752 -0.649309  ]
 [ 0.02787584  0.9161785   0.3997999 ]
 [ 0.71664083  0.26051456 -0.64696074]]"
20200221-184929.703296,55,[1.8572047 1.4747711 0.5372663],"[[-0.5021447  -0.1196831  -0.688202  ]
 [-0.48264402  0.70533526 -0.140714  ]
 [ 0.52040267  0.68215585 -0.13027383]
 [ 0.4940512  -0.15113413 -0.6997189 ]]","[[-0.7002967   0.29638544 -0.64941543]
 [ 0.02122874  0.91797817  0.3960626 ]
 [ 0.7135363   0.26357505 -0.649149  ]]"
20200221-184929.703296,56,[1.8664933  1.4755394  0.53457254],"[[-0.5022381  -0.12608834 -0.68698275]
 [-0.4873734   0.701562   -0.14331692]
 [ 0.515792    0.68489456 -0.13403165]
 [ 0.49414855 -0.15110196 -0.6996787 ]]","[[-0.7033867   0.28978983 -0.64905226]
 [ 0.01516514  0.91903025  0.3938954 ]
 [ 0.7106455   0.26721773 -0.65082854]]"
20200221-184929.703296,57,[1.8755567 1.4755224 0.5313121],"[[-0.5023943  -0.13017018 -0.68593484]
 [-0.48761     0.7007687  -0.14725015]
 [ 0.5155623   0.68414307 -0.13776326]
 [ 0.49399593 -0.15468404 -0.6991653 ]]","[[-0.70366347  0.28759888 -0.64972657]
 [ 0.0148816   0.9201856   0.3911995 ]
 [ 0.7103776   0.26560378 -0.65178096]]"
20200221-184929.703296,58,[1.8843144 1.4771177 0.5286412],"[[-0.5023034  -0.13053708 -0.6858942 ]
 [-0.4837693   0.70270044 -0.15087083]
 [ 0.51932275  0.6807912  -0.14012912]
 [ 0.49392554 -0.16029666 -0.6979622 ]]","[[-0.7010054   0.29057464 -0.6512744 ]
 [ 0.01989607  0.9208411   0.3894301 ]
 [ 0.7128786   0.26003474 -0.6512958 ]]"
20200221-184929.703296,59,[1.8933927  1.477282   0.52543825],"[[-0.50247395 -0.13458678 -0.68482643]
 [-0.4841879   0.70176756 -0.15462641]
 [ 0.51891756  0.6801736  -0.14375417]
 [ 0.49376792 -0.16362579 -0.6974517 ]]","[[-0.7013828   0.28831193 -0.65187305]
 [ 0.01941248  0.9219313   0.38686708]
 [ 0.7125205   0.2586874  -0.65222365]]"
20200221-184929.703296,60,[1.9026537 1.4733365 0.5226015],"[[-0.5024432  -0.13907018  0.6839195 ]
 [-0.48476934  0.7004846   0.1587543 ]
 [ 0.5183789   0.67968696  0.14782973]
 [ 0.4937941  -0.16735055  0.69656146]]","[[-0.7016696   0.28504366  0.6530007 ]
 [ 0.01871902  0.9235473  -0.38302687]
 [ 0.7122565   0.25653479  0.65336084]]"
20200221-184929.703296,61,[1.9118179 1.4737345 0.5195029],"[[-0.5022827  -0.14280853  0.6833883 ]
 [-0.48526198  0.69922894  0.16220784]
 [ 0.51790804  0.6793907   0.15138066]
 [ 0.49396753 -0.17062445  0.6955236 ]]","[[-0.70174265  0.28295046  0.653832  ]
 [ 0.01813891  0.92454696 -0.38063625]
 [ 0.71219945  0.25524893  0.6539265 ]]"
20200221-184929.703296,62,[1.9214922  1.4706773  0.51739275],"[[-0.5021481  -0.14889818  0.68231523]
 [-0.48958328  0.69547266  0.16480604]
 [ 0.5136995   0.6818309   0.15526946]
 [ 0.4942357  -0.17103823  0.6951089 ]]","[[-0.7044211   0.27612087  0.6538717 ]
 [ 0.01255856  0.925933   -0.37747887]
 [ 0.70967126  0.2576925   0.65571445]]"
20200221-184929.703296,63,[1.9314009  1.4654459  0.51413214],"[[-0.50222766 -0.15138663  0.68154037]
 [-0.48634696  0.69665426  0.17009424]
 [ 0.5168597   0.6783471   0.15920278]
 [ 0.49405482 -0.17776397  0.6937039 ]]","[[-0.7022817   0.2764765   0.6560194 ]
 [ 0.01681734  0.9276917  -0.3729682 ]
 [ 0.7117006   0.25089622  0.6561503 ]]"
20200221-184929.703296,64,[1.9403344 1.467431  0.511748 ],"[[-0.502145   -0.15178438  0.68148524]
 [-0.48318622  0.6981158   0.17321983]
 [ 0.5199477   0.67550766  0.16115096]
 [ 0.49399984 -0.18244222  0.692534  ]]","[[-0.69999987  0.27901572  0.6573814 ]
 [ 0.02098834  0.9281581  -0.37159377]
 [ 0.7138345   0.2463182   0.6555666 ]]"
20200221-184929.703296,65,[1.9494504 1.4744037 0.50971  ],"[[-0.5021918  -0.1531878   0.6811214 ]
 [-0.48335695  0.69769996  0.17449318]
 [ 0.51976335  0.67530864  0.1624341 ]
 [ 0.49397975 -0.1835946   0.69227254]]","[[-0.70009804  0.27928948  0.65716076]
 [ 0.02078086  0.9279124  -0.3722187 ]
 [ 0.7137443   0.24693327  0.6554335 ]]"
20200221-184929.703296,66,[1.9595274  1.4734762  0.50616854],"[[-0.5022949  -0.15523875  0.68042725]
 [-0.48041144  0.69873536  0.17908724]
 [ 0.52260184  0.6721369   0.16577204]
 [ 0.4937531  -0.18947822  0.6909892 ]]","[[-0.69810945  0.2803797   0.65880996]
 [ 0.02467203  0.92901087 -0.36922938]
 [ 0.71556604  0.24150828  0.65546864]]"
20200221-184929.703296,67,[1.9684018  1.4715687  0.50420576],"[[-0.50215834 -0.16077232  0.6793553 ]
 [-0.48446164  0.6952372   0.18134266]
 [ 0.5187386   0.6743798   0.16933155]
 [ 0.49400854 -0.18976223  0.6905926 ]]","[[-0.70065856  0.27428     0.6586717 ]
 [ 0.01948237  0.93017036 -0.36661154]
 [ 0.7132309   0.24403703  0.65707517]]"
20200221-184929.703296,68,[1.9782642  1.4756309  0.50319946],"[[-0.50203735 -0.16410732  0.67876244]
 [-0.48813406  0.692473    0.18162692]
 [ 0.5151701   0.676834    0.17088445]
 [ 0.4942505  -0.18827109  0.69071823]]","[[-0.70300007  0.27039945  0.6577804 ]
 [ 0.01469981  0.93022865 -0.3666865 ]
 [ 0.71103793  0.24811141  0.6579254 ]]"
20200221-184929.703296,69,[1.987255  1.4738814 0.5012453],"[[-0.5018768  -0.16932479  0.67769593]
 [-0.49176297  0.6892129   0.18386184]
 [ 0.51165587  0.6787395   0.17433636]
 [ 0.49446657 -0.18875271  0.6903117 ]]","[[-0.7052906   0.26470232  0.65764576]
 [ 0.00997461  0.9312884  -0.36414614]
 [ 0.7088482   0.25026914  0.65946937]]"
20200221-184929.703296,70,[1.9963353  1.4720968  0.49934396],"[[ 0.50170034 -0.17431515  0.6766518 ]
 [ 0.4951102   0.6861239   0.18608242]
 [-0.50839126  0.6804332   0.17770179]
 [-0.49467245 -0.1893644   0.68988216]]","[[ 0.7074046   0.25928253  0.6575343 ]
 [-0.00557835  0.9323049  -0.3616301 ]
 [-0.7067869   0.25215083  0.66096306]]"
20200221-184929.703296,71,[2.006428   1.4673723  0.49640772],"[[ 0.50154805 -0.1805535   0.67523116]
 [ 0.4983507   0.6827042   0.18960622]
 [-0.5051708   0.68168694  0.18239194]
 [-0.49487266 -0.19135928  0.6890905 ]]","[[ 0.7094616   0.2528193   0.6578347 ]
 [-0.00129231  0.933903   -0.35752428]
 [-0.7047429   0.25279957  0.662895  ]]"
20200221-184929.703296,72,[2.016397   1.4734972  0.49410844],"[[ 0.50157124 -0.18417427  0.67421174]
 [ 0.5013961   0.6802238   0.1905926 ]
 [-0.50210387  0.68335146  0.18444815]
 [-0.49489436 -0.19080503  0.68926924]]","[[ 0.71158063  0.24959426  0.6567769 ]
 [ 0.00277335  0.9337696  -0.35786414]
 [-0.70259917  0.25647062  0.66376   ]]"
20200221-184929.703296,73,[2.0258858  1.4744153  0.49151614],"[[ 0.5013653  -0.18679331  0.6737404 ]
 [ 0.50128245  0.6794216   0.19338943]
 [-0.5022149   0.68262726  0.18715361]
 [-0.49510485 -0.19368628  0.6882209 ]]","[[ 0.7113137   0.24853027  0.65746915]
 [ 0.00265254  0.93444437 -0.3560997 ]
 [-0.7028697   0.25504255  0.6640239 ]]"
20200221-184929.703296,74,[2.0360641  1.478591   0.49068365],"[[ 0.50147974 -0.18542977  0.6738737 ]
 [ 0.498137    0.6815081   0.19478159]
 [-0.5053645   0.6801332   0.18715288]
 [-0.49495843 -0.1964205   0.6876976 ]]","[[ 0.70926666  0.2522252   0.658273  ]
 [-0.00151759  0.93434364 -0.35636976]
 [-0.70493877  0.2517622   0.6630815 ]]"
20200221-184929.703296,75,[2.0458105  1.4774079  0.48952958],"[[ 0.501452   -0.18739887  0.67331886]
 [ 0.49813473  0.68097186  0.1967962 ]
 [-0.50538754  0.6795592   0.18907663]
 [-0.49496564 -0.19839051  0.68714124]]","[[ 0.7092349   0.25091857  0.6588063 ]
 [-0.0015368   0.93506193 -0.35448104]
 [-0.7049706   0.2503979   0.66356415]]"
20200221-184929.703296,76,[2.055376   1.4783937  0.48701733],"[[ 0.50125813 -0.19001828  0.6728321 ]
 [ 0.4981908   0.6800589   0.19943899]
 [-0.5053306   0.67896485  0.19170843]
 [-0.49516413 -0.20104626  0.68612635]]","[[ 0.70906377  0.24975932  0.6594306 ]
 [-0.00146883  0.93569237 -0.35281393]
 [-0.70514286  0.24919894  0.66383237]]"
20200221-184929.703296,77,[2.0649729  1.4836408  0.48416662],"[[ 0.50140154 -0.19206974  0.67197543]
 [ 0.49799493  0.6797191   0.20168929]
 [-0.5055264   0.6780815   0.19367966]
 [-0.49501625 -0.20321651  0.6857543 ]]","[[ 0.70909446  0.24975649  0.65939885]
 [-0.00170968  0.93577313 -0.35259843]
 [-0.70511156  0.24889818  0.66397846]]"
20200221-184929.703296,78,[2.075327   1.4788749  0.48153642],"[[ 0.50150883 -0.1938039   0.67122334]
 [ 0.49495333  0.6807965   0.20614432]
 [-0.508549    0.674767    0.19667001]
 [-0.4948613  -0.2089148   0.6843129 ]]","[[ 0.7070856   0.25042394  0.66130006]
 [-0.00574104  0.93719363 -0.3487621 ]
 [-0.7071047   0.24280807  0.6641139 ]]"
20200221-184929.703296,79,[2.0843694  1.4815333  0.47966212],"[[ 0.50118333 -0.19758543  0.6705922 ]
 [ 0.4980114   0.6779683   0.20731989]
 [-0.505529    0.67654854  0.19915533]
 [-0.49521765 -0.2088085   0.68385786]]","[[ 0.70888     0.24660435  0.6608142 ]
 [-0.00169164  0.93747956 -0.3480363 ]
 [-0.70532715  0.24559808  0.6649776 ]]"
20200221-184929.703296,80,[2.0942185  1.482719   0.47722062],"[[ 0.5011472  -0.20003483  0.6698534 ]
 [ 0.49791482  0.6772889   0.20991275]
 [-0.505645    0.6757096   0.20158575]
 [-0.49523306 -0.21138275  0.68307847]]","[[ 0.70879567  0.24563412  0.66126585]
 [-0.00180472  0.93804383 -0.34651187]
 [-0.70541155  0.24441269  0.66532475]]"
20200221-184929.703296,81,[2.1033452  1.4853809  0.47540638],"[[ 0.5014377  -0.19992083  0.66938114]
 [ 0.49497497  0.6789786   0.21239717]
 [-0.50858223  0.6729019   0.20261185]
 [-0.49487808 -0.21499522  0.68246996]]","[[ 0.70701724  0.2483826   0.66214263]
 [-0.00573121  0.938274   -0.34584528]
 [-0.70717317  0.2407237   0.6647996 ]]"
20200221-184929.703296,82,[2.1136363  1.4867119  0.47374523],"[[-0.50137883 -0.20000188  0.66940427]
 [-0.49243867  0.68009     0.21473931]
 [ 0.5110664   0.67063797  0.20381278]
 [ 0.49490905 -0.21845351  0.6813557 ]]","[[-0.70511067  0.2505297   0.66336566]
 [ 0.00913915  0.93864036 -0.34477687]
 [ 0.7090383   0.23704317  0.664135  ]]"
20200221-184929.703296,83,[2.1235745 1.4857695 0.4728246],"[[-0.5013432  -0.20177864  0.66886926]
 [-0.4925565   0.6794955   0.21646343]
 [ 0.5109675   0.67018366  0.20546718]
 [ 0.4949291  -0.22005689  0.68083805]]","[[-0.70514864  0.2492565   0.6638047 ]
 [ 0.00899949  0.9392469  -0.34312415]
 [ 0.7090026   0.2359797   0.6645518 ]]"
20200221-184929.703296,84,[2.1341991 1.4854279 0.4700475],"[[-0.5014429  -0.20305021  0.6682669 ]
 [-0.48995858  0.6803735   0.22006905]
 [ 0.5135187   0.6673663   0.20776519]
 [ 0.4947665  -0.22468878  0.6795752 ]]","[[-0.7033735   0.25059098  0.66518414]
 [ 0.01246098  0.9400009  -0.34094465]
 [ 0.71071124  0.23152259  0.6642943 ]]"
20200221-184929.703296,85,[2.1441925 1.4825777 0.4681497],"[[-0.5014233  -0.20605874  0.66734934]
 [-0.49032503  0.67923564  0.22281565]
 [ 0.51317614  0.6667405   0.21057373]
 [ 0.49477926 -0.22723643  0.6787171 ]]","[[-0.7035588   0.24828528  0.6658523 ]
 [ 0.01203478  0.9410081  -0.33816987]
 [ 0.71053517  0.22990897  0.66504264]]"
20200221-184929.703296,86,[2.1541674  1.4799286  0.46626267],"[[-0.50140023 -0.20896421  0.66643727]
 [-0.4905902   0.6781759   0.2255539 ]
 [ 0.5129325   0.66603786  0.21329789]
 [ 0.49479237 -0.22979471  0.6778579 ]]","[[-0.7036898   0.24611202  0.6665206 ]
 [ 0.01171677  0.94198304 -0.3354561 ]
 [ 0.7104108   0.22824757  0.66574734]]"
20200221-184929.703296,87,[2.16421    1.4792697  0.46546683],"[[-0.5013642  -0.21063119  0.66591865]
 [-0.49077433  0.67755467  0.22710633]
 [ 0.5127666   0.66565734  0.2148192 ]
 [ 0.4948177  -0.23120306  0.6773682 ]]","[[-0.70376587  0.24487463  0.666896  ]
 [ 0.01149909  0.9425222  -0.3339457 ]
 [ 0.71033907  0.22735092  0.66613066]]"
20200221-184929.703296,88,[2.174788   1.4752673  0.46316946],"[[-0.5012512  -0.21574676  0.6644698 ]
 [-0.49366257  0.6744668   0.22972254]
 [ 0.5099235   0.6666686   0.21870852]
 [ 0.49499768 -0.2325958   0.676664  ]]","[[-0.70566535  0.23932016  0.66690487]
 [ 0.00770712  0.9437682  -0.3305181 ]
 [ 0.7085035   0.22809528  0.66782904]]"
20200221-184929.703296,89,[2.1839724  1.4782709  0.46163243],"[[ 0.5013275  -0.21885093  0.6633569 ]
 [ 0.49617666  0.6723646   0.23060338]
 [-0.50744635  0.6678609   0.22069253]
 [-0.494952   -0.23236158  0.67681205]]","[[ 0.7075312   0.23622456  0.6660313 ]
 [-0.00435773  0.943917   -0.3301544 ]
 [-0.7066688   0.2306921   0.6688801 ]]"
20200221-184929.703296,90,[2.193857  1.479796  0.4596497],"[[ 0.5012799  -0.22408965  0.6617137 ]
 [ 0.50109595  0.66834366  0.23144922]
 [-0.5025349   0.67058384  0.22382073]
 [-0.4950555  -0.23112382  0.67710465]]","[[ 0.71101236  0.22986506  0.6645477 ]
 [ 0.00225798  0.94430995 -0.32904968]
 [-0.703176    0.23545891  0.67089695]]"
20200221-184929.703296,91,[2.2037141  1.4855844  0.45733717],"[[ 0.50143695 -0.22543041  0.66098946]
 [ 0.5008855   0.66812277  0.23300311]
 [-0.50274307  0.66982704  0.22513103]
 [-0.49489817 -0.23264787  0.6768447 ]]","[[ 0.7110369   0.23032868  0.664361  ]
 [ 0.00199523  0.94416416 -0.32946962]
 [-0.703152    0.23559058  0.67087597]]"
20200221-184929.703296,92,[2.213498   1.4908903  0.45517674],"[[ 0.5015393  -0.2299445   0.6592994 ]
 [ 0.50552714  0.6645678   0.2333178 ]
 [-0.4980485   0.6724196   0.22755921]
 [-0.49482167 -0.23092543  0.6775721 ]]","[[ 0.71449006  0.22516675  0.66242296]
 [ 0.00828869  0.9440071  -0.32982138]
 [-0.69959664  0.24114463  0.67261726]]"
20200221-184929.703296,93,[2.2244387 1.4909643 0.4527329],"[[ 0.5013748  -0.23388189  0.65811104]
 [ 0.5076635   0.66214657  0.2353542 ]
 [-0.49587908  0.6730564   0.23057875]
 [-0.49497938 -0.23206909  0.67700213]]","[[ 0.71590567  0.2214245   0.66215575]
 [ 0.01122227  0.94460773 -0.32800928]
 [-0.6981069   0.24225461  0.6737651 ]]"
20200221-184929.703296,94,[2.2335837 1.4939449 0.4513772],"[[ 0.5012777  -0.23344333  0.6583249 ]
 [ 0.5051055   0.6634303   0.23730546]
 [-0.49848136  0.6709159   0.23117843]
 [-0.49508175 -0.2350252   0.6759079 ]]","[[ 0.71399987  0.22422758  0.6632697 ]
 [ 0.0077715   0.944734   -0.3277464 ]
 [-0.700103    0.23916548  0.6727972 ]]"
20200221-184929.703296,95,[2.244326  1.5019884 0.4509533],"[[ 0.5012967  -0.23457445  0.65788066]
 [ 0.5073648   0.66206634  0.23637886]
 [-0.4961725   0.6725504   0.23124528]
 [-0.49507162 -0.23306373  0.6766416 ]]","[[ 0.7156592   0.22302707  0.66188437]
 [ 0.01085737  0.943981   -0.3298211 ]
 [-0.6983653   0.24322575  0.6731473 ]]"
20200221-184929.703296,96,[2.2558942  1.5045402  0.44787002],"[[ 0.501261   -0.23685077  0.6570625 ]
 [ 0.50702703  0.661417    0.23900843]
 [-0.49649677  0.67144585  0.23360682]
 [-0.49512818 -0.2357743   0.6757007 ]]","[[ 0.7154338   0.22261037  0.6622682 ]
 [ 0.01045989  0.9443653  -0.3287322 ]
 [-0.6986023   0.24211334  0.6733023 ]]"
20200221-184929.703296,97,[2.2650976  1.5074608  0.44657522],"[[ 0.50154465 -0.23632589  0.65676224]
 [ 0.50429153  0.66307396  0.2410159 ]
 [-0.4992811   0.6689446   0.23406543]
 [-0.49483505 -0.23873985  0.67512083]]","[[ 0.7137884   0.22547258  0.6630751 ]
 [ 0.00680643  0.9444832  -0.32848966]
 [-0.70032865  0.23898524  0.6726263 ]]"
20200221-184929.703296,98,[2.2761848 1.5095729 0.4454509],"[[ 0.5013847  -0.23893437  0.6560188 ]
 [ 0.5064732   0.66109544  0.24166329]
 [-0.49707252  0.6700692   0.23573913]
 [-0.49499205 -0.2384763   0.67502993]]","[[ 0.71523005  0.22266689  0.6624693 ]
 [ 0.00977652  0.94460857 -0.32805374]
 [-0.69882077  0.2411105   0.67343545]]"
20200221-184929.703296,99,[2.287039  1.5072746 0.444515 ],"[[ 0.50151443 -0.23902225  0.6557566 ]
 [ 0.503839    0.66233164  0.24418515]
 [-0.49973437  0.66754705  0.23686162]
 [-0.49486893 -0.24200502  0.67398345]]","[[ 0.71348166  0.22417957  0.6638431 ]
 [ 0.00625421  0.9453597  -0.32596943]
 [-0.7006461   0.23672502  0.67309475]]"
20200221-184929.703296,100,[2.2973692 1.5083787 0.4428597],"[[ 0.5014097  -0.24365944  0.6541878 ]
 [ 0.50819635  0.6586885   0.24485093]
 [-0.49531865  0.6698739   0.23966481]
 [-0.49495843 -0.24089098  0.6742748 ]]","[[ 0.71657     0.21839727  0.6624424 ]
 [ 0.01220512  0.9456463  -0.32496777]
 [-0.6974084   0.2409473   0.67495626]]"
20200221-184929.703296,101,[2.306902   1.5113297  0.44162253],"[[ 0.5014159  -0.24615769  0.65319496]
 [ 0.51017016  0.65695757  0.24555899]
 [-0.4933209   0.67071533  0.24126837]
 [-0.49491718 -0.24073717  0.67440873]]","[[ 0.7180504   0.2159126   0.66165346]
 [ 0.01492825  0.9456672  -0.32479337]
 [-0.69583094  0.24309541  0.6758136 ]]"
20200221-184929.703296,102,[2.3181963  1.5177224  0.44026932],"[[ 0.5012135  -0.24811889  0.6526926 ]
 [ 0.5122617   0.6552166   0.24562073]
 [-0.49117628  0.67198753  0.24231818]
 [-0.49509495 -0.23991881  0.6744957 ]]","[[ 0.7194061   0.21423517  0.66072553]
 [ 0.01780839  0.9452441  -0.3258781 ]
 [-0.6943614   0.24620517  0.67619914]]"
20200221-184929.703296,103,[2.3282924  1.5231094  0.43837598],"[[ 0.5009432  -0.24910155  0.6526303 ]
 [ 0.51201946  0.6548231   0.24688704]
 [-0.49141246  0.671536    0.24336524]
 [-0.49538484 -0.24123585  0.6737166 ]]","[[ 0.71903414  0.21489657  0.66091573]
 [ 0.01752796  0.94508225 -0.32636258]
 [-0.69475377  0.24625027  0.67577964]]"
20200221-184929.703296,104,[2.3396623 1.5250524 0.437392 ],"[[ 0.5007719  -0.251427    0.6519343 ]
 [ 0.5139045   0.6530541   0.24749157]
 [-0.48947233  0.67245644  0.24487524]
 [-0.49552712 -0.24105446  0.6736215 ]]","[[ 0.72028375  0.21238607  0.66036636]
 [ 0.02014677  0.9451695  -0.3259587 ]
 [-0.6933872   0.24808694  0.6765111 ]]"
20200221-184929.703296,105,[2.3500814 1.522224  0.4360578],"[[ 0.5007714  -0.25323614  0.6511813 ]
 [ 0.51333994  0.65266484  0.24985664]
 [-0.49006772  0.67122805  0.24689855]
 [-0.49552354 -0.24362445  0.67273754]]","[[ 0.71995133  0.21133505  0.6610655 ]
 [ 0.0194606   0.94598854 -0.3236157 ]
 [-0.69375163  0.24585232  0.6769529 ]]"
20200221-184929.703296,106,[2.360232  1.5254849 0.4354745],"[[ 0.50093234 -0.25359094  0.6507714 ]
 [ 0.5129132   0.65286905  0.25062665]
 [-0.49050578  0.67059284  0.24731568]
 [-0.49536946 -0.2444567   0.6726949 ]]","[[ 0.71985024  0.21184349  0.66101307]
 [ 0.01894425  0.94593984 -0.32378826]
 [-0.693871    0.24560143  0.6769219 ]]"
20200221-184929.703296,107,[2.3711836  1.5274673  0.43438697],"[[ 0.5010203  -0.2529548   0.6508225 ]
 [ 0.5101741   0.65440553  0.25258094]
 [-0.4933115   0.6682586   0.24769409]
 [-0.49532318 -0.24738277  0.6717741 ]]","[[ 0.7180416   0.21457805  0.66209733]
 [ 0.01531924  0.9461858  -0.32326144]
 [-0.6958318   0.24225794  0.6761134 ]]"
20200221-184929.703296,108,[2.381677   1.529032   0.43278027],"[[ 0.5009782  -0.25435084  0.650278  ]
 [ 0.50983316  0.65403354  0.25433627]
 [-0.49367303  0.6674064   0.2491857 ]
 [-0.4953569  -0.24922802  0.67108756]]","[[ 0.71781045  0.21435903  0.66241854]
 [ 0.01490919  0.9464741  -0.32243547]
 [-0.6960789   0.24132371  0.67619306]]"
20200221-184929.703296,109,[2.392809   1.5328027  0.43059108],"[[ 0.5010029  -0.25711885  0.6491165 ]
 [ 0.5116043   0.6522611   0.2554815 ]
 [-0.49184316  0.66793764  0.2511583 ]
 [-0.49532598 -0.24960989  0.67104137]]","[[ 0.71917075  0.21209064  0.6616731 ]
 [ 0.01737972  0.94648707 -0.32227385]
 [-0.6946164   0.24326962  0.67699957]]"
20200221-184929.703296,110,[2.403315   1.529911   0.42939243],"[[ 0.5009864  -0.25885442  0.6483877 ]
 [ 0.51107836  0.6518481   0.25774977]
 [-0.49239504  0.66675675  0.25306398]
 [-0.49533725 -0.2520402   0.6701622 ]]","[[ 0.7188505   0.21103404  0.66235834]
 [ 0.01675458  0.94727135 -0.3199938 ]
 [-0.6949628   0.24112527  0.67741084]]"
20200221-184929.703296,111,[2.4128006  1.5291677  0.42858034],"[[ 0.5010636  -0.25865856  0.64826053]
 [ 0.5084579   0.6531464   0.26005563]
 [-0.49509698  0.6643355   0.25381216]
 [-0.49526247 -0.25525343  0.6691105 ]]","[[ 0.7171045   0.21301103  0.6636171 ]
 [ 0.01328172  0.9478021  -0.31858245]
 [-0.69683915  0.23727082  0.67684394]]"
20200221-184929.703296,112,[2.422413   1.5320693  0.42757598],"[[ 0.5011087  -0.26086184  0.64728886]
 [ 0.51030046  0.6515675   0.2605591 ]
 [-0.49322963  0.6651151   0.25524214]
 [-0.49518466 -0.25501487  0.66931105]]","[[ 0.71851504  0.21076283  0.66280854]
 [ 0.01581549  0.94778246 -0.3185248 ]
 [-0.69533163  0.23934743  0.67766273]]"
20200221-184929.703296,113,[2.4325626 1.5295575 0.4264324],"[[ 0.5013139  -0.25972563  0.64733917]
 [ 0.5055001   0.65421116  0.26396438]
 [-0.49812052  0.66098356  0.25584385]
 [-0.49500495 -0.2600978   0.6676966 ]]","[[ 0.7153119   0.21468128  0.6650118 ]
 [ 0.00942479  0.9485908  -0.31636482]
 [-0.6987418   0.23256718  0.676515  ]]"
20200221-184929.703296,114,[2.4421573  1.5326357  0.42548034],"[[ 0.5013649  -0.2618714   0.64638895]
 [ 0.50735784  0.65264916  0.26439905]
 [-0.49624866  0.66179866  0.257229  ]
 [-0.49493295 -0.25979865  0.66791284]]","[[ 0.7167351   0.21249346  0.66418165]
 [ 0.01196446  0.94855535 -0.3163851 ]
 [-0.6972428   0.23471083  0.6773206 ]]"
20200221-184929.703296,115,[2.4524283  1.5303222  0.42437053],"[[ 0.50154424 -0.26077968  0.64647067]
 [ 0.5027057   0.6551476   0.2676958 ]
 [-0.50095415  0.6577977   0.25781175]
 [-0.49475765 -0.2647207   0.66629374]]","[[ 0.7135942   0.2162708   0.66634077]
 [ 0.00577903  0.94930583 -0.3143003 ]
 [-0.7005353   0.22813365  0.67616946]]"
20200221-184929.703296,116,[2.463007   1.5278553  0.42327785],"[[ 0.50150746 -0.2625435   0.64575857]
 [ 0.5024332   0.654551    0.26976046]
 [-0.5012376   0.65683305  0.25963277]
 [-0.49478477 -0.2668408   0.6654441 ]]","[[ 0.7134002   0.2150636   0.66693926]
 [ 0.00545651  0.9500075  -0.31217945]
 [-0.70073575  0.226348    0.67656195]]"
20200221-184929.703296,117,[2.4731383  1.5357744  0.42282668],"[[ 0.50143623 -0.25949126  0.64698064]
 [ 0.49817273  0.65749145  0.27068698]
 [-0.5054819   0.65413094  0.25806576]
