Timestamp,Epoch,s,u,v
20200224-080838.723031,0,[0.497167   0.22173767 0.03670993],"[[-0.33749074 -0.8251484  -0.09365302]
 [-0.49762368  0.3791811  -0.7622718 ]
 [-0.7210168  -0.07246467  0.29954886]
 [ 0.34439194 -0.412433   -0.56607527]]","[[ 0.9102869   0.30308598 -0.2819871 ]
 [ 0.31651646 -0.07051319  0.9459626 ]
 [-0.26682422  0.95035094  0.16011891]]"
20200224-080838.723031,1,[0.49506813 0.2265564  0.03717795],"[[-0.3394367  -0.8272439  -0.09765001]
 [-0.4987699   0.37570074 -0.7660149 ]
 [-0.71954805 -0.06723686  0.31271216]
 [ 0.3438924  -0.41230583 -0.5530791 ]]","[[ 0.90898263  0.30836374 -0.2804682 ]
 [ 0.31071597 -0.05273045  0.94903904]
 [-0.27786     0.9498061   0.14374457]]"
20200224-080838.723031,2,[0.49339005 0.23156698 0.03758713],"[[-0.3416267  -0.8291486  -0.10158108]
 [-0.49963796  0.37276357 -0.7693151 ]
 [-0.7181327  -0.06192347  0.32509232]
 [ 0.34342116 -0.4119774  -0.54050946]]","[[ 0.90771526  0.31270573 -0.2797642 ]
 [ 0.30552253 -0.03558067  0.9515198 ]
 [-0.2875915   0.9491834   0.12783578]]"
20200224-080838.723031,3,[0.49152145 0.23642243 0.03805495],"[[-0.34276247 -0.8315106  -0.1050402 ]
 [-0.5010687   0.36903805 -0.77237225]
 [-0.716625   -0.05735391  0.33740905]
 [ 0.34335512 -0.411232   -0.52779067]]","[[ 0.9060201   0.3188388  -0.27833354]
 [ 0.29974225 -0.0191002   0.9538291 ]
 [-0.29880145  0.9476166   0.11287461]]"
20200224-080838.723031,4,[0.48978162 0.24132471 0.03850641],"[[-0.343408   -0.833855   -0.10775796]
 [-0.50262904  0.36528748 -0.7749238 ]
 [-0.7151721  -0.05340656  0.34846714]
 [ 0.343459   -0.41036424 -0.51619005]]","[[ 0.9040837   0.3254826  -0.27693656]
 [ 0.29389948 -0.00308792  0.9558314 ]
 [-0.31025133  0.94554305  0.0984509 ]]"
20200224-080838.723031,5,[0.487891   0.2466809  0.03893483],"[[-0.3436186  -0.8364847  -0.11073482]
 [-0.50433123  0.36138815 -0.7773084 ]
 [-0.7137245  -0.0496075   0.3597934 ]
 [ 0.3437638  -0.40893918 -0.5040614 ]]","[[ 0.9017102   0.3333221  -0.27534524]
 [ 0.28734908  0.01380008  0.9577264 ]
 [-0.3230312   0.94271195  0.08333611]]"
20200224-080838.723031,6,[0.4868865  0.25177935 0.03941685],"[[-0.34476238 -0.8386364  -0.11287392]
 [-0.505596    0.35789555 -0.77949077]
 [-0.71225286 -0.04512229  0.37020126]
 [ 0.34381375 -0.40812272 -0.49254906]]","[[ 0.8999671   0.337911   -0.27545524]
 [ 0.2828413   0.02824729  0.9587507 ]
 [-0.33175325  0.9407542   0.07015356]]"
20200224-080838.723031,7,[0.48497605 0.25695714 0.03985997],"[[-0.3429829  -0.8417064  -0.11444695]
 [-0.5080777   0.35307983 -0.7811538 ]
 [-0.71085554 -0.04328083  0.37958452]
 [ 0.3448255  -0.40619206 -0.48230308]]","[[ 0.8966453   0.34841973 -0.273187  ]
 [ 0.27546912  0.04403771  0.9603008 ]
 [-0.34661826  0.93630373  0.05649268]]"
20200224-080838.723031,8,[0.48382002 0.2614564  0.04028292],"[[-0.34147522 -0.84455526 -0.1160536 ]
 [-0.5102999   0.3486723  -0.7826286 ]
 [-0.7094357  -0.04143607  0.38845754]
 [ 0.34596217 -0.40427387 -0.47236103]]","[[ 0.89377815  0.356631   -0.2719829 ]
 [ 0.26983118  0.05683354  0.9612289 ]
 [-0.35826176  0.93251497  0.04543358]]"
20200224-080838.723031,9,[0.48254818 0.26633307 0.04064801],"[[-0.3392044  -0.8475269  -0.1174901 ]
 [-0.51271015  0.34421113 -0.78378326]
 [-0.7081084  -0.04041908  0.39651772]
 [ 0.34734878 -0.4019745  -0.4633074 ]]","[[ 0.8903083   0.36627775 -0.27053952]
 [ 0.26340476  0.07037986  0.96211475]
 [-0.37144166  0.9278402   0.03381953]]"
20200224-080838.723031,10,[0.48144722 0.2723839  0.04101295],"[[-0.3379034  -0.85022736 -0.11885309]
 [-0.51467973  0.34025007 -0.7848917 ]
 [-0.7068251  -0.0383353   0.40462825]
 [ 0.34831604 -0.3998418  -0.45397678]]","[[ 0.88687867  0.37474862 -0.27020288]
 [ 0.2571125   0.08556639  0.9625858 ]
 [-0.38384798  0.9231694   0.02046554]]"
20200224-080838.723031,11,[0.48020402 0.2776123  0.04132674],"[[-0.33400145 -0.85367197 -0.12017298]
 [-0.5175752   0.33524054 -0.7856655 ]
 [-0.7055657  -0.03877107  0.41195363]
 [ 0.35033607 -0.39667955 -0.44562528]]","[[ 0.88228196  0.3865785  -0.26857996]
 [ 0.24972321  0.09926604  0.9632157 ]
 [-0.3990194   0.9168986   0.008957  ]]"
20200224-080838.723031,12,[0.47949517 0.2819698  0.04173464],"[[-0.3303252  -0.8570742  -0.12103415]
 [-0.5204232   0.32989827 -0.7865108 ]
 [-0.7041686  -0.0388454   0.41943896]
 [ 0.3524084  -0.39380482 -0.43683228]]","[[ 8.7818223e-01  3.9645812e-01 -2.6761359e-01]
 [ 2.4383105e-01  1.1028824e-01  9.6352625e-01]
 [-4.1151237e-01  9.1140419e-01 -1.8438367e-04]]"
20200224-080838.723031,13,[0.47896037 0.28694052 0.04208676],"[[-0.32718846 -0.86022043 -0.12210242]
 [-0.52291137  0.3251961  -0.7871938 ]
 [-0.702847   -0.03852361  0.4266371 ]
 [ 0.35428497 -0.39087662 -0.42824966]]","[[ 0.87417716  0.4053656  -0.26738188]
 [ 0.23824453  0.1217794   0.96354   ]
 [-0.42314768  0.90600693 -0.00988063]]"
20200224-080838.723031,14,[0.4785062  0.2918962  0.04241619],"[[-0.32343054 -0.8633826  -0.12279512]
 [-0.52554834  0.32034338 -0.7876901 ]
 [-0.70157194 -0.03895025  0.43297368]
 [ 0.35635442 -0.3878577  -0.42071253]]","[[ 0.8698192   0.4147849  -0.26714784]
 [ 0.23251195  0.13294615  0.96346426]
 [-0.43514675  0.90015477 -0.01919668]]"
20200224-080838.723031,15,[0.4774624  0.29736358 0.04277968],"[[-0.31510162 -0.8682655  -0.12329746]
 [-0.5299086   0.3125837  -0.7880913 ]
 [-0.70022976 -0.04266205  0.43966684]
 [ 0.359981   -0.3828658  -0.4127993 ]]","[[ 0.8621891   0.431685   -0.26510042]
 [ 0.22293772  0.14657895  0.9637498 ]
 [-0.45489436  0.89003533 -0.0301399 ]]"
20200224-080838.723031,16,[0.477184   0.30281246 0.04313728],"[[-0.31007594 -0.8717721  -0.12347033]
 [-0.5328955   0.30685762 -0.78846216]
 [-0.698923   -0.04394725  0.4455712 ]
 [ 0.36246642 -0.37936822 -0.4056463 ]]","[[ 0.8568078   0.44219017 -0.26523206]
 [ 0.21666695  0.15802045  0.9633718 ]
 [-0.46790558  0.88289154 -0.03958515]]"
20200224-080838.723031,17,[0.4769582  0.30809718 0.04344463],"[[-0.30377957 -0.875547   -0.12379031]
 [-0.536198    0.30072248 -0.7886671 ]
 [-0.6976197  -0.04645231  0.45106894]
 [ 0.36542612 -0.3752671  -0.39901963]]","[[ 0.8506542   0.45399383 -0.26509807]
 [ 0.20988742  0.16905043  0.96300006]
 [-0.48201102  0.8748209  -0.04851589]]"
20200224-080838.723031,18,[0.47699714 0.31225547 0.04376182],"[[-0.29774597 -0.8791339  -0.12414272]
 [-0.53931975  0.2947373  -0.7888352 ]
 [-0.69624853 -0.04881902  0.45657182]
 [ 0.36840168 -0.37130916 -0.3922622 ]]","[[ 0.84510994  0.46428415 -0.26500854]
 [ 0.20428309  0.17763177  0.9626605 ]
 [-0.49402198  0.86769074 -0.05527297]]"
20200224-080838.723031,19,[0.47671515 0.3177258  0.04405817],"[[-0.28704613 -0.8840773  -0.12411951]
 [-0.54393464  0.2860812  -0.78884864]
 [-0.6948039  -0.05481391  0.46146977]
 [ 0.3728097  -0.365459   -0.3864684 ]]","[[ 0.8357496   0.48148665 -0.26399422]
 [ 0.19481812  0.18949316  0.96236074]
 [-0.5133891   0.85572344 -0.06456652]]"
20200224-080838.723031,20,[0.4767496  0.32119521 0.04443229],"[[-0.27597395 -0.8890265  -0.12386794]
 [-0.5485503   0.27675775 -0.7889348 ]
 [-0.6931667  -0.06087942  0.4667742 ]
 [ 0.3774269  -0.3596255  -0.3799475 ]]","[[ 0.82667434  0.49769163 -0.26251194]
 [ 0.18640463  0.19796415  0.96232194]
 [-0.5309076   0.8444602  -0.07087982]]"
20200224-080838.723031,21,[0.4770167  0.32650575 0.04479742],"[[-0.26722193 -0.8931434  -0.12330645]
 [-0.55225515  0.2688435  -0.78901386]
 [-0.6916283  -0.06502877  0.47154802]
 [ 0.38112628 -0.3546678  -0.37402615]]","[[ 0.8187368   0.5103811  -0.2630234 ]
 [ 0.17929827  0.20791923  0.9615726 ]
 [-0.54545593  0.83443445 -0.07872068]]"
20200224-080838.723031,22,[0.47729978 0.33122128 0.04513343],"[[-0.2547257  -0.8981472  -0.1229492 ]
 [-0.5569319   0.25885513 -0.78896266]
 [-0.689862   -0.07210203  0.47629496]
 [ 0.38604707 -0.34803265 -0.36819074]]","[[ 0.8080971   0.5273548  -0.2624424 ]
 [ 0.17010215  0.21763788  0.9610926 ]
 [-0.5639541   0.82129824 -0.08616837]]"
20200224-080838.723031,23,[0.4777603  0.33526492 0.04546827],"[[-0.24236624 -0.9028546  -0.12254004]
 [-0.56135255  0.24895754 -0.7888819 ]
 [-0.6880083  -0.07909003  0.48087183]
 [ 0.39087906 -0.34149453 -0.36250764]]","[[ 0.7976674   0.5432492  -0.26192927]
 [ 0.16156211  0.22595297  0.96064717]
 [-0.58105445  0.8085948  -0.09246681]]"
20200224-080838.723031,24,[0.47829884 0.3383567  0.04582337],"[[-0.22456576 -0.90866643 -0.12195833]
 [-0.5670673   0.23561583 -0.788735  ]
 [-0.68568146 -0.09004681  0.4854651 ]
 [ 0.39729825 -0.33271953 -0.35685775]]","[[ 0.7828989   0.56531566 -0.25978336]
 [ 0.14974882  0.23405546  0.9606214 ]
 [-0.603858    0.79097176 -0.09858642]]"
20200224-080838.723031,25,[0.47908184 0.34376845 0.04611965],"[[-0.20940447 -0.9135002  -0.12146943]
 [-0.5717431   0.22418442 -0.7885287 ]
 [-0.68342024 -0.09901498  0.4895094 ]
 [ 0.4027363  -0.32473838 -0.3519209 ]]","[[ 0.7696892   0.5830192  -0.26012883]
 [ 0.13971463  0.24375536  0.9597204 ]
 [-0.6229433   0.7750302  -0.10615955]]"
20200224-080838.723031,26,[0.48004007 0.34786728 0.04639586],"[[-0.19184695 -0.9184786  -0.12117729]
 [-0.5767257   0.21140213 -0.78824234]
 [-0.6808054  -0.10979669  0.4935631 ]
 [ 0.40876213 -0.31567597 -0.3469663 ]]","[[ 0.75457525  0.6027344  -0.25947553]
 [ 0.12862994  0.25188595  0.95917034]
 [-0.64348316  0.7571426  -0.11253722]]"
20200224-080838.723031,27,[0.4811901  0.34987622 0.04672055],"[[-0.17329814 -0.92312247 -0.12034727]
 [-0.58163005  0.1976941  -0.78800625]
 [-0.67789453 -0.12131853  0.49728101]
 [ 0.41488916 -0.30666485 -0.34245282]]","[[ 0.7385361   0.6230932  -0.25752535]
 [ 0.11721033  0.25749013  0.9591457 ]
 [-0.66394734  0.73854834 -0.11713277]]"
20200224-080838.723031,28,[0.48259985 0.3520885  0.04700006],"[[ 0.15202646 -0.927784   -0.11980215]
 [ 0.5867559   0.18254113 -0.7876629 ]
 [ 0.6744793  -0.13478655  0.5009113 ]
 [-0.42152494 -0.29618946 -0.33811635]]","[[-0.71963394  0.6456854  -0.25537705]
 [-0.10406926  0.26333827  0.95907384]
 [ 0.6865105   0.71675885 -0.12231114]]"
20200224-080838.723031,29,[0.48404703 0.3551459  0.04728261],"[[ 0.13484436 -0.9315095  -0.11942247]
 [ 0.59066224  0.16986498 -0.7873224 ]
 [ 0.6713544  -0.1449105   0.50485   ]
 [-0.42687055 -0.28711823 -0.33314973]]","[[-0.704161    0.6626932  -0.2549414 ]
 [-0.09386285  0.26902243  0.9585494 ]
 [ 0.70380914  0.6989025  -0.12723279]]"
20200224-080838.723031,30,[0.48575473 0.35671246 0.04761296],"[[ 0.11587858 -0.93501127 -0.11852244]
 [ 0.5945996   0.15577216 -0.787023  ]
 [ 0.66784453 -0.15622784  0.5085197 ]
 [-0.43244293 -0.27763575 -0.32856515]]","[[-0.6866443   0.681469   -0.25321785]
 [-0.08237448  0.2731345   0.9584424 ]
 [ 0.7223113   0.6789678  -0.13141067]]"
20200224-080838.723031,31,[0.48751354 0.35951295 0.04786991],"[[ 0.09807977 -0.93797165 -0.11801448]
 [ 0.5980298   0.14281233 -0.78662837]
 [ 0.6642926  -0.16680838  0.51191396]
 [-0.43755704 -0.2683069  -0.3243952 ]]","[[-0.67008406  0.697892   -0.252852  ]
 [-0.07195876  0.27796105  0.95789325]
 [ 0.738789    0.660064   -0.13603784]]"
20200224-080838.723031,32,[0.48919755 0.36188096 0.04818604],"[[ 0.0830827  -0.9404336  -0.11721546]
 [ 0.6007072   0.13123967 -0.78629684]
 [ 0.66107225 -0.17501253  0.51557434]
 [-0.4418505  -0.26025346 -0.31965753]]","[[-0.6560615   0.7111064  -0.2528068 ]
 [-0.0634286   0.2818356   0.9573638 ]
 [ 0.7520375   0.6441247  -0.13979696]]"
20200224-080838.723031,33,[0.49137038 0.36384833 0.04847274],"[[ 0.06350657 -0.94292945 -0.11664786]
 [ 0.6038132   0.11697424 -0.7858487 ]
 [ 0.65698564 -0.18637943  0.5192708 ]
 [-0.44693002 -0.24992824 -0.31494915]]","[[-0.63715     0.72845674 -0.25177497]
 [-0.05179764  0.28545746  0.95699066]
 [ 0.7689973   0.62278795 -0.1441469 ]]"
20200224-080838.723031,34,[0.49367827 0.36562204 0.04872731],"[[ 0.04427009 -0.94484276 -0.11600881]
 [ 0.6065723   0.10307863 -0.7853899 ]
 [ 0.6527329  -0.19772698  0.5224005 ]
 [-0.45171893 -0.23989819 -0.31113023]]","[[-0.61816454  0.7449836  -0.2507427 ]
 [-0.04033883  0.28850502  0.9566282 ]
 [ 0.785013    0.6014683  -0.1482918 ]]"
20200224-080838.723031,35,[0.49649698 0.36903644 0.04900267],"[[ 0.0200415  -0.94660753 -0.11518699]
 [ 0.6094999   0.08585063 -0.7849107 ]
 [ 0.64729154 -0.21202524  0.52561206]
 [-0.457299   -0.22717676 -0.307211  ]]","[[-0.5942292   0.764233   -0.25067815]
 [-0.026289    0.29305226  0.9557349 ]
 [ 0.80386615  0.57451564 -0.15404926]]"
20200224-080838.723031,36,[0.49913132 0.37047517 0.04925585],"[[ 0.00159372 -0.94761014 -0.11451361]
 [ 0.61148614  0.07241863 -0.78441685]
 [ 0.6427893  -0.2225779   0.5286695 ]
 [-0.4614155  -0.21736994 -0.30345634]]","[[-0.5752397   0.77892846 -0.24973956]
 [-0.0152382   0.2950533   0.95535934]
 [ 0.817843    0.5533661  -0.15785687]]"
20200224-080838.723031,37,[0.5020142  0.3728508  0.04950633],"[[-0.01868505 -0.9483095  -0.11390624]
 [ 0.61330414  0.05781895 -0.7838762 ]
 [ 0.63771707 -0.23406294  0.5318677 ]
 [-0.46564543 -0.20635042 -0.29946625]]","[[-0.5544371   0.79392445 -0.24956669]
 [-0.00345207  0.2976821   0.95465887]
 [ 0.83221847  0.5301599  -0.16230531]]"
20200224-080838.723031,38,[0.50495094 0.3740568  0.04976537],"[[-0.03627238 -0.94859475 -0.11318398]
 [ 0.6146347   0.0448801  -0.7833452 ]
 [ 0.6331005  -0.24376045  0.5349332 ]
 [-0.46914002 -0.1968116  -0.29564577]]","[[-0.53560126  0.8070173  -0.24870569]
 [ 0.00723572  0.2988855   0.95426166]
 [ 0.8444401   0.5093041  -0.16592276]]"
20200224-080838.723031,39,[0.5083968  0.3759576  0.05008193],"[[-0.05691782 -0.94843614 -0.11191031]
 [ 0.615747    0.02961129 -0.78288144]
 [ 0.62764364 -0.25507733  0.5379025 ]
 [-0.47294745 -0.18581727 -0.29194838]]","[[-0.5133912   0.82145613 -0.24827282]
 [ 0.01964759  0.30048582  0.9535839 ]
 [ 0.8579297   0.48468363 -0.17040639]]"
20200224-080838.723031,40,[0.5117416  0.3778868  0.05031017],"[[-0.07548864 -0.94791865 -0.11127178]
 [ 0.61657023  0.01617938 -0.7822929 ]
 [ 0.62240374 -0.2652892   0.54075366]
 [-0.4761891  -0.17552757 -0.28848127]]","[[-0.49326435  0.8337248  -0.24817984]
 [ 0.03063273  0.30177507  0.9528869 ]
 [ 0.8693399   0.46242273 -0.17439416]]"
20200224-080838.723031,41,[0.51501226 0.38080007 0.05059011],"[[-0.09450354 -0.9470498  -0.1101098 ]
 [ 0.617002    0.00210869 -0.78179574]
 [ 0.6168611  -0.27543965  0.5434495 ]
 [-0.47943723 -0.1650006  -0.28519067]]","[[-0.4732581   0.8449358  -0.24921909]
 [ 0.04113081  0.30379194  0.9518501 ]
 [ 0.8799631   0.44022018 -0.17852488]]"
20200224-080838.723031,42,[0.5184025  0.3816948  0.05085251],"[[-0.10947403 -0.9461246  -0.10906819]
 [ 0.61719733 -0.0092382  -0.7812708 ]
 [ 0.6123298  -0.28318018  0.5460349 ]
 [-0.48180434 -0.15675506 -0.28207463]]","[[-0.45598456  0.85454947 -0.24864352]
 [ 0.05053808  0.30378988  0.95139784]
 [ 0.8885519   0.42125666 -0.18171075]]"
20200224-080838.723031,43,[0.5221463  0.38347358 0.05109861],"[[-0.12679394 -0.94468755 -0.10811036]
 [ 0.6171921  -0.02201442 -0.7807004 ]
 [ 0.60698867 -0.29231164  0.54859394]
 [-0.48431605 -0.1470864  -0.27904114]]","[[-0.4364211   0.864663   -0.24878576]
 [ 0.06091746  0.30426934  0.9506363 ]
 [ 0.89767796  0.39972225 -0.18546262]]"
20200224-080838.723031,44,[0.52574635 0.38581276 0.05134314],"[[-0.14388546 -0.9430314  -0.10721195]
 [ 0.61691266 -0.0346376  -0.7801024 ]
 [ 0.6015663  -0.30108237  0.5512709 ]
 [-0.48665562 -0.13726526 -0.27576527]]","[[-0.4176057   0.87366045 -0.24964568]
 [ 0.07057875  0.30510953  0.94969827]
 [ 0.905883    0.37897977 -0.18907735]]"
20200224-080838.723031,45,[0.52846813 0.38661203 0.05156913],"[[-0.1531738  -0.9422178  -0.10641173]
 [ 0.61670905 -0.04211883 -0.77951777]
 [ 0.59835696 -0.30515897  0.55378187]
 [-0.48803356 -0.1316423  -0.2726798 ]]","[[-0.40668318  0.87878424 -0.24969423]
 [ 0.07625098  0.30501485  0.9492901 ]
 [ 0.9103815   0.3670209  -0.19105259]]"
20200224-080838.723031,46,[0.53183573 0.38763586 0.0517884 ],"[[-0.16509604 -0.9408717  -0.10565633]
 [ 0.6163437  -0.05124592 -0.7788861 ]
 [ 0.59434056 -0.31082526  0.5563084 ]
 [-0.48951307 -0.12458694 -0.26961806]]","[[-0.39250818  0.8852001  -0.24971609]
 [ 0.0836642   0.30474213  0.94875306]
 [ 0.91593546  0.35150102 -0.19367336]]"
20200224-080838.723031,47,[0.5368178  0.3884028  0.05200127],"[[-0.18172842 -0.9384659  -0.10493632]
 [ 0.6156871  -0.06334737 -0.77818304]
 [ 0.5888854  -0.31939068  0.55882853]
 [-0.4910379  -0.11514555 -0.26670316]]","[[-0.371514    0.8944242  -0.24896325]
 [ 0.09496864  0.30335957  0.94813186]
 [ 0.9235574   0.32860047 -0.19764456]]"
20200224-080838.723031,48,[0.5409411  0.3894885  0.05220152],"[[-0.19489792 -0.93644977 -0.10422131]
 [ 0.61501783 -0.07318231 -0.7775046 ]
 [ 0.584293   -0.32583573  0.56118524]
 [-0.49231052 -0.10741179 -0.26399988]]","[[-0.35521898  0.9010206  -0.24896064]
 [ 0.10348358  0.30259645  0.9474844 ]
 [ 0.9290376   0.31080106 -0.20072883]]"
20200224-080838.723031,49,[0.5455858  0.38897547 0.05238138],"[[-0.20491001 -0.9348217  -0.10367247]
 [ 0.61455476 -0.08081883 -0.7767871 ]
 [ 0.58075774 -0.33054304  0.5634713 ]
 [-0.49300578 -0.10157833 -0.2614457 ]]","[[-0.3404296   0.907127   -0.24744362]
 [ 0.11178899  0.30034292  0.9472578 ]
 [ 0.9336011   0.2948131  -0.20365241]]"
20200224-080838.723031,50,[0.5488953  0.3906357  0.05262361],"[[-0.21563762 -0.9331117  -0.10262995]
 [ 0.61365664 -0.08932199 -0.77616066]
 [ 0.5768852  -0.33511925  0.5658907 ]
 [-0.49409446 -0.09497053 -0.2584754 ]]","[[-0.32802927  0.911416   -0.24843073]
 [ 0.11789373  0.30042297  0.946492  ]
 [ 0.9372822   0.28118867 -0.20599777]]"
20200224-080838.723031,51,[0.5528979  0.39218807 0.05280752],"[[-0.2275891  -0.9308881  -0.10193626]
 [ 0.61272115 -0.09830073 -0.7754561 ]
 [ 0.5724389  -0.34072503  0.56810725]
 [-0.49506545 -0.08769592 -0.2559904 ]]","[[-0.31352806  0.91631204 -0.24914324]
 [ 0.12517914  0.29996577  0.94570124]
 [ 0.9412918   0.2653163  -0.20875081]]"
20200224-080838.723031,52,[0.5569018  0.39263576 0.05310404],"[[-0.23630206 -0.92940533 -0.10051196]
 [ 0.61172235 -0.10574631 -0.7748494 ]
 [ 0.5694177  -0.34384534  0.5705905 ]
 [-0.49570224 -0.08242577 -0.2528477 ]]","[[-0.30163085  0.9203377  -0.24899301]
 [ 0.13153127  0.29882717  0.9451994 ]
 [ 0.9443086   0.25235087 -0.21118867]]"
20200224-080838.723031,53,[0.56087875 0.39306137 0.05339469],"[[-0.24426094 -0.92801183 -0.0990817 ]
 [ 0.6107342  -0.11266962 -0.77424115]
 [ 0.56663126 -0.34653112  0.57299125]
 [-0.49625528 -0.07756002 -0.24982929]]","[[-0.29055887  0.923921   -0.24888852]
 [ 0.13746308  0.29771745  0.9447054 ]
 [ 0.9469316   0.24027951 -0.21350947]]"
20200224-080838.723031,54,[0.5642352  0.3934831  0.05356383],"[[-0.25033224 -0.92692715 -0.09852087]
 [ 0.6102043  -0.11771886 -0.7734944 ]
 [ 0.56416535 -0.34864378  0.5752014 ]
 [-0.49669132 -0.07345705 -0.247272  ]]","[[-0.28203344  0.92656356 -0.24887186]
 [ 0.14193988  0.29684517  0.9443178 ]
 [ 0.9488469   0.23100434 -0.21523657]]"
20200224-080838.723031,55,[0.5667921  0.39476848 0.0538018 ],"[[-0.25679633 -0.9257907  -0.09739741]
 [ 0.6093249  -0.12342641 -0.7728421 ]
 [ 0.561599   -0.35058123  0.5774558 ]
 [-0.49737832 -0.06906881 -0.24448596]]","[[-0.27467245  0.92849565 -0.2499016 ]
 [ 0.14538936  0.29701427  0.9437394 ]
 [ 0.9504825   0.22288626 -0.21657504]]"
20200224-080838.723031,56,[0.57167226 0.39523816 0.05407565],"[[-0.26580778 -0.92388505 -0.09602267]
 [ 0.60811675 -0.13091095 -0.77217   ]
 [ 0.5584181  -0.35390916  0.5797447 ]
 [-0.4977042  -0.06361718 -0.24172167]]","[[-0.26169026  0.932276   -0.24975924]
 [ 0.15238035  0.2954404   0.94313055]
 [ 0.953047    0.20874968 -0.21937442]]"
20200224-080838.723031,57,[0.5740919  0.39544755 0.05424795],"[[-0.26861337 -0.92355776 -0.09537194]
 [ 0.6078366  -0.13387024 -0.7714323 ]
 [ 0.5570419  -0.35406858  0.5818511 ]
 [-0.49808243 -0.06127964 -0.23925997]]","[[-0.25737154  0.93346494 -0.24980609]
 [ 0.15465182  0.2949729   0.94290704]
 [ 0.9538568   0.20404449 -0.2202797 ]]"
20200224-080838.723031,58,[0.57673    0.39586836 0.05445763],"[[-0.27233306 -0.9230087  -0.09444588]
 [ 0.6073211  -0.13761048 -0.7707121 ]
 [ 0.55544156 -0.3545447   0.58402765]
 [-0.498478   -0.05845131 -0.23663193]]","[[-0.25210753  0.93483466 -0.25005192]
 [ 0.1573684   0.29456437  0.9425853 ]
 [ 0.9548177   0.19828261 -0.22137538]]"
20200224-080838.723031,59,[0.5823511  0.3960081  0.05465756],"[[-0.2807809  -0.9210582  -0.09365913]
 [ 0.6063151  -0.14427498 -0.76987743]
 [ 0.5523724  -0.35778728  0.5863161 ]
 [-0.49842656 -0.05315198 -0.2339879 ]]","[[-0.23879658  0.9384627  -0.24952778]
 [ 0.16470534  0.2923815   0.9420113 ]
 [ 0.95699966  0.18385054 -0.22438946]]"
20200224-080838.723031,60,[0.58626753 0.39612758 0.05490655],"[[-0.28546894 -0.9201957  -0.09245629]
 [ 0.60556567 -0.14880103 -0.76914185]
 [ 0.5506444  -0.35861638  0.5885683 ]
 [-0.49858662 -0.0499246  -0.23121491]]","[[-0.23111399  0.94042915 -0.24935813]
 [ 0.16898002  0.29120132  0.94161963]
 [ 0.9581399   0.17548493 -0.22621438]]"
20200224-080838.723031,61,[0.5909051 0.3969439 0.0551322],"[[-0.2929798  -0.91843516 -0.09136653]
 [ 0.6044319  -0.15503696 -0.76836526]
 [ 0.5478238  -0.36112633  0.5907528 ]
 [-0.49871254 -0.04503547 -0.2286438 ]]","[[-0.22043559  0.9428842  -0.24975465]
 [ 0.17458515  0.29005826  0.9409497 ]
 [ 0.9596501   0.16381532 -0.22855276]]"
20200224-080838.723031,62,[0.59460104 0.39683715 0.05535154],"[[-0.29621753 -0.9179379  -0.0903977 ]
 [ 0.60394216 -0.1584444  -0.7675608 ]
 [ 0.5465712  -0.3612159   0.5930032 ]
 [-0.49876806 -0.04252904 -0.22588935]]","[[-0.2143146   0.94438237 -0.2494218 ]
 [ 0.17810677  0.2888573   0.9406591 ]
 [ 0.9603892   0.15717325 -0.23010722]]"
20200224-080838.723031,63,[0.59839976 0.3968781  0.05558821],"[[-0.2998081  -0.91730046 -0.08920965]
 [ 0.60331017 -0.16219415 -0.76680875]
 [ 0.54520136 -0.3614692   0.59512097]
 [-0.49888623 -0.03991426 -0.22333135]]","[[-0.20790163  0.94585985 -0.2492508 ]
 [ 0.1817339   0.28773364  0.94030964]
 [ 0.96111894  0.15019457 -0.23171511]]"
20200224-080838.723031,64,[0.60164416 0.3971729  0.05575746],"[[-0.30312523 -0.91671234 -0.08855888]
 [ 0.6028919  -0.16540895 -0.76594085]
 [ 0.54371434 -0.36179462  0.59726924]
 [-0.49901035 -0.03719002 -0.22081926]]","[[-0.20248796  0.9470062  -0.24935533]
 [ 0.18464695  0.286984    0.9399712 ]
 [ 0.96171945  0.14429016 -0.23297262]]"
20200224-080838.723031,65,[0.6073422  0.39800373 0.05597136],"[[-0.31109846 -0.9146306  -0.08750674]
 [ 0.60162497 -0.1718428  -0.7650944 ]
 [ 0.54076093 -0.3645472   0.59939486]
 [-0.49884155 -0.03202958 -0.21840088]]","[[-0.19054765  0.9493786  -0.24974367]
 [ 0.1910071   0.2853982   0.9391828 ]
 [ 0.96291643  0.13125622 -0.23571996]]"
20200224-080838.723031,66,[0.6119988  0.3987397  0.05619774],"[[-0.31701207 -0.91318756 -0.08636852]
 [ 0.6005714  -0.17701487 -0.764257  ]
 [ 0.5385378  -0.36602402  0.6015599 ]
 [-0.49879286 -0.02793994 -0.21581756]]","[[-0.18169391  0.95098996 -0.25021097]
 [ 0.19570738  0.28432667  0.93853986]
 [ 0.9636836   0.12155884 -0.23777616]]"
20200224-080838.723031,67,[0.6154653  0.3985855  0.05640697],"[[-0.31879753 -0.9130512  -0.08537629]
 [ 0.60026246 -0.17942885 -0.76342005]
 [ 0.53777736 -0.36531454  0.6036625 ]
 [-0.4988473  -0.02622802 -0.21328916]]","[[-0.17738304  0.9518757  -0.2499362 ]
 [ 0.19830321  0.28332508  0.93829787]
 [ 0.9639561   0.11687493 -0.23901702]]"
20200224-080838.723031,68,[0.6177262  0.39972585 0.0566303 ],"[[-0.3226261  -0.9122434  -0.08415349]
 [ 0.5993995  -0.18330528 -0.7626307 ]
 [ 0.53608215 -0.36561605  0.60567737]
 [-0.49924803 -0.02315457 -0.21087223]]","[[-0.17320113  0.9523477  -0.25106838]
 [ 0.20014712  0.28363663  0.93781203]
 [ 0.9643354   0.11217948 -0.23973583]]"
20200224-080838.723031,69,[0.6210799  0.40093076 0.05684895],"[[-0.32785583 -0.91094315 -0.08298355]
 [ 0.5983289  -0.18802561 -0.76178825]
 [ 0.5339468  -0.3666836   0.60774237]
 [-0.49941394 -0.01928794 -0.20842676]]","[[-0.16669732  0.9532197  -0.25215912]
 [ 0.20328663  0.28346843  0.93718743]
 [ 0.96482474  0.10496601 -0.24103026]]"
20200224-080838.723031,70,[0.62438935 0.4013323  0.0570381 ],"[[-0.33069646 -0.9103936  -0.08205394]
 [ 0.59781927 -0.1910341  -0.7609167 ]
 [ 0.5326724  -0.36661306  0.6097407 ]
 [-0.4995117  -0.01686555 -0.20612906]]","[[-0.16198239  0.95395374 -0.2524558 ]
 [ 0.20582819  0.28286958  0.9368135 ]
 [ 0.96508884  0.09978479 -0.2421705 ]]"
20200224-080838.723031,71,[0.6278009  0.4012155  0.05724232],"[[-0.33197048 -0.91039157 -0.08104698]
 [ 0.59759456 -0.1930783  -0.76003987]
 [ 0.53209686 -0.36560956  0.61177665]
 [-0.49954927 -0.01541206 -0.20371585]]","[[-0.1583521   0.9546144  -0.2522616 ]
 [ 0.20808773  0.2820118   0.9365729 ]
 [ 0.96520686  0.09581573 -0.24330068]]"
20200224-080838.723031,72,[0.6323177  0.40111    0.05743631],"[[-0.334429   -0.90996456 -0.08012133]
 [ 0.5972204  -0.19581012 -0.7591202 ]
 [ 0.5311349  -0.36530247  0.6138244 ]
 [-0.49938068 -0.01331313 -0.2013368 ]]","[[-0.15261327  0.9556228  -0.25198117]
 [ 0.21152389  0.28064388  0.9362141 ]
 [ 0.9653843   0.08957865 -0.244967  ]]"
20200224-080838.723031,73,[0.6343464  0.40149093 0.05762692],"[[-0.33549577 -0.9099931  -0.07910755]
 [ 0.59696853 -0.19771804 -0.75826377]
 [ 0.53039736 -0.364252    0.6157101 ]
 [-0.49974948 -0.01186774 -0.19919646]]","[[-0.1508063   0.955803   -0.25238487]
 [ 0.21246438  0.28067604  0.9359913 ]
 [ 0.9654617   0.0875306  -0.2454018 ]]"
20200224-080838.723031,74,[0.6375986  0.4026715  0.05784893],"[[-0.34009317 -0.90885144 -0.07789188]
 [ 0.5959262  -0.20201063 -0.75734514]
 [ 0.52854407 -0.36484614  0.61781484]
 [-0.49984998 -0.00825568 -0.19663689]]","[[-0.14517213  0.9563787  -0.2535056 ]
 [ 0.21516676  0.2806045   0.9353953 ]
 [ 0.9657269   0.08124737 -0.24651685]]"
20200224-080838.723031,75,[0.6406744  0.4023766  0.05800408],"[[-0.3401215  -0.9092     -0.07717439]
 [ 0.5960882  -0.2030234  -0.75642365]
 [ 0.5282322  -0.3634287   0.619657  ]
 [-0.4999672  -0.00751281 -0.19466034]]","[[-0.14295217  0.9568082  -0.25314596]
 [ 0.21672899  0.27982733  0.9352675 ]
 [ 0.9657087   0.07883447 -0.24737002]]"
20200224-080838.723031,76,[0.6440521  0.40296772 0.05824033],"[[-0.34308463 -0.908618   -0.0758689 ]
 [ 0.5953581  -0.20630547 -0.75549513]
 [ 0.527098   -0.36308005  0.62175786]
 [-0.5000096  -0.00494293 -0.19206297]]","[[-0.13837554  0.9573347  -0.2536982 ]
 [ 0.2191671   0.2794116   0.9348235 ]
 [ 0.96582496  0.07375442 -0.24847999]]"
20200224-080838.723031,77,[0.64719456 0.4034009  0.05843577],"[[-0.34517348 -0.90829486 -0.07484528]
 [ 0.59493    -0.20883086 -0.7545358 ]
 [ 0.5261373  -0.3624668   0.6237636 ]
 [-0.5000934  -0.00285513 -0.18971665]]","[[-0.13473392  0.9577511  -0.25408578]
 [ 0.22116347  0.27902207  0.9344695 ]
 [ 0.9658849   0.06971024 -0.24941325]]"
20200224-080838.723031,78,[0.6506864  0.40343514 0.05866952],"[[-0.34637135 -0.90830046 -0.07353204]
 [ 0.59459305 -0.21096185 -0.7536145 ]
 [ 0.52567446 -0.36122453  0.62576115]
 [-0.5001521  -0.00142687 -0.18729909]]","[[-0.13139576  0.9582125  -0.2540939 ]
 [ 0.22323897  0.27833325  0.93418145]
 [ 0.96586716  0.06602381 -0.2504822 ]]"
20200224-080838.723031,79,[0.65377647 0.40388015 0.05884947],"[[-3.4825525e-01 -9.0799689e-01 -7.2555251e-02]
 [ 5.9424382e-01 -2.1329944e-01 -7.5266385e-01]
 [ 5.2469587e-01 -3.6061707e-01  6.2762088e-01]
 [-5.0028706e-01  4.9686356e-04 -1.8526974e-01]]","[[-0.12800512  0.9585647  -0.25449616]
 [ 0.22510226  0.27799058  0.9338363 ]
 [ 0.9658901   0.06224818 -0.2513593 ]]"
20200224-080838.723031,80,[0.658056   0.40434337 0.05903951],"[[-0.35125467 -0.9073342  -0.0715856 ]
 [ 0.5936839  -0.21632919 -0.75162894]
 [ 0.5235111  -0.36046726  0.6296797 ]
 [-0.50009567  0.0031305  -0.18284675]]","[[-0.12264861  0.95916873 -0.25485775]
 [ 0.22808161  0.2771645   0.93335885]
 [ 0.9658862   0.05634677 -0.25276265]]"
20200224-080838.723031,81,[0.6612279  0.4054937  0.05925098],"[[-0.35508972 -0.9063388  -0.07033303]
 [ 0.5927524  -0.22007209 -0.75065523]
 [ 0.52188975 -0.3606639   0.6316239 ]
 [-0.50018686  0.00631064 -0.18061283]]","[[-0.11793504  0.95945984 -0.25598434]
 [ 0.23034117  0.27718398  0.93279785]
 [ 0.96593696  0.05104582 -0.2536928 ]]"
20200224-080838.723031,82,[0.6644816  0.40604496 0.05946619],"[[-0.35732335 -0.9059123  -0.06907306]
 [ 0.5921797  -0.22278553 -0.7496939 ]
 [ 0.5209276  -0.36002553  0.63353187]
 [-0.50027806  0.00844992 -0.17839643]]","[[-0.1142714   0.9597591  -0.25652406]
 [ 0.23231848  0.27687204  0.93240017]
 [ 0.9659039   0.04695141 -0.25460833]]"
20200224-080838.723031,83,[0.66727036 0.4057767  0.05964832],"[[-0.35682678 -0.90651226 -0.06819068]
 [ 0.5923823  -0.22352096 -0.7486317 ]
 [ 0.52095616 -0.35803854  0.63556147]
 [-0.5003627   0.00906466 -0.17596078]]","[[-0.11297787  0.95998335 -0.25625747]
 [ 0.23337927  0.27633223  0.9322953 ]
 [ 0.96580017  0.04552356 -0.25525963]]"
20200224-080838.723031,84,[0.6711496  0.40604997 0.05979145],"[[-0.35857698 -0.90621734 -0.06750271]
 [ 0.59221846 -0.22553532 -0.7475624 ]
 [ 0.5200309  -0.3574687   0.6374426 ]
 [-0.5002682   0.01096949 -0.17395756]]","[[-0.10905765  0.96038926 -0.25643528]
 [ 0.23565161  0.2755988   0.9319408 ]
 [ 0.96569914  0.04120589 -0.25637344]]"
20200224-080838.723031,85,[0.67432755 0.40661672 0.06000883],"[[-0.36060554 -0.90585715 -0.0662065 ]
 [ 0.59167665 -0.22811753 -0.74656034]
 [ 0.5191492  -0.35667232  0.63935363]
 [-0.5003664   0.01302885 -0.17173   ]]","[[-0.1057189   0.9606097  -0.25700665]
 [ 0.23745681  0.2753653   0.93155146]
 [ 0.96562827  0.03745461 -0.25721464]]"
20200224-080838.723031,86,[0.6772336  0.4070592  0.06020027],"[[-0.36195108 -0.9057407  -0.065123  ]
 [ 0.5913798  -0.23012522 -0.74550873]
 [ 0.51843196 -0.35561082  0.64127487]
 [-0.5004896   0.01475016 -0.169534  ]]","[[-0.10314694  0.96077204 -0.2574447 ]
 [ 0.23889832  0.2751786   0.93123806]
 [ 0.96555084  0.03455123 -0.2579106 ]]"
20200224-080838.723031,87,[0.68036866 0.40765598 0.06041849],"[[-0.36383277 -0.90541685 -0.06378608]
 [ 0.59086096 -0.23262051 -0.7444952 ]
 [ 0.5175948  -0.3547224   0.643147  ]
 [-0.5006038   0.01672242 -0.16739035]]","[[-0.10001397  0.9609411  -0.25804886]
 [ 0.24060726  0.27500984  0.93084776]
 [ 0.9654559   0.03100934 -0.25871423]]"
20200224-080838.723031,88,[0.6834847  0.40827656 0.06063928],"[[-0.36571866 -0.90509707 -0.06243723]
 [ 0.59032995 -0.23511477 -0.74345726]
 [ 0.5167822  -0.35379285  0.6450518 ]
 [-0.5006961   0.01873742 -0.16516876]]","[[-0.09693791  0.96108544 -0.25868464]
 [ 0.24228092  0.2748768   0.93045294]
 [ 0.9653513   0.02752182 -0.25949863]]"
20200224-080838.723031,89,[0.6873298  0.40859714 0.06078765],"[[-0.36717197 -0.90490234 -0.06168269]
 [ 0.5902069  -0.23694167 -0.7423238 ]
 [ 0.51599073 -0.35297126  0.64694893]
 [-0.50059426  0.02053622 -0.16311994]]","[[-0.09348539  0.9613601  -0.25893492]
 [ 0.24431539  0.27427298  0.9300991 ]
 [ 0.9651791   0.02368887 -0.26051554]]"
20200224-080838.723031,90,[0.6889274  0.40851292 0.06100095],"[[-0.3660119  -0.9057318  -0.06043803]
 [ 0.5904001  -0.23744656 -0.74126124]
 [ 0.5161808  -0.35048193  0.6488459 ]
 [-0.5010196   0.02077387 -0.16086753]]","[[-0.09392478  0.96131724 -0.2589349 ]
 [ 0.24432239  0.2743879   0.9300635 ]
 [ 0.9651346   0.02409242 -0.2606431 ]]"
20200224-080838.723031,91,[0.6898993  0.40932372 0.06115579],"[[-0.3669165  -0.90572405 -0.05954291]
 [ 0.5902054  -0.23903538 -0.7401538 ]
 [ 0.51529205 -0.34931833  0.6506632 ]
 [-0.501502    0.02242105 -0.1589505 ]]","[[-0.09352241  0.96112686 -0.25978553]
 [ 0.24428643  0.27510485  0.92986107]
 [ 0.96518266  0.02350075 -0.2605187 ]]"
20200224-080838.723031,92,[0.6924134 0.4090703 0.0613178],"[[-0.36588234 -0.90645695 -0.05867937]
 [ 0.5906013  -0.23935264 -0.7390484 ]
 [ 0.51534194 -0.3471768   0.65247154]
 [-0.5017403   0.02268054 -0.1569885 ]]","[[-0.09299184  0.9612446  -0.25954106]
 [ 0.24492674  0.27474508  0.92979896]
 [ 0.96507174  0.02289517 -0.26098353]]"
20200224-080838.723031,93,[0.6958736  0.4098257  0.06157427],"[[-0.36827832 -0.90594584 -0.05701483]
 [ 0.5898378  -0.24232256 -0.7379661 ]
 [ 0.5144887  -0.34628958  0.6543964 ]
 [-0.50176054  0.02500623 -0.15466215]]","[[-0.08934253  0.9613778  -0.2603281 ]
 [ 0.24688114  0.27459234  0.9293271 ]
 [ 0.9649185   0.01875832 -0.2618788 ]]"
20200224-080838.723031,94,[0.6993225  0.41057226 0.06182922],"[[-0.37057668 -0.90546066 -0.05535247]
 [ 0.589098   -0.24521907 -0.73686796]
 [ 0.5136654  -0.3453464   0.6563156 ]
 [-0.5017816   0.02728707 -0.15235409]]","[[-0.08580514  0.96148866 -0.26110744]
 [ 0.24878307  0.27444908  0.92886215]
 [ 0.964751    0.01474201 -0.26275122]]"
20200224-080838.723031,95,[0.70100933 0.4111803  0.06206274],"[[-0.37131065 -0.90555686 -0.05385505]
 [ 0.5887314  -0.2470367  -0.7357491 ]
 [ 0.51318395 -0.3436753   0.65820974]
 [-0.502161    0.02874812 -0.15010922]]","[[-0.08493617  0.9613788  -0.26179492]
 [ 0.24919465  0.2748905   0.9286212 ]
 [ 0.9647217   0.01363562 -0.26291862]]"
20200224-080838.723031,96,[0.70407695 0.4118318  0.06228338],"[[-0.3729168  -0.90530455 -0.05244327]
 [ 0.5882622  -0.24931851 -0.73461354]
 [ 0.51247996 -0.3425254   0.66007555]
 [-0.5022403   0.03066504 -0.14796276]]","[[-0.08226523  0.9614277  -0.26246765]
 [ 0.25066346  0.27485466  0.92823637]
 [ 0.9645726   0.01057053 -0.2636058 ]]"
20200224-080838.723031,97,[0.7053702  0.41231117 0.06248641],"[[-0.37300208 -0.90563214 -0.05119072]
 [ 0.58816034 -0.25056082 -0.7334365 ]
 [ 0.5121066  -0.34064442  0.66196185]
 [-0.5026763   0.0318024  -0.14579771]]","[[-0.08217867  0.9612852  -0.26301652]
 [ 0.25068098  0.27536196  0.92808133]
 [ 0.9645754   0.01033527 -0.2636048 ]]"
20200224-080838.723031,98,[0.708217   0.41345993 0.06269239],"[[-0.37580585 -0.904883   -0.04982014]
 [ 0.5873819  -0.25355685 -0.7322724 ]
 [ 0.5108602  -0.3401531   0.6637902 ]
 [-0.5027664   0.03451931 -0.143798  ]]","[[-0.07892056  0.96124434 -0.26416063]
 [ 0.25221735  0.2756193   0.9275885 ]
 [ 0.96444696  0.00657992 -0.26419452]]"
20200224-080838.723031,99,[0.71075    0.41445237 0.06287227],"[[-0.37797344 -0.9043731  -0.04867942]
 [ 0.5868501  -0.2560013  -0.73105085]
 [ 0.5097541  -0.33942384  0.66565275]
 [-0.5028854   0.03693069 -0.14177898]]","[[-0.07637656  0.96118057 -0.26513833]
 [ 0.25340363  0.27589592  0.9271829 ]
 [ 0.96434075  0.00362803 -0.26463866]]"
20200224-080838.723031,100,[0.7144896  0.4142312  0.06302787],"[[-0.37744972 -0.90490985 -0.04783921]
 [ 0.5872429  -0.2565515  -0.7298179 ]
 [ 0.5097097  -0.3375075   0.6674821 ]
 [-0.5028647   0.03752304 -0.13980204]]","[[-0.07457522  0.96139044 -0.26489025]
 [ 0.2548185   0.27518293  0.9270069 ]
 [ 0.9641089   0.00163282 -0.26550192]]"
20200224-080838.723031,101,[0.71530956 0.41404855 0.06319825],"[[-0.37532508 -0.9060495  -0.04683783]
 [ 0.58784014 -0.25623137 -0.7286363 ]
 [ 0.50996065 -0.3347148   0.66922545]
 [-0.50350314  0.0372363  -0.13796055]]","[[-0.07634799  0.96128196 -0.26477945]
 [ 0.2541082   0.27554476  0.92709446]
 [ 0.96415764  0.00349918 -0.26530692]]"
20200224-080838.723031,102,[0.7164961  0.41404402 0.06341163],"[[-0.37392074 -0.9069397  -0.04551467]
 [ 0.5881278  -0.25654763 -0.7274222 ]
 [ 0.51013625 -0.3320289   0.67107135]
 [-0.50403374  0.03741945 -0.13582551]]","[[-0.07735411  0.9611766  -0.26486948]
 [ 0.2537723   0.2758972   0.9270816 ]
 [ 0.9641658   0.00449705 -0.2652618 ]]"
20200224-080838.723031,103,[0.719014  0.4145115 0.0636055],"[[-0.37460595 -0.9070048  -0.04428665]
 [ 0.58798385 -0.25809062 -0.7261751 ]
 [ 0.50961584 -0.33048686  0.67290854]
 [-0.5042192   0.03886184 -0.1337996 ]]","[[-0.0757961   0.9611685  -0.2653493 ]
 [ 0.2546741   0.2759495   0.92681867]
 [ 0.9640518   0.00267167 -0.2657006 ]]"
20200224-080838.723031,104,[0.7217812  0.41569975 0.06381989],"[[-0.37729788 -0.90629214 -0.04281956]
 [ 0.58720434 -0.26101798 -0.7249172 ]
 [ 0.50845873 -0.32980907  0.6747665 ]
 [-0.5042889   0.04159685 -0.13172592]]","[[-7.2773881e-02  9.6107423e-01 -2.6653367e-01]
 [ 2.5608858e-01  2.7628887e-01  9.2632776e-01]
 [ 9.6391010e-01 -8.4377429e-04 -2.6622674e-01]]"
20200224-080838.723031,105,[0.7273332  0.41560745 0.06398676],"[[-0.3779525  -0.9063367  -0.04180817]
 [ 0.58734274 -0.2623608  -0.72369295]
 [ 0.5081553  -0.3284715   0.6764828 ]
 [-0.5039432   0.04274699 -0.12996706]]","[[-0.06872617  0.9614175  -0.2663705 ]
 [ 0.25878462  0.27504268  0.9259493 ]
 [ 0.96348715 -0.00529564 -0.26770267]]"
20200224-080838.723031,106,[0.7297975  0.416127   0.06416605],"[[-0.37852046 -0.90641    -0.04063463]
 [ 0.5872561  -0.26377702 -0.7224522 ]
 [ 0.50758636 -0.32695225  0.678219  ]
 [-0.5041906   0.04409795 -0.12818332]]","[[-0.06739163  0.9613671  -0.2668923 ]
 [ 0.2595589   0.27518296  0.92569077]
 [ 0.963373   -0.00689046 -0.2680764 ]]"
20200224-080838.723031,107,[0.73249334 0.41730836 0.0643767 ],"[[-0.3810398  -0.9057379  -0.03916976]
 [ 0.5865121  -0.2665698  -0.7211643 ]
 [ 0.5064689  -0.32618064  0.6800525 ]
 [-0.5042833   0.04675096 -0.12616102]]","[[-0.06463283  0.96123004 -0.2680661 ]
 [ 0.2608339   0.27556196  0.92521966]
 [ 0.96321785 -0.01012117 -0.26853168]]"
20200224-080838.723031,108,[0.7354541  0.41748828 0.06461515],"[[-0.3808777  -0.9061391  -0.03758427]
 [ 0.58649135 -0.26775008 -0.7198995 ]
 [ 0.506454   -0.32396644  0.6818724 ]
 [-0.5044443   0.04761885 -0.12402327]]","[[-0.06341307  0.9612457  -0.26830113]
 [ 0.2617743   0.27544993  0.92498726]
 [ 0.9630436  -0.01157804 -0.2690965 ]]"
20200224-080838.723031,109,[0.73730296 0.41779628 0.06488942],"[[-0.3805408  -0.9066037  -0.03568429]
 [ 0.5863189  -0.26902398 -0.71866095]
 [ 0.5064853  -0.3214854   0.6836717 ]
 [-0.504868    0.04840499 -0.12184483]]","[[-0.06323334  0.9611417  -0.2687154 ]
 [ 0.26202488  0.27579716  0.92481285]
 [ 0.96298724 -0.01193113 -0.26928264]]"
20200224-080838.723031,110,[0.7377963  0.41817096 0.06504499],"[[-0.37966543 -0.90721077 -0.03468385]
 [ 0.58662224 -0.26943424 -0.7173698 ]
 [ 0.50611264 -0.31933567  0.6853616 ]
 [-0.50554806  0.04897808 -0.12023925]]","[[-0.0644292   0.9609491  -0.26912025]
 [ 0.26135725  0.27651614  0.92478716]
 [ 0.9630895  -0.0107532  -0.26896667]]"
20200224-080838.723031,111,[0.7387518  0.41822848 0.06525827],"[[-0.37817657 -0.9081033  -0.03329958]
 [ 0.5869621  -0.2696722  -0.7160493 ]
 [ 0.506236   -0.31655812  0.68716043]
 [-0.5061459   0.04916121 -0.11821733]]","[[-0.06568623  0.96082294 -0.26926708]
 [ 0.26085752  0.2770005   0.92478335]
 [ 0.96314013 -0.0094948  -0.26883304]]"
20200224-080838.723031,112,[0.74079543 0.41863275 0.06541038],"[[-0.37809175 -0.90841    -0.03233159]
 [ 0.58715713 -0.27051142 -0.7147089 ]
 [ 0.505757   -0.31479487  0.68889064]
 [-0.5064613   0.05019134 -0.11651602]]","[[-0.06515247  0.96074957 -0.26965767]
 [ 0.26122183  0.27722925  0.92461187]
 [ 0.9630775  -0.01019973 -0.26903102]]"
20200224-080838.723031,113,[0.7432358  0.4186516  0.06560265],"[[-0.37722886 -0.90902865 -0.03108021]
 [ 0.5874715  -0.27103204 -0.7134054 ]
 [ 0.5057214  -0.31248236  0.6906012 ]
 [-0.50677586  0.05063242 -0.11470394]]","[[-0.0647982   0.96075815 -0.26971275]
 [ 0.26169047  0.27718192  0.9244936 ]
 [ 0.96297425 -0.01067575 -0.2693821 ]]"
20200224-080838.723031,114,[0.74443746 0.41936857 0.06583573],"[[-0.37760806 -0.9091722  -0.02943531]
 [ 0.58720565 -0.2725654  -0.71206343]
 [ 0.5052555  -0.31049946  0.69238067]
 [-0.5072653   0.05199898 -0.11272893]]","[[-0.06466146  0.96054924 -0.27048865]
 [ 0.26168215  0.27789178  0.9242828 ]
 [ 0.96298563 -0.01101657 -0.26932746]]"
20200224-080838.723031,115,[0.7468656  0.41937408 0.06603082],"[[-0.37666452 -0.9098185  -0.02815452]
 [ 0.5875463  -0.27303955 -0.71072894]
 [ 0.5052447  -0.308113    0.6940983 ]
 [-0.50758374  0.05240594 -0.11090153]]","[[-0.06437839  0.96055675 -0.2705297 ]
 [ 0.26211968  0.27784997  0.9241714 ]
 [ 0.9628857  -0.01141448 -0.2696683 ]]"
20200224-080838.723031,116,[0.74970376 0.41956544 0.06627566],"[[-0.37641507 -0.9102218  -0.02647554]
 [ 0.58756    -0.27415997 -0.7093636 ]
 [ 0.5052399  -0.30576882  0.6958941 ]
 [-0.50775766  0.05327182 -0.10878112]]","[[-0.06333277  0.96055615 -0.2707784 ]
 [ 0.2629457   0.2777969   0.9239526 ]
