Timestamp,Epoch,s,u,v
20200221-195041.526657,0,[0.02431291 0.01513095 0.00267064],"[[-0.2277632   0.22490616  0.48740515]
 [ 0.15822102 -0.7701689   0.6084828 ]
 [ 0.01099641  0.5710617   0.6261935 ]
 [-0.9607126  -0.17362392 -0.00817352]]","[[ 0.8518091   0.223662   -0.47370496]
 [ 0.14863606  0.7639177   0.6279625 ]
 [ 0.50232303 -0.6053138   0.6174679 ]]"
20200221-195041.526657,1,[0.03161098 0.01495215 0.00461305],"[[-0.31797132  0.18251285  0.06950766]
 [ 0.26804152 -0.7343668   0.59333044]
 [ 0.18534558  0.635356    0.7404688 ]
 [-0.8903342  -0.15400311  0.30795   ]]","[[ 0.7904439   0.18735965 -0.5831762 ]
 [ 0.27197486  0.74572057  0.608219  ]
 [ 0.54884213 -0.6393723   0.5384934 ]]"
20200221-195041.526657,2,[0.04020765 0.01489331 0.00589576],"[[-0.3694052   0.15970051 -0.007966  ]
 [ 0.33312547 -0.71198237  0.55917144]
 [ 0.28609547  0.6719143   0.6831273 ]
 [-0.8189728  -0.12691754  0.46968168]]","[[ 0.74041826  0.15392727 -0.6542837 ]
 [ 0.3541664   0.7379833   0.5744099 ]
 [ 0.5712677  -0.6570289   0.49190053]]"
20200221-195041.526657,3,[0.04934985 0.01488807 0.00667473],"[[-0.39978087  0.14571764 -0.02701504]
 [ 0.37241894 -0.69700027  0.53821325]
 [ 0.34570923  0.69468784  0.62796324]
 [-0.76286614 -0.10181518  0.56147945]]","[[ 0.7057088   0.12680283 -0.6970625 ]
 [ 0.4053601   0.7346535   0.54402906]
 [ 0.5810837  -0.66648763  0.46705055]]"
20200221-195041.526657,4,[0.05897072 0.01489714 0.00716786],"[[-0.41880044  0.13556711 -0.03153706]
 [ 0.3986105  -0.6862899   0.5245553 ]
 [ 0.38182643  0.7098332   0.5847825 ]
 [-0.721058   -0.08224695  0.61796206]]","[[ 0.68141896  0.10622028 -0.7241448 ]
 [ 0.43892333  0.7324376   0.5204629 ]
 [ 0.58567446 -0.6724972   0.45247427]]"
20200221-195041.526657,5,[0.06839196 0.01490508 0.00749892],"[[-0.43095344  0.12709743 -0.03118038]
 [ 0.4184284  -0.67779744  0.5151425 ]
 [ 0.40380296  0.7209331   0.55204433]
 [-0.690029   -0.06850119  0.654907  ]]","[[ 0.6646549   0.09178531 -0.7414913 ]
 [ 0.4608926   0.7307379   0.50358725]
 [ 0.5880577  -0.6764596   0.44338536]]"
20200221-195041.526657,6,[0.07812646 0.01493503 0.00773742],"[[-0.44046465  0.12070084 -0.03132392]
 [ 0.43110296 -0.67192125  0.5084567 ]
 [ 0.42085442  0.72869927  0.5248608 ]
 [-0.6655996  -0.0543201   0.68191785]]","[[ 0.65207183  0.07809536 -0.75412434]
 [ 0.47761393  0.73017734  0.48859587]
 [ 0.5888016  -0.6787799   0.4388287 ]]"
20200221-195041.526657,7,[0.08754239 0.01496732 0.00791312],"[[-0.44696623  0.11532133 -0.03061166]
 [ 0.44096944 -0.6672098   0.5037595 ]
 [ 0.43309966  0.7346511   0.5030583 ]
 [-0.64667755 -0.04265913  0.701585  ]]","[[ 0.64278936  0.06710088 -0.7630986 ]
 [ 0.489761    0.72997195  0.47673383]
 [ 0.5890297  -0.68017536  0.43635485]]"
20200221-195041.526657,8,[0.09718981 0.01500678 0.00805063],"[[-0.45218164  0.11075109 -0.03023371]
 [ 0.44826284 -0.66360843  0.5002114 ]
 [ 0.4431973   0.7391606   0.48429874]
 [-0.63100606 -0.03162659  0.7171678 ]]","[[ 0.6353466   0.05707148 -0.7701153 ]
 [ 0.49955943  0.7301076   0.46624407]
 [ 0.58887625 -0.680945    0.43536064]]"
20200221-195041.526657,9,[0.10601965 0.01503857 0.00815535],"[[-0.4554006   0.1062792  -0.0292421 ]
 [ 0.45521244 -0.6602575   0.49756822]
 [ 0.44983473  0.74310297  0.4695461 ]
 [-0.61890274 -0.02372508  0.7287642 ]]","[[ 0.6298083   0.04978949 -0.77515334]
 [ 0.50662625  0.7301245   0.45852852]
 [ 0.5887882  -0.681498    0.43461356]]"
20200221-195041.526657,10,[0.11530834 0.0150768  0.0082456 ],"[[-0.45838776  0.1022386  -0.02874644]
 [ 0.46071327 -0.65754414  0.49535924]
 [ 0.45608687  0.7462857   0.45575786]
 [-0.60795474 -0.01551613  0.7389707 ]]","[[ 0.62498885  0.04253976 -0.7794738 ]
 [ 0.51286745  0.7304047   0.45108342]
 [ 0.5885202  -0.6816887   0.43467742]]"
20200221-195041.526657,11,[0.12497867 0.01511501 0.00832025],"[[-0.46074283  0.09835909 -0.02839289]
 [ 0.46556783 -0.6551883   0.4935061 ]
 [ 0.46120933  0.7489901   0.4436196 ]
 [-0.59853846 -0.00820602  0.7475608 ]]","[[ 0.6208218   0.0360748  -0.7831212 ]
 [ 0.5182625   0.7306258   0.44451085]
 [ 0.5882041  -0.6818244   0.43489227]]"
20200221-195041.526657,12,[0.13375185 0.01515189 0.00837974],"[[-0.46222574  0.0946677  -0.02803278]
 [ 0.46990666 -0.65308535  0.49219248]
 [ 0.4649971   0.75134087  0.43352613]
 [-0.59102714 -0.00215848  0.7543315 ]]","[[ 0.6176073   0.03079758 -0.78588355]
 [ 0.5223781   0.73092574  0.4391685 ]
 [ 0.5879478  -0.681762    0.43533704]]"
20200221-195041.526657,13,[0.14271654 0.01519282 0.00843107],"[[-0.46390575  0.09112307 -0.02829183]
 [ 0.4732631  -0.6514263   0.49106103]
 [ 0.46855628  0.7532096   0.42405972]
 [-0.5841824   0.00402717  0.760416  ]]","[[ 0.61477435  0.02559737 -0.78828776]
 [ 0.5260566   0.7313667   0.4340131 ]
 [ 0.58763695 -0.68150395  0.43615985]]"
20200221-195041.526657,14,[0.1516668  0.01523318 0.00847562],"[[-0.46508256  0.0876767  -0.02843816]
 [ 0.47648895 -0.64988196  0.49012956]
 [ 0.4715743   0.7549001   0.4155059 ]
 [-0.5781646   0.00960455  0.7657148 ]]","[[ 0.6123085   0.02092219 -0.79034215]
 [ 0.5292456   0.7317894   0.42939904]
 [ 0.58734787 -0.6812097   0.43700778]]"
20200221-195041.526657,15,[0.16034515 0.01527632 0.00851536],"[[-0.46600747  0.08447894 -0.02864604]
 [ 0.47923076 -0.648541    0.4894848 ]
 [ 0.47448674  0.7563249   0.4074592 ]
 [-0.5727451   0.01518569  0.77042896]]","[[ 0.6101964   0.01639191 -0.7920805 ]
 [ 0.5319944   0.73237     0.42498958]
 [ 0.58706236 -0.6807096   0.4381692 ]]"
20200221-195041.526657,16,[0.1695566  0.01532195 0.00855094],"[[-0.46686536  0.08142061 -0.02902944]
 [ 0.48156357 -0.6474207   0.4889424 ]
 [ 0.47737697  0.75748503  0.39972168]
 [-0.567666    0.02082081  0.7748    ]]","[[ 0.60821503  0.01187071 -0.7936835 ]
 [ 0.5346036   0.7329809   0.4206399 ]
 [ 0.5867482  -0.6801456   0.43946397]]"
20200221-195041.526657,17,[0.1777191  0.01536682 0.00858349],"[[-0.46799758  0.07819021 -0.02973409]
 [ 0.4836351  -0.64634275  0.4884931 ]
 [ 0.4796747   0.7585821   0.39250353]
 [-0.5630166   0.02608419  0.7787372 ]]","[[ 0.6066344   0.00783192 -0.7949425 ]
 [ 0.53665745  0.7336955   0.41676107]
 [ 0.58650976 -0.67943335  0.44088185]]"
20200221-195041.526657,18,[0.18544191 0.01541117 0.00861035],"[[-0.4683363  -0.07519561 -0.03014574]
 [ 0.48570067  0.6453024   0.48836404]
 [ 0.48158202 -0.75959766  0.3862688 ]
 [-0.5593166  -0.03069442  0.78191346]]","[[ 0.60528916 -0.0042431  -0.7959946 ]
 [ 0.5384019  -0.7343608   0.41332543]
 [ 0.58630097  0.6787462   0.442216  ]]"
20200221-195041.526657,19,[0.19487849 0.01545645 0.00863535],"[[-0.46876132 -0.07213992 -0.03069275]
 [ 0.4877148   0.6444163   0.4880123 ]
 [ 0.48358908 -0.7604435   0.37996554]
 [-0.55546284 -0.0353479   0.78519315]]","[[ 6.0380328e-01 -5.6019088e-04 -7.9713333e-01]
 [ 5.4035395e-01 -7.3489290e-01  4.0981743e-01]
 [ 5.8603710e-01  6.7818320e-01  4.4342792e-01]]"
20200221-195041.526657,20,[0.20388874 0.01550594 0.00865784],"[[-0.46919292 -0.06935354 -0.03141136]
 [ 0.48913762  0.64376754  0.48790792]
 [ 0.4857759  -0.76100504  0.37386006]
 [-0.5519277  -0.04030744  0.7881546 ]]","[[ 0.6025223   0.00321341 -0.79809564]
 [ 0.54206544 -0.7356014   0.4062705 ]
 [ 0.5857748   0.67740715  0.44495812]]"
20200221-195041.526657,21,[0.2111197  0.01555467 0.00867824],"[[-0.46976987 -0.06646591 -0.03234481]
 [ 0.49034414  0.6430782   0.48803312]
 [ 0.4873906  -0.7615896   0.36831674]
 [-0.54893476 -0.04488375  0.7906457 ]]","[[ 0.60158014  0.00655931 -0.7987856 ]
 [ 0.5433071  -0.736414    0.40312746]
 [ 0.5855927   0.67649937  0.44657567]]"
20200221-195041.526657,22,[0.21869507 0.01559834 0.00869599],"[[-0.46992078 -0.06333333 -0.0330448 ]
 [ 0.49212795  0.6422107   0.48803383]
 [ 0.48835242 -0.7623668   0.36343023]
 [-0.5463484  -0.04848968  0.79287446]]","[[ 0.6006709   0.00930734 -0.79944235]
 [ 0.54446965 -0.7369814   0.40051383]
 [ 0.5854464   0.67584914  0.44775078]]"
20200221-195041.526657,23,[0.22649197 0.01564729 0.00871459],"[[-0.47038192 -0.06041423 -0.03392219]
 [ 0.49339098  0.64154977  0.4881138 ]
 [ 0.48982498 -0.7628705   0.35808936]
 [-0.5434867  -0.05284466  0.79521435]]","[[ 0.59979373  0.01247487 -0.8000574 ]
 [ 0.54562306 -0.73773587  0.397544  ]
 [ 0.58527184  0.67497414  0.44929594]]"
20200221-195041.526657,24,[0.23421751 0.01569757 0.00873093],"[[-0.4707592  -0.05758184 -0.03486742]
 [ 0.49444664  0.6409952   0.4882924 ]
 [ 0.49124745 -0.7632472   0.35303903]
 [-0.5409103  -0.05712238  0.7973193 ]]","[[ 0.59899104  0.01556783 -0.80060434]
 [ 0.54668856 -0.7384963   0.39465773]
 [ 0.5850995   0.67407775  0.45086345]]"
20200221-195041.526657,25,[0.24100529 0.01574645 0.00874474],"[[-0.4709007  -0.05473121 -0.03578349]
 [ 0.49552548  0.6403959   0.48862594]
 [ 0.49224916 -0.7636694   0.34861183]
 [-0.5388859  -0.06088506  0.7990207 ]]","[[ 0.59834045  0.01828851 -0.8010333 ]
 [ 0.5475411  -0.73921937  0.3921143 ]
 [ 0.58496815  0.6732164   0.45231843]]"
20200221-195041.526657,26,[0.24739173 0.01579835 0.00875922],"[[-0.4714218  -0.05192053 -0.036917  ]
 [ 0.49623442  0.63989365  0.48902857]
 [ 0.4933948  -0.76394373  0.34394917]
 [-0.536726   -0.06504641  0.8007418 ]]","[[ 0.59775925  0.02118547 -0.8013959 ]
 [ 0.5483132  -0.7400702   0.38942125]
 [ 0.584839    0.6721961   0.45400003]]"
20200221-195041.526657,27,[0.25482905 0.01584776 0.00877327],"[[-0.47169775 -0.04896044 -0.03783916]
 [ 0.49739173  0.6392782   0.4892421 ]
 [ 0.4943476  -0.76432514  0.33938578]
 [-0.53453094 -0.06880058  0.8025135 ]]","[[ 0.59711766  0.02386571 -0.8017985 ]
 [ 0.5491492  -0.7407645   0.38691488]
 [ 0.5847099   0.6713407   0.45542938]]"
20200221-195041.526657,28,[0.26262674 0.01589812 0.00878538],"[[-0.47171474 -0.04610907 -0.03870069]
 [ 0.4985063   0.6387276   0.48951444]
 [ 0.49532226 -0.7646268   0.33507153]
 [-0.5325716  -0.07243475  0.8041175 ]]","[[ 0.5964901   0.02649    -0.80218315]
 [ 0.5499756  -0.7414247   0.3844691 ]
 [ 0.5845738   0.6705131   0.45682132]]"
20200221-195041.526657,29,[0.269468   0.01595128 0.00879793],"[[-0.4718847  -0.04338389 -0.03963472]
 [ 0.49930152  0.63822985  0.48997223]
 [ 0.4964029  -0.7648205   0.33069777]
 [-0.5306665  -0.07635263  0.8056023 ]]","[[ 0.5959707   0.02922217 -0.8024744 ]
 [ 0.55066705 -0.7422214   0.38193375]
 [ 0.5844527   0.66951746  0.45843384]]"
20200221-195041.526657,30,[0.27620572 0.01599981 0.0088077 ],"[[-0.47175834 -0.04041351 -0.04051634]
 [ 0.5004873   0.63759375  0.49035862]
 [ 0.49683625 -0.7652065   0.32703108]
 [-0.52925473 -0.0793744   0.8068197 ]]","[[ 0.59549624  0.03140843 -0.802744  ]
 [ 0.5512752  -0.7428205   0.37988636]
 [ 0.5843629   0.6687536   0.45966148]]"
20200221-195041.526657,31,[0.28247827 0.016051   0.00881733],"[[-0.47180572 -0.03754379 -0.04151871]
 [ 0.50135463  0.63706076  0.49084848]
 [ 0.49739945 -0.7654496   0.3233145 ]
 [-0.52786064 -0.08264947  0.8079677 ]]","[[ 0.5950773   0.03370791 -0.80296135]
 [ 0.5518212  -0.7435069   0.3777446 ]
 [ 0.5842742   0.66787827  0.4610448 ]]"
20200221-195041.526657,32,[0.28891847 0.01610509 0.0088272 ],"[[-0.4719489  -0.03479097 -0.04256252]
 [ 0.5020045   0.63660985  0.49139723]
 [ 0.49818692 -0.7655596   0.31941947]
 [-0.52637064 -0.08623421  0.8091284 ]]","[[ 0.59466404  0.03618488 -0.8031598 ]
 [ 0.55237263 -0.7442602   0.37544852]
 [ 0.58417416  0.66690904  0.4625722 ]]"
20200221-195041.526657,33,[0.29544878 0.01615889 0.00883613],"[[-0.4720494  -0.03199594 -0.04361865]
 [ 0.5026877   0.6361589   0.4919284 ]
 [ 0.49885356 -0.7656651   0.31568754]
 [-0.5249955  -0.08964235  0.8102134 ]]","[[ 0.5942665   0.03854785 -0.8033442 ]
 [ 0.5529008  -0.7449703   0.37325633]
 [ 0.58407927  0.6659831   0.46402392]]"
20200221-195041.526657,34,[0.30272272 0.01621251 0.0088439 ],"[[-0.47178125 -0.02925545 -0.04448299]
 [ 0.50356084  0.6357102   0.49241513]
 [ 0.49955288 -0.76576686  0.3121367 ]
 [-0.52373296 -0.09283374  0.81124556]]","[[ 0.5938437   0.04081434 -0.80354464]
 [ 0.553462   -0.7456036   0.37115374]
 [ 0.58397746  0.66513866  0.46536115]]"
20200221-195041.526657,35,[0.30897564 0.01626915 0.008853  ],"[[-0.47196662 -0.02655963 -0.04554219]
 [ 0.5040478   0.6353152   0.49303076]
 [ 0.50034297 -0.7657476   0.30833733]
 [-0.5223416  -0.09643508  0.81226516]]","[[ 0.5934967   0.04325187 -0.80367357]
 [ 0.5539292  -0.7463763   0.36889714]
 [ 0.5838874   0.66411734  0.46693024]]"
20200221-195041.526657,36,[0.3165477  0.01632402 0.00886148],"[[-0.4717812  -0.02378974 -0.04635806]
 [ 0.50495505  0.6348588   0.4934556 ]
 [ 0.5010876  -0.7657992   0.30463332]
 [-0.5209168  -0.09969711  0.81335783]]","[[ 0.5930903   0.04552739 -0.80384785]
 [ 0.55446655 -0.7470181   0.36678454]
 [ 0.5837901   0.6632429   0.46829253]]"
20200221-195041.526657,37,[0.32410264 0.01638128 0.0088695 ],"[[-0.47169125 -0.02112285 -0.04725387]
 [ 0.50562745  0.6344898   0.49395198]
 [ 0.5019597  -0.7657267   0.30089533]
 [-0.5195045  -0.10314634  0.8143957 ]]","[[ 0.592705    0.04789521 -0.8039943 ]
 [ 0.5549853  -0.7477051   0.36459342]
 [ 0.58368844  0.66230124  0.46974966]]"
20200221-195041.526657,38,[0.33009148 0.01643791 0.00887762],"[[-0.47173965 -0.0183658  -0.04823266]
 [ 0.50623626  0.6340135   0.49460438]
 [ 0.502489   -0.7657465   0.29739413]
 [-0.51835454 -0.10640334  0.8152282 ]]","[[ 0.5924199   0.05009892 -0.8040702 ]
 [ 0.55536187 -0.7484208   0.36254585]
 [ 0.5836197   0.66132927  0.47120243]]"
20200221-195041.526657,39,[0.33747727 0.01649321 0.0088844 ],"[[-0.47139812 -0.01557283 -0.0490215 ]
 [ 0.5071799   0.63352555  0.49508604]
 [ 0.5030058  -0.7658003   0.29405797]
 [-0.5172405  -0.10932919  0.8160986 ]]","[[ 0.59207857  0.05215015 -0.8041911 ]
 [ 0.55580944 -0.7490102   0.36063793]
 [ 0.5835401   0.66050303  0.4724584 ]]"
20200221-195041.526657,40,[0.34432897 0.01655204 0.00889091],"[[-0.47127226 -0.01293044 -0.04996843]
 [ 0.50771564  0.63316244  0.4957169 ]
 [ 0.5036924  -0.7656794   0.29066476]
 [-0.51616037 -0.11257482  0.8168734 ]]","[[ 0.59177834  0.05435978 -0.80426586]
 [ 0.5562158  -0.74969053  0.3585921 ]
 [ 0.5834575   0.6595524   0.47388625]]"
20200221-195041.526657,41,[0.350031   0.01661103 0.0088975 ],"[[-0.47131622 -0.01023247 -0.05100892]
 [ 0.5081387   0.6327518   0.49645972]
 [ 0.50416595 -0.7655878   0.2874099 ]
 [-0.51524055 -0.11574185  0.8175094 ]]","[[ 0.59154385  0.05648379 -0.80429196]
 [ 0.55653054 -0.750397    0.35662037]
 [ 0.5833951   0.6585696   0.4753277 ]]"
20200221-195041.526657,42,[0.35718203 0.0166706  0.00890369],"[[-0.4711512  -0.00756767 -0.05190829]
 [ 0.508732    0.6323801   0.49705365]
 [ 0.5048181  -0.76544267  0.28406122]
 [-0.51416653 -0.11889473  0.8182619 ]]","[[ 0.5912519   0.05862594 -0.80435336]
 [ 0.5569239  -0.751046    0.35463464]
 [ 0.5833157   0.657642    0.4767075 ]]"
20200221-195041.526657,43,[0.3642977  0.01673206 0.00891046],"[[-0.47103935 -0.00498027 -0.05277101]
 [ 0.50923413  0.6320414   0.49767318]
 [ 0.5056108  -0.765219    0.28058308]
 [-0.5129914  -0.12222438  0.8190299 ]]","[[ 0.590971    0.06085284 -0.80439436]
 [ 0.55730563 -0.75173396  0.3525712 ]
 [ 0.5832357   0.6566528   0.47816658]]"
20200221-195041.526657,44,[0.37027377 0.01679294 0.00891627],"[[-0.4709578  -0.00233629 -0.05373112]
 [ 0.50966513  0.6316471   0.49842265]
 [ 0.50610626 -0.7650595   0.27744055]
 [-0.5121491  -0.12530054  0.8195819 ]]","[[ 0.59075195  0.06291297 -0.8043968 ]
 [ 0.5576012  -0.7524097   0.35065725]
 [ 0.5831751   0.6556841   0.4795679 ]]"
20200221-195041.526657,45,[0.37724394 0.01685347 0.0089223 ],"[[-4.7076431e-01  3.6148593e-04 -5.4566577e-02]
 [ 5.1031703e-01  6.3122207e-01  4.9903032e-01]
 [ 5.0663400e-01 -7.6491737e-01  2.7420449e-01]
 [-5.1115513e-01 -1.2829748e-01  8.2024580e-01]]","[[ 0.59049946  0.0649344  -0.8044214 ]
 [ 0.5579371  -0.75303435  0.34877706]
 [ 0.58310944  0.6547693   0.4808957 ]]"
20200221-195041.526657,46,[0.38356978 0.01691722 0.0089282 ],"[[-0.47072408  0.00290827 -0.05549585]
 [ 0.51062584  0.63090706  0.49977633]
 [ 0.50731957 -0.7646187   0.27094907]
 [-0.5102025  -0.13155091  0.8208107 ]]","[[ 0.5902812   0.06707906 -0.8044056 ]
 [ 0.5582378  -0.75373     0.34678736]
 [ 0.58304274  0.6537518   0.48235875]]"
20200221-195041.526657,47,[0.38985005 0.01697749 0.0089336 ],"[[-0.47046804  0.00566345 -0.05631899]
 [ 0.5113237   0.630422    0.5004366 ]
 [ 0.5076173  -0.7645307   0.26799038]
 [-0.5094434  -0.13427162  0.8213237 ]]","[[ 0.5900747   0.06892355 -0.8044013 ]
 [ 0.5585073  -0.75432086  0.3450647 ]
 [ 0.5829937   0.652878    0.48360002]]"
20200221-195041.526657,48,[0.39429092 0.01704089 0.0089392 ],"[[-0.47062403  0.00832772 -0.05738626]
 [ 0.51152325  0.6299984   0.5013546 ]
 [ 0.5078765  -0.7643247   0.26506677]
 [-0.50884044 -0.13725913  0.8216388 ]]","[[ 0.5899416   0.07087453 -0.80432945]
 [ 0.5586871  -0.7550182   0.34324396]
 [ 0.5829561   0.6518623   0.48501334]]"
20200221-195041.526657,49,[0.40117088 0.0171032  0.0089441 ],"[[-0.47039983  0.011045   -0.05822607]
 [ 0.5121543   0.6295732   0.50197583]
 [ 0.5082712  -0.76413596  0.26205814]
 [-0.5080186  -0.14004442  0.82216513]]","[[ 0.5897251   0.0727476  -0.804321  ]
 [ 0.5589744  -0.7555973   0.3414972 ]
 [ 0.58289963  0.65098417  0.48625872]]"
20200221-195041.526657,50,[0.40607223 0.01716737 0.00894891],"[[-0.47043133  0.01370093 -0.05923916]
 [ 0.51241904  0.62915605  0.50285447]
 [ 0.5085215  -0.7639072   0.25923944]
 [-0.50747067 -0.14289914  0.8224493 ]]","[[ 0.58958584  0.07462507 -0.8042509 ]
 [ 0.55916214 -0.7562486   0.33974335]
 [ 0.5828604   0.65001464  0.48760104]]"
20200221-195041.526657,51,[0.41216782 0.01723295 0.00895344],"[[-0.47031802  0.01628673 -0.06015141]
 [ 0.51275057  0.6288062   0.50362855]
 [ 0.5089912  -0.7635916   0.25630823]
 [-0.50677013 -0.14582685  0.8228281 ]]","[[ 0.58940923  0.07655691 -0.8041989 ]
 [ 0.559404   -0.75687605  0.33794352]
 [ 0.58280694  0.6490591   0.48893592]]"
20200221-195041.526657,52,[0.41804737 0.01729908 0.0089579 ],"[[-0.47017854  0.01886139 -0.0610317 ]
 [ 0.51307434  0.6284609   0.50441676]
 [ 0.50944674 -0.76326126  0.2534454 ]
 [-0.5061134  -0.14870614  0.8231673 ]]","[[ 0.58924526  0.07845212 -0.8041365 ]
 [ 0.5596285  -0.7574973   0.33617565]
 [ 0.5827575   0.6481074   0.49025565]]"
20200221-195041.526657,53,[0.42405596 0.01736419 0.00896209],"[[-0.47001722  0.02154281 -0.06190865]
 [ 0.5135321   0.62806225  0.50514156]
 [ 0.5097443  -0.762991    0.25066945]
 [-0.5054988  -0.15138677  0.82350713]]","[[ 0.58908236  0.08023091 -0.80408025]
 [ 0.5598457  -0.758073    0.3345118 ]
 [ 0.58271337  0.6472158   0.4914844 ]]"
20200221-195041.526657,54,[0.42853317 0.01743033 0.00896571],"[[-0.46994558  0.02417533 -0.06289665]
 [ 0.5137571   0.627648    0.5060792 ]
 [ 0.5098813  -0.7627291   0.24815728]
 [-0.50519884 -0.1540064   0.82361734]]","[[ 0.5889752   0.08196128 -0.8039843 ]
 [ 0.55999076 -0.7586795   0.3328901 ]
 [ 0.58268225  0.64628774  0.49274096]]"
20200221-195041.526657,55,[0.4336214  0.01749635 0.00896998],"[[-0.4698114   0.0268569  -0.06376471]
 [ 0.51416934  0.62718433  0.50691384]
 [ 0.51004064 -0.7624932   0.24551941]
 [-0.5047434  -0.15659699  0.8238282 ]]","[[ 0.5888496   0.0836761  -0.80389965]
 [ 0.5601564  -0.7592619   0.33127978]
 [ 0.5826502   0.6453834   0.49396273]]"
20200221-195041.526657,56,[0.43809095 0.01756338 0.00897432],"[[-0.46988133  0.02955492 -0.06474072]
 [ 0.5144345   0.6267181   0.50781393]
 [ 0.5101115  -0.76223147  0.24289438]
 [-0.5043361  -0.15922923  0.8239757 ]]","[[ 0.5887456   0.08539408 -0.80379504]
 [ 0.5602939  -0.759863    0.32966453]
 [ 0.5826228   0.64445     0.49521184]]"
20200221-195041.526657,57,[0.4438626  0.01763047 0.00897855],"[[-0.4697224   0.03224943 -0.06555238]
 [ 0.51492417  0.62627167  0.50854754]
 [ 0.5103237  -0.76194924  0.24019542]
 [-0.50376964 -0.16179343  0.8242503 ]]","[[ 0.58860505  0.08708502 -0.80371666]
 [ 0.56047887 -0.7604142   0.32807592]
 [ 0.58258694  0.6435732   0.49639297]]"
20200221-195041.526657,58,[0.45028996 0.01769814 0.00898238],"[[-0.46946716  0.03492684 -0.06631657]
 [ 0.51547396  0.6258483   0.5092194 ]
 [ 0.510602   -0.7616373   0.23749238]
 [-0.503163   -0.16432445  0.8245577 ]]","[[ 0.5884501   0.08876195 -0.80364656]
 [ 0.5606838  -0.7609404   0.32650158]
 [ 0.5825463   0.64272153  0.49754283]]"
20200221-195041.526657,59,[0.45507747 0.01777037 0.00898708],"[[-0.46956396  0.03740207 -0.06719553]
 [ 0.51552796  0.6255033   0.5101579 ]
 [ 0.5110295  -0.761159    0.23468572]
 [-0.50258243 -0.16728196  0.8247096 ]]","[[ 0.5883428   0.09064376 -0.8035151 ]
 [ 0.5608357  -0.7615834   0.3247367 ]
 [ 0.5825084   0.64169645  0.4989084 ]]"
20200221-195041.526657,60,[0.4590793  0.01784026 0.00899062],"[[-0.46961397  0.04003946 -0.06816495]
 [ 0.51567584  0.62507296  0.51112044]
 [ 0.51106834 -0.7608204   0.23227465]
 [-0.5023444  -0.16980235  0.8247168 ]]","[[ 0.58826405  0.09228005 -0.8033864 ]
 [ 0.5609418  -0.76216125  0.323194  ]
 [ 0.5824857   0.6407765   0.5001158 ]]"
20200221-195041.526657,61,[0.46308607 0.0179099  0.00899429],"[[-0.46966285  0.0427326  -0.06910749]
 [ 0.5159073   0.62459874  0.5120503 ]
 [ 0.5110251  -0.76051724  0.22988026]
 [-0.50210494 -0.17223145  0.8247324 ]]","[[ 0.5881863   0.0938625  -0.80325985]
 [ 0.56104326 -0.76271904  0.3216983 ]
 [ 0.58246636  0.63988215  0.501282  ]]"
20200221-195041.526657,62,[0.4677693  0.0179814  0.00899823],"[[-0.4696502   0.04533679 -0.0699605 ]
 [ 0.516153    0.6241468   0.5129501 ]
 [ 0.5111704  -0.76015     0.22732715]
 [-0.501717   -0.17480607  0.824809  ]]","[[ 0.58809054  0.0955287  -0.8031337 ]
 [ 0.56117237 -0.7632853   0.32012668]
 [ 0.5824389   0.6389599   0.5024889 ]]"
20200221-195041.526657,63,[0.4709975  0.01805374 0.0090015 ],"[[-0.46976304  0.04792585 -0.07094443]
 [ 0.5161692   0.6237177   0.51400375]
 [ 0.5111577  -0.75976765  0.22504418]
 [-0.50160706 -0.17729208  0.82469517]]","[[ 0.588037    0.09712935 -0.8029809 ]
 [ 0.5612462  -0.76386416  0.31861278]
 [ 0.5824217   0.6380261   0.50369406]]"
20200221-195041.526657,64,[0.47708642 0.01812695 0.00900508],"[[-0.46953455  0.05045858 -0.07164519]
 [ 0.51655215  0.62331307  0.5147737 ]
 [ 0.51151496 -0.7593294   0.22240624]
 [-0.50106245 -0.17987108  0.82487005]]","[[ 0.5879079   0.09880602 -0.8028709 ]
 [ 0.56142175 -0.7643918   0.3170344 ]
 [ 0.5823831   0.6371362   0.5048639 ]]"
20200221-195041.526657,65,[0.48093584 0.018201   0.00900877],"[[-0.46961483  0.05301699 -0.07253069]
 [ 0.51664233  0.6228679   0.51577175]
 [ 0.51159847 -0.75891274  0.2199874 ]
 [-0.5008091  -0.18241747  0.8248177 ]]","[[ 0.5878396   0.10043705 -0.8027185 ]
 [ 0.5615156  -0.7649611   0.3154913 ]
 [ 0.58236146  0.6361972   0.50607145]]"
20200221-195041.526657,66,[0.48695308 0.01827579 0.00901284],"[[-0.4694563   0.05553913 -0.07319009]
 [ 0.5170166   0.6224586   0.51652503]
 [ 0.5119738  -0.7584352   0.21728703]
 [-0.5001877  -0.18503216  0.8250041 ]]","[[ 0.5877161   0.10211434 -0.80259734]
 [ 0.56168264 -0.7654892   0.313909  ]
 [ 0.58232504  0.6352944   0.50724626]]"
20200221-195041.526657,67,[0.49287844 0.01835113 0.00901558],"[[-0.46922952  0.05804683 -0.07391815]
 [ 0.51731193  0.6221046   0.5173058 ]
 [ 0.51230645 -0.75792956  0.21481699]
 [-0.49975374 -0.18750705  0.8250965 ]]","[[ 0.5876011   0.10371791 -0.80247587]
 [ 0.5618406  -0.7659916   0.31239712]
 [ 0.5822886   0.63442844  0.5083705 ]]"
20200221-195041.526657,68,[0.4972949  0.01842779 0.00901839],"[[-0.46924     0.06053968 -0.07478362]
 [ 0.517368    0.6217221   0.518265  ]
 [ 0.5124781  -0.7574249   0.21246447]
 [-0.49950996 -0.19001056  0.8250257 ]]","[[ 0.5875255   0.10531858 -0.8023228 ]
 [ 0.5619475  -0.7665288   0.31088334]
 [ 0.5822617   0.63351524  0.50953877]]"
20200221-195041.526657,69,[0.50088453 0.01850496 0.00902196],"[[-0.46936196  0.06305519 -0.07563501]
 [ 0.51739824  0.6212841   0.5192798 ]
 [ 0.51255673 -0.7569453   0.21010596]
 [-0.4992832  -0.1925199   0.8249143 ]]","[[ 0.5874686   0.10690831 -0.8021541 ]
 [ 0.5620273  -0.7670806   0.30937457]
 [ 0.58224225  0.6325803   0.51072115]]"
20200221-195041.526657,70,[0.50346345 0.01858181 0.00902532],"[[-0.46955147  0.06562574 -0.0765468 ]
 [ 0.5173756   0.6208061   0.52036995]
 [ 0.512435   -0.756517    0.20794801]
 [-0.49925336 -0.19487225  0.82468987]]","[[ 0.58743805  0.10840355 -0.80197585]
 [ 0.5620687  -0.7676238   0.30794877]
 [ 0.582233    0.63166636  0.5118617 ]]"
20200221-195041.526657,71,[0.5077136  0.01865719 0.00902793],"[[-0.46942517  0.06827942 -0.07732886]
 [ 0.5176998   0.6202916   0.52125996]
 [ 0.5123209  -0.75615835  0.20581092]
 [-0.49915358 -0.1969796   0.8245911 ]]","[[ 0.5873716   0.10978833 -0.80183625]
 [ 0.56215394 -0.7680898   0.3066286 ]
 [ 0.58221793  0.6308602   0.51287204]]"
20200221-195041.526657,72,[0.5102654  0.01873502 0.0090306 ],"[[-0.46953383  0.07083862 -0.0782348 ]
 [ 0.51768225  0.6198103   0.5223608 ]
 [ 0.5121596  -0.75573343  0.20379168]
 [-0.49923524 -0.19920957  0.82431036]]","[[ 0.5873442   0.11121919 -0.80165887]
 [ 0.5621912  -0.7686066   0.30526203]
 [ 0.58220935  0.62997943  0.5139631 ]]"
20200221-195041.526657,73,[0.51515263 0.01881385 0.00903417],"[[-0.4694616   0.07337303 -0.07890443]
 [ 0.5179727   0.61933684  0.5232058 ]
 [ 0.51229715 -0.7552514   0.20137575]
 [-0.49886075 -0.20157814  0.82430464]]","[[ 0.58726144  0.11273229 -0.8015084 ]
 [ 0.5623022  -0.76909584  0.30382255]
 [ 0.58218604  0.6291131   0.5150499 ]]"
20200221-195041.526657,74,[0.51998234 0.01889477 0.00903716],"[[-0.46938625  0.07580453 -0.07959861]
 [ 0.5181153   0.61893517  0.52410334]
 [ 0.5125389  -0.75468653  0.19901744]
 [-0.49853504 -0.20401381  0.8242402 ]]","[[ 0.5871821   0.1142769  -0.8013477 ]
 [ 0.5624126  -0.76959294  0.30235562]
 [ 0.58215916  0.6282258   0.51616186]]"
20200221-195041.526657,75,[0.52479464 0.01897471 0.00903996],"[[-0.46926937  0.07832854 -0.08028111]
 [ 0.5183752   0.6184968   0.5249421 ]
 [ 0.5126502  -0.7541764   0.19675574]
 [-0.4982598  -0.20626275  0.824183  ]]","[[ 0.5871052   0.11571807 -0.8011972 ]
 [ 0.5625159  -0.7700554   0.30098298]
 [ 0.58213705  0.6273948   0.5171968 ]]"
20200221-195041.526657,76,[0.530465   0.01905625 0.009043  ],"[[-0.4690436   0.08077861 -0.08084487]
 [ 0.5187018   0.6180953   0.5257075 ]
 [ 0.5129588  -0.753602    0.19435994]
 [-0.49781537 -0.20860827  0.8242088 ]]","[[ 0.5870098   0.117211   -0.80105007]
 [ 0.56264573 -0.77051365  0.29956418]
 [ 0.5821077   0.6265545   0.5182472 ]]"
20200221-195041.526657,77,[0.5343729  0.01913687 0.00904581],"[[-0.46897474  0.08333217 -0.08154576]
 [ 0.51892847  0.61759156  0.5266294 ]
 [ 0.5129019  -0.75314456  0.192247  ]
 [-0.49770206 -0.21073665  0.8240467 ]]","[[ 0.58695656  0.11858069 -0.80088747]
 [ 0.56271505 -0.77097154  0.29825294]
 [ 0.5820943   0.6257329   0.51925385]]"
20200221-195041.526657,78,[0.5398837  0.01921907 0.00904897],"[[-0.46875274  0.08581409 -0.08208272]
 [ 0.51930547  0.61714214  0.52738893]
 [ 0.5131224  -0.7526009   0.18989824]
 [-0.49729082 -0.21298729  0.82405204]]","[[ 0.58686876  0.12001612 -0.8007379 ]
 [ 0.5628321  -0.7714143   0.29688412]
 [ 0.5820698   0.62491304  0.52026784]]"
20200221-195041.526657,79,[0.54199976 0.01930354 0.00905238],"[[-0.46904075  0.08825655 -0.08290208]
 [ 0.51915413  0.6166622   0.5285221 ]
 [ 0.5130303  -0.752046    0.18779893]
 [-0.49727198 -0.21532612  0.823725  ]]","[[ 0.5868522   0.1214659  -0.8005314 ]
 [ 0.5628576  -0.77192974  0.29549256]
 [ 0.58206177  0.6239958   0.52137667]]"
20200221-195041.526657,80,[0.5458532  0.01938725 0.00905525],"[[-0.46906835  0.09075052 -0.0836015 ]
 [ 0.5192914   0.61617553  0.5294584 ]
 [ 0.51301104 -0.7515184   0.18565306]
 [-0.49712273 -0.21751328  0.8235395 ]]","[[ 0.5868021   0.12284845 -0.8003571 ]
 [ 0.5629251  -0.77238643  0.29416764]
 [ 0.582047    0.6231593   0.52239245]]"
20200221-195041.526657,81,[0.5486154  0.01947203 0.00905793],"[[-0.4692003   0.09322098 -0.08436929]
 [ 0.5192645   0.615706    0.5304999 ]
 [ 0.51291007 -0.7509727   0.1836599 ]
 [-0.49713072 -0.21967328  0.823238  ]]","[[ 0.5867751   0.12420516 -0.8001675 ]
 [ 0.56296283 -0.7728543   0.29286367]
 [ 0.5820378   0.6223097   0.52341443]]"
20200221-195041.526657,82,[0.552229   0.01955831 0.00906064],"[[-0.4692673   0.09563062 -0.08507125]
 [ 0.5192807   0.6152604   0.53148174]
 [ 0.5129519  -0.7503768   0.1815525 ]
 [-0.4970075  -0.22190963  0.8229997 ]]","[[ 0.5867307   0.1256041  -0.7999817 ]
 [ 0.5630259  -0.77331525  0.29152286]
 [ 0.5820216   0.6214558   0.524446  ]]"
20200221-195041.526657,83,[0.5577376  0.01964476 0.00906322],"[[-0.4690658   0.09803212 -0.08559084]
 [ 0.51957786  0.614829    0.53225774]
 [ 0.51319    -0.7497655   0.17928848]
 [-0.4966409  -0.22411384  0.822941  ]]","[[ 0.58664894  0.12699524 -0.7998221 ]
 [ 0.563137   -0.7737343   0.2901935 ]
 [ 0.58199644  0.6206511   0.525426  ]]"
20200221-195041.526657,84,[0.5612281  0.0197324  0.00906591],"[[-0.46909925  0.10042407 -0.08624304]
 [ 0.51960695  0.6143898   0.53322667]
 [ 0.51323867 -0.7491534   0.17723633]
 [-0.49652883 -0.22629526  0.8226901 ]]","[[ 0.58660847  0.12835583 -0.79963446]
 [ 0.5631939  -0.7741818   0.28888646]
 [ 0.5819822   0.6198125   0.5264308 ]]"
20200221-195041.526657,85,[0.5656133  0.01982072 0.00906882],"[[-0.4690337   0.10280673 -0.08679045]
 [ 0.51976943  0.6139556   0.53409   ]
 [ 0.51339453 -0.7485195   0.1750704 ]
 [-0.49625957 -0.22848992  0.8225362 ]]","[[ 0.5865505   0.1297231  -0.7994565 ]
 [ 0.5632739  -0.7746119   0.28757474]
 [ 0.5819633   0.61898994  0.52741843]]"
20200221-195041.526657,86,[0.568246   0.01991015 0.00907171],"[[-0.46921223  0.1051859  -0.08748776]
 [ 0.5196879   0.6134803   0.53514594]
 [ 0.5133401  -0.74790865  0.17306824]
 [-0.49623233 -0.23067361  0.8221996 ]]","[[ 0.5865271   0.13107145 -0.7992535 ]
 [ 0.563308   -0.7750682   0.2862747 ]
 [ 0.5819537   0.61813384  0.52843213]]"
20200221-195041.526657,87,[0.5717638  0.0199998  0.00907471],"[[-0.4692668   0.10757209 -0.08808085]
 [ 0.5197648   0.6129958   0.5360959 ]
 [ 0.5133575  -0.7473009   0.17099008]
 [-0.49608263 -0.23282194  0.8219523 ]]","[[ 0.58648735  0.13240306 -0.7990634 ]
 [ 0.56336296 -0.7755013   0.28499168]
 [ 0.58194077  0.61730665  0.5294125 ]]"
20200221-195041.526657,88,[0.5760868  0.02008935 0.00907703],"[[-0.4692025   0.10998698 -0.08865991]
 [ 0.5199484   0.61251754  0.5369619 ]
 [ 0.5133791  -0.7467051   0.16895005]
 [-0.49592832 -0.23485506  0.82174635]]","[[ 0.5864345   0.1336802  -0.79888934]
 [ 0.563434   -0.7759003   0.28376213]
 [ 0.5819252   0.61652935  0.5303346 ]]"
20200221-195041.526657,89,[0.58127314 0.0201809  0.00907929],"[[-0.468965    0.11229471 -0.08911115]
 [ 0.5201771   0.61211157  0.5377601 ]
 [ 0.5136451  -0.74602747  0.16684341]
 [-0.49563748 -0.23696601  0.82160616]]","[[ 0.586366    0.13500077 -0.7987177 ]
 [ 0.5635291  -0.7762936   0.28249535]
 [ 0.5819022   0.6157462   0.5312689 ]]"
20200221-195041.526657,90,[0.5846446  0.02027362 0.00908202],"[[-0.46900454  0.11459907 -0.08967372]
 [ 0.5201891   0.6116525   0.53873086]
 [ 0.5137179  -0.7453691   0.16482383]
 [-0.49551204 -0.23911002  0.82131654]]","[[ 0.5863299   0.13631895 -0.7985202 ]
 [ 0.56358045 -0.7767177   0.2812237 ]
 [ 0.5818886   0.6149202   0.53223944]]"
20200221-195041.526657,91,[0.5880123  0.0203663  0.00908438],"[[-0.46903765  0.11694767 -0.09026667]
 [ 0.52021974  0.611207    0.53966695]
 [ 0.51372707 -0.7447147   0.16289303]
 [-0.49543902 -0.24114181  0.8210224 ]]","[[ 0.58629537  0.13757478 -0.79833007]
 [ 0.56362885 -0.7771208   0.2800104 ]
 [ 0.5818766   0.61413074  0.53316337]]"
20200221-195041.526657,92,[0.5930958  0.02045901 0.00908696],"[[-0.46885833  0.11930896 -0.0906941 ]
 [ 0.52052975  0.6107239   0.5404353 ]
 [ 0.51386124 -0.74408305  0.16078512]
 [-0.495144   -0.2431504   0.82088536]]","[[ 0.586231    0.1388294  -0.7981602 ]
 [ 0.5637146  -0.7774933   0.2788012 ]
 [ 0.5818584   0.61337644  0.53405076]]"
20200221-195041.526657,93,[0.5982282  0.02055345 0.00908943],"[[-0.4686652   0.12159569 -0.0910933 ]
 [ 0.52078146  0.6102787   0.5412171 ]
 [ 0.5140895  -0.74339956  0.15867402]
 [-0.49482477 -0.24521725  0.8207365 ]]","[[ 0.5861666   0.14010692 -0.7979842 ]
 [ 0.56380266 -0.77786946  0.27757108]
 [ 0.5818379   0.61260855  0.53495365]]"
20200221-195041.526657,94,[0.60224766 0.02064954 0.00909186],"[[-0.4686506   0.1238437  -0.09159475]
 [ 0.5208218   0.6098522   0.5421191 ]
 [ 0.51424044 -0.74268264  0.1566659 ]
 [-0.49463937 -0.24731652  0.8204711 ]]","[[ 0.58612233  0.14138791 -0.7977908 ]
 [ 0.56386644 -0.7782633   0.2763351 ]
 [ 0.5818208   0.6118136   0.53588134]]"
20200221-195041.526657,95,[0.6052582  0.02074719 0.00909457],"[[-0.46882403  0.12606202 -0.09215135]
 [ 0.52069706  0.60943174  0.54311293]
 [ 0.5143274  -0.7419332   0.15469703]
 [-0.49451593 -0.2494726   0.8201252 ]]","[[ 0.5860954   0.14268146 -0.79758024]
 [ 0.5639081  -0.77867633  0.27508354]
 [ 0.5818076   0.6109872   0.53683776]]"
20200221-195041.526657,96,[0.6082284  0.02084357 0.00909665],"[[-0.46889815  0.12838222 -0.09273273]
 [ 0.5206794   0.60897034  0.5440741 ]
 [ 0.5142556  -0.7412674   0.152904  ]
 [-0.4945385  -0.25138736  0.81975865]]","[[ 0.5860716   0.14385921 -0.797386  ]
 [ 0.5639415  -0.77905506  0.27393997]
 [ 0.581799    0.6102276   0.53771025]]"
20200221-195041.526657,97,[0.61214054 0.02094186 0.00909893],"[[-0.46887967  0.13060968 -0.0932042 ]
 [ 0.52072126  0.60853297  0.544973  ]
 [ 0.5143763  -0.7405472   0.15096532]
 [-0.49438658 -0.2534133   0.81946725]]","[[ 0.5860313   0.14509234 -0.79719216]
 [ 0.5639992  -0.7794318   0.2727468 ]
 [ 0.58178365  0.6094539   0.5386034 ]]"
20200221-195041.526657,98,[0.6152157  0.02103867 0.00910112],"[[-0.46890464  0.13297532 -0.09373474]
 [ 0.5208196   0.6080237   0.54588246]
 [ 0.51423734 -0.73992556  0.14919265]
 [-0.49440408 -0.2552153   0.8191261 ]]","[[ 0.58600664  0.14620899 -0.79700637]
 [ 0.5640311  -0.7797888   0.27165875]
 [ 0.58177775  0.6087303   0.5394278 ]]"
20200221-195041.526657,99,[0.6161209  0.02113759 0.00910354],"[[-0.46925598  0.13529027 -0.09442221]
 [ 0.5205795   0.60749096  0.5470305 ]
 [ 0.51391506 -0.7392938   0.14756314]
 [-0.49465877 -0.25709173  0.8185764 ]]","[[ 0.5860174   0.14734735 -0.7967889 ]
 [ 0.5640185  -0.7801855   0.27054372]
 [ 0.5817793   0.607947    0.5403088 ]]"
20200221-195041.526657,100,[0.619071   0.02123832 0.00910587],"[[-0.46937993  0.1375066  -0.09493691]
 [ 0.5205094   0.60704124  0.5479918 ]
 [ 0.51392543 -0.73856264  0.14572287]
 [-0.4946044  -0.2590722   0.8182034 ]]","[[ 0.58599323  0.14853732 -0.7965857 ]
 [ 0.56405413 -0.7805601   0.2693867 ]
 [ 0.5817689   0.6071762   0.5411859 ]]"
20200221-195041.526657,101,[0.62193626 0.02133904 0.00910767],"[[-0.46940017  0.13974553 -0.0954558 ]
 [ 0.5204731   0.6065857   0.5489537 ]
 [ 0.513884   -0.73786896  0.14402997]
 [-0.49466652 -0.26091117  0.8177981 ]]","[[ 0.5859727   0.14966327 -0.79638994]
 [ 0.56408423 -0.7809158   0.26829016]
 [ 0.5817603   0.6064417   0.542018  ]]"
20200221-195041.526657,102,[0.62386495 0.02144088 0.0091101 ],"[[-0.4695989   0.14198124 -0.09599907]
 [ 0.5203482   0.6060825   0.5499925 ]
 [ 0.5137415  -0.7371846   0.14231704]
 [-0.494757   -0.26280102  0.81733614]]","[[ 0.5859661   0.15080155 -0.79618007]
 [ 0.56409544 -0.7812892   0.2671771 ]
 [ 0.5817563   0.60567826  0.54287535]]"
20200221-195041.526657,103,[0.6265733  0.02154547 0.00911247],"[[-0.46974808  0.14408247 -0.09647391]
 [ 0.520174    0.6056688   0.55099136]
 [ 0.5138402  -0.7363869   0.14050488]
 [-0.49469537 -0.2648386   0.81692064]]","[[ 0.5859457   0.15200536 -0.79596585]
 [ 0.5641289  -0.7816643   0.26600617]
 [ 0.5817439   0.6048926   0.5437636 ]]"
20200221-195041.526657,104,[0.62927777 0.02164854 0.00911501],"[[-0.46983066  0.14631368 -0.09691208]
 [ 0.5201826   0.6051802   0.55192024]
 [ 0.5137795  -0.7356847   0.13875236]
 [-0.49467143 -0.2666784   0.8165413 ]]","[[ 0.585927    0.15311362 -0.7957675 ]
 [ 0.5641549  -0.7820136   0.26492253]
 [ 0.5817377   0.6041614   0.54458266]]"
20200221-195041.526657,105,[0.6351307  0.02175296 0.00911762],"[[-0.4695213   0.14845286 -0.09706986]
 [ 0.5205564   0.60473615  0.5525663 ]
 [ 0.5141332  -0.7349182   0.13667315]
 [-0.49420446 -0.2686101   0.81643623]]","[[ 0.5858569   0.15427718 -0.7955942 ]
 [ 0.56424975 -0.782326    0.2637959 ]
 [ 0.5817164   0.6034606   0.54538196]]"
20200221-195041.526657,106,[0.6367558  0.02185806 0.0091199 ],"[[-0.46975577  0.15065567 -0.09760553]
 [ 0.52038956  0.6042302   0.553616  ]
 [ 0.5139441  -0.73422045  0.13505542]
 [-0.4943532  -0.27042294  0.8159302 ]]","[[ 0.58585566  0.15536222 -0.7953839 ]
 [ 0.56425333 -0.78268147  0.26273093]
 [ 0.58171386  0.60272056  0.5462022 ]]"
20200221-195041.526657,107,[0.63940567 0.0219632  0.00912187],"[[-0.46977913  0.15287082 -0.09804919]
 [ 0.5203993   0.60373616  0.5545467 ]
 [ 0.5138438  -0.7335338   0.13343154]
 [-0.49442554 -0.27214113  0.8155121 ]]","[[ 0.58583987  0.15640742 -0.79519075]
 [ 0.56427544 -0.783009    0.26170638]
 [ 0.5817088   0.6020247   0.54697466]]"
20200221-195041.526657,108,[0.6441844  0.02207008 0.00912395],"[[-0.46964875  0.15500467 -0.09832935]
 [ 0.5205879   0.6033024   0.5552852 ]
 [ 0.51404    -0.7327547   0.13153669]
 [-0.4941469  -0.27398947  0.81528413]]","[[ 0.5857894   0.15751013 -0.7950103 ]
 [ 0.56434476 -0.7833165   0.2606343 ]
 [ 0.5816921   0.6013367   0.5477485 ]]"
20200221-195041.526657,109,[0.6448331  0.02217682 0.00912569],"[[-0.4699501   0.15723638 -0.0989418 ]
 [ 0.52033585  0.6027914   0.5563861 ]
 [ 0.5136884  -0.7320811   0.1301351 ]
 [-0.49449146 -0.27563825  0.81468403]]","[[ 0.5858051   0.15850078 -0.79480195]
 [ 0.564325   -0.783656    0.2596551 ]
 [ 0.5816956   0.6006338   0.5485157 ]]"
20200221-195041.526657,110,[0.6463709  0.02228693 0.00912834],"[[-0.4702592   0.15931161 -0.09940467]
 [ 0.52008384  0.60233766  0.5574243 ]
 [ 0.5136259  -0.7312822   0.12846345]
 [-0.49452713 -0.27755243  0.81418294]]","[[ 0.58580357  0.1596072  -0.7945814 ]
 [ 0.5643317  -0.78401     0.25856876]
 [ 0.5816904   0.599878    0.5493473 ]]"
20200221-195041.526657,111,[0.64992595 0.02239707 0.00913035],"[[-0.47025993  0.16139072 -0.09974614]
 [ 0.5200942   0.60189915  0.558281  ]
 [ 0.51372576 -0.7304942   0.1267222 ]
 [-0.49441186 -0.27937242  0.81382716]]","[[ 0.58577305  0.16068202 -0.79438734]
 [ 0.56437624 -0.78432345  0.25751895]
 [ 0.58167803  0.59918106  0.5501207 ]]"
20200221-195041.526657,112,[0.6513584  0.0225074  0.00913248],"[[-0.47051322  0.16352917 -0.10023762]
 [ 0.5199081   0.6013971   0.55930895]
 [ 0.5135261  -0.72976786  0.12518272]
 [-0.4945745  -0.28110278  0.81329894]]","[[ 0.5857749   0.16170284 -0.79417866]
 [ 0.56437594 -0.78465354  0.25651228]
 [ 0.58167636  0.59847385  0.55089164]]"
20200221-195041.526657,113,[0.6538113  0.02261867 0.00913456],"[[-0.47061917  0.1656364  -0.10062815]
 [ 0.51983505  0.6009412   0.5602268 ]
 [ 0.5134782  -0.72900057  0.12358607]
 [-0.49459982 -0.28282937  0.81286305]]","[[ 0.5857618   0.16271983 -0.7939808 ]
 [ 0.5643959  -0.7849652   0.2555127 ]
 [ 0.5816703   0.5977891   0.55164105]]"
20200221-195041.526657,114,[0.65737003 0.02272928 0.0091365 ],"[[-0.47049496  0.16779603 -0.10090307]
 [ 0.5200157   0.6004379   0.5610193 ]
 [ 0.5134647  -0.7282965   0.12194908]
 [-0.49454185 -0.28443408  0.8125294 ]]","[[ 0.5857326   0.16369076 -0.79380274]
 [ 0.56443363 -0.78524804  0.25455865]
 [ 0.5816631   0.59715223  0.55233794]]"
20200221-195041.526657,115,[0.6619409  0.02284226 0.0091382 ],"[[-0.47028947  0.16985202 -0.10112155]
 [ 0.52019554  0.60001636  0.5617447 ]
 [ 0.5136689  -0.72749996  0.12022451]
 [-0.4943367  -0.28613675  0.81225836]]","[[ 0.58568853  0.16470444 -0.7936255 ]
 [ 0.5644948  -0.7855242   0.253569  ]
 [ 0.5816481   0.59650993  0.5530473 ]]"
20200221-195041.526657,116,[0.6665344  0.02295578 0.00914002],"[[-0.47015542  0.17191757 -0.10134394]
 [ 0.5203817   0.5995751   0.56245726]
 [ 0.5138282  -0.7267064   0.1184627 ]
 [-0.49410242 -0.28783977  0.8119962 ]]","[[ 0.5856442   0.16570789 -0.7934493 ]
 [ 0.5645555  -0.7857966   0.2525882 ]
 [ 0.5816339   0.59587306  0.5537486 ]]"
