Timestamp,Epoch,s,u,v
20200221-191733.214764,0,[1.4539005  1.0383556  0.18422686],"[[ 0.59837604  0.25574717 -0.0847348 ]
 [-0.30909535  0.767922    0.55900645]
 [-0.3951366   0.42588782 -0.81018466]
 [-0.624718   -0.4043615   0.1547003 ]]","[[ 0.6620336   0.7222492  -0.20016797]
 [ 0.3455272  -0.05712662  0.9366682 ]
 [-0.66507304  0.68926936  0.2873766 ]]"
20200221-191733.214764,1,[1.4581891  1.0401847  0.18355167],"[[ 0.59734845  0.2513181  -0.10227831]
 [-0.30939206  0.7667297   0.55869573]
 [-0.3976895   0.42488688 -0.8107362 ]
 [-0.62393445 -0.41040954  0.14179276]]","[[ 0.6597343   0.72457254 -0.19936222]
 [ 0.3445278  -0.05585622  0.9371129 ]
 [-0.66787064  0.6869314   0.2864856 ]]"
20200221-191733.214764,2,[1.4624928  1.037656   0.18327695],"[[ 0.5969835   0.24525845 -0.11945266]
 [-0.3081628   0.76622415  0.55770713]
 [-0.39946178  0.42433175 -0.8111106 ]
 [-0.62376016 -0.41556177  0.12958808]]","[[ 0.65914965  0.7256257  -0.19745627]
 [ 0.34384033 -0.05728941  0.9372789 ]
 [-0.66880155  0.6857005   0.2872617 ]]"
20200221-191733.214764,3,[1.4668738  1.0378311  0.18224767],"[[ 0.59376717  0.24443193 -0.13697165]
 [-0.31336167  0.7624515   0.5570638 ]
 [-0.40455717  0.4215566  -0.8108174 ]
 [-0.6209498  -0.4256885   0.11616118]]","[[ 0.6517709   0.7330034  -0.19468129]
 [ 0.34146005 -0.05440672  0.9383202 ]
 [-0.67719996  0.6780458   0.28575212]]"
20200221-191733.214764,4,[1.4707307  1.0398312  0.18206038],"[[ 0.59368086  0.23885928 -0.15384011]
 [-0.31175515  0.76218307  0.555061  ]
 [-0.40612304  0.4210793  -0.81074995]
 [-0.62081873 -0.42978466  0.10452204]]","[[ 0.65137     0.73342824 -0.19442223]
 [ 0.3408904  -0.05395224  0.9385536 ]
 [-0.6778722   0.67762226  0.28516153]]"
20200221-191733.214764,5,[1.4740461  1.0443393  0.18183435],"[[ 0.5947498   0.23181273 -0.1705374 ]
 [-0.30763018  0.7628884   0.55270636]
 [-0.40634373  0.4219644  -0.8104163 ]
 [-0.6217083  -0.43152025  0.0930521 ]]","[[ 0.65355086  0.7311552  -0.1956613 ]
 [ 0.34107405 -0.05372478  0.9385    ]
 [-0.67567724  0.68009245  0.28449   ]]"
20200221-191733.214764,6,[1.4779322  1.0507132  0.18174362],"[[ 0.59463376  0.22702232 -0.18706465]
 [-0.30615443  0.7626732   0.5498107 ]
 [-0.40797195  0.42131624 -0.80994713]
 [-0.6214812  -0.43506688  0.08185889]]","[[ 0.6528675   0.73141783 -0.19695686]
 [ 0.34053093 -0.05114778  0.93884116]
 [-0.6766112   0.6800089   0.2824631 ]]"
20200221-191733.214764,7,[1.4821872  1.0595536  0.18118462],"[[ 0.5945062   0.22288458 -0.20319602]
 [-0.30477673  0.7620565   0.547142  ]
 [-0.40961513  0.4212451  -0.8089359 ]
 [-0.62119985 -0.43834376  0.07050067]]","[[ 0.65199727  0.73164904 -0.19897074]
 [ 0.33995    -0.04751557  0.9392425 ]
 [-0.6777416   0.68002355  0.2797041 ]]"
20200221-191733.214764,8,[1.4860953  1.0615988  0.18131109],"[[ 0.59452444  0.21747266 -0.2188837 ]
 [-0.30295482  0.76184434  0.5436203 ]
 [-0.4110469   0.42076135 -0.808057  ]
 [-0.62112784 -0.44188088  0.06009261]]","[[ 0.65183026  0.7318357  -0.19883123]
 [ 0.339422   -0.04707681  0.93945545]
 [-0.6781667   0.6798532   0.27908725]]"
20200221-191733.214764,9,[1.4901599  1.0641446  0.18064773],"[[ 0.59508944  0.21163666 -0.23398091]
 [-0.2998911   0.76133835  0.540864  ]
 [-0.41180226  0.42206925 -0.8064052 ]
 [-0.62157285 -0.4443325   0.04929364]]","[[ 0.6529552   0.7307892  -0.19898903]
 [ 0.33928335 -0.04732978  0.93949276]
 [-0.677153    0.6809605   0.27884883]]"
20200221-191733.214764,10,[1.494827   1.0682606  0.18071155],"[[-0.5934654   0.2096881  -0.24942452]
 [ 0.30215186  0.75943077  0.5368397 ]
 [ 0.41540855  0.4196101  -0.8050264 ]
 [ 0.6196281  -0.4508034   0.03902806]]","[[-0.6484088   0.73492616 -0.1986193 ]
 [-0.33768135 -0.0438218   0.9402398 ]
 [ 0.68230295  0.67672986  0.27658525]]"
20200221-191733.214764,11,[1.4991037  1.0705906  0.18048383],"[[-0.59252465  0.2064609  -0.26440394]
 [ 0.302705    0.757789    0.53299564]
 [ 0.4180767   0.41853634 -0.80322903]
 [ 0.61846286 -0.45602334  0.02878937]]","[[-0.6456915   0.73750734 -0.19790308]
 [-0.33645955 -0.04212945  0.9407551 ]
 [ 0.68547606  0.67402387  0.275344  ]]"
20200221-191733.214764,12,[1.5039988  1.0771087  0.18042195],"[[-0.58949417  0.2076447  -0.27968934]
 [ 0.30856156  0.75433815  0.5285436 ]
 [ 0.4235531   0.41430753 -0.8012928 ]
 [ 0.6147268  -0.46498027  0.01858794]]","[[-0.6370948   0.7450772  -0.19740812]
 [-0.33372623 -0.03577966  0.94199073]
 [ 0.6947926   0.66601765  0.27144685]]"
20200221-191733.214764,13,[1.507938   1.0816809  0.18055956],"[[-0.59027666  0.20197946 -0.29370734]
 [ 0.305277    0.7545524   0.5239513 ]
 [ 0.42416447  0.41483623 -0.79945153]
 [ 0.6151939  -0.46665373  0.00939548]]","[[-0.6384291   0.74364495 -0.19849494]
 [-0.3336643  -0.03500393  0.94204175]
 [ 0.6935965   0.6676577   0.2704753 ]]"
20200221-191733.214764,14,[1.5119157  1.0817537  0.18077546],"[[-0.5911537   0.19551444 -0.3070453 ]
 [ 0.30150062  0.75479436  0.51925606]
 [ 0.42450997  0.41566613 -0.79755604]
 [ 0.6159758  -0.4682754   0.00081742]]","[[-0.64039254  0.7420512  -0.19813536]
 [-0.33361518 -0.03638539  0.942007  ]
 [ 0.6918081   0.6693552   0.27086043]]"
20200221-191733.214764,15,[1.5155164  1.0842407  0.18090488],"[[-0.59290546  0.1877298  -0.3199982 ]
 [ 0.29539403  0.75589955  0.5144985 ]
 [ 0.42362294  0.41785023 -0.79550874]
 [ 0.6178585  -0.4677335  -0.0076275 ]]","[[-0.64478403  0.7379777  -0.19910407]
 [-0.3342773  -0.03799383  0.9417086 ]
 [ 0.6873952   0.6737546   0.27118698]]"
20200221-191733.214764,16,[1.5201353  1.0865836  0.18100554],"[[-0.5921944   0.18473437 -0.33321288]
 [ 0.29567683  0.75444573  0.5095253 ]
 [ 0.42616764  0.41667348 -0.7931532 ]
 [ 0.6166539  -0.4723011  -0.01616044]]","[[-0.64230907  0.74028856 -0.1985241 ]
 [-0.3331264  -0.03637037  0.94218045]
 [ 0.69026506  0.67130476  0.2699707 ]]"
20200221-191733.214764,17,[1.5243161  1.0936191  0.18070644],"[[-0.5928868   0.17999786 -0.3456935 ]
 [ 0.2923467   0.75425404  0.50498706]
 [ 0.426765    0.41790435 -0.79049015]
 [ 0.61716294 -0.473347   -0.02468546]]","[[-0.6435596   0.7387367  -0.2002477 ]
 [-0.33304182 -0.03471366  0.94227284]
 [ 0.68914026  0.6730995   0.26837048]]"
20200221-191733.214764,18,[1.5292227  1.0980463  0.18093967],"[[-0.5912522   0.17929639 -0.35859904]
 [ 0.29528847  0.75192744  0.49954718]
 [ 0.4306835   0.41514826 -0.7878953 ]
 [ 0.6146031  -0.47969744 -0.0328659 ]]","[[-0.63817143  0.7435128  -0.19981429]
 [-0.33115035 -0.03078724  0.9430756 ]
 [ 0.69503707  0.66801244  0.26586208]]"
20200221-191733.214764,19,[1.5332891 1.0982002 0.1813707],"[[-0.5921806   0.17302023 -0.37018272]
 [ 0.2912493   0.75227505  0.4940704 ]
 [ 0.43085873  0.41601145 -0.7856596 ]
 [ 0.6155134  -0.4807085  -0.03997373]]","[[-0.6404054   0.7416551  -0.19957149]
 [-0.33115163 -0.03218434  0.9430286 ]
 [ 0.6929789   0.67000896  0.26621133]]"
20200221-191733.214764,20,[1.5375558  1.0983638  0.18157974],"[[-0.5925894   0.16793245 -0.38175815]
 [ 0.28859475  0.7518244   0.4886729 ]
 [ 0.43177682  0.41647378 -0.78308374]
 [ 0.6157271  -0.48281348 -0.04732108]]","[[-0.64115995  0.74115807 -0.19899486]
 [-0.33080485 -0.03295116  0.94312376]
 [ 0.69244653  0.6705217   0.26630563]]"
20200221-191733.214764,21,[1.5418185 1.1008503 0.1818102],"[[-0.59201306  0.16506468 -0.39374793]
 [ 0.2886768   0.75038064  0.48290312]
 [ 0.43414304  0.41543326 -0.78022194]
 [ 0.6145781  -0.48692667 -0.05496292]]","[[-0.6389021   0.7432319  -0.19852094]
 [-0.3296911  -0.03137983  0.9435673 ]
 [ 0.6950598   0.6682976   0.26508558]]"
20200221-191733.214764,22,[1.5463655  1.1078272  0.18208441],"[[-0.5914797   0.16304372 -0.40506712]
 [ 0.28890052  0.7491863   0.47723895]
 [ 0.43660936  0.4141337  -0.7773756 ]
 [ 0.61323756 -0.49054047 -0.06205448]]","[[-0.6363405   0.7451642  -0.19950195]
 [-0.32858786 -0.02784811  0.9440628 ]
 [ 0.6979261   0.6662993   0.26257282]]"
20200221-191733.214764,23,[1.550433   1.1103628  0.18225801],"[[-0.59281015  0.15662158 -0.41521782]
 [ 0.28356886  0.7498232   0.47190905]
 [ 0.43610898  0.41610292 -0.7747306 ]
 [ 0.61479586 -0.48999342 -0.06847321]]","[[-0.63989043  0.7419223  -0.20022836]
 [-0.32899562 -0.02901719  0.9438855 ]
 [ 0.6944797   0.66985756  0.26265702]]"
20200221-191733.214764,24,[1.5548372  1.1125959  0.18284203],"[[-0.5927837   0.1527515  -0.4257529 ]
 [ 0.28215405  0.7492217   0.4658362 ]
 [ 0.43769684  0.41543663 -0.77211237]
 [ 0.6143436  -0.49269253 -0.07465819]]","[[-0.63922256  0.7425382  -0.20007814]
 [-0.32828373 -0.02820187  0.9441581 ]
 [ 0.695431    0.6692095   0.2617905 ]]"
20200221-191733.214764,25,[1.5585133  1.1152682  0.18330225],"[[-0.5945215   0.14535448 -0.43520117]
 [ 0.2755403   0.7504946   0.46013656]
 [ 0.4364586   0.4177898  -0.76967853]
 [ 0.6165433  -0.4910005  -0.08043207]]","[[-0.6441346   0.73798007 -0.20118688]
 [-0.32905242 -0.02990079  0.9438382 ]
 [ 0.6905181   0.67415977  0.26209432]]"
20200221-191733.214764,26,[1.5639081 1.1197066 0.1837898],"[[-0.59320796  0.14490995 -0.44531962]
 [ 0.27803272  0.7485274   0.45419788]
 [ 0.44015282  0.4150471  -0.76678574]
 [ 0.6140583  -0.49643096 -0.08622331]]","[[-0.6391754   0.74237347 -0.20083949]
 [-0.3271917  -0.02616038  0.9445958 ]
 [ 0.6959889   0.6694755   0.25961953]]"
20200221-191733.214764,27,[1.5689565 1.1195688 0.1844982],"[[-0.5924453   0.14238426 -0.45501012]
 [ 0.2786344   0.7471854   0.4479531 ]
 [ 0.4427858   0.4131478  -0.76416   ]
 [ 0.61262727 -0.5007492  -0.09144956]]","[[-0.6363474   0.7451657  -0.19947462]
 [-0.32573408 -0.0251639   0.9451264 ]
 [ 0.6992563   0.6664045   0.25873882]]"
20200221-191733.214764,28,[1.5733614  1.1221002  0.18491586],"[[-0.5921909   0.13954669 -0.46450877]
 [ 0.27801564  0.7461324   0.44197795]
 [ 0.44475278  0.41232574 -0.7612218 ]
 [ 0.61172915 -0.5037871  -0.09710042]]","[[-0.6347807   0.74658656 -0.19915362]
 [-0.3247435  -0.02389695  0.94550014]
 [ 0.70113844  0.66485924  0.25761846]]"
20200221-191733.214764,29,[1.5777698  1.1222627  0.18532445],"[[-0.59277123  0.13467628 -0.47324058]
 [ 0.27481157  0.7459292   0.43618244]
 [ 0.44533473  0.4129887  -0.7585061 ]
 [ 0.6121911  -0.50486827 -0.10225928]]","[[-0.6361065   0.74557495 -0.19871233]
 [-0.32451555 -0.02485766  0.94555366]
 [ 0.70004165  0.665958    0.25776276]]"
20200221-191733.214764,30,[1.5824629  1.1224437  0.18572678],"[[-0.59335625  0.1298329  -0.4814162 ]
 [ 0.27144137  0.7458426   0.4305934 ]
 [ 0.44583836  0.41370407 -0.7559062 ]
 [ 0.6127611  -0.50567895 -0.10692611]]","[[-0.6375776   0.74443257 -0.19827959]
 [-0.32427967 -0.02587044  0.94560736]
 [ 0.6988114   0.66719615  0.25789878]]"
20200221-191733.214764,31,[1.5867257  1.1250138  0.18639515],"[[-0.5935292   0.12603033 -0.48984918]
 [ 0.2694622   0.74549526  0.42447624]
 [ 0.44704622  0.4133335  -0.75326544]
 [ 0.6125873  -0.507453   -0.11161766]]","[[-0.6374829   0.74450773 -0.19830258]
 [-0.32364488 -0.02519101  0.9458432 ]
 [ 0.6991922   0.66713846  0.25701496]]"
20200221-191733.214764,32,[1.5910494 1.1321084 0.1870605],"[[-0.59359515  0.12327354 -0.49821237]
 [ 0.2681261   0.74509037  0.41838673]
 [ 0.44860548  0.41258845 -0.7504517 ]
 [ 0.61196935 -0.50932807 -0.11644404]]","[[-0.63662     0.7448801  -0.19967192]
 [-0.3229786  -0.02241548  0.9461408 ]
 [ 0.7002857   0.6668219   0.25485042]]"
20200221-191733.214764,33,[1.5958003  1.1323861  0.18750203],"[[-0.5941961   0.11852583 -0.5056467 ]
 [ 0.264652    0.7450502   0.41282743]
 [ 0.44903624  0.41334227 -0.74789774]
 [ 0.61258227 -0.50990224 -0.12059721]]","[[-0.6381857   0.743643   -0.19928418]
 [-0.32276234 -0.02342732  0.94619006]
 [ 0.6989589   0.66816646  0.2549709 ]]"
20200221-191733.214764,34,[1.6001427  1.1348714  0.18819655],"[[-0.59435767  0.1148255  -0.5133751 ]
 [ 0.2626467   0.74469984  0.40674508]
 [ 0.450215    0.41299126 -0.74527234]
 [ 0.61242306 -0.5115421  -0.12479243]]","[[-0.6381429   0.743676   -0.19929752]
 [-0.32214597 -0.02280152  0.9464153 ]
 [ 0.6992821   0.6681512   0.25412288]]"
20200221-191733.214764,35,[1.6056861  1.1438471  0.18897387],"[[-0.5936244   0.11443938 -0.5210059 ]
 [ 0.26400614  0.74359447  0.40086532]
 [ 0.4532506   0.41050953 -0.7424832 ]
 [ 0.61030704 -0.51522136 -0.12875775]]","[[-0.6342634   0.7466205  -0.20066833]
 [-0.3206522  -0.01786625  0.9470284 ]
 [ 0.7034856   0.6650103   0.2507374 ]]"
20200221-191733.214764,36,[1.6100136  1.1485808  0.18959415],"[[-0.59454346  0.10959897 -0.52753687]
 [ 0.25966173  0.74423885  0.39542553]
 [ 0.45316347  0.41150096 -0.74015343]
 [ 0.61134005 -0.51455206 -0.13234866]]","[[-0.6366898   0.7442255  -0.20187806]
 [-0.3207529  -0.01752337  0.9470008 ]
 [ 0.70124453  0.6676987   0.24986935]]"
20200221-191733.214764,37,[1.6142023  1.1511523  0.18994859],"[[-0.59587556  0.10355426 -0.53362757]
 [ 0.25359932  0.7451681   0.3903903 ]
 [ 0.45217708  0.41381368 -0.7378104 ]
 [ 0.6133151  -0.5126006  -0.13591301]]","[[-0.6410007   0.7402904  -0.20270203]
 [-0.32134867 -0.01900941  0.9467701 ]
 [ 0.6970316   0.67201835  0.25007638]]"
20200221-191733.214764,38,[1.6191174  1.1512226  0.19040465],"[[-0.59642965  0.09896131 -0.5399133 ]
 [ 0.25001568  0.74514776  0.3850644 ]
 [ 0.45252132  0.4146296  -0.7354087 ]
 [ 0.6139938  -0.512878   -0.13925913]]","[[-0.6426903   0.73893577 -0.20229462]
 [-0.32116577 -0.02013127  0.94680893]
 [ 0.6955586   0.6734751   0.250259  ]]"
20200221-191733.214764,39,[1.6227701  1.1559685  0.19126768],"[[-0.5975577   0.09309494 -0.5462288 ]
 [ 0.24460673  0.74608445  0.37912768]
 [ 0.45183882  0.41603786 -0.7331572 ]
 [ 0.615576   -0.5114717  -0.14274682]]","[[-0.64626384  0.73540807 -0.20375933]
 [-0.32165405 -0.02037921  0.94663787]
 [ 0.69201285  0.6773178   0.2497173 ]]"
20200221-191733.214764,40,[1.6272761  1.1606414  0.19189227],"[[-0.5983589   0.08841162 -0.5519269 ]
 [ 0.24023727  0.74666435  0.37392512]
 [ 0.45170504  0.4170562  -0.73095727]
 [ 0.61661637 -0.51062727 -0.14580208]]","[[-0.6486616   0.73297167 -0.20491685]
 [-0.32173908 -0.02008581  0.94661546]
 [ 0.6897263   0.6799627   0.24885449]]"
20200221-191733.214764,41,[1.6314582  1.1631873  0.19225655],"[[-0.59948736  0.08264366 -0.5576073 ]
 [ 0.23444663  0.7472932   0.36879492]
 [ 0.45080528  0.4192843  -0.72854894]
 [ 0.6184046  -0.508845   -0.14926727]]","[[-0.652635    0.7292139  -0.2057057 ]
 [-0.32228956 -0.02147245  0.94639754]
 [ 0.6857093   0.68394893  0.24903163]]"
20200221-191733.214764,42,[1.6360925  1.1632113  0.19293545],"[[-0.6002215   0.07726856 -0.5630764 ]
 [ 0.229885    0.7476386   0.36337784]
 [ 0.4505543   0.4204072  -0.7264959 ]
 [ 0.6195872  -0.5082561  -0.15200405]]","[[-0.65536284  0.7267965  -0.20558798]
 [-0.32241026 -0.02303776  0.9463197 ]
 [ 0.68304557  0.68646646  0.24942474]]"
20200221-191733.214764,43,[1.6405977 1.1630181 0.1938094],"[[-0.6012159   0.07086597 -0.5679919 ]
 [ 0.22409444  0.7485174   0.3580203 ]
 [ 0.44961205  0.42192543 -0.72487074]
 [ 0.6214255  -0.50663453 -0.15417075]]","[[-0.6593685   0.72312444 -0.20572817]
 [-0.32284635 -0.02521294  0.94611543]
 [ 0.67897224  0.69025743  0.25008267]]"
20200221-191733.214764,44,[1.6452752  1.1677543  0.19447987],"[[-0.60189617  0.06641481 -0.5732261 ]
 [ 0.2199216   0.74889773  0.35280803]
 [ 0.4495564   0.42285427 -0.7226878 ]
 [ 0.6222977  -0.5059007  -0.15703705]]","[[-0.66154665  0.7207935  -0.20691235]
 [-0.32296655 -0.02483493  0.94608444]
 [ 0.6767929   0.6927048   0.24922164]]"
20200221-191733.214764,45,[1.6496842  1.170123   0.19482464],"[[ 0.6028513   0.06092263 -0.57812524]
 [-0.2142464   0.74938935  0.3480037 ]
 [-0.44866884  0.42502034 -0.7204637 ]
 [-0.6239916  -0.5040455  -0.1599901 ]]","[[ 0.66532916  0.7170939  -0.20763798]
 [ 0.32346877 -0.0262359   0.9458751 ]
 [-0.6728337   0.6964827   0.24941298]]"
20200221-191733.214764,46,[1.6547567  1.1746796  0.19546549],"[[ 0.60345376  0.056554   -0.5827583 ]
 [-0.20998552  0.74983424  0.34321153]
 [-0.44856513  0.42596525 -0.7185052 ]
 [-0.6249314  -0.5030945  -0.16232301]]","[[ 0.66755843  0.7146961  -0.20874652]
 [ 0.3235607  -0.02595858  0.94585127]
 [-0.67057765  0.69895315  0.24857646]]"
20200221-191733.214764,47,[1.6595536  1.1795437  0.19564083],"[[ 0.6035148   0.05419827 -0.58795536]
 [-0.20791599  0.74927443  0.3385507 ]
 [-0.4496744   0.4263507  -0.7157635 ]
 [-0.6247672  -0.5038608  -0.1654526 ]]","[[ 0.66750723  0.7145992  -0.20924202]
 [ 0.3230306  -0.02472517  0.9460655 ]
 [-0.6708841   0.6990972   0.24734159]]"
20200221-191733.214764,48,[1.6642094  1.1887316  0.19649985],"[[ 0.60440254  0.04939433 -0.5923053 ]
 [-0.20260921  0.7502845   0.3336947 ]
 [-0.44894165  0.4276821  -0.7138978 ]
 [-0.6261775  -0.5017186  -0.16784686]]","[[ 0.6706793   0.710845   -0.21186958]
 [ 0.3234882  -0.02326767  0.94594616]
 [-0.66749126  0.7029638   0.24555515]]"
20200221-191733.214764,49,[1.6695657  1.1907202  0.19721346],"[[ 0.6043573   0.04644189 -0.59694415]
 [-0.20072758  0.749924    0.32869175]
 [-0.45018     0.42723587 -0.7118987 ]
 [-0.6259384  -0.50291836 -0.16976528]]","[[ 0.6705255   0.71104    -0.21170191]
 [ 0.32287422 -0.02276925  0.94616795]
 [-0.667943    0.7027828   0.24484389]]"
20200221-191733.214764,50,[1.6740739  1.1928529  0.19775176],"[[ 0.6054217   0.03994989 -0.60082626]
 [-0.19373876  0.7508352   0.3241196 ]
 [-0.44850022  0.42986396 -0.7102102 ]
 [-0.62831324 -0.49986768 -0.17191803]]","[[ 0.6755726   0.70596236 -0.21264704]
 [ 0.32367262 -0.02483648  0.9458431 ]
 [-0.6624483   0.70781374  0.2452796 ]]"
20200221-191733.214764,51,[1.6789826  1.1976838  0.19792996],"[[ 0.60545033  0.03769639 -0.60550934]
 [-0.1916467   0.75027883  0.31964332]
 [-0.44956544  0.43028557 -0.7075681 ]
 [-0.6281662  -0.50051516 -0.17474048]]","[[ 0.6755565   0.7058417  -0.21309857]
 [ 0.32315317 -0.02366843  0.9460507 ]
 [-0.66271836  0.7079742   0.24408434]]"
20200221-191733.214764,52,[1.6839831  1.2021278  0.19854027],"[[ 0.6059798   0.03337962 -0.6092875 ]
 [-0.18719153  0.7507141   0.31525174]
 [-0.4492765   0.4313857  -0.7058323 ]
 [-0.6292044  -0.49921992 -0.17659526]]","[[ 0.6779252   0.70326    -0.2141088 ]
 [ 0.3232319  -0.02356813  0.94602627]
 [-0.6602563   0.71054184  0.24329355]]"
20200221-191733.214764,53,[1.6886984  1.2064633  0.19854671],"[[ 0.60700905  0.02760817 -0.61275154]
 [-0.17994484  0.75144166  0.311634  ]
 [-0.44740963  0.43479127 -0.7038036 ]
 [-0.631652   -0.49550918 -0.17910841]]","[[ 0.6830713   0.6978345  -0.21550098]
 [ 0.3240982  -0.02520017  0.9456876 ]
 [-0.65450275  0.7158157   0.24338038]]"
20200221-191733.214764,54,[1.6938652  1.2133068  0.19924007],"[[ 0.6069774   0.02537497 -0.61686087]
 [-0.17809416  0.7512832   0.307036  ]
 [-0.4486086   0.43441415 -0.70174   ]
 [-0.6313566  -0.49619967 -0.18103123]]","[[ 0.6827409   0.697843   -0.21651778]
 [ 0.32350382 -0.02300647  0.9459471 ]
 [-0.65514135  0.7158812   0.2414623 ]]"
20200221-191733.214764,55,[1.6994385 1.2125912 0.1996728],"[[ 0.6071778   0.02166181 -0.6203423 ]
 [-0.17483728  0.7510635   0.30287632]
 [-0.448997    0.43502006 -0.7001128 ]
 [-0.631798   -0.4961776  -0.18243757]]","[[ 0.6840689   0.6967154  -0.21595736]
 [ 0.32328227 -0.02418936  0.9459934 ]
 [-0.6538643   0.7169399   0.2417829 ]]"
20200221-191733.214764,56,[1.70515    1.2196178  0.20055376],"[[ 0.60619754  0.02299986 -0.6250943 ]
 [-0.17807311  0.74969864  0.2977215 ]
 [-0.45308036  0.43166828 -0.6976224 ]
 [-0.6289142  -0.50108445 -0.18423453]]","[[ 0.6786846   0.7019544  -0.21597971]
 [ 0.3213639  -0.01940932  0.94675696]
 [-0.6603882   0.7119574   0.23875561]]"
20200221-191733.214764,57,[1.7107282  1.2213892  0.20125173],"[[ 0.6061595   0.02017098 -0.62867326]
 [-0.17602305  0.7494151   0.29326424]
 [-0.45417336  0.43132108 -0.6959664 ]
 [-0.62873936 -0.5019283  -0.18546322]]","[[ 0.6787105   0.7019928  -0.21577364]
 [ 0.3207977  -0.01908954  0.9469553 ]
 [-0.66063684  0.7119282   0.23815392]]"
20200221-191733.214764,58,[1.7164116  1.2255754  0.20202817],"[[ 0.6056682   0.0193652  -0.6326708 ]
 [-0.17650092  0.7486043   0.28856274]
 [-0.4567148   0.42952183 -0.69394016]
 [-0.6272358  -0.50470555 -0.18683165]]","[[ 0.67611134  0.70454484 -0.2156154 ]
 [ 0.3195705  -0.01673142  0.94741476]
 [-0.6638886   0.7094623   0.23646405]]"
20200221-191733.214764,59,[1.7215848  1.2273841  0.20292938],"[[ 0.60589874  0.01536693 -0.63591474]
 [-0.17311738  0.7487323   0.28395596]
 [-0.45701748  0.4297056  -0.69259524]
 [-0.62773585 -0.5044967  -0.18786474]]","[[ 0.6774843   0.7031878  -0.21573614]
 [ 0.3193616  -0.01700357  0.9474804 ]
 [-0.6625883   0.71080095  0.23609081]]"
20200221-191733.214764,60,[1.7275188  1.2317986  0.20349719],"[[ 0.6053167   0.01565764 -0.6398118 ]
 [-0.17462744  0.74761635  0.27956617]
 [-0.460046    0.42759484 -0.69036704]
 [-0.6256634  -0.5079246  -0.18941204]]","[[ 0.6738737   0.70673877 -0.21544063]
 [ 0.31786978 -0.01409288  0.94802964]
 [-0.66697305  0.7073344   0.23414768]]"
20200221-191733.214764,61,[1.7328546  1.2311529  0.20391446],"[[ 0.6056471   0.01174234 -0.64284176]
 [-0.17090648  0.74746597  0.27550453]
 [-0.46011806  0.42855418 -0.68880695]
 [-0.62631786 -0.50744283 -0.19077894]]","[[ 0.6756774   0.70515764 -0.21497142]
 [ 0.3177899  -0.01549026  0.9480345 ]
 [-0.665184    0.70888126  0.2345584 ]]"
20200221-191733.214764,62,[1.7375942  1.2328529  0.20439287],"[[ 0.6065698   0.00533482 -0.6452457 ]
 [-0.16352023  0.7483397   0.27178845]
 [-0.45809966  0.43149304 -0.687666  ]
 [-0.62887096 -0.50375915 -0.19210622]]","[[ 0.6810768   0.69968235 -0.21582206]
 [ 0.31869444 -0.01789858  0.9476885 ]
 [-0.65921795  0.71422994  0.23517518]]"
20200221-191733.214764,63,[1.7437439  1.2344973  0.20500366],"[[ 0.60655135  0.00271385 -0.6479107 ]
 [-0.16133766  0.74821866  0.2681291 ]
 [-0.4590397   0.4312235  -0.6864354 ]
 [-0.62876713 -0.5041905  -0.19267769]]","[[ 0.6812534   0.69956523 -0.21564455]
 [ 0.31812817 -0.01761072  0.9478842 ]
 [-0.65930897  0.71435195  0.23454875]]"
20200221-191733.214764,64,[1.748907   1.236614   0.20565376],"[[ 6.0656476e-01 -1.2933183e-04 -6.5109491e-01]
 [-1.5905423e-01  7.4789423e-01  2.6373580e-01]
 [-4.5989305e-01  4.3117028e-01 -6.8475169e-01]
 [-6.2871242e-01 -5.0472426e-01 -1.9399494e-01]]","[[ 0.68153155  0.6993256  -0.21554212]
 [ 0.31762668 -0.01734005  0.9480573 ]
 [-0.6592632   0.714593    0.23394226]]"
20200221-191733.214764,65,[1.7536699  1.2412599  0.20600937],"[[ 0.60681283 -0.00335298 -0.65425265]
 [-0.15546176  0.7477692   0.25967368]
 [-0.45998585  0.43228972 -0.6827245 ]
 [-0.6293036  -0.50394017 -0.1959858 ]]","[[ 0.6830451   0.6976338  -0.21623273]
 [ 0.31753144 -0.01702775  0.94809484]
 [-0.65774107  0.71625215  0.23315139]]"
20200221-191733.214764,66,[1.7586861  1.2454343  0.20656474],"[[ 0.60720885 -0.00759329 -0.6569209 ]
 [-0.15075241  0.74802727  0.25577635]
 [-0.4594775   0.43371338 -0.6812295 ]
 [-0.6304376  -0.50228494 -0.19738287]]","[[ 0.6856673   0.69478273 -0.2171116 ]
 [ 0.3177505  -0.01733763  0.9480158 ]
 [-0.65490085  0.7190107   0.23265539]]"
20200221-191733.214764,67,[1.7624608  1.2497424  0.20717694],"[[ 0.6085582  -0.0164761  -0.6588849 ]
 [-0.13985282  0.74944466  0.25186247]
 [-0.45532048  0.43863603 -0.68024105]
 [-0.6346507  -0.49564064 -0.19926828]]","[[ 0.6943377   0.6854109  -0.21933296]
 [ 0.31962493 -0.02064352  0.94731915]
 [-0.64477515  0.72786385  0.23340794]]"
20200221-191733.214764,68,[1.768424   1.2486674  0.20769122],"[[ 0.6088017  -0.02088209 -0.66091853]
 [-0.13540691  0.74952346  0.24846683]
 [-0.4549308   0.43973953 -0.6793926 ]
 [-0.6356597  -0.49437588 -0.19969155]]","[[ 0.696835    0.68297327 -0.21901745]
 [ 0.31973344 -0.02245923  0.94724137]
 [-0.6420215   0.730098    0.23401974]]"
20200221-191733.214764,69,[1.7741084  1.2528267  0.20799784],"[[ 0.60896367 -0.0237154  -0.66333896]
 [-0.13206269  0.74943346  0.24519444]
 [-0.45512828  0.44062984 -0.67784697]
 [-0.6360665  -0.49359143 -0.20095862]]","[[ 0.69809014  0.68149877 -0.2196121 ]
 [ 0.31958488 -0.02209913  0.94729984]
 [-0.64073044  0.73148555  0.23322389]]"
20200221-191733.214764,70,[1.7794595  1.2547425  0.20861061],"[[ 0.6088895  -0.02631084 -0.6660286 ]
 [-0.12993363  0.7490391   0.24115776]
 [-0.45602685  0.44053498 -0.6763575 ]
 [-0.63593256 -0.49414298 -0.20196341]]","[[ 0.6982454   0.6813945  -0.21944265]
 [ 0.31907985 -0.02183659  0.9474762 ]
 [-0.6408132   0.7315906   0.23266654]]"
20200221-191733.214764,71,[1.7844322  1.2564303  0.20908439],"[[ 0.60950756 -0.03225292 -0.6680349 ]
 [-0.12302665  0.7493983   0.23750725]
 [-0.45412385  0.443275   -0.67525965]
 [-0.63807243 -0.49078432 -0.20333204]]","[[ 0.70301956  0.6761968  -0.22027597]
 [ 0.3199075  -0.02405855  0.94714326]
 [-0.63515574  0.73632824  0.23323405]]"
20200221-191733.214764,72,[1.790099   1.2631291  0.20965959],"[[ 0.60945106 -0.03424003 -0.67049736]
 [-0.12084123  0.74929094  0.23404163]
 [-0.45500615  0.443267   -0.6737126 ]
 [-0.6379152  -0.49082053 -0.20437492]]","[[ 0.7030393   0.67588633 -0.22116342]
 [ 0.31942075 -0.02226093  0.9473514 ]
 [-0.6353786   0.73666954  0.23154244]]"
20200221-191733.214764,73,[1.7958595 1.2618556 0.2103718],"[[ 0.60974795 -0.03953732 -0.67216176]
 [-0.1154677   0.74946856  0.23050499]
 [-0.45401064  0.44469413 -0.6731959 ]
 [-0.6393348  -0.48885652 -0.2046297 ]]","[[ 0.70641196  0.67237896 -0.2211076 ]
 [ 0.31980753 -0.02452555  0.9471651 ]
 [-0.63143116  0.7398006   0.23235698]]"
20200221-191733.214764,74,[1.802334   1.2683685  0.21090177],"[[ 0.60973364 -0.0413284  -0.6740414 ]
 [-0.11324934  0.7495574   0.22780201]
 [-0.4548482   0.44461408 -0.67209625]
 [-0.63915    -0.4886457  -0.20508873]]","[[ 0.70648026  0.6720063  -0.22202086]
 [ 0.3193447  -0.02273148  0.94736594]
 [-0.6315891   0.7401965   0.23066097]]"
20200221-191733.214764,75,[1.8084958  1.2727256  0.21156473],"[[ 0.609356   -0.04175838 -0.6765927 ]
 [-0.11359964  0.74896765  0.2241635 ]
 [-0.45717472  0.4430773  -0.6705722 ]
 [-0.6377866  -0.49090385 -0.20568322]]","[[ 0.70422477  0.6744019  -0.22192255]
 [ 0.31824335 -0.02043161  0.9477888 ]
 [-0.6346563   0.7380819   0.22901233]]"
20200221-191733.214764,76,[1.8147769  1.2771883  0.21204378],"[[ 0.60891354 -0.04115222 -0.6792863 ]
 [-0.11501054  0.7481161   0.2206556 ]
 [-0.4600994   0.44117412 -0.66875595]
 [-0.63585037 -0.49395794 -0.20651095]]","[[ 0.7009429   0.67792207 -0.22158682]
 [ 0.31688166 -0.01767907  0.94830036]
 [-0.6389563   0.7349211   0.22721305]]"
20200221-191733.214764,77,[1.8198837  1.2786874  0.21248053],"[[ 0.60947317 -0.04707076 -0.68086594]
 [-0.10795339  0.7484163   0.21734501]
 [-0.4580496   0.4440497  -0.6678656 ]
 [-0.63802767 -0.49038506 -0.20769809]]","[[ 0.70582885  0.6725717  -0.22238052]
 [ 0.31775588 -0.02003236  0.947961  ]
 [-0.63311696  0.73976094  0.22785302]]"
20200221-191733.214764,78,[1.8262618  1.2824309  0.21267039],"[[ 0.60953647 -0.04970291 -0.68253195]
 [-0.10450634  0.7483842   0.21493374]
 [-0.45812947  0.44504145 -0.66673607]
 [-0.6384834  -0.4892737  -0.20836683]]","[[ 0.7071732   0.67100435 -0.22284323]
 [ 0.31762144 -0.01990454  0.9480086 ]
 [-0.6316824   0.7411861   0.22720133]]"
20200221-191733.214764,79,[1.832156   1.286064   0.21334371],"[[ 0.60986173 -0.05456062 -0.683894  ]
 [-0.09881987  0.7487544   0.2119264 ]
 [-0.4568762   0.44680032 -0.6661415 ]
 [-0.63997465 -0.48657954 -0.20888203]]","[[ 0.71065253  0.6669624  -0.22390646]
 [ 0.31812915 -0.02077527  0.9478197 ]
 [-0.62750846  0.74480164  0.2269442 ]]"
20200221-191733.214764,80,[1.8385155  1.290477   0.21380422],"[[ 0.6094428  -0.05389569 -0.6863851 ]
 [-0.10023061  0.74795264  0.20858644]
 [-0.4597868   0.44493502 -0.6644087 ]
 [-0.63806695 -0.48958686 -0.20959046]]","[[ 0.707433    0.6704956  -0.22354908]
 [ 0.3167977  -0.01807148  0.94832104]
 [-0.6318051   0.7416934   0.22519581]]"
20200221-191733.214764,81,[1.844844   1.2916099  0.21434341],"[[ 0.60931855 -0.0562408  -0.6881252 ]
 [-0.09809753  0.7476524   0.2055288 ]
 [-0.46065748  0.4447927  -0.6635102 ]
 [-0.637889   -0.48991054 -0.20975186]]","[[ 0.70762086  0.67040104 -0.22323832]
 [ 0.31634647 -0.01807602  0.94847155]
 [-0.631821    0.7417788   0.22486997]]"
20200221-191733.214764,82,[1.8507051  1.298043   0.21510588],"[[ 0.609398   -0.05926766 -0.689825  ]
 [-0.09463667  0.7477746   0.20233048]
 [-0.46071672  0.4453224  -0.6625256 ]
 [-0.63829297 -0.4888851  -0.2103882 ]]","[[ 0.70889586  0.6686778  -0.22435823]
 [ 0.3162722  -0.01704382  0.9485153 ]
 [-0.6304272   0.743357    0.22356646]]"
20200221-191733.214764,83,[1.8563465  1.3047295  0.21564594],"[[ 0.60936075 -0.06131581 -0.69185054]
 [-0.09221634  0.7475826   0.19905862]
 [-0.46132374  0.4456235  -0.66105205]
 [-0.63824475 -0.48865175 -0.21149239]]","[[ 0.7092203   0.66803646 -0.2252423 ]
 [ 0.31592664 -0.0155441   0.9486563 ]
 [-0.6302358   0.74396634  0.22207469]]"
20200221-191733.214764,84,[1.8623623  1.3083078  0.21628046],"[[ 0.6096725  -0.06620276 -0.6928787 ]
 [-0.08631454  0.74795467  0.196398  ]
 [-0.4598922   0.4475404  -0.6606503 ]
 [-0.6398032  -0.48568335 -0.21186718]]","[[ 0.7128811   0.6637739  -0.22628441]
 [ 0.3164883  -0.01656992  0.9484516 ]
 [-0.6258079   0.7477496   0.22188905]]"
20200221-191733.214764,85,[1.8687446  1.312774   0.21710187],"[[ 0.6088026  -0.06325922 -0.69589627]
 [-0.09151999  0.74667823  0.19221182]
 [-0.46507612  0.44320264 -0.6586237 ]
 [-0.63615066 -0.49197692 -0.21212678]]","[[ 0.70609045  0.67138094 -0.225131  ]
 [ 0.31412336 -0.01203689  0.9493059 ]
 [-0.6346359   0.74101484  0.21939558]]"
20200221-191733.214764,86,[1.8754355 1.3144741 0.2176302],"[[ 0.60812044 -0.06122773 -0.6985343 ]
 [-0.09529756  0.7454179   0.18852572]
 [-0.4693538   0.43986508 -0.6567964 ]
 [-0.6330998  -0.49711385 -0.2124296 ]]","[[ 0.70067465  0.67750186 -0.22371079]
 [ 0.31211156 -0.0090966   0.95000196]
 [-0.64159304  0.735465    0.21782988]]"
20200221-191733.214764,87,[1.8805225  1.3207854  0.21818846],"[[ 0.60875803 -0.06773404 -0.6993815 ]
 [-0.08671229  0.74613464  0.1858793 ]
 [-0.4663053   0.4436127  -0.656264  ]
 [-0.63596684 -0.49183628 -0.2136162 ]]","[[ 0.7068613   0.6703512  -0.22577971]
 [ 0.31343883 -0.01069445  0.94954824]
 [-0.63411605  0.741967    0.21767354]]"
20200221-191733.214764,88,[1.8859917  1.3246392  0.21840265],"[[ 0.6088138  -0.07071042 -0.7010594 ]
 [-0.08288295  0.74586403  0.18299201]
 [-0.4660384   0.44505    -0.65487796]
 [-0.63661945 -0.49052736 -0.21485887]]","[[ 0.70860565  0.6683505  -0.22624226]
 [ 0.313454   -0.01090596  0.94954073]
 [-0.6321587   0.7437664   0.21722516]]"
20200221-191733.214764,89,[1.8930445  1.3308333  0.21865226],"[[ 0.60872453 -0.07136671 -0.70252544]
 [-0.08163936  0.7456888   0.18096437]
 [-0.46732306  0.4448052  -0.653722  ]
 [-0.6359232  -0.49092096 -0.21530747]]","[[ 0.70782906  0.6689931  -0.22677381]
 [ 0.3128242  -0.00903377  0.94976807]
 [-0.63333964  0.74321383  0.21567161]]"
20200221-191733.214764,90,[1.8998054  1.3340667  0.21876992],"[[ 0.6087634  -0.07405686 -0.7035965 ]
 [-0.07788288  0.74567974  0.17915279]
 [-0.4671194   0.44604206 -0.65295213]
 [-0.6365067  -0.48941168 -0.21566172]]","[[ 0.70950526  0.66708624 -0.22715268]
 [ 0.31280786 -0.00928784  0.9497709 ]
 [-0.63146937  0.7449227   0.21525955]]"
20200221-191733.214764,91,[1.9053291  1.3349341  0.21912979],"[[ 0.60912657 -0.07990354 -0.70446956]
 [-0.0706701   0.7457394   0.17644584]
 [-0.46481228  0.44911864 -0.6524505 ]
 [-0.63868636 -0.4855728  -0.21655968]]","[[ 0.7144911   0.66150886 -0.22783421]
 [ 0.31376573 -0.01189878  0.94942594]
 [-0.62534267  0.74984306  0.21606039]]"
20200221-191733.214764,92,[1.9114728  1.3412057  0.21984458],"[[ 0.6091599  -0.08290155 -0.7057055 ]
 [-0.06707665  0.7458068   0.17368573]
 [-0.46469668  0.4498033  -0.65170825]
 [-0.6391261  -0.48433107 -0.21700108]]","[[ 0.7159072   0.6596171  -0.22887161]
 [ 0.31375974 -0.01110279  0.94943744]
 [-0.6237241   0.75151986  0.21490987]]"
20200221-191733.214764,93,[1.9174192  1.3446226  0.22025672],"[[ 0.60921746 -0.08677187 -0.70687264]
 [-0.06228617  0.7456961   0.17103954]
 [-0.4638487   0.45148015 -0.650907  ]
 [-0.64017093 -0.48225865 -0.21770778]]","[[ 0.7185127   0.6565565  -0.22950593]
 [ 0.31405336 -0.01184074  0.94933146]
 [-0.6205723   0.75418395  0.21470147]]"
20200221-191733.214764,94,[1.9239246  1.3423197  0.22080454],"[[ 0.60931253 -0.09186038 -0.7074079 ]
 [-0.05672884  0.74562556  0.16861694]
 [-0.4625215   0.45314136 -0.6510642 ]
 [-0.6415559  -0.47986147 -0.21738827]]","[[ 0.7220055   0.6527624  -0.2293674 ]
 [ 0.314553   -0.0144147   0.9491304 ]
 [-0.61625046  0.7574255   0.21573588]]"
20200221-191733.214764,95,[1.9301373  1.3460538  0.22159912],"[[ 0.6090211  -0.09327051 -0.7090673 ]
 [-0.05591428  0.74518037  0.16526149]
 [-0.4640894   0.45218796 -0.6500721 ]
 [-0.64077145 -0.4811788  -0.2175282 ]]","[[ 0.72095674  0.65392965 -0.22934158]
 [ 0.3138384  -0.01304417  0.9493868 ]
 [-0.6178407   0.75644296  0.2146325 ]]"
20200221-191733.214764,96,[1.9358969  1.3518776  0.22209391],"[[ 0.60932684 -0.09963456 -0.7095618 ]
 [-0.04742979  0.74549687  0.16304263]
 [-0.46091506  0.45590562 -0.64976203]
 [-0.6434506  -0.47587562 -0.21851411]]","[[ 0.72684395  0.6466962  -0.2312614 ]
 [ 0.31510898 -0.01481669  0.94893986]
 [-0.61024934  0.76260364  0.21454921]]"
20200221-191733.214764,97,[1.9418856  1.3523792  0.22241303],"[[ 0.60950094 -0.10512933 -0.7102094 ]
 [-0.04060405  0.74527735  0.1606043 ]
 [-0.45872042  0.45875153 -0.6494075 ]
 [-0.64531815 -0.4722886  -0.21926875]]","[[ 0.73135495  0.64137006 -0.23187147]
 [ 0.3159843  -0.01737244  0.9486053 ]
 [-0.60437894  0.76703495  0.21536827]]"
20200221-191733.214764,98,[1.949073   1.3561277  0.22272158],"[[ 0.60914195 -0.10406727 -0.7119022 ]
 [-0.04220685  0.7447025   0.15823661]
 [-0.46171474  0.45688257 -0.648138  ]
 [-0.643416   -0.47523317 -0.2192567 ]]","[[ 0.7281784   0.6451711  -0.23132342]
 [ 0.314703   -0.01490621  0.9490732 ]
 [-0.6088665   0.76389265  0.21389166]]"
20200221-191733.214764,99,[1.9555583  1.3563759  0.22280021],"[[ 0.60923404 -0.1084068  -0.71258336]
 [-0.03653572  0.74437195  0.15626197]
 [-0.4602077   0.4592948  -0.64764744]
 [-0.6447537  -0.4724474  -0.21990862]]","[[ 0.7316569   0.6411195  -0.2316116 ]
 [ 0.31529963 -0.0170469   0.94883907]
 [-0.60437083  0.7672518   0.21461724]]"
20200221-191733.214764,100,[1.9621354 1.3572879 0.2232877],"[[ 0.6090532  -0.11030653 -0.7138522 ]
 [-0.03484062  0.7438095   0.1534283 ]
 [-0.4611697   0.45910105 -0.6468697 ]
 [-0.64433116 -0.4730811  -0.22007766]]","[[ 0.7315615   0.64134514 -0.23128748]
 [ 0.31491083 -0.01698295  0.9489693 ]
 [-0.604689    0.76706433  0.21439062]]"
20200221-191733.214764,101,[1.9690744  1.3633202  0.22372206],"[[ 0.60888624 -0.11196884 -0.7149595 ]
 [-0.03255124  0.7436564   0.15136285]
 [-0.46176416  0.45935407 -0.6460458 ]
 [-0.6441831  -0.4726861  -0.22033374]]","[[ 0.7318093   0.64082325 -0.23195016]
 [ 0.3146238  -0.01576728  0.94908553]
 [-0.6045388   0.76752657  0.21315685]]"
20200221-191733.214764,102,[1.9746633  1.3662028  0.22413024],"[[ 0.6091116  -0.11997922 -0.7151288 ]
 [-0.02213543  0.7435652   0.14901815]
 [-0.4572511   0.4642458  -0.6459654 ]
 [-0.64762235 -0.46603817 -0.22161578]]","[[ 0.7393765   0.6314214  -0.23372936]
 [ 0.3163849  -0.01940229  0.94843245]
 [-0.59432584  0.775197    0.21411783]]"
20200221-191733.214764,103,[1.9803431  1.3697544  0.22450478],"[[ 0.6089844  -0.12361015 -0.71627134]
 [-0.01766334  0.74303824  0.14615352]
 [-0.45636445  0.46595696 -0.6449714 ]
 [-0.6485039  -0.4642184  -0.22272442]]","[[ 0.74166363  0.6285009  -0.23435454]
 [ 0.31663644 -0.02003338  0.94833535]
 [-0.5913346   0.77755105  0.21386427]]"
20200221-191733.214764,104,[1.9871038  1.3703527  0.22513127],"[[ 0.6087825  -0.12635787 -0.7171208 ]
 [-0.01501688  0.74261147  0.14356703]
 [-0.4567252   0.46606636 -0.6446934 ]
 [-0.64850634 -0.46405166 -0.22247854]]","[[ 0.742416    0.62765986 -0.23422508]
 [ 0.3164861  -0.02044207  0.94837683]
 [-0.5904701   0.77821904  0.21382213]]"
20200221-191733.214764,105,[1.9945056  1.3732624  0.22524391],"[[ 0.60870916 -0.12846822 -0.7178859 ]
 [-0.01194089  0.74226373  0.14200462]
 [-0.4567443   0.46700776 -0.6440855 ]
 [-0.6486255  -0.46308115 -0.22277418]]","[[ 0.74348354  0.62627804 -0.23453754]
 [ 0.31649145 -0.02056151  0.9483724 ]
 [-0.5891224   0.7793285   0.21349879]]"
20200221-191733.214764,106,[2.001138   1.3731986  0.22567935],"[[ 0.6086891  -0.13444592 -0.7180602 ]
 [-0.0046503   0.74186     0.13984832]
 [-0.4541111   0.4699024  -0.64423674]
 [-0.6505833  -0.4590858  -0.22313961]]","[[ 0.74829847  0.6202327  -0.23528844]
 [ 0.31751594 -0.02346221  0.9479626 ]
 [-0.582437    0.7840669   0.21449049]]"
20200221-191733.214764,107,[2.008265   1.3763537  0.22575705],"[[ 0.6085915  -0.13651747 -0.71885276]
 [-0.00157737  0.74145913  0.13824047]
 [-0.45408705  0.4709048  -0.64355063]
 [-0.65070635 -0.45809394 -0.22356889]]","[[ 0.7493259   0.6188735  -0.23559797]
 [ 0.3174695  -0.02350499  0.94797707]
 [-0.58114016  0.78513896  0.21408634]]"
20200221-191733.214764,108,[2.014714   1.3773421  0.22617193],"[[ 6.0834426e-01 -1.3820072e-01 -7.1998835e-01]
 [-5.1222851e-05  7.4082094e-01  1.3556120e-01]
 [-4.5502934e-01  4.7076711e-01 -6.4277327e-01]
 [-6.5028083e-01 -4.5876253e-01 -2.2379121e-01]]","[[ 0.7491456   0.6192215  -0.23525678]
 [ 0.31705824 -0.0233706   0.9481181 ]
 [-0.581597    0.7848686   0.21383722]]"
20200221-191733.214764,109,[2.0217986  1.3774372  0.22621278],"[[ 0.60830176 -0.14190008 -0.72047913]
 [ 0.00487405  0.7402111   0.13382055]
 [-0.4538136   0.47279254 -0.6423904 ]
 [-0.65115166 -0.45652938 -0.22435774]]","[[ 0.7519029   0.61577785 -0.23549838]
 [ 0.3175636  -0.02524916  0.9479007 ]
 [-0.5777502   0.78751516  0.21453352]]"
20200221-191733.214764,110,[2.029486   1.37481    0.22629873],"[[ 0.608201   -0.14385739 -0.721038  ]
 [ 0.00706101  0.7395913   0.13220017]
 [-0.45436332  0.47305152 -0.6422159 ]
 [-0.6508424  -0.4566531  -0.2240224 ]]","[[ 0.752403    0.6154466  -0.23476598]
 [ 0.3174307  -0.0264822   0.9479116 ]
 [-0.5771719   0.78773355  0.21528694]]"
20200221-191733.214764,111,[2.0367262 1.3726643 0.2264552],"[[ 0.60814536 -0.1458579  -0.72176933]
 [ 0.00920379  0.7388335   0.13007942]
 [-0.45490205  0.47335178 -0.6417914 ]
 [-0.6504908  -0.456934   -0.22412504]]","[[ 0.7528632   0.61512774 -0.23412529]
 [ 0.31732088 -0.02758435  0.94791687]
 [-0.57663184  0.78794473  0.21596012]]"
20200221-191733.214764,112,[2.0441742  1.3755202  0.22693586],"[[ 0.60807335 -0.14980961 -0.7219185 ]
 [ 0.01429007  0.7385895   0.12853123]
 [-0.45359078  0.4749535  -0.64195293]
 [-0.6513817  -0.45438066 -0.22407562]]","[[ 0.7556116   0.6114193  -0.23498417]
 [ 0.31783372 -0.0285573   0.94771624]
 [-0.57274145  0.7907914   0.2159079 ]]"
20200221-191733.214764,113,[2.0521765 1.3706    0.2272884],"[[ 0.60794556 -0.15101194 -0.72244674]
 [ 0.01474563  0.7379661   0.12663329]
 [-0.45525935  0.4738437  -0.6421164 ]
 [-0.65032625 -0.45615128 -0.22298227]]","[[ 0.7547399   0.61301786 -0.23361708]
 [ 0.3173363  -0.02947916  0.9478547 ]
 [-0.5741651   0.7895191   0.2167819 ]]"
20200221-191733.214764,114,[2.0590436  1.3719574  0.22729115],"[[ 0.607687   -0.15050793 -0.72393227]
 [ 0.01404911  0.7372058   0.12433038]
 [-0.45753482  0.47298872 -0.6407255 ]
 [-0.6489849  -0.45842886 -0.2234617 ]]","[[ 0.7526986   0.61583966 -0.23277977]
 [ 0.31643355 -0.02835052  0.948191  ]
 [-0.5773342   0.78736144  0.21621169]]"
20200221-191733.214764,115,[2.0660195  1.3775357  0.22772057],"[[ 0.6076842  -0.15596104 -0.72392154]
 [ 0.02164244  0.73689574  0.12276262]
 [-0.45454112  0.47625378 -0.6407318 ]
 [-0.65087944 -0.45369962 -0.22434253]]","[[ 0.7574693   0.60926145 -0.2346078 ]
 [ 0.31756526 -0.02986003  0.9477662 ]
 [-0.5704319   0.79240716  0.21609828]]"
20200221-191733.214764,116,[2.0731924  1.3782185  0.22830504],"[[ 0.6074317  -0.15823153 -0.72457474]
 [ 0.0238085   0.7363716   0.12045974]
 [-0.45509207  0.47618464 -0.6405465 ]
 [-0.65065414 -0.4538369  -0.22401163]]","[[ 0.75785255  0.60883594 -0.23447458]
 [ 0.31740496 -0.03007052  0.94781315]
 [-0.570012    0.79272604  0.21603657]]"
