Timestamp,Epoch,s,u,v
20200221-044829.185635,0,[1.6270281  0.9850117  0.08279772],"[[-0.5398928  -0.06305689  0.7346037 ]
 [ 0.01300363  0.9822635   0.15319979]
 [ 0.26018313 -0.17658058  0.5880116 ]
 [ 0.8004072  -0.0010913   0.30187678]]","[[ 0.52251357 -0.3462164   0.7791752 ]
 [-0.5132524   0.602011    0.611682  ]
 [ 0.68084645  0.71952546 -0.1368626 ]]"
20200221-044829.185635,1,[1.6292416  0.9890667  0.08121304],"[[-5.4259050e-01 -7.0222631e-02  6.9638962e-01]
 [ 6.3114380e-03  9.8285317e-01  1.6227317e-01]
 [ 2.6328808e-01 -1.7049398e-01  6.4974254e-01]
 [ 7.9764354e-01  7.3176395e-04  2.5796092e-01]]","[[ 0.5234007  -0.34102297  0.7808683 ]
 [-0.51910615  0.5991066   0.60959023]
 [ 0.6757075   0.7244134  -0.13654569]]"
20200221-044829.185635,2,[1.631284   0.99092937 0.08047777],"[[-0.5451766  -0.0788542   0.6520698 ]
 [-0.00234595  0.9832771   0.16970377]
 [ 0.26655695 -0.16411366  0.70839596]
 [ 0.7948109   0.00385361  0.21019258]]","[[ 0.52450174 -0.3362767   0.7821867 ]
 [-0.52623373  0.5941658   0.60831344]
 [ 0.6693101   0.73067445 -0.13468081]]"
20200221-044829.185635,3,[1.6323293  0.9961619  0.08029055],"[[-0.54808325 -0.08577737  0.6037087 ]
 [-0.00969928  0.98376906  0.1734813 ]
 [ 0.269171   -0.15748866  0.76121426]
 [ 0.79186994  0.00621314  0.1612239 ]]","[[ 0.52484673 -0.3292502   0.7849396 ]
 [-0.5334691   0.5913467   0.60474783]
 [ 0.66328484  0.73614085 -0.13472159]]"
20200221-044829.185635,4,[1.6327972  0.99702984 0.08098114],"[[-0.5504945  -0.09554712  0.55306506]
 [-0.02061811  0.9838894   0.17598966]
 [ 0.27222425 -0.15069905  0.8065714 ]
 [ 0.7889391   0.0110424   0.11220095]]","[[ 0.5258405  -0.32394844  0.78647894]
 [-0.54245186  0.5844813   0.60343   ]
 [ 0.6551625   0.7439348  -0.13161753]]"
20200221-044829.185635,5,[1.6321505  0.9984076  0.08205352],"[[-0.5530067  -0.10583714  0.5004987 ]
 [-0.03270681  0.9838163   0.17613958]
 [ 0.27491567 -0.14361262  0.8452215 ]
 [ 0.7858341   0.01670849  0.06384986]]","[[ 0.5265294  -0.3174418   0.78866816]
 [-0.5527974   0.5769519   0.60128313]
 [ 0.64589596  0.75256693 -0.12830116]]"
20200221-044829.185635,6,[1.6367941  0.99955857 0.08386664],"[[-0.5545876  -0.11347366  0.44732365]
 [-0.03962053  0.9837774   0.17413732]
 [ 0.2779373  -0.13773653  0.8771396 ]
 [ 0.78333515  0.01829202  0.01428467]]","[[ 0.52781117 -0.31399485  0.7891912 ]
 [-0.5575071   0.5729066   0.6008027 ]
 [ 0.64078176  0.75709003 -0.12733214]]"
20200221-044829.185635,7,[1.6397872  0.99910176 0.08608805],"[[-0.556108   -0.12268774  0.39611846]
 [-0.04900733  0.9834332   0.17082478]
 [ 0.2808175  -0.131667    0.9016218 ]
 [ 0.7806946   0.02170147 -0.03142694]]","[[ 0.5290588  -0.31039456  0.7897797 ]
 [-0.5642059   0.566523    0.6006026 ]
 [ 0.63385236  0.7633524  -0.12459762]]"
20200221-044829.185635,8,[1.6475799 1.0005218 0.0886368],"[[-0.5568627  -0.12832187  0.34651142]
 [-0.05216043  0.98335373  0.16565312]
 [ 0.28404245 -0.12700996  0.92011017]
 [ 0.7787831   0.02043008 -0.07672288]]","[[ 0.53091717 -0.30917135  0.78901225]
 [-0.56466323  0.5651941   0.6014244 ]
 [ 0.63188815  0.76483256 -0.1254935 ]]"
20200221-044829.185635,9,[1.6549178  1.0018777  0.09151281],"[[-0.5575633  -0.13400047  0.29920617]
 [-0.05546379  0.9832037   0.1592955 ]
 [ 0.28722158 -0.12240408  0.93325144]
 [ 0.77688515  0.0192764  -0.11892164]]","[[ 0.53279465 -0.30795425  0.7882222 ]
 [-0.56516737  0.5637721   0.60228485]
 [ 0.6298537   0.7663715  -0.12632899]]"
20200221-044829.185635,10,[1.6556369  1.0083407  0.09462622],"[[-0.559861   -0.14040853  0.25492662]
 [-0.06320037  0.9831006   0.15050842]
 [ 0.28885168 -0.11542914  0.9425078 ]
 [ 0.7740322   0.02178851 -0.15504427]]","[[ 0.5325994  -0.29930592  0.79167795]
 [-0.57281375  0.56113523  0.5975048 ]
 [ 0.623075    0.7717146  -0.12741369]]"
20200221-044829.185635,11,[1.6561109  1.0097194  0.09803458],"[[-0.5615298  -0.1497724   0.21388456]
 [-0.0742246   0.98237413  0.14253353]
 [ 0.29075122 -0.10866861  0.9479512 ]
 [ 0.7711283   0.02646808 -0.18795305]]","[[ 0.5330076  -0.29295045  0.79377776]
 [-0.5818109   0.5542557   0.5952285 ]
 [ 0.6143283   0.7790897  -0.12498081]]"
20200221-044829.185635,12,[1.6611645  1.0106692  0.10183321],"[[-0.5624046  -0.15710771  0.17577167]
 [-0.08096933  0.9817892   0.13415098]
 [ 0.29332277 -0.10311941  0.9501568 ]
 [ 0.7688347   0.02781369 -0.21979466]]","[[ 0.53432184 -0.28966147  0.7941011 ]
 [-0.5858474   0.55031     0.59493005]
 [ 0.6093302   0.783106   -0.12434528]]"
20200221-044829.185635,13,[1.6655097 1.0123765 0.1056763],"[[-0.56351525 -0.16449098  0.14133637]
 [-0.08846355  0.9811151   0.12545708]
 [ 0.2954179  -0.09729838  0.95018387]
 [ 0.7663898   0.02980673 -0.24786055]]","[[ 0.5351474  -0.28499264  0.79523367]
 [-0.59116817  0.5461097   0.59353554]
 [ 0.60343814  0.7877458  -0.12377061]]"
20200221-044829.185635,14,[1.6685243  1.0176014  0.10946707],"[[-0.56495565 -0.17076443  0.10969504]
 [-0.09541649  0.98058945  0.11596315]
 [ 0.29701543 -0.091028    0.94861174]
 [ 0.76387376  0.03158512 -0.27323195]]","[[ 0.53535926 -0.2778899   0.79760116]
 [-0.5970164   0.5434867   0.59007925]
 [ 0.59746265  0.7920854  -0.12505578]]"
20200221-044829.185635,15,[1.6724044  1.0196737  0.11377216],"[[-0.5657896  -0.17789254  0.08089122]
 [-0.10258865  0.9798001   0.10687121]
 [ 0.2990728  -0.0850943   0.9454794 ]
 [ 0.7615204   0.03324388 -0.29682207]]","[[ 0.5361825  -0.27321377  0.7986629 ]
 [-0.60192436  0.53957254  0.5886838 ]
 [ 0.5917732   0.7963767  -0.12485532]]"
20200221-044829.185635,16,[1.6787269  1.0229189  0.11785816],"[[-0.5664711  -0.18350276  0.05524248]
 [-0.10746339  0.97919863  0.09799856]
 [ 0.30124187 -0.07989095  0.9412962 ]
 [ 0.7594838   0.03337207 -0.3182863 ]]","[[ 0.5372484  -0.26906627  0.79935443]
 [-0.6047107   0.53779596  0.5874524 ]
 [ 0.5879532   0.7989861  -0.12622283]]"
20200221-044829.185635,17,[1.6834357  1.0245419  0.12194991],"[[-0.5671431  -0.19041888  0.03206483]
 [-0.11442528  0.9782448   0.08964948]
 [ 0.30306685 -0.07450584  0.93657655]
 [ 0.7572357   0.03502413 -0.3372818 ]]","[[ 0.53804994 -0.26473108  0.8002621 ]
 [-0.60931057  0.5338756   0.58627415]
 [ 0.5824453   0.8030531  -0.12594824]]"
20200221-044829.185635,18,[1.6911575  1.0249211  0.12656227],"[[-0.5673607  -0.19596124  0.01245989]
 [-0.11854706  0.97751516  0.08152529]
 [ 0.3055596  -0.06982134  0.9313827 ]
 [ 0.7554346   0.03446415 -0.3545762 ]]","[[ 0.5395295  -0.26293978  0.7998566 ]
 [-0.6107333   0.5317189   0.5867536 ]
 [ 0.5795798   0.80506986 -0.12629199]]"
20200221-044829.185635,19,[1.6963259  1.0240456  0.13107754],"[[-0.5676741  -0.20399737 -0.00670093]
 [-0.12676552  0.97615814  0.07363396]
 [ 0.30735952 -0.0643767   0.9258784 ]
 [ 0.7531311   0.03681446 -0.37051615]]","[[ 0.5404555  -0.25954854  0.8003389 ]
 [-0.61588895  0.5260316   0.58649087]
 [ 0.5732265   0.80989206 -0.12444361]]"
20200221-044829.185635,20,[1.7014033  1.0267322  0.13603216],"[[-0.5682475  -0.2106236  -0.02377964]
 [-0.13378084  0.97509104  0.06478433]
 [ 0.30905288 -0.05807947  0.9202269 ]
 [ 0.7507892   0.03824205 -0.38525403]]","[[ 0.5410443  -0.25413403  0.8016775 ]
 [-0.6207043   0.5225224   0.58454823]
 [ 0.5674481   0.8138711  -0.12496561]]"
20200221-044829.185635,21,[1.7053777  1.0294324  0.14040887],"[[-0.5687941  -0.21772774 -0.03996444]
 [-0.14171697  0.9737768   0.05655742]
 [ 0.31027877 -0.05207804  0.9144314 ]
 [ 0.7484095   0.04050911 -0.3987724 ]]","[[ 0.54132885 -0.248151    0.80335814]
 [-0.6264992   0.51818824  0.58221984]
 [ 0.5607692   0.8184755  -0.12504382]]"
20200221-044829.185635,22,[1.7113522  1.0278085  0.14449577],"[[-0.56875986 -0.2253577  -0.05403546]
 [-0.1493398   0.9721839   0.049878  ]
 [ 0.3117971  -0.04748631  0.908733  ]
 [ 0.74631965  0.04263254 -0.4108491 ]]","[[ 0.5422396  -0.24551764  0.803553  ]
 [-0.6309458   0.51258415  0.5823788 ]
 [ 0.5548728   0.8227873  -0.1230351 ]]"
20200221-044829.185635,23,[1.7161564  1.0273411  0.14879815],"[[-0.568841   -0.23355857 -0.06757852]
 [-0.15835455  0.970361    0.04271535]
 [ 0.31287226 -0.04203843  0.9029192 ]
 [ 0.74394566  0.04564309 -0.42230988]]","[[ 0.5426566  -0.24108717  0.8046122 ]
 [-0.6370009   0.5062709   0.5813087 ]
 [ 0.5474978   0.8279897  -0.12115844]]"
20200221-044829.185635,24,[1.7227839  1.0281584  0.15327437],"[[-0.5688453  -0.23935711 -0.07934758]
 [-0.16341256  0.9691332   0.03543112]
 [ 0.31463435 -0.03734403  0.89703095]
 [ 0.7421029   0.04576335 -0.43334067]]","[[ 0.5436965  -0.2382394   0.80475855]
 [-0.6394075   0.50352854  0.58104867]
 [ 0.54364747  0.83048254 -0.12143467]]"
20200221-044829.185635,25,[1.7281295  1.0297177  0.15755405],"[[-0.5689526  -0.24547483 -0.09057672]
 [-0.16940343  0.9677394   0.02821921]
 [ 0.315959   -0.03238384  0.89117897]
 [ 0.7401118   0.0466239  -0.44362137]]","[[ 0.5443216  -0.23419361  0.8055231 ]
 [-0.642981    0.5002585   0.5799286 ]
 [ 0.5387854   0.8336034  -0.12171952]]"
20200221-044829.185635,26,[1.7365186  1.0345535  0.16205452],"[[-0.5692332  -0.24762774 -0.09963027]
 [-0.16932373  0.96748334  0.02056243]
 [ 0.3183614  -0.02824989  0.8854117 ]
 [ 0.7388838   0.04311033 -0.45353836]]","[[ 0.54580086 -0.23158118  0.80527747]
 [-0.6413363   0.5030353   0.5793475 ]
 [ 0.5392489   0.8326618  -0.12603566]]"
20200221-044829.185635,27,[1.7430063  1.0356617  0.16647272],"[[-0.56924385 -0.25274184 -0.10816255]
 [-0.17358246  0.96629864  0.01379747]
 [ 0.3200531  -0.02378477  0.8799742 ]
 [ 0.7371543   0.04269545 -0.4623378 ]]","[[ 0.54676914 -0.22886345  0.8053974 ]
 [-0.6432024   0.5010162   0.5790279 ]
 [ 0.5360355   0.8346282  -0.12673466]]"
20200221-044829.185635,28,[1.7481953  1.0378319  0.17107561],"[[-0.5693516  -0.25864914 -0.1165693 ]
 [-0.17951974  0.9648239   0.00656638]
 [ 0.3212479  -0.01839513  0.87447006]
 [ 0.7351266   0.04332859 -0.47081923]]","[[ 0.5472368  -0.22426304  0.8063733 ]
 [-0.6468675   0.49804795  0.57750374]
 [ 0.5311253   0.83764803 -0.12748171]]"
20200221-044829.185635,29,[1.7531658  1.0404311  0.17528775],"[[-5.69409668e-01 -2.65022129e-01 -1.24136165e-01]
 [-1.86704382e-01  9.63103533e-01 -2.14625732e-04]
 [ 3.21958840e-01 -1.28077408e-02  8.69351566e-01]
 [ 7.32978046e-01  4.50668857e-02 -4.78349686e-01]]","[[ 0.5472883  -0.21847607  0.8079256 ]
 [-0.6518919   0.4941329   0.5752126 ]
 [ 0.52489275  0.8414873  -0.12801033]]"
20200221-044829.185635,30,[1.761352   1.0408808  0.17991649],"[[-0.56920916 -0.26929212 -0.12982698]
 [-0.18937267  0.9620402  -0.00654464]
 [ 0.32403743 -0.00878077  0.8644472 ]
 [ 0.73153174  0.0433968  -0.48562664]]","[[ 0.5486455  -0.2170979   0.8073765 ]
 [-0.65210557  0.4932182   0.5757555 ]
 [ 0.52320796  0.84238034 -0.12903126]]"
20200221-044829.185635,31,[1.7655911  1.0414474  0.18411091],"[[ 0.5689992  -0.2770491  -0.13647546]
 [ 0.19855529  0.95972437 -0.01278483]
 [-0.32420596 -0.00308004  0.85963184]
 [-0.72918177  0.04651276 -0.4921828 ]]","[[-0.5483267  -0.21130848  0.809127  ]
 [ 0.6587324   0.48691842  0.57356954]
 [-0.51517874  0.84750175 -0.12779458]]"
20200221-044829.185635,32,[1.7717295 1.040666  0.1880054],"[[ 0.56856126 -0.2840356  -0.14218165]
 [ 0.20613766  0.95757544 -0.01820609]
 [-0.324787    0.00153002  0.8550946 ]
 [-0.7271581   0.04868773 -0.4982625 ]]","[[-0.54849577 -0.20750567  0.8099961 ]
 [ 0.66356415  0.48139423  0.5726623 ]
 [-0.5087581   0.85158724 -0.12634934]]"
20200221-044829.185635,33,[1.7764046  1.0412438  0.19213653],"[[ 0.5682423  -0.29149076 -0.14776908]
 [ 0.21490653  0.9551597  -0.02420587]
 [-0.3248223   0.00707253  0.850529  ]
 [-0.7248494   0.0515077  -0.50416183]]","[[-0.5480727  -0.2018716   0.8117045 ]
 [ 0.6698028   0.47531807  0.5704709 ]
 [-0.50097966  0.8563415  -0.1252947 ]]"
20200221-044829.185635,34,[1.7849842  1.0441457  0.19620796],"[[ 0.5680846  -0.2945567  -0.15161306]
 [ 0.21655147  0.9542937  -0.03010408]
 [-0.3267069   0.01094762  0.8461428 ]
 [-0.72363514  0.04939476 -0.5100483 ]]","[[-0.5493209  -0.19936022  0.8114814 ]
 [ 0.6695039   0.47609323  0.57017523]
 [-0.5000111   0.85649914 -0.12805547]]"
20200221-044829.185635,35,[1.7937844  1.044062   0.20011456],"[[ 0.5677381  -0.29813498 -0.15505153]
 [ 0.2183874   0.9532386  -0.03516123]
 [-0.32866478  0.01398662  0.8420013 ]
 [-0.72246826  0.04749803 -0.5155157 ]]","[[-0.550754   -0.19880849  0.810645  ]
 [ 0.6689877   0.4756377   0.5711606 ]
 [-0.49912488  0.85688037 -0.12895894]]"
20200221-044829.185635,36,[1.7997175  1.0466766  0.20403251],"[[ 0.56749594 -0.30375904 -0.1588946 ]
 [ 0.2247675   0.9513075  -0.04097294]
 [-0.32901236  0.01919864  0.8379227 ]
 [-0.7205404   0.04874724 -0.5205375 ]]","[[-0.55061007 -0.19321385  0.8120943 ]
 [ 0.67332035  0.47224823  0.5688772 ]
 [-0.49342498  0.8600292  -0.1299298 ]]"
20200221-044829.185635,37,[1.8079191  1.0503043  0.20754653],"[[ 0.56745833 -0.30681428 -0.16140479]
 [ 0.22722325  0.95030034 -0.04622447]
 [-0.3303101   0.02319434  0.8343002 ]
 [-0.7192051   0.04750349 -0.52512354]]","[[-0.55126625 -0.18949486  0.81252533]
 [ 0.67422926  0.47246     0.56762356]
 [-0.4914475   0.86074    -0.1326883 ]]"
20200221-044829.185635,38,[1.8131286  1.0507705  0.21143724],"[[ 0.5669609  -0.31382495 -0.16505714]
 [ 0.23548372  0.94773614 -0.05161176]
 [-0.33009976  0.0284346   0.8303496 ]
 [-0.7170333   0.05001694 -0.5297283 ]]","[[-0.5507048  -0.18407531  0.8141502 ]
 [ 0.68004024  0.466646    0.5654969 ]
 [-0.48401403  0.86507654 -0.13180557]]"
20200221-044829.185635,39,[1.8193269  1.050931   0.21557696],"[[ 0.56650597 -0.31979206 -0.16762401]
 [ 0.24185696  0.9455249  -0.056947  ]
 [-0.33042753  0.03328028  0.82671565]
 [-0.7151181   0.0510697  -0.5340414 ]]","[[-0.55057013 -0.17998955  0.8151542 ]
 [ 0.6841037   0.4623291   0.56414026]
 [-0.47840884  0.8682487  -0.13141297]]"
20200221-044829.185635,40,[1.8266367 1.0525124 0.219028 ],"[[ 0.5661584  -0.3240802  -0.1699553 ]
 [ 0.24588269  0.9439291  -0.06174918]
 [-0.33127138  0.03716057  0.8231701 ]
 [-0.7136286   0.05087363 -0.5382316 ]]","[[-0.550936   -0.17662978  0.8156419 ]
 [ 0.68616766  0.46042737  0.563188  ]
 [-0.47501954  0.8699473  -0.13246839]]"
20200221-044829.185635,41,[1.8338735 1.0548095 0.2229662],"[[ 0.5658517  -0.3283827  -0.17158635]
 [ 0.25009477  0.9422677  -0.06706329]
 [-0.33202437  0.04176233  0.8198172 ]
 [-0.7120566   0.05052164 -0.54218155]]","[[-0.5511465  -0.17248294  0.81638676]
 [ 0.6885207   0.4586884   0.5617334 ]
 [-0.4713565   0.8716963  -0.13404644]]"
20200221-044829.185635,42,[1.8412815  1.059136   0.22692364],"[[ 0.565676   -0.331621   -0.17323808]
 [ 0.2527536   0.9409997  -0.07281461]
 [-0.33319953  0.04635131  0.8161572 ]
 [-0.71070695  0.04897485 -0.54641926]]","[[-0.5517482  -0.16814254  0.81688565]
 [ 0.68951243  0.45906472  0.5602075 ]
 [-0.46919808  0.87234616 -0.13735177]]"
20200221-044829.185635,43,[1.8494476  1.0578706  0.23049332],"[[ 0.5650686  -0.33643958 -0.17454255]
 [ 0.2571613   0.9391095  -0.07695252]
 [-0.33399802  0.04979848  0.8131541 ]
 [-0.70923275  0.04900866 -0.5499034 ]]","[[-0.5521658  -0.16628142  0.8169844 ]
 [ 0.6916152   0.45587656  0.5602189 ]
 [-0.46559796  0.8743724  -0.1367166 ]]"
20200221-044829.185635,44,[1.8586851  1.0601752  0.23343135],"[[ 0.56476915 -0.33865976 -0.17597687]
 [ 0.25793153  0.9382827  -0.08109987]
 [-0.33580667  0.0523823   0.8098193 ]
 [-0.708337    0.04681085 -0.553758  ]]","[[-0.55351156 -0.16480222  0.8163733 ]
 [ 0.6905819   0.45709792  0.56049824]
 [-0.46553385  0.8740148  -0.13919958]]"
20200221-044829.185635,45,[1.868647   1.0623072  0.23671946],"[[ 0.5646004  -0.3399656  -0.17655651]
 [ 0.2570092   0.93784946 -0.08538324]
 [-0.3382483   0.0547231   0.80669814]
 [-0.7076448   0.04321561 -0.5574724 ]]","[[-0.5553307  -0.16447937  0.815202  ]
 [ 0.68800634  0.4598006   0.5614544 ]
 [-0.4671781   0.8726569  -0.14217858]]"
20200221-044829.185635,46,[1.8775496  1.0661733  0.24083163],"[[ 0.56442845 -0.3423865  -0.1767446 ]
 [ 0.25827387  0.93682885 -0.09089079]
 [-0.33994326  0.05897726  0.8035574 ]
 [-0.7065084   0.04056111 -0.5610667 ]]","[[-0.5563817  -0.16131574  0.8151177 ]
 [ 0.68763196  0.46132606  0.5606612 ]
 [-0.46647844  0.8724425  -0.14574744]]"
20200221-044829.185635,47,[1.8844589  1.0679806  0.24356216],"[[ 0.5639059  -0.3471603  -0.17845088]
 [ 0.2637028   0.934771   -0.0948979 ]
 [-0.33996537  0.06281229  0.8004476 ]
 [-0.70490754  0.04168217 -0.56429917]]","[[-0.55614936 -0.15686251  0.8161447 ]
 [ 0.6911015   0.45815     0.55899674]
 [-0.4616024   0.8749243  -0.14639197]]"
20200221-044829.185635,48,[1.8897043  1.0719047  0.24719198],"[[ 0.5634631  -0.3527769  -0.1797569 ]
 [ 0.2708492   0.9321859  -0.10030814]
 [-0.3392384   0.06857568  0.7972193 ]
 [-0.70289946  0.04330873 -0.56750965]]","[[-0.5551156  -0.14957732  0.81821346]
 [ 0.69643843  0.45425645  0.55553997]
 [-0.45477495  0.87822413 -0.14799345]]"
20200221-044829.185635,49,[1.8982626  1.0796123  0.25076145],"[[ 0.5634624  -0.35486618 -0.1792546 ]
 [ 0.2731251   0.93106294 -0.10585773]
 [-0.34007728  0.07387408  0.7946059 ]
 [-0.70161265  0.04164678 -0.5703189 ]]","[[-0.555289   -0.14312959  0.8192486 ]
 [ 0.6977044   0.4559421   0.5525628 ]
 [-0.452618    0.8784253  -0.15331751]]"
20200221-044829.185635,50,[1.907492  1.0779645 0.2542786],"[[ 0.5629735  -0.3582987  -0.1788521 ]
 [ 0.27538562  0.9295884  -0.10954211]
 [-0.34140065  0.07666248  0.79229444]
 [-0.700478    0.0401297  -0.5729588 ]]","[[-0.556148   -0.14270215  0.81874025]
 [ 0.6979739   0.4545786   0.55334526]
 [-0.4511453   0.8792012  -0.15321055]]"
20200221-044829.185635,51,[1.9152988  1.0774655  0.25774628],"[[ 0.5621973  -0.3636246  -0.1792426 ]
 [ 0.28111818  0.9271318  -0.1136668 ]
 [-0.34136167  0.08078035  0.7896709 ]
 [-0.6988409   0.04096732 -0.57564867]]","[[-0.555832   -0.13915026  0.8195657 ]
 [ 0.7015321   0.4504089   0.5522541 ]
 [-0.445986    0.8819121  -0.15273339]]"
20200221-044829.185635,52,[1.922706   1.0788416  0.26072022],"[[ 0.5616545  -0.36749578 -0.18012062]
 [ 0.2847272   0.9253229  -0.11770571]
 [-0.34189773  0.08414051  0.786677  ]
 [-0.6975534   0.04055822 -0.5786547 ]]","[[-0.5560744  -0.13610172  0.8199132 ]
 [ 0.70325524  0.4487158   0.5514402 ]
 [-0.44295996  0.88325    -0.15380506]]"
20200221-044829.185635,53,[1.9307228 1.0822452 0.264128 ],"[[ 0.5614296  -0.36951327 -0.18027604]
 [ 0.28529003  0.92434156 -0.12243971]
 [-0.34361255  0.08738082  0.78353226]
 [-0.6966611   0.03764333 -0.58188194]]","[[-0.557275   -0.1338814   0.8194635 ]
 [ 0.7022533   0.45059672  0.5511832 ]
 [-0.44304082  0.8826315  -0.15708762]]"
20200221-044829.185635,54,[1.9388113  1.0834606  0.26736504],"[[ 0.5610621  -0.37236637 -0.18015955]
 [ 0.2871471   0.92297393 -0.12649824]
 [-0.34482288  0.09043495  0.7808654 ]
 [-0.6955955   0.0358318  -0.58462775]]","[[-0.55803335 -0.1320112   0.81925076]
 [ 0.70242566  0.4504928   0.55104864]
 [-0.44181114  0.88296646 -0.15866189]]"
20200221-044829.185635,55,[1.9479817  1.0868633  0.27035072],"[[ 0.5609838  -0.3737674  -0.17935772]
 [ 0.28736666  0.92221254 -0.13052715]
 [-0.34647545  0.09343194  0.7785434 ]
 [-0.6947463   0.0330536  -0.5870807 ]]","[[-0.5590919  -0.12987441  0.8188704 ]
 [ 0.7014047   0.45254716  0.55066574]
 [-0.4420949   0.88223237 -0.16192092]]"
20200221-044829.185635,56,[1.9550874 1.0901964 0.2738923],"[[ 0.5604315  -0.37833193 -0.17904872]
 [ 0.29280686  0.91979706 -0.13540131]
 [-0.3461362   0.09859603  0.77594966]
 [-0.69308746  0.03342439 -0.5895002 ]]","[[-0.55844456 -0.12399578  0.8202225 ]
 [ 0.70512724  0.44987825  0.5480923 ]
 [-0.4369613   0.88444024 -0.16379929]]"
20200221-044829.185635,57,[1.962598   1.0926429  0.27666646],"[[ 0.5598218  -0.3826099  -0.17918974]
 [ 0.2978629   0.9175493  -0.13929999]
 [-0.34583068  0.10271085  0.7734548 ]
 [-0.691577    0.03411046 -0.59182286]]","[[-0.5579156  -0.11910512  0.8213064 ]
 [ 0.70844406  0.447099    0.5460858 ]
 [-0.43224695  0.8865193  -0.16506416]]"
20200221-044829.185635,58,[1.9701303  1.0925609  0.27990103],"[[ 0.5591526  -0.38720348 -0.17884769]
 [ 0.3027106   0.9151723  -0.14317134]
 [-0.34569716  0.10655554  0.7711371 ]
 [-0.6900785   0.03433018 -0.5940229 ]]","[[-0.5575187  -0.1157195   0.82205963]
 [ 0.71142036  0.44374767  0.5449488 ]
 [-0.4278482   0.888649   -0.16507246]]"
20200221-044829.185635,59,[1.9804832 1.0921912 0.2827994],"[[ 0.5590026  -0.3879666  -0.17761463]
 [ 0.30097675  0.91484094 -0.14621969]
 [-0.34834886  0.10783542  0.7691027 ]
 [-0.6896247   0.03031661 -0.59628344]]","[[-0.55953217 -0.11730397  0.82046545]
 [ 0.70826906  0.44644526  0.546847  ]
 [-0.4304403   0.88708866 -0.1667177 ]]"
20200221-044829.185635,60,[1.9879974  1.0943323  0.28605416],"[[ 0.55847085 -0.39161924 -0.17722295]
 [ 0.3045042   0.9128391  -0.15054479]
 [-0.3487063   0.11175948  0.7664845 ]
 [-0.688325    0.02946872 -0.59869003]]","[[-0.5595605  -0.11357802  0.8209702 ]
 [ 0.7101014   0.44509336  0.5455711 ]
 [-0.42737326  0.88825214 -0.16840477]]"
20200221-044829.185635,61,[1.9958397 1.0955577 0.2885363],"[[ 0.5578852  -0.3949823  -0.17734249]
 [ 0.30764365  0.9110507  -0.1538835 ]
 [-0.3491294   0.1146123   0.7639769 ]
 [-0.68718845  0.02897246 -0.6010065 ]]","[[-0.5597343  -0.11086828  0.8212222 ]
 [ 0.71154475  0.443641    0.54487306]
 [-0.42473695  0.8893203  -0.16943331]]"
20200221-044829.185635,62,[2.0038261  1.0986716  0.29171798],"[[ 0.5573298  -0.39909622 -0.17627114]
 [ 0.31270745  0.9086188  -0.15822327]
 [-0.34858394  0.11949416  0.7619097 ]
 [-0.68562895  0.0292432  -0.6028163 ]]","[[-0.558899   -0.10522682  0.82253236]
 [ 0.7150981   0.44104594  0.54232204]
 [-0.41984135  0.8912945  -0.17125261]]"
20200221-044829.185635,63,[2.0119987  1.1001017  0.29353613],"[[ 0.5566332  -0.40279764 -0.17654593]
 [ 0.31693247  0.9065888  -0.16090061]
 [-0.34837794  0.12227756  0.75968367]
 [-0.6843585   0.02998156 -0.6048335 ]]","[[-0.5585129  -0.10169502  0.82323855]
 [ 0.7176761   0.43840978  0.5410528 ]
 [-0.41593814  0.8930034  -0.17187348]]"
20200221-044829.185635,64,[2.0207312  1.1044918  0.29640144],"[[ 0.5563535  -0.4048694  -0.17530757]
 [ 0.3187171   0.90520686 -0.1650209 ]
 [-0.34918877  0.12604965  0.7575222 ]
 [-0.68334293  0.02815471 -0.6067908 ]]","[[-0.5588556  -0.09780735  0.8234769 ]
 [ 0.7182429   0.43925834  0.5396103 ]
 [-0.41449702  0.8930206  -0.17523253]]"
20200221-044829.185635,65,[2.0306628  1.1052865  0.29877573],"[[ 0.5559553  -0.4069461  -0.17423615]
 [ 0.31995854  0.9040127  -0.16785486]
 [-0.35039675  0.12827992  0.7556793 ]
 [-0.6824677   0.02645386 -0.6086174 ]]","[[-0.559602   -0.09657796  0.8231149 ]
 [ 0.7180628   0.4393967   0.53973687]
 [-0.41380072  0.8930861  -0.17653824]]"
20200221-044829.185635,66,[2.0407245 1.1095395 0.3012717],"[[ 0.5555808  -0.40880978 -0.17290038]
 [ 0.3217319   0.9027152  -0.1714065 ]
 [-0.35121417  0.13173892  0.753803  ]
 [-0.6815187   0.02499833 -0.61033314]]","[[-0.5600133  -0.09291171  0.8232574 ]
 [ 0.71854424  0.4401753   0.53846085]
 [-0.41240686  0.89309204 -0.17974284]]"
20200221-044829.185635,67,[2.0484073  1.1146199  0.30307862],"[[ 0.5551134  -0.4120026  -0.17266463]
 [ 0.32611212  0.9006679  -0.17470929]
 [-0.350585    0.13561803  0.7516362 ]
 [-0.6801399   0.02567849 -0.6121325 ]]","[[-0.5591469  -0.08701212  0.8244899 ]
 [ 0.7216896   0.43839857  0.5356965 ]
 [-0.40806732  0.8945588  -0.1823334 ]]"
20200221-044829.185635,68,[2.0584004  1.118808   0.30554786],"[[ 0.55472654 -0.41388553 -0.17129484]
 [ 0.32779574  0.89933443 -0.1782505 ]
 [-0.35147348  0.13898347  0.7496835 ]
 [-0.6791872   0.02408134 -0.61388874]]","[[-0.55957377 -0.08350395  0.8245631 ]
 [ 0.7221003   0.4391651   0.53451395]
 [-0.40675342  0.89451724 -0.18544707]]"
20200221-044829.185635,69,[2.068534   1.1169941  0.30823234],"[[ 0.55435437 -0.41599038 -0.16966778]
 [ 0.32858387  0.898143   -0.18085164]
 [-0.35285816  0.14075878  0.7481872 ]
 [-0.67839175  0.02187742 -0.6154038 ]]","[[-0.56045735 -0.08383002  0.82392985]
 [ 0.72151023  0.43899047  0.5354537 ]
 [-0.40658444  0.8945726  -0.18555123]]"
20200221-044829.185635,70,[2.0783904 1.1151974 0.310486 ],"[[ 0.55375206 -0.4189573  -0.16870293]
 [ 0.3310001   0.8964779  -0.18312588]
 [-0.35343298  0.14267474  0.7466012 ]
 [-0.6774091   0.02112455 -0.6169209 ]]","[[-0.56073207 -0.08313449  0.82381326]
 [ 0.7223583   0.43717676  0.5357937 ]
 [-0.4046949   0.89552504 -0.1850861 ]]"
20200221-044829.185635,71,[2.085126  1.117869  0.3130857],"[[ 0.55309916 -0.42276126 -0.16836156]
 [ 0.33524638  0.8940822  -0.18693711]
 [-0.35296997  0.14645158  0.7440932 ]
 [-0.6760942   0.02102648 -0.6188978 ]]","[[-0.56010705 -0.07858421  0.8246846 ]
 [ 0.72506815  0.43500105  0.5339012 ]
 [-0.40069485  0.89699435 -0.18666829]]"
20200221-044829.185635,72,[2.0935123  1.1190023  0.31515586],"[[ 0.5525177  -0.42555663 -0.16798362]
 [ 0.33774722  0.8923814  -0.1897354 ]
 [-0.35336113  0.1488168   0.7419389 ]
 [-0.6751201   0.02027156 -0.62073237]]","[[-0.56025314 -0.07632075  0.82479787]
 [ 0.726091    0.43395662  0.5333606 ]
 [-0.39863297  0.8976953  -0.18770973]]"
20200221-044829.185635,73,[2.1032627  1.1220325  0.31805485],"[[ 0.5523604  -0.4261097  -0.16627072]
 [ 0.33640435  0.89181596 -0.19351761]
 [-0.35574424  0.15111186  0.73972297]
 [-0.67466766  0.01613762 -0.6226676 ]]","[[-0.5620408  -0.07566091  0.8236416 ]
 [ 0.7235295   0.43753427  0.53391844]
 [-0.40076816  0.89601296 -0.1911692 ]]"
20200221-044829.185635,74,[2.112987  1.121328  0.3209653],"[[ 0.55180854 -0.4291454  -0.16449639]
 [ 0.33902735  0.88987774 -0.19667344]
 [-0.3561612   0.15404662  0.73813146]
 [-0.673585    0.0148777  -0.62403715]]","[[-0.56212604 -0.0739226   0.8237413 ]
 [ 0.72465676  0.43600836  0.5336376 ]
 [-0.398606    0.89690125 -0.19152316]]"
20200221-044829.185635,75,[2.1217477 1.1200949 0.3227288],"[[ 0.5511568  -0.43250164 -0.16403021]
 [ 0.34244695  0.88790846 -0.19864975]
 [-0.3559915   0.15598916  0.73648816]
 [-0.6724776   0.01510006 -0.6254736 ]]","[[-0.5617917  -0.07222748  0.8241196 ]
 [ 0.7265929   0.43321857  0.5332771 ]
 [-0.39554125  0.8983901  -0.19089866]]"
20200221-044829.185635,76,[2.132152  1.1174731 0.3240353],"[[ 0.5505968  -0.43485552 -0.1635326 ]
 [ 0.34413168  0.886655   -0.19972189]
 [-0.35670274  0.15661825  0.7351883 ]
 [-0.67169917  0.01463411 -0.6267907 ]]","[[-0.56224096 -0.07273317  0.8237689 ]
 [ 0.7268594   0.4316225   0.53420734]
 [-0.39441174  0.8991174  -0.18980908]]"
20200221-044829.185635,77,[2.1406865  1.1187449  0.32594654],"[[ 0.55005026 -0.43741828 -0.16298126]
 [ 0.3464466   0.88500506 -0.20234653]
 [-0.35705802  0.15886998  0.7331803 ]
 [-0.6707671   0.01383364 -0.62844193]]","[[-0.5623624  -0.07050969  0.8238791 ]
 [ 0.7277873   0.43076202  0.5336379 ]
 [-0.39252254  0.8997068  -0.19092834]]"
20200221-044829.185635,78,[2.147594  1.121634  0.3283553],"[[ 0.54943925 -0.44086933 -0.16230589]
 [ 0.35037842  0.88263327 -0.20594086]
 [-0.35651082  0.16250633  0.7308611 ]
 [-0.6695158   0.01357609 -0.63014835]]","[[-0.5616753  -0.06601012  0.82472014]
 [ 0.73031414  0.42886978  0.53170663]
 [-0.3887956   0.9009513  -0.19267748]]"
20200221-044829.185635,79,[2.1580431  1.1249373  0.33034405],"[[ 0.54917824 -0.44153652 -0.16075665]
 [ 0.3500804   0.8819512  -0.20871753]
 [-0.35819343  0.1645841   0.72916114]
 [-0.66898775  0.01093992 -0.6316    ]]","[[-0.5628682  -0.06454871  0.82402235]
 [ 0.72891515  0.4312689   0.53168577]
 [-0.38969487  0.8999113  -0.19569702]]"
20200221-044829.185635,80,[2.167043  1.1238359 0.3320131],"[[ 0.5485732  -0.4445884  -0.16006559]
 [ 0.35316354  0.88007104 -0.21056776]
 [-0.35805053  0.16641904  0.72767884]
 [-0.66793925  0.010979   -0.6328695 ]]","[[-0.562535   -0.06296407  0.8243725 ]
 [ 0.7306471   0.4287726   0.5313275 ]
 [-0.3869229   0.9012156  -0.19519505]]"
20200221-044829.185635,81,[2.1763127 1.1228441 0.3340704],"[[ 0.548209   -0.4467493  -0.15865932]
 [ 0.35466185  0.8786649  -0.2127299 ]
 [-0.35871708  0.1681386   0.72632325]
 [-0.667086    0.00959795 -0.6340565 ]]","[[-0.5628317  -0.06232618  0.82421845]
 [ 0.7309755   0.42797157  0.5315217 ]
 [-0.38586974  0.9016407  -0.195317  ]]"
20200221-044829.185635,82,[2.186606  1.1261595 0.3360584],"[[ 0.54793936 -0.44749233 -0.15712425]
 [ 0.35438272  0.8779129  -0.21559478]
 [-0.36042413  0.17021316  0.72449607]
 [-0.666536    0.00685582 -0.6355599 ]]","[[-0.56402314 -0.06087549  0.8235122 ]
 [ 0.7295832   0.43036216  0.53150433]
 [-0.38676405  0.9006013  -0.19832043]]"
20200221-044829.185635,83,[2.1956863 1.128591  0.3378424],"[[ 0.5473224  -0.45040584 -0.15613024]
 [ 0.35803324  0.87581396 -0.21821006]
 [-0.35986412  0.17330565  0.72285444]
 [-0.6653935   0.00704377 -0.63678014]]","[[-0.56331986 -0.05688215  0.8242786 ]
 [ 0.7319704   0.42840663  0.5297992 ]
 [-0.38326254  0.9017939  -0.19969392]]"
20200221-044829.185635,84,[2.2050533  1.1310328  0.33997747],"[[ 0.5469346  -0.45247075 -0.1544628 ]
 [ 0.36015764  0.87417305 -0.22107847]
 [-0.3601078   0.17623167  0.7213283 ]
 [-0.6644333   0.00587835 -0.63792735]]","[[-0.56323636 -0.0538603   0.8245387 ]
 [ 0.7329982   0.42804843  0.52866656]
 [-0.38141656  0.90214956 -0.2016129 ]]"
20200221-044829.185635,85,[2.2121751 1.1339555 0.3421878],"[[ 0.5463306  -0.45566502 -0.15360917]
 [ 0.36383414  0.87181425 -0.22443295]
 [-0.35949844  0.17966184  0.7191389 ]
 [-0.66325617  0.00552403 -0.63943183]]","[[-0.562512   -0.04953122  0.82530415]
 [ 0.7353617   0.42630023  0.52679354]
 [-0.3779201   0.90322465 -0.20337564]]"
20200221-044829.185635,86,[2.2229779 1.1323688 0.3443432],"[[ 0.54609346 -0.45699647 -0.15154454]
 [ 0.36394215  0.8708616  -0.22643565]
 [-0.36091945  0.18095282  0.7180896 ]
 [-0.66261935  0.00312536 -0.64039695]]","[[-0.5634224  -0.05013495  0.8246465 ]
 [ 0.73441416  0.42678756  0.52771986]
 [-0.37840605  0.90296113 -0.20364185]]"
20200221-044829.185635,87,[2.2341466  1.1322418  0.34517312],"[[ 0.54580396 -0.45788732 -0.15068571]
 [ 0.36398628  0.8703191  -0.2273519 ]
 [-0.36229956  0.18133059  0.71695936]
 [-0.662081    0.00176926 -0.64154065]]","[[-0.56435925 -0.05054854  0.8239804 ]
 [ 0.7334219   0.4274571   0.52855724]
 [-0.37893406  0.9026213  -0.20416592]]"
20200221-044829.185635,88,[2.2431884 1.1337018 0.3472046],"[[ 5.4552287e-01 -4.5924589e-01 -1.4919592e-01]
 [ 3.6447594e-01  8.6920542e-01 -2.2997232e-01]
 [-3.6344028e-01  1.8323453e-01  7.1528620e-01]
 [-6.6141778e-01 -4.8293130e-04 -6.4282078e-01]]","[[-0.56508434 -0.04940206  0.82355267]
 [ 0.7328387   0.4284736   0.5285432 ]
 [-0.37898168  0.9022028  -0.20591997]]"
20200221-044829.185635,89,[2.2529755 1.1357249 0.34862  ],"[[ 5.4501408e-01 -4.6187598e-01 -1.4805979e-01]
 [ 3.6795291e-01  8.6722511e-01 -2.3208424e-01]
 [-3.6272708e-01  1.8598622e-01  7.1399474e-01]
 [-6.6030240e-01 -1.4115989e-04 -6.4375961e-01]]","[[-0.56422204 -0.04571414  0.8243565 ]
 [ 0.7352542   0.426377    0.52688134]
 [-0.3755726   0.90338963 -0.20695978]]"
20200221-044829.185635,90,[2.2625253  1.1420013  0.35051954],"[[ 0.5450085  -0.4613945  -0.14607038]
 [ 0.36639276  0.86696607 -0.23531263]
 [-0.36488897  0.18833557  0.71220773]
 [-0.65998375 -0.00384173 -0.6450207 ]]","[[-0.565747   -0.04360859  0.823425  ]
 [ 0.732972    0.43085527  0.5264179 ]
 [-0.37773332  0.90136695 -0.21179117]]"
20200221-044829.185635,91,[2.2721255  1.1434234  0.35176712],"[[ 0.5446518  -0.46313882 -0.14506574]
 [ 0.36803338  0.86566603 -0.23709382]
 [-0.3652917   0.1900082   0.7107856 ]
 [-0.65914184 -0.00464807 -0.6461626 ]]","[[-0.5658365  -0.04182632  0.82345587]
 [ 0.7335661   0.43043703  0.52593225]
 [-0.37644365  0.901651   -0.21287458]]"
20200221-044829.185635,92,[2.2802377 1.1486654 0.3534686],"[[ 0.54433864 -0.46496582 -0.14375438]
 [ 0.37042245  0.8639518  -0.240136  ]
 [-0.3650976   0.19329573  0.70897335]
 [-0.6581688  -0.00553594 -0.6473224 ]]","[[-0.5654089  -0.03729004  0.82396734]
 [ 0.7350377   0.4304469   0.5238656 ]
 [-0.37420917  0.90184534 -0.2159689 ]]"
20200221-044829.185635,93,[2.2903779 1.1504945 0.3560437],"[[ 0.5439284  -0.4666521  -0.14155413]
 [ 0.37148485  0.86239576 -0.2433833 ]
 [-0.36598372  0.19607727  0.70731443]
 [-0.6574165  -0.00793933 -0.648408  ]]","[[-0.5659158  -0.03534099  0.82370526]
 [ 0.73493177  0.43116397  0.5234242 ]
 [-0.37365034  0.9015811  -0.2180293 ]]"
20200221-044829.185635,94,[2.2990196  1.1528592  0.35828388],"[[ 0.54344183 -0.46899453 -0.1400446 ]
 [ 0.373783    0.8604347  -0.24652109]
 [-0.36604548  0.19902188  0.70541245]
 [-0.65648144 -0.00930181 -0.6496217 ]]","[[-0.5657678  -0.0322952   0.8239319 ]
 [ 0.7360363   0.4306514   0.52229285]
 [-0.37169498  0.9019403  -0.21987829]]"
20200221-044829.185635,95,[2.3106103  1.1538229  0.36000314],"[[ 0.5434104  -0.46903738 -0.13773212]
 [ 0.37261835  0.8600997  -0.24839985]
 [-0.3680309   0.20020275  0.70451236]
 [-0.6560593  -0.0123034  -0.65037674]]","[[-0.56712365 -0.03261143  0.8229868 ]
 [ 0.73407644  0.43311     0.5230175 ]
 [-0.3735001   0.90075094 -0.22168766]]"
20200221-044829.185635,96,[2.3197722 1.1534195 0.3615583],"[[ 0.54266584 -0.4726436  -0.1369252 ]
 [ 0.37700325  0.8575515  -0.25036848]
 [-0.3667913   0.20268461  0.7030446 ]
 [-0.65486366 -0.0114998  -0.65137994]]","[[-0.56591845 -0.02950505  0.8239333 ]
 [ 0.73717105  0.4294233   0.52170354]
 [-0.369209    0.90262127 -0.22126827]]"
20200221-044829.185635,97,[2.3289423  1.1549287  0.36337548],"[[ 0.54240936 -0.47377017 -0.13535959]
 [ 0.37730852  0.8564931  -0.2527599 ]
 [-0.3679237   0.20438106  0.7014872 ]
 [-0.65426457 -0.01377405 -0.6524615 ]]","[[-0.5666424  -0.0285113   0.8234704 ]
 [ 0.73649776  0.4305771   0.5217033 ]
 [-0.3694419   0.90210336 -0.22298476]]"
20200221-044829.185635,98,[2.3382344  1.1547987  0.36529735],"[[ 0.54193455 -0.47651199 -0.13384113]
 [ 0.38023603  0.85438234 -0.25505584]
 [-0.36748242  0.20678939  0.70009965]
 [-0.6532109  -0.01433358 -0.65337074]]","[[-0.5660427  -0.02618764  0.8239599 ]
 [ 0.7383052   0.42854628  0.52082014]
 [-0.36674398  0.9031403  -0.22324103]]"
20200221-044829.185635,99,[2.3470814  1.1572638  0.36740905],"[[ 0.54146403 -0.47864348 -0.13220727]
 [ 0.38234153  0.8524731  -0.25804326]
 [-0.36755848  0.20962214  0.69830734]
 [-0.6523285  -0.01576007 -0.65444773]]","[[-0.5659035  -0.02323324  0.8241441 ]
 [ 0.7392893   0.42819887  0.5197086 ]
 [-0.36497208  0.9033858  -0.2251431 ]]"
20200221-044829.185635,100,[2.358791  1.1604706 0.3680015],"[[ 0.5411398  -0.47922787 -0.13116854]
 [ 0.3828324   0.8518247  -0.25925368]
 [-0.36853     0.2108429   0.69716877]
 [-0.6517614  -0.01676245 -0.6553915 ]]","[[-0.5664584  -0.02164672  0.823806  ]
 [ 0.7389089   0.4292748   0.51936203]
 [-0.36488155  0.9029146  -0.22717136]]"
20200221-044829.185635,101,[2.3689435  1.1639558  0.36890665],"[[ 0.54089445 -0.47988918 -0.12998885]
 [ 0.38335064  0.8510351  -0.2609398 ]
 [-0.3693378   0.2124103   0.6959226 ]
 [-0.6512026  -0.01808306 -0.65628135]]","[[-0.566883   -0.01972255  0.82356215]
 [ 0.73866403  0.4304308   0.518753  ]
 [-0.36471766  0.90240794 -0.22943561]]"
20200221-044829.185635,102,[2.3800287  1.1635509  0.37004855],"[[ 0.54072344 -0.48001957 -0.12865487]
 [ 0.38191387  0.850887   -0.26212764]
 [-0.37151048  0.21246451  0.69484025]
 [-0.6509532  -0.0207773  -0.6572168 ]]","[[-0.56846404 -0.02123203  0.8224341 ]
 [ 0.73637134  0.4326705   0.5201476 ]
 [-0.3668868   0.901302   -0.23032296]]"
20200221-044829.185635,103,[2.3904066 1.1697934 0.3708271],"[[ 0.5406613  -0.47978535 -0.12725651]
 [ 0.38150954  0.8505201  -0.26408747]
 [-0.37285098  0.21425253  0.693466  ]
 [-0.6504755  -0.02275908 -0.65815544]]","[[-0.56929684 -0.0187854   0.8219174 ]
 [ 0.73531455  0.43551773  0.5192658 ]
 [-0.36771423  0.89998424 -0.23412567]]"
20200221-044829.185635,104,[2.4008524  1.1718549  0.37228042],"[[ 0.5404441  -0.48127598 -0.12537208]
 [ 0.383299    0.8490636  -0.266091  ]
 [-0.3728516   0.21656948  0.69246423]
 [-0.6496029  -0.02371556 -0.6587647 ]]","[[-0.5690103  -0.01626912  0.8221695 ]
 [ 0.73632246  0.4350766   0.51820624]
 [-0.3661375   0.90024644 -0.23558377]]"
20200221-044829.185635,105,[2.4119332 1.1710894 0.374362 ],"[[ 0.5400632  -0.4832501  -0.12319204]
 [ 0.38493377  0.84736204 -0.26832712]
 [-0.37317267  0.2186507   0.6913601 ]
 [-0.64876837 -0.02528135 -0.65942854]]","[[-0.56903845 -0.01513525  0.8221717 ]
 [ 0.7369109   0.43429816  0.51802295]
 [-0.36490804  0.9006421  -0.23597904]]"
20200221-044829.185635,106,[2.4218624 1.1699094 0.3757467],"[[ 0.53983957 -0.48476365 -0.12170313]
 [ 0.38586855  0.8461904  -0.26974514]
 [-0.37377107  0.2196703   0.69036496]
 [-0.6480541  -0.02666869 -0.66016835]]","[[-0.56928945 -0.0149537   0.8220012 ]
 [ 0.7369692   0.43387732  0.51829225]
 [-0.36439803  0.9008479  -0.23598133]]"
20200221-044829.185635,107,[2.4306104  1.1740091  0.37755278],"[[ 0.5396052  -0.48518762 -0.12006193]
 [ 0.38534883  0.84534687 -0.2726034 ]
 [-0.37536293  0.22158511  0.6884758 ]
 [-0.64763826 -0.02969432 -0.66126686]]","[[-0.57042056 -0.01345097  0.82124275]
 [ 0.7355213   0.43663698  0.51803154]
 [-0.365553    0.8995374  -0.23917319]]"
20200221-044829.185635,108,[2.4378848  1.177132   0.37922814],"[[ 0.53912663 -0.48780364 -0.11899121]
 [ 0.3885754   0.8430526  -0.27534446]
 [-0.3745203   0.22450492  0.6865377 ]
 [-0.64659595 -0.03012718 -0.662339  ]]","[[-0.56958383 -0.00948517  0.82187855]
 [ 0.73766255  0.4351419   0.51624185]
 [-0.36253038  0.900312   -0.2408529 ]]"
20200221-044829.185635,109,[2.4479706  1.1797618  0.38074717],"[[ 0.5388474  -0.48920333 -0.11714575]
 [ 0.39019975  0.84156555 -0.27751195]
 [-0.37463602  0.22686468  0.6853347 ]
 [-0.64578325 -0.031309   -0.66300863]]","[[-0.5694333  -0.00689596  0.8220087 ]
 [ 0.73843825  0.4350718   0.5151909 ]
 [-0.36118558  0.90036947 -0.24265209]]"
20200221-044829.185635,110,[2.4595609  1.1776508  0.38188744],"[[ 0.5384771  -0.49076647 -0.11579994]
 [ 0.39119318  0.8404345  -0.2784933 ]
 [-0.37523177  0.22753301  0.6845319 ]
 [-0.6451444  -0.03235229 -0.66366285]]","[[-0.56970525 -0.0071895   0.82181776]
 [ 0.7385044   0.43429667  0.5157496 ]
 [-0.36062068  0.9007412  -0.24211158]]"
20200221-044829.185635,111,[2.4698236 1.1814096 0.3820629],"[[ 0.53812987 -0.49199852 -0.11540414]
 [ 0.39289114  0.83936346 -0.27951616]
 [-0.3753062   0.22881953  0.68315816]
 [-0.6443584  -0.0323703  -0.66471606]]","[[-0.5695512  -0.00467132  0.82194257]
 [ 0.73931605  0.43408576  0.51476353]
 [-0.35919818  0.9008595  -0.2437805 ]]"
20200221-044829.185635,112,[2.4793339  1.1867274  0.38375992],"[[ 0.53784007 -0.4928108  -0.11346079]
 [ 0.39375833  0.83804655 -0.2823535 ]
 [-0.37591636  0.23159039  0.68153554]
 [-0.64371496 -0.03436972 -0.6655169 ]]","[[-0.5698398  -0.00147359  0.8217546 ]
 [ 0.73932725  0.4356052   0.51346236]
 [-0.35871714  0.9001368  -0.24713565]]"
20200221-044829.185635,113,[2.4867423  1.189826   0.38534996],"[[ 0.53735715 -0.49531677 -0.11235713]
 [ 0.39685187  0.83577025 -0.28497487]
 [-0.37506282  0.23438329  0.6796492 ]
 [-0.6427162  -0.03484209 -0.6665148 ]]","[[-0.56899786  0.0023475   0.82233566]
 [ 0.74137414  0.43415204  0.5117388 ]
 [-0.35581744  0.90083665 -0.24877195]]"
20200221-044829.185635,114,[2.4961832  1.1908824  0.38635316],"[[ 0.5369209  -0.49691886 -0.11153018]
 [ 0.39825302  0.83443314 -0.28649527]
 [-0.37531513  0.2356236   0.67824465]
 [-0.6420664  -0.03570292 -0.6674323 ]]","[[-0.5690563   0.00369066  0.8222904 ]
 [ 0.7418151   0.43377748  0.5114173 ]
 [-0.35480353  0.90101266 -0.24958152]]"
20200221-044829.185635,115,[2.5064325  1.1920408  0.38698754],"[[ 0.5366628  -0.4981688  -0.11062153]
 [ 0.39942643  0.833387   -0.28753567]
 [-0.3756523   0.23657876  0.6771451 ]
 [-0.6413553  -0.03639667 -0.6682519 ]]","[[-0.5691092   0.00484224  0.8222477 ]
 [ 0.742167    0.43351483  0.5111293 ]
 [-0.35398158  0.9011335  -0.25031102]]"
20200221-044829.185635,116,[2.5175166  1.1929411  0.38868424],"[[ 0.53652453 -0.4982919  -0.10839141]
 [ 0.39827293  0.8328631  -0.289548  ]
 [-0.37761098  0.23764955  0.67605495]
 [-0.6410384  -0.03958897 -0.6688518 ]]","[[-0.5704665   0.00445239  0.82130885]
 [ 0.74025005  0.43599284  0.51180094]
 [-0.35580605  0.8999392  -0.2520152 ]]"
