Timestamp,Epoch,s,u,v
20200221-080810.790186,0,[1.8228735  1.4208637  0.76215005],"[[ 0.2570259   0.50104856  0.6577913 ]
 [ 0.6552345   0.5035198  -0.2595155 ]
 [ 0.6600447  -0.4964827  -0.2600907 ]
 [ 0.2625764  -0.4989219   0.6575069 ]]","[[ 0.49167597  0.70897037  0.5055846 ]
 [ 0.714397    0.00355691 -0.6997319 ]
 [ 0.49788743 -0.70522934  0.5047374 ]]"
20200221-080810.790186,1,[1.8070645 1.4273193 0.7595658],"[[ 0.25102043  0.49997962  0.6612067 ]
 [ 0.66065156  0.50032306 -0.25102574]
 [ 0.66145205 -0.49972242 -0.25101128]
 [ 0.25101656 -0.49997473  0.6608972 ]]","[[ 4.9038848e-01  7.0716733e-01  5.0934625e-01]
 [ 7.2016174e-01  3.2321035e-04 -6.9380617e-01]
 [ 4.9080160e-01 -7.0704633e-01  5.0911641e-01]]"
20200221-080810.790186,2,[1.7951856 1.4339486 0.757273 ],"[[ 0.24340236 -0.49993774  0.66392165]
 [ 0.6640501  -0.49986696 -0.2433019 ]
 [ 0.6638274   0.50019544 -0.24325879]
 [ 0.24315839  0.49999982  0.6639558 ]]","[[ 4.8706046e-01 -7.0701438e-01  5.1274061e-01]
 [ 7.2515488e-01  1.8149830e-04 -6.8858582e-01]
 [ 4.8674700e-01  7.0719910e-01  5.1278335e-01]]"
20200221-080810.790186,3,[1.772984   1.4407942  0.75358623],"[[ 0.22890678  0.50106865  0.66805005]
 [ 0.6650027   0.5042494  -0.23186134]
 [ 0.6707752  -0.49581322 -0.23249328]
 [ 0.23544289 -0.49883032  0.6677545 ]]","[[ 0.47757646  0.7093448   0.5184116 ]
 [ 0.732481    0.00437704 -0.6807731 ]
 [ 0.48517197 -0.70484775  0.51749134]]"
20200221-080810.790186,4,[1.7541046 1.4475026 0.7510557],"[[ 0.22414944 -0.49983302  0.67072743]
 [ 0.67118627 -0.4994748  -0.22378495]
 [ 0.6703831   0.5006565  -0.22364178]
 [ 0.22327705  0.50003475  0.6708422 ]]","[[ 4.7755221e-01 -7.0676857e-01  5.2194077e-01]
 [ 7.3824316e-01  6.8299501e-04 -6.7453432e-01]
 [ 4.7638312e-01  7.0744449e-01  5.2209312e-01]]"
20200221-080810.790186,5,[1.7338271  1.4545175  0.74710023],"[[ 0.20878209  0.50109017  0.6745731 ]
 [ 0.6710381   0.50494635 -0.21218064]
 [ 0.67776203 -0.4951805  -0.21283998]
 [ 0.21623272 -0.49873242  0.67426217]]","[[ 0.46680155  0.7097074   0.52764726]
 [ 0.74550426  0.00516317 -0.666481  ]
 [ 0.4757309  -0.70447767  0.52667975]]"
20200221-080810.790186,6,[1.7102443  1.4616182  0.74332505],"[[ 0.20217228 -0.49975836  0.6777288 ]
 [ 0.6783915  -0.4991921  -0.20159195]
 [ 0.6771826   0.5009755  -0.20141712]
 [ 0.2008369   0.5000729   0.67784643]]","[[ 0.4662466  -0.70658976  0.5323016 ]
 [ 0.7529142   0.00102815 -0.65811783]
 [ 0.464472    0.7076228   0.5324808 ]]"
20200221-080810.790186,7,[1.6960487 1.4684715 0.73954  ],"[[ 0.20243487 -0.49673522  0.6800233 ]
 [ 0.69123584 -0.48481703 -0.19226494]
 [ 0.66989195  0.51514184 -0.19037284]
 [ 0.18016131  0.50282776  0.68144023]]","[[ 0.47431594 -0.6987915   0.5354577 ]
 [ 0.7590947   0.01658797 -0.65076905]
 [ 0.44586957  0.71513313  0.53831697]]"
20200221-080810.790186,8,[1.6805118 1.4752996 0.7366481],"[[ 0.20054218 -0.49479768  0.68212825]
 [ 0.69960743 -0.4756552  -0.18418053]
 [ 0.6656828   0.52401423 -0.18139194]
 [ 0.16492058  0.5043179   0.6840147 ]]","[[ 0.47817275 -0.6935972   0.5387708 ]
 [ 0.7643925   0.02657693 -0.64420336]
 [ 0.4324987   0.71987283  0.5428888 ]]"
20200221-080810.790186,9,[1.6675427 1.4823924 0.7326909],"[[ 0.19129667 -0.4946632   0.6850048 ]
 [ 0.7027299  -0.47467285 -0.17402247]
 [ 0.6677411   0.5249798  -0.17134143]
 [ 0.15394144  0.50437105  0.68638706]]","[[ 0.47400606 -0.6929059   0.5433227 ]
 [ 0.7705268   0.02777502 -0.6368021 ]
 [ 0.42615318  0.7204927   0.5470683 ]]"
20200221-080810.790186,10,[1.6522793 1.4897984 0.7280341],"[[ 0.17439131 -0.49638674  0.6882391 ]
 [ 0.70023406 -0.4825321  -0.16217116]
 [ 0.6762434   0.5174464  -0.16045843]
 [ 0.14817266  0.5030033   0.6886804 ]]","[[ 0.46093065 -0.697218    0.54902655]
 [ 0.77771467  0.01937544 -0.6283188 ]
 [ 0.4274375   0.7165973   0.55116737]]"
20200221-080810.790186,11,[1.634542  1.4973975 0.7226998],"[[ 0.16328822 -0.4961628   0.6911024 ]
 [ 0.7045103  -0.48039877 -0.14957462]
 [ 0.6774976   0.5195014  -0.14795344]
 [ 0.13416012  0.50314784  0.6914581 ]]","[[ 0.45622793 -0.6959955   0.55447835]
 [ 0.7853107   0.02186238 -0.61871576]
 [ 0.41850117  0.71771306  0.55654687]]"
20200221-080810.790186,12,[1.6317846 1.5042627 0.7186015],"[[ 0.1640528  -0.49385032  0.692722  ]
 [ 0.71518296 -0.4667469  -0.14118262]
 [ 0.6695145   0.53249633 -0.13861486]
 [ 0.1155432   0.5046849   0.69353414]]","[[ 0.46465293 -0.688265    0.5571258 ]
 [ 0.7894335   0.03697663 -0.61272156]
 [ 0.401114    0.7245165   0.5605207 ]]"
20200221-080810.790186,13,[1.6215038 1.5115781 0.7143144],"[[ 0.15695307 -0.49334612  0.6948597 ]
 [ 0.71922994 -0.46313748 -0.13144217]
 [ 0.66891086  0.53590536 -0.12887615]
 [ 0.10311387  0.50489455  0.6951864 ]]","[[ 0.46301976 -0.68601257  0.5612482 ]
 [ 0.79484123  0.04116005 -0.60541993]
 [ 0.39222476  0.7264245   0.56432897]]"
20200221-080810.790186,14,[1.6076587  1.5182837  0.71040756],"[[ 0.17730585 -0.48502132  0.696115  ]
 [ 0.7470457  -0.41885698 -0.12290301]
 [ 0.63759243  0.5754836  -0.1184193 ]
 [ 0.06294136  0.50806695  0.69734925]]","[[ 0.49704608 -0.6594301   0.56400114]
 [ 0.7967279   0.08933082 -0.5976994 ]
 [ 0.3437583   0.7464397   0.5697879 ]]"
20200221-080810.790186,15,[1.5935636 1.5258259 0.7063597],"[[ 0.18453178 -0.48001456  0.69770145]
 [ 0.7627134  -0.39249378 -0.11336479]
 [ 0.6188145   0.5974464  -0.10881944]
 [ 0.03584814  0.50851965  0.69894165]]","[[ 0.5141058  -0.64263725  0.56807804]
 [ 0.79891294  0.11774699 -0.5898083 ]
 [ 0.31214333  0.7570687   0.5739456 ]]"
20200221-080810.790186,16,[1.5893458 1.5342731 0.7030555],"[[ 0.15198663 -0.48848453  0.699323  ]
 [ 0.7429927  -0.43134    -0.10524173]
 [ 0.64946693  0.5646695  -0.10278679]
 [ 0.05527146  0.50643575  0.69950444]]","[[ 0.47764546 -0.66671425  0.57214254]
 [ 0.80760217  0.07681532 -0.58470356]
 [ 0.34588084  0.7413445   0.57513034]]"
20200221-080810.790186,17,[1.5779904  1.5423253  0.69785327],"[[ 0.13344114 -0.49106023  0.70112395]
 [ 0.73795897 -0.4427547  -0.09395756]
 [ 0.6594289   0.55457145 -0.09259615]
 [ 0.05257173  0.5052512   0.70073074]]","[[ 0.46183285 -0.6735335   0.5771164 ]
 [ 0.8146534   0.0647787  -0.5763191 ]
 [ 0.3507853   0.73631275  0.5786132 ]]"
20200221-080810.790186,18,[1.5720311 1.5478503 0.6933044],"[[ 0.23882075 -0.44880098  0.7017764 ]
 [ 0.82309276 -0.2532507  -0.08577324]
 [ 0.50924104  0.69670177 -0.08224957]
 [-0.07846423  0.49904776  0.7024159 ]]","[[ 0.60415083 -0.5473332   0.57916176]
 [ 0.7803397   0.2590862  -0.5691611 ]
 [ 0.16146794  0.795802    0.5836329 ]]"
20200221-080810.790186,19,[1.5647417  1.5508516  0.68911844],"[[ 0.42021474 -0.2833929   0.70285726]
 [ 0.84339726  0.17847092 -0.07654047]
 [ 0.10816506  0.8569558  -0.07317705]
 [-0.31686142  0.39174375  0.70340466]]","[[ 0.7900462  -0.18963626  0.5829794 ]
 [ 0.56042147  0.60888755 -0.5614122 ]
 [-0.24850474  0.7702558   0.5873256 ]]"
20200221-080810.790186,20,[1.5663824  1.5456228  0.68495744],"[[-0.50429857  0.00836164  0.7042968 ]
 [-0.5779649   0.6411675  -0.06647445]
 [ 0.41574672  0.7575171  -0.06530217]
 [ 0.48866576  0.12248378  0.7037632 ]]","[[-0.74841416  0.30664808  0.5880843 ]
 [-0.09634509  0.8270229  -0.5538508 ]
 [ 0.6561964   0.47116885  0.5894117 ]]"
20200221-080810.790186,21,[1.5739716  1.5396599  0.68030244],"[[ 0.494145    0.08813329  0.70585424]
 [ 0.45575497  0.7341094  -0.05654195]
 [-0.5428849   0.67280173 -0.05751446]
 [-0.5033726   0.02556924  0.70375067]]","[[ 0.68072855  0.43012878  0.592957  ]
 [-0.05148625  0.83554965 -0.54699725]
 [-0.7307242   0.3418276   0.59092826]]"
20200221-080810.790186,22,[1.5816361  1.5429454  0.67470044],"[[ 0.49553916  0.07438928  0.70645934]
 [ 0.46324876  0.73002124 -0.04793819]
 [-0.5359713   0.67900383 -0.04880736]
 [-0.5025701   0.02212146  0.7044395 ]]","[[ 0.6853778   0.4192624   0.59537923]
 [-0.04308059  0.83953154 -0.5416003 ]
 [-0.72691226  0.34555143  0.5934585 ]]"
20200221-080810.790186,23,[1.58957   1.539228  0.6706887],"[[-0.499831    0.03738007  0.7063824 ]
 [-0.50594014  0.70151854 -0.0412103 ]
 [ 0.49454358  0.7102625  -0.04091172]
 [ 0.49962038  0.04474247  0.7054447 ]]","[[-0.7102861   0.37305626  0.5969279 ]
 [-0.00709876  0.844174   -0.5360224 ]
 [ 0.7038774   0.38496664  0.59695697]]"
20200221-080810.790186,24,[1.5979798 1.528824  0.6664384],"[[-0.49975353  0.02958072  0.7068146 ]
 [-0.50498295  0.7026449  -0.03275951]
 [ 0.4955089   0.7100346  -0.03239783]
 [ 0.49970952  0.03557707  0.7058968 ]]","[[-0.7097631   0.36881596  0.6001761 ]
 [-0.00595582  0.84881735 -0.52865267]
 [ 0.7044154   0.37879273  0.6002627 ]]"
20200221-080810.790186,25,[1.605741  1.5260653 0.6624902],"[[-0.5005525   0.00998018  0.70708275]
 [-0.5230756   0.68922883 -0.02642863]
 [ 0.476911    0.72329885 -0.02486026]
 [ 0.49839222  0.04126319  0.70619905]]","[[-0.71974105  0.34611607  0.60181093]
 [-0.02817827  0.85158116 -0.523465  ]
 [ 0.6936705   0.39371723  0.6031649 ]]"
20200221-080810.790186,26,[1.6141962 1.51455   0.6576806],"[[-0.500819   -0.00688734  0.7070824 ]
 [-0.53372043  0.6811262  -0.01778795]
 [ 0.46562052  0.7310639  -0.01501321]
 [ 0.497514    0.03956329  0.7067479 ]]","[[-0.72568154  0.3286286   0.60447466]
 [-0.04166124  0.8559578  -0.5153648 ]
 [ 0.68676835  0.39917395  0.60746163]]"
20200221-080810.790186,27,[1.622253  1.5059338 0.6535243],"[[-0.50051683 -0.01115432  0.7072182 ]
 [-0.5287098   0.6852105  -0.00983884]
 [ 0.47101858  0.72772306 -0.00704986]
 [ 0.49808666  0.02795395  0.7068918 ]]","[[-0.72303206  0.32911     0.607381  ]
 [-0.03549479  0.86036414 -0.5084426 ]
 [ 0.6899022   0.38917902  0.6103891 ]]"
20200221-080810.790186,28,[1.6304764 1.495764  0.6486999],"[[-4.9977389e-01 -8.4994333e-03  7.0759082e-01]
 [-5.1239020e-01  6.9778097e-01 -1.9170933e-04]
 [ 4.8809397e-01  7.1622229e-01  1.2659429e-03]
 [ 4.9944615e-01  7.4172602e-03  7.0662111e-01]]","[[-0.7139375   0.341038    0.61154413]
 [-0.01522222  0.8656075  -0.5004918 ]
 [ 0.70004404  0.366629    0.61279833]]"
20200221-080810.790186,29,[1.6391869 1.4923462 0.6440982],"[[-0.49967754 -0.01515977  0.70754147]
 [-0.51122624  0.69860476  0.0072835 ]
 [ 0.48928422  0.71534663  0.00874696]
 [ 0.49957055 -0.00087627  0.7065798 ]]","[[-0.71329516  0.33811212  0.6139136 ]
 [-0.01381635  0.86898494 -0.49464536]
 [ 0.7007276   0.3613103   0.6151713 ]]"
20200221-080810.790186,30,[1.6473261 1.4892048 0.6395851],"[[-0.49943104 -0.02145821  0.7076801 ]
 [-0.5100982   0.69917345  0.01450443]
 [ 0.49045673  0.7145723   0.01602903]
 [ 0.4998206  -0.00907621  0.7062022 ]]","[[-0.71250385  0.33538148  0.6163258 ]
 [-0.01245394  0.87218916 -0.48901024]
 [ 0.7015576   0.35609734  0.6172613 ]]"
20200221-080810.790186,31,[1.6555122 1.4863826 0.6350712],"[[-0.49922144 -0.02794867 -0.7077361 ]
 [-0.5094493   0.69931453 -0.02154296]
 [ 0.49113828  0.7140702  -0.02319606]
 [ 0.50002253 -0.01678831 -0.70576745]]","[[-0.7119839   0.33224002 -0.6186239 ]
 [-0.01167524  0.8752621   0.48350817]
 [ 0.7020987   0.3514726  -0.6192936 ]]"
20200221-080810.790186,32,[1.6643739 1.4755397 0.6296686],"[[-0.4991206  -0.03628332 -0.7074054 ]
 [-0.5078803   0.70012796 -0.03100978]
 [ 0.4927351   0.7125733  -0.03254584]
 [ 0.5001484  -0.02726922 -0.70537734]]","[[-0.7111228   0.3277858  -0.62198156]
 [-0.00979404  0.8799634   0.47494063]
 [ 0.7029997   0.34383267 -0.6225517 ]]"
20200221-080810.790186,33,[1.6733004  1.4725887  0.62509686],"[[-0.49908745 -0.0429479  -0.70705044]
 [-0.50746363  0.7000967  -0.03793775]
 [ 0.4931555   0.71192074 -0.03949746]
 [ 0.50018996 -0.03448444 -0.70503926]]","[[-0.71089303  0.32430738 -0.6240639 ]
 [-0.0092886   0.88292974  0.4694134 ]
 [ 0.7032388   0.33949944 -0.6246563 ]]"
20200221-080810.790186,34,[1.6822801 1.4698668 0.6205581],"[[-0.4990703  -0.04951248 -0.7066288 ]
 [-0.5071464   0.6999356  -0.04468659]
 [ 0.49347445  0.7112802  -0.04628874]
 [ 0.5002142  -0.04146031 -0.7046531 ]]","[[-0.7107272   0.32082468 -0.6260498 ]
 [-0.00890189  0.88577515  0.4640292 ]
 [ 0.7034115   0.33537126 -0.62668854]]"
20200221-080810.790186,35,[1.6909294 1.4677793 0.6161085],"[[-0.49911773 -0.06527513 -0.7055811 ]
 [-0.5204892   0.68940544 -0.04996902]
 [ 0.47975665  0.7203877  -0.05401494]
 [ 0.49980593 -0.03873995 -0.70479834]]","[[-0.71852916  0.30263752 -0.6261999 ]
 [-0.02598743  0.8880521   0.45900765]
 [ 0.6950111   0.34608373 -0.6302266 ]]"
20200221-080810.790186,36,[1.6995763 1.4642695 0.6110686],"[[-0.49901763 -0.06723779 -0.7053017 ]
 [-0.5127498   0.6947507  -0.05794817]
 [ 0.48780718  0.7142495  -0.06074438]
 [ 0.5001133  -0.05145941 -0.70391876]]","[[-0.71405953  0.30695674 -0.62920314]
 [-0.01609115  0.89131904  0.45309114]
 [ 0.69990003  0.33365867 -0.63151556]]"
20200221-080810.790186,37,[1.7081156  1.4584817  0.60724765],"[[-0.49897915 -0.07310143 -0.7047267 ]
 [-0.5120264   0.6947455  -0.06431317]
 [ 0.48859254  0.7131474  -0.06714187]
 [ 0.500126   -0.05835829 -0.7033605 ]]","[[-0.7136735   0.30365115 -0.63124186]
 [-0.01518588  0.8942392   0.4473319 ]
 [ 0.7003139   0.32883474 -0.63358355]]"
20200221-080810.790186,38,[1.7165835 1.4601693 0.6043688],"[[-0.4987854  -0.07662322 -0.7046104 ]
 [-0.5116557   0.69451386 -0.06818607]
 [ 0.4889892   0.7126397  -0.07107713]
 [ 0.5003112  -0.06264039 -0.70272535]]","[[-0.7132975   0.30228266 -0.63232267]
 [-0.01473156  0.8955421   0.44473296]
 [ 0.70070666  0.32654193 -0.6343348 ]]"
20200221-080810.790186,39,[1.7258161 1.4512112 0.5993162],"[[ 0.4987662  -0.08418991 -0.7037538 ]
 [ 0.51080585  0.6943014  -0.07632462]
 [-0.48985648  0.7111711  -0.07923368]
 [-0.50035006 -0.07136912 -0.7018737 ]]","[[ 0.7128475   0.29775393 -0.6349736 ]
 [ 0.01369047  0.89931816  0.43708083]
 [-0.70118564  0.32026502 -0.6370001 ]]"
20200221-080810.790186,40,[1.7342436 1.4547102 0.5948001],"[[ 0.49869326 -0.08909449 -0.70318556]
 [ 0.51037127  0.694048   -0.08155331]
 [-0.49030012  0.71025187 -0.0843664 ]
 [-0.50043184 -0.07682397 -0.7012572 ]]","[[ 0.7125882   0.29609013 -0.6360413 ]
 [ 0.01317516  0.9007735   0.4340891 ]
 [-0.7014587   0.3177067  -0.63797957]]"
20200221-080810.790186,41,[1.7429085  1.4539407  0.59062886],"[[ 0.49864352 -0.09435459 -0.7025104 ]
 [ 0.5099509   0.6937091  -0.08711436]
 [-0.4907726   0.7092468  -0.08990911]
 [-0.50044703 -0.08266734 -0.7005761 ]]","[[ 0.7123455   0.293599   -0.6374666 ]
 [ 0.01263237  0.90278244  0.4299122 ]
 [-0.7017154   0.31429866 -0.6393841 ]]"
20200221-080810.790186,42,[1.7512397  1.4507685  0.58767587],"[[ 0.49865258 -0.09525096 -0.702214  ]
 [ 0.5043186   0.6973088  -0.09250141]
 [-0.496562    0.704527   -0.09401783]
 [-0.50043446 -0.09126609 -0.6996427 ]]","[[ 0.7089543   0.29682088 -0.639751  ]
 [ 0.00532728  0.9048411   0.42571643]
 [-0.7052344   0.3052216  -0.6399096 ]]"
20200221-080810.790186,43,[1.7598947 1.4544305 0.5833321],"[[ 0.4987606  -0.10693385 -0.7004463 ]
 [ 0.51411563  0.68963224 -0.09613553]
 [-0.48656467  0.7106578  -0.09988202]
 [-0.50017804 -0.08909789 -0.7001123 ]]","[[ 0.71519303  0.28400943 -0.63862187]
 [ 0.01807211  0.9058973   0.42311183]
 [-0.6986936   0.31414783 -0.6427588 ]]"
20200221-080810.790186,44,[1.7684747  1.4511265  0.58050656],"[[ 0.498594   -0.11423159 -0.69951177]
 [ 0.5181784   0.68590444 -0.10008817]
 [-0.48241746  0.7129017  -0.10498194]
 [-0.50016844 -0.09087067 -0.699746  ]]","[[ 0.71765774  0.27654955 -0.6391308 ]
 [ 0.02344987  0.9076518   0.41906863]
 [-0.6960012   0.31573525 -0.64489836]]"
20200221-080810.790186,45,[1.7770746  1.4492285  0.57835275],"[[ 0.49880314 -0.11085802 -0.6996045 ]
 [ 0.50804913  0.69306177 -0.10493673]
 [-0.49288228  0.7050542  -0.10728184]
 [-0.50014853 -0.10136118 -0.69859356]]","[[ 0.71160847  0.28557655 -0.6419186 ]
 [ 0.01020122  0.90936786  0.41586792]
 [-0.70250213  0.3024834  -0.6442006 ]]"
20200221-080810.790186,46,[1.7857352 1.4489686 0.5745358],"[[-0.4987469  -0.10905956 -0.69976664]
 [-0.49834025  0.6993111  -0.11104785]
 [ 0.5026791   0.69737566 -0.11086336]
 [ 0.50022244 -0.11285889 -0.6969249 ]]","[[-0.7054734   0.29372463 -0.6450065 ]
 [ 0.0023789   0.91105556  0.41227686]
 [ 0.7087324   0.28931582 -0.64342445]]"
20200221-080810.790186,47,[1.795042  1.4471475 0.570039 ],"[[-0.49883398 -0.11199182 -0.699109  ]
 [-0.4941405   0.70140886 -0.11734047]
 [ 0.5068616   0.69335896 -0.11602568]
 [ 0.5000814  -0.1213958  -0.6957129 ]]","[[-0.70284164  0.2950925  -0.6472513 ]
 [ 0.00785615  0.91306055  0.4077486 ]
 [ 0.7113032   0.28149778 -0.6440553 ]]"
20200221-080810.790186,48,[1.8034194 1.44872   0.5669812],"[[-0.49894837 -0.11896753 -0.69786566]
 [-0.49893543  0.69749665 -0.12038376]
 [ 0.5021392   0.6960735  -0.12034457]
 [ 0.4999701  -0.12176464 -0.6957073 ]]","[[-0.7059984   0.2881949  -0.6469235 ]
 [ 0.00171183  0.91415006  0.4053723 ]
 [ 0.7082113   0.28508472 -0.64588195]]"
20200221-080810.790186,49,[1.8121314 1.4529572 0.5629815],"[[-0.49897867 -0.12307252 -0.6971376 ]
 [-0.49910292  0.6966789  -0.12432976]
 [ 0.50196767  0.69549114 -0.12437314]
 [ 0.49994498 -0.12563387 -0.6950342 ]]","[[-0.7061085   0.28666413 -0.64748335]
 [ 0.00151078  0.91499835  0.40345508]
 [ 0.7081022   0.28390485 -0.64652115]]"
20200221-080810.790186,50,[1.8207664 1.4502565 0.5604113],"[[ 0.49883798 -0.1299246  -0.6961024 ]
 [ 0.5034196   0.69283444 -0.1276765 ]
 [-0.4976986   0.69788456 -0.12896474]
 [-0.5000254  -0.12671575 -0.69462824]]","[[ 0.70877606  0.2794311  -0.6477305 ]
 [ 0.00409811  0.9165554   0.39988664]
 [-0.70542175  0.28608462 -0.64848745]]"
20200221-080810.790186,51,[1.83008   1.448733  0.5562723],"[[ 0.49887604 -0.13790756 -0.6945463 ]
 [ 0.5075285   0.6889728  -0.13217972]
 [-0.4935374   0.699759   -0.13469991]
 [-0.49995792 -0.12897642 -0.69425464]]","[[ 0.71150255  0.27195835 -0.6479217 ]
 [ 0.00949523  0.9182626   0.39585796]
 [-0.70261925  0.28780618 -0.650764  ]]"
20200221-080810.790186,52,[1.8394997 1.4431885 0.5525895],"[[ 0.4990117  -0.14043827 -0.69379646]
 [ 0.50317293  0.6911286  -0.1382895 ]
 [-0.49795684  0.6955203  -0.13951647]
 [-0.4998437  -0.13736756 -0.6928622 ]]","[[ 0.7088201   0.27305633 -0.6503958 ]
 [ 0.00376856  0.9205588   0.39058614]
 [-0.7053794   0.27930623 -0.6514815 ]]"
20200221-080810.790186,53,[1.8487397 1.4435444 0.5490725],"[[ 0.49868938 -0.14965796  0.69233614]
 [ 0.5107619   0.68467987  0.14118585]
 [-0.49028787  0.70015305  0.14484727]
 [-0.5000488  -0.13638863  0.6926446 ]]","[[ 0.71353966  0.26251704  0.6495739 ]
 [ 0.01380522  0.92170006 -0.38765797]
 [-0.70047903  0.2855767   0.65404516]]"
20200221-080810.790186,54,[1.8586595 1.4392008 0.5460763],"[[ 0.4987077  -0.15383042  0.69140124]
 [ 0.51028895  0.6840932   0.14570461]
 [-0.49076533  0.6988653   0.14932045]
 [-0.5000451  -0.14120714  0.69169205]]","[[ 0.7132931   0.259877    0.6509048 ]
 [ 0.01321677  0.9235621  -0.38322058]
 [-0.70074135  0.2819514   0.6553357 ]]"
20200221-080810.790186,55,[1.8681394  1.4341607  0.54254323],"[[ 0.49883863 -0.15612954  0.69063866]
 [ 0.5060555   0.6861369   0.15154885]
 [-0.49508816  0.69468117  0.15376925]
 [-0.49995545 -0.14919078  0.69022185]]","[[ 0.710683    0.26103878  0.6532904 ]
 [ 0.00765227  0.9256893  -0.37820715]
 [-0.7034709   0.27378458  0.65587413]]"
20200221-080810.790186,56,[1.8772068  1.4349328  0.53930557],"[[ 0.49864173 -0.15961245  0.69009084]
 [ 0.50585914  0.68533546  0.15524492]
 [-0.49529773  0.69383454  0.1574454 ]
 [-0.500143   -0.15307792  0.6891188 ]]","[[ 0.71038693  0.2595014   0.65422434]
 [ 0.00742011  0.9267318  -0.37565017]
 [-0.7037723   0.27171132  0.65641254]]"
20200221-080810.790186,57,[1.8869073 1.4322804 0.5371003],"[[ 0.49850166 -0.16512041  0.6889943 ]
 [ 0.5089923   0.6822492   0.1580785 ]
 [-0.49212775  0.6952963   0.16142   ]
 [-0.500233   -0.1543838   0.68865186]]","[[ 0.71240586  0.2535946   0.6543454 ]
 [ 0.0116396   0.9280259  -0.37233317]
 [-0.7016713   0.27286857  0.6581794 ]]"
20200221-080810.790186,58,[1.896142  1.4312942 0.5355131],"[[ 0.49850002 -0.16749285  0.6883987 ]
 [ 0.5087361   0.68186396  0.16065755]
 [-0.49242237  0.694494    0.16394655]
 [-0.5002053  -0.1571168   0.6880535 ]]","[[ 0.7122613   0.2522308   0.6550293 ]
 [ 0.01128914  0.92896664 -0.36999083]
 [-0.70182353  0.27092487  0.6588197 ]]"
20200221-080810.790186,59,[1.9057792 1.4310799 0.5316567],"[[ 0.49859494 -0.16931133  0.68774873]
 [ 0.5049654   0.68361384  0.16569126]
 [-0.4962622   0.69074     0.1675852 ]
 [-0.50013715 -0.16396402  0.68663216]]","[[ 0.70987475  0.2541209   0.65688735]
 [ 0.00631589  0.93030953 -0.36672133]
 [-0.70430005  0.2644749   0.65879804]]"
20200221-080810.790186,60,[1.9144827 1.4337516 0.5291626],"[[ 0.4985287  -0.16960426  0.68771064]
 [ 0.50163305  0.68530226  0.16887106]
 [-0.49964812  0.6878155   0.16956764]
 [-0.5001852  -0.16883402  0.685408  ]]","[[ 0.7075409   0.25697646  0.6582926 ]
 [ 0.00186767  0.9308553  -0.36538357]
 [-0.70667     0.25975332  0.6581382 ]]"
20200221-080810.790186,61,[1.9234205 1.4322143 0.5270556],"[[ 0.49837995 -0.17483296  0.6865994 ]
 [ 0.5048601   0.6822055   0.17135301]
 [-0.4964489   0.6893482   0.17327142]
 [-0.50027263 -0.16978948  0.68497896]]","[[ 0.7096213   0.25140607  0.65820414]
 [ 0.00615338  0.93192816 -0.3625911 ]
 [-0.7045565   0.26135248  0.6597688 ]]"
20200221-080810.790186,62,[1.9319333 1.4429141 0.5240142],"[[ 0.49839368 -0.17841683  0.6856602 ]
 [ 0.5080982   0.67961496  0.17211244]
 [-0.49315834  0.6912066   0.17519192]
 [-0.5002346  -0.16889052  0.68524086]]","[[ 0.7118686   0.24888235  0.65673465]
 [ 0.01047441  0.93123686 -0.364264  ]
 [-0.7022344   0.26618713  0.6603114 ]]"
20200221-080810.790186,63,[1.9415727 1.442398  0.5205413],"[[ 0.49836656 -0.17991778  0.6852707 ]
 [ 0.50454026  0.68110913  0.17669539]
 [-0.49675554  0.6877612   0.17845291]
 [-0.50030416 -0.17522784  0.683621  ]]","[[ 0.70943743  0.25078583  0.65863883]
 [ 0.00576705  0.9324494  -0.36125484]
 [-0.7047449   0.26008606  0.66006815]]"
20200221-080810.790186,64,[1.9510237  1.43953    0.51796633],"[[ 0.4983616  -0.18349423  0.6843085 ]
 [ 0.5044299   0.6802483   0.18035606]
 [-0.496897    0.68670565  0.18210258]
 [-0.50027966 -0.17896183  0.6826657 ]]","[[ 0.7093705   0.2484466   0.65959674]
 [ 0.00560267  0.9337989  -0.3577544 ]
 [-0.7048135   0.25747594  0.6610175 ]]"
20200221-080810.790186,65,[1.960071  1.4382476 0.5159927],"[[ 0.49819627 -0.18834074  0.6831971 ]
 [ 0.5074443   0.67730373  0.1825982 ]
 [-0.4938923   0.68808013  0.18555748]
 [-0.5003712  -0.17981483  0.68225235]]","[[ 0.7113216   0.24324869  0.6594331 ]
 [ 0.00963149  0.93474346 -0.35519317]
 [-0.702801    0.25900784  0.6625601 ]]"
20200221-080810.790186,66,[1.9695787 1.4355162 0.5135146],"[[ 0.49819952 -0.1917336   0.68223333]
 [ 0.50726455  0.6764955   0.18612513]
 [-0.49410316  0.6869734   0.18907341]
 [-0.5003414  -0.18346493  0.6812975 ]]","[[ 0.7112245   0.24105065  0.6603442 ]
 [ 0.00938923  0.9360288  -0.3517986 ]
 [-0.7029023   0.25640783  0.6634631 ]]"
20200221-080810.790186,67,[1.978925  1.4389955 0.5119414],"[[ 0.4983577  -0.19307601  0.681608  ]
 [ 0.5069652   0.67643327  0.18769771]
 [-0.49441978  0.6862237   0.19046278]
 [-0.5001754  -0.1850859   0.68110496]]","[[ 0.71122324  0.24101122  0.66036   ]
 [ 0.00901027  0.93618804 -0.35138437]
 [-0.70290864  0.2558627   0.66366696]]"
20200221-080810.790186,68,[1.9877622  1.4418786  0.50977165],"[[ 0.49829486 -0.19309771  0.6816355 ]
 [ 0.50388604  0.67797774  0.19044532]
 [-0.49755934  0.6835375   0.19195883]
 [-0.5002359  -0.1893038   0.67989373]]","[[ 0.7090347   0.24387546  0.66166073]
 [ 0.00488977  0.9365718  -0.35044235]
 [-0.70515674  0.25171113  0.6628693 ]]"
20200221-080810.790186,69,[1.9978824  1.439667   0.50803787],"[[ 0.49815983 -0.19771235  0.68051076]
 [ 0.5067564   0.6751271   0.19254023]
 [-0.494667    0.6848133   0.1952884 ]
 [-0.50033903 -0.19011502  0.67948216]]","[[ 0.7109168   0.23869063  0.6615314 ]
 [ 0.00873717  0.9375724  -0.3476799 ]
 [-0.7032216   0.25295147  0.66445065]]"
20200221-080810.790186,70,[2.0074775  1.4370135  0.50570166],"[[ 0.49815482 -0.20094392  0.67955315]
 [ 0.50662565  0.6742806   0.19587153]
 [-0.49482828  0.6837468   0.19861199]
 [-0.50031704 -0.19353847  0.67852443]]","[[ 0.71083575  0.23655666  0.6623846 ]
 [ 0.00854401  0.93877244 -0.34443176]
 [-0.703306    0.25049394  0.665292  ]]"
20200221-080810.790186,71,[2.0177085  1.4331378  0.50284296],"[[ 0.4980188  -0.20656544  0.6780492 ]
 [ 0.5091335   0.671299    0.1992572 ]
 [-0.4922866   0.6843557   0.20312518]
 [-0.5004143  -0.19582154  0.6777065 ]]","[[ 0.7125171   0.23083204  0.66259795]
 [ 0.01197519  0.94019794 -0.34041798]
 [-0.70155257  0.2504883   0.6671428 ]]"
20200221-080810.790186,72,[2.0272171  1.4329765  0.50171953],"[[ 0.49826232 -0.20453204  0.6782582 ]
 [ 0.50328046  0.6750193   0.20239715]
 [-0.49824306  0.67963123  0.20367406]
 [-0.5001972  -0.20153688  0.67640084]]","[[ 0.7086717   0.23623338  0.6648145 ]
 [ 0.0041153   0.94087964 -0.33871633]
 [-0.7055264   0.24277458  0.66580254]]"
20200221-080810.790186,73,[2.0367222  1.4346697  0.49918172],"[[-0.49829897 -0.20340243  0.67846483]
 [-0.4977283   0.6781058   0.2061743 ]
 [ 0.5038054   0.6750055   0.20498385]
 [ 0.5001448  -0.20776811  0.67465496]]","[[-0.7047779   0.24140489  0.66709226]
 [ 0.00331042  0.9414328  -0.33718476]
 [ 0.70942044  0.23543195  0.6643    ]]"
20200221-080810.790186,74,[2.046426   1.4366353  0.49657628],"[[-0.4983154  -0.20607056  0.67764044]
 [-0.49792677  0.67720604  0.20866285]
 [ 0.50363255  0.67435145  0.20758055]
 [ 0.50010544 -0.21018448  0.67392397]]","[[-0.7048966   0.24019153  0.6674044 ]
 [ 0.00310093  0.9419552  -0.3357242 ]
 [ 0.70930326  0.23458132  0.66472596]]"
20200221-080810.790186,75,[2.056175  1.4345037 0.4944072],"[[-0.49831408 -0.20920959  0.6766739 ]
 [-0.49810055  0.67615366  0.21165077]
 [ 0.5034834   0.6735245   0.21064852]
 [ 0.5000833  -0.2131003   0.6730107 ]]","[[-0.7049906   0.23794772  0.6681087 ]
 [ 0.00291919  0.94300306 -0.3327714 ]
 [ 0.7092108   0.23265035  0.6655029 ]]"
20200221-080810.790186,76,[2.0657625 1.4362807 0.4920353],"[[-0.49850184 -0.21156192  0.67568606]
 [-0.49803162  0.6755843   0.21403533]
 [ 0.503557    0.6726136   0.21296631]
 [ 0.49989092 -0.21544886  0.67251956]]","[[-0.7051321   0.23699783  0.6682971 ]
 [ 0.0030193   0.943485   -0.33140177]
 [ 0.7090696   0.2316642   0.665997  ]]"
20200221-080810.790186,77,[2.0753684  1.4399266  0.49083728],"[[-0.4983202  -0.21266195  0.6755811 ]
 [-0.49817452  0.67504317  0.21503791]
 [ 0.5034207   0.6724937   0.2140485 ]
 [ 0.50006676 -0.21643454  0.6719614 ]]","[[-0.7050352   0.23688057  0.6684409 ]
 [ 0.00284184  0.94350076 -0.33135822]
 [ 0.70916677  0.2317196   0.66587436]]"
20200221-080810.790186,78,[2.0857162  1.4382464  0.48939887],"[[-0.49822247 -0.21679804  0.67443776]
 [-0.50099784  0.67231566  0.21666442]
 [ 0.5006096   0.6737608   0.21701275]
 [ 0.5001656  -0.21688023  0.67163694]]","[[-7.0692998e-01  2.3206252e-01  6.6812974e-01]
 [-9.0880453e-04  9.4434297e-01 -3.2896179e-01]
 [ 7.0728314e-01  2.3316014e-01  6.6737336e-01]]"
20200221-080810.790186,79,[2.0953767  1.4400742  0.48712045],"[[-0.49805018 -0.21912374  0.673922  ]
 [-0.5011939   0.6713467   0.21882945]
 [ 0.50041854  0.673282    0.21931267]
 [ 0.5003319  -0.2190196   0.6707045 ]]","[[-0.70686954  0.23102413  0.668553  ]
 [-0.00114787  0.944784   -0.32769173]
 [ 0.7073428   0.23240277  0.6675738 ]]"
20200221-080810.790186,80,[2.106394   1.4432317  0.48338327],"[[-0.49807745 -0.22217086  0.67290205]
 [-0.50126266  0.6703265   0.22179164]
 [ 0.50034136  0.67233807  0.22233362]
 [ 0.5003134  -0.22195518  0.6697609 ]]","[[-0.7069206   0.23000732  0.6688497 ]
 [-0.00121699  0.9452504  -0.32634363]
 [ 0.7072919   0.23151302  0.6679371 ]]"
20200221-080810.790186,81,[2.116389   1.4411194  0.48147026],"[[-0.4982959  -0.22166371  0.67271173]
 [-0.49626747  0.6729424   0.22572637]
 [ 0.50534105  0.66786575  0.22388315]
 [ 0.50005    -0.22796682  0.6681189 ]]","[[-0.7035079   0.2336537   0.67118   ]
 [ 0.00552677  0.9461796  -0.3235947 ]
 [ 0.71066606  0.22394198  0.6669362 ]]"
20200221-080810.790186,82,[2.126325   1.4390879  0.47960523],"[[-0.49829647 -0.22450273  0.67176896]
 [-0.49650168  0.6718801   0.22835948]
 [ 0.50512993  0.6671158   0.22662845]
 [ 0.5000306  -0.23050456  0.66724724]]","[[-0.7036393   0.2315295   0.6717784 ]
 [ 0.00527161  0.94709927 -0.32089767]
 [ 0.71053797  0.22225483  0.6676367 ]]"
20200221-080810.790186,83,[2.1351912  1.4463968  0.47775355],"[[-0.49823603 -0.22696151  0.67107564]
 [-0.4991247   0.6698015   0.22846024]
 [ 0.5025218   0.66869956  0.22804917]
 [ 0.5001073  -0.22955517  0.66742593]]","[[-0.7054459   0.2295519   0.6705611 ]
 [ 0.00178355  0.9466715  -0.3221959 ]
 [ 0.7087615   0.2260958   0.66823494]]"
20200221-080810.790186,84,[2.1451523 1.450645  0.4768129],"[[-0.498247   -0.22775112  0.670791  ]
 [-0.49925664  0.66948384  0.22913073]
 [ 0.5024116   0.66853243  0.22879931]
 [ 0.50007576 -0.23018569  0.66722524]]","[[-0.7055277   0.22970654  0.67042214]
 [ 0.00164657  0.94654083 -0.32258025]
 [ 0.7086807   0.22648549  0.66818887]]"
20200221-080810.790186,85,[2.1549428  1.4523891  0.47477368],"[[-0.4984571  -0.22978477  0.6698336 ]
 [-0.4992707   0.66890943  0.23111525]
 [ 0.50240004  0.6677337   0.23080853]
 [ 0.49986374 -0.23214424  0.66681033]]","[[-0.70572937  0.22885467  0.6705012 ]
 [ 0.00164614  0.9469189  -0.3214686 ]
 [ 0.7084798   0.22576603  0.66864514]]"
20200221-080810.790186,86,[2.1647513  1.4542367  0.47275662],"[[-0.4986534  -0.23172073  0.668909  ]
 [-0.49920222  0.66839874  0.23308653]
 [ 0.5024712   0.6668899   0.2327381 ]
 [ 0.4996641  -0.23410802  0.6663817 ]]","[[-0.70587707  0.22812113  0.67059547]
 [ 0.00173674  0.9472762  -0.3204135 ]
 [ 0.7083322   0.22500783  0.66905683]]"
20200221-080810.790186,87,[2.1745608  1.4602278  0.47041017],"[[ 0.49862576 -0.23629536  0.66739976]
 [ 0.50408703  0.6645916   0.2332277 ]
 [-0.49757802  0.6697315   0.23532164]
 [-0.49968484 -0.2322554   0.6669381 ]]","[[ 0.7093902   0.22296694  0.66861904]
 [ 0.00482017  0.9470865  -0.32094264]
 [-0.70479965  0.23089643  0.6707791 ]]"
20200221-080810.790186,88,[2.1843874 1.4637442 0.469555 ],"[[ 0.49842888 -0.2370283   0.667391  ]
 [ 0.5040976   0.66420555  0.23397464]
 [-0.49756914  0.66958815  0.23607713]
 [-0.49987918 -0.23302379  0.66641754]]","[[ 0.7092148   0.22309516  0.66876215]
 [ 0.00485013  0.9470425  -0.3210715 ]
 [-0.7049757   0.23095232  0.67057467]]"
20200221-080810.790186,89,[2.1942515 1.465359  0.467667 ],"[[ 0.4986126  -0.23882094  0.6664964 ]
 [ 0.50392157  0.6637867   0.23590578]
 [-0.49775073  0.6686815   0.2378973 ]
 [-0.49969277 -0.23498328  0.6659848 ]]","[[ 0.7092921   0.22247419  0.6688871 ]
 [ 0.00463324  0.9473991  -0.32002127]
 [-0.70489943  0.23008768  0.67095184]]"
20200221-080810.790186,90,[2.2035518 1.4684865 0.4662672],"[[ 0.4986659  -0.2415778   0.66543037]
 [ 0.506174    0.66185546  0.23660265]
 [-0.49549523  0.6696881   0.23971291]
 [-0.49960452 -0.23474558  0.66615266]]","[[ 0.71100605  0.21969755  0.6679848 ]
 [ 0.00767967  0.9474577  -0.31978944]
 [-0.703144    0.23250209  0.6719607 ]]"
20200221-080810.790186,91,[2.2136173  1.4681882  0.46567532],"[[ 0.4986465  -0.24275126  0.6650008 ]
 [ 0.505955    0.66154325  0.23798753]
 [-0.4957388   0.6690558   0.24096958]
 [-0.4996037  -0.23621294  0.6656342 ]]","[[ 0.7108636   0.21898782  0.66836923]
 [ 0.00740062  0.94791096 -0.3184495 ]
 [-0.70329106  0.2313205   0.6722147 ]]"
20200221-080810.790186,92,[2.2237933  1.4678211  0.46512204],"[[ 0.49864435 -0.2439624   0.6645481 ]
 [ 0.5058356   0.6611693   0.23930942]
 [-0.49588028  0.66849464  0.24224426]
 [-0.49958694 -0.23759787  0.6651501 ]]","[[ 0.71078753  0.21817482  0.6687157 ]
 [ 0.0072344   0.94836384 -0.31710222]
 [-0.7033697   0.2302301   0.6725068 ]]"
20200221-080810.790186,93,[2.2331383  1.4710846  0.46374807],"[[ 0.49830905 -0.24669024  0.663977  ]
 [ 0.5082073   0.65892917  0.239895  ]
 [-0.49349007  0.6698214   0.24405026]
 [-0.49988136 -0.23726763  0.66484946]]","[[ 0.712202    0.21543145  0.6681002 ]
 [ 0.01044544  0.9483863  -0.3169457 ]
 [-0.701897    0.23270798  0.67319226]]"
20200221-080810.790186,94,[2.2423081  1.4744887  0.46239507],"[[ 0.49859676 -0.2461675   0.6637394 ]
 [ 0.5055874   0.66049796  0.24176902]
 [-0.4961654   0.6674486   0.24451162]
 [-0.49960288 -0.24011824  0.6642384 ]]","[[ 0.7106195   0.2182468   0.66887087]
 [ 0.00693191  0.94845456 -0.3168371 ]
 [-0.7035424   0.22978719  0.67247754]]"
20200221-080810.790186,95,[2.2522922  1.4780015  0.46165898],"[[ 0.4987941  -0.2467274   0.6632669 ]
 [ 0.5054192   0.66050047  0.24246334]
 [-0.4963386   0.66697514  0.24510844]
 [-0.4994038  -0.24085118  0.66423714]]","[[ 0.71070373  0.21850234  0.66869783]
 [ 0.00671903  0.94838995 -0.3170353 ]
 [-0.70345914  0.2298112   0.6725562 ]]"
20200221-080810.790186,96,[2.2615047 1.4813038 0.4603413],"[[ 0.49907833 -0.24623036  0.6630238 ]
 [ 0.5028538   0.66201305  0.24431024]
 [-0.4989412   0.66463935  0.24556588]
 [-0.499116   -0.24364762  0.6636335 ]]","[[ 0.70914215  0.22124045  0.66945505]
 [ 0.00327698  0.9484491  -0.31691304]
 [-0.70505804  0.22693016  0.67186016]]"
20200221-080810.790186,97,[2.2725086  1.4837857  0.45923492],"[[ 0.49896622 -0.24880147  0.6622375 ]
 [ 0.50515425  0.659987    0.24477212]
 [-0.49663055  0.665845    0.2472611 ]
 [-0.499209   -0.24323943  0.66361886]]","[[ 0.7107115   0.21841928  0.66871685]
 [ 0.00637032  0.94854176 -0.31658748]
 [-0.70345485  0.22926226  0.67274827]]"
20200221-080810.790186,98,[2.2841904 1.4826373 0.456501 ],"[[ 0.49895126 -0.2515091   0.6612127 ]
 [ 0.504876    0.65910715  0.24773948]
 [-0.49690253  0.6645785   0.25004828]
 [-0.49923545 -0.24628502  0.66249484]]","[[ 0.71054274  0.2169645   0.66936946]
 [ 0.0060512   0.94935703 -0.31414112]
 [-0.7036281   0.2272612   0.6732458 ]]"
20200221-080810.790186,99,[2.293716  1.4821649 0.4554804],"[[ 0.4990384  -0.25162485  0.6610024 ]
 [ 0.50249535  0.66016126  0.25005513]
 [-0.4993304   0.6622801   0.25108257]
 [-0.49912733 -0.24951373  0.6614425 ]]","[[ 0.7089048   0.21856347  0.670585  ]
 [ 0.00283714  0.9498826  -0.3125941 ]
 [-0.70529854  0.223502    0.6727562 ]]"
20200221-080810.790186,100,[2.3040547 1.4800588 0.4540525],"[[ 0.49903795 -0.25382176  0.660159  ]
 [ 0.5024794   0.65933406  0.25226653]
 [-0.4993647   0.66141725  0.253309  ]
 [-0.49910975 -0.2517547   0.6605956 ]]","[[ 0.70889145  0.21693635  0.6711272 ]
 [ 0.0028028   0.9506507  -0.31025067]
 [-0.7053121   0.22181503  0.67330015]]"
20200221-080810.790186,101,[2.3148627  1.486319   0.45267877],"[[ 0.4989549  -0.2529361   0.6605925 ]
 [ 0.5003485   0.6605103   0.25334072]
 [-0.5014841   0.65985596  0.25324765]
 [-0.49920866 -0.25365263  0.65977407]]","[[ 7.0723277e-01  2.2015032e-01  6.7183018e-01]
 [-5.7845260e-05  9.5029855e-01 -3.1133997e-01]
 [-7.0698088e-01  2.2015093e-01  6.7209500e-01]]"
20200221-080810.790186,102,[2.3259795  1.4887979  0.45173395],"[[ 0.49886093 -0.2553378   0.65982306]
 [ 0.5026005   0.6585766   0.25367156]
 [-0.4992338   0.66105473  0.2548181 ]
 [-0.49929598 -0.2531523   0.6598123 ]]","[[ 0.7087821   0.21747476  0.67106855]
 [ 0.00294804  0.95037186 -0.3111029 ]
 [-0.7054215   0.22248249  0.6729653 ]]"
20200221-080810.790186,103,[2.3363798  1.486671   0.45036954],"[[ 0.49884674 -0.2574279   0.65900517]
 [ 0.5024949   0.657823    0.25587085]
 [-0.49935773  0.66013736  0.25693592]
 [-0.49929267 -0.25537938  0.6589586 ]]","[[ 0.7087101   0.21596429  0.6716321 ]
 [ 0.00281359  0.95112175 -0.3088035 ]
 [-0.70549417  0.22074184  0.673462  ]]"
20200221-080810.790186,104,[2.3455164  1.4937017  0.44905928],"[[ 0.4987434  -0.25920352  0.65847296]
 [ 0.5046628   0.6561546   0.2556415 ]
 [-0.49717212  0.6615001   0.25790516]
 [-0.49939027 -0.25434735  0.6592009 ]]","[[ 0.71020305  0.21456552  0.67050225]
 [ 0.00573245  0.95062804 -0.31027964]
 [-0.70397353  0.22420517  0.673909  ]]"
20200221-080810.790186,105,[2.35528    1.4930978  0.44817472],"[[ 0.49861926 -0.2621029   0.65748096]
 [ 0.50671357  0.6541047   0.25665283]
 [-0.49513033  0.66228926  0.26004094]
 [-0.4994662  -0.2546024   0.658959  ]]","[[ 0.71161205  0.21119052  0.67008   ]
 [ 0.00849973  0.95109403 -0.30878493]
 [-0.7025213   0.22543053  0.6750148 ]]"
20200221-080810.790186,106,[2.3664262  1.4999384  0.44695118],"[[ 0.4987029  -0.26097316  0.65777934]
 [ 0.5044705   0.655557    0.25761423]
 [-0.49740022  0.6606162   0.25972307]
 [-0.49939764 -0.2563677   0.65841115]]","[[ 0.7100633   0.2147005   0.67060727]
 [ 0.00548667  0.95066446 -0.31017253]
 [-0.7041167   0.22392148  0.6738539 ]]"
20200221-080810.790186,107,[2.3784451  1.49813    0.44680375],"[[ 0.498725   -0.2620616   0.65732753]
 [ 0.5043909   0.65516764  0.25876486]
 [-0.4974711   0.66010845  0.26085174]
 [-0.49938533 -0.25755844  0.65796494]]","[[ 0.71002454  0.21358375  0.6710046 ]
 [ 0.00539144  0.95121527 -0.3084811 ]
 [-0.7041562   0.22264682  0.67423487]]"
20200221-080810.790186,108,[2.389509   1.499993   0.44588962],"[[ 0.49883002 -0.26430166  0.6563192 ]
 [ 0.50627583  0.65355873  0.25923514]
 [-0.49555507  0.6609026   0.26237452]
 [-0.49927834 -0.2573201   0.6581806 ]]","[[ 0.71153235  0.21103145  0.6702146 ]
 [ 0.00796809  0.95134914 -0.30801183]
 [-0.70260835  0.2245007   0.67523414]]"
20200221-080810.790186,109,[2.399414   1.5072985  0.44521686],"[[ 0.4988097  -0.26410133  0.6564224 ]
 [ 0.5061818   0.65366805  0.25912628]
 [-0.49563107  0.6609157   0.26217794]
 [-0.49931872 -0.257214    0.65819913]]","[[ 0.7114625   0.21238315  0.66986173]
 [ 0.00786788  0.9507685  -0.3098025 ]
 [-0.70268023  0.22568327  0.67476505]]"
20200221-080810.790186,110,[2.4096427  1.5087923  0.44378316],"[[ 0.49859786 -0.2655327   0.6561085 ]
 [ 0.50614595  0.65299493  0.26060432]
 [-0.49566534  0.66042453  0.26362747]
 [-0.49953237 -0.25870743  0.657349  ]]","[[ 0.7112492   0.2119261   0.6702328 ]
 [ 0.00782775  0.9510239  -0.30901837]
 [-0.7028965   0.22503549  0.674756  ]]"
20200221-080810.790186,111,[2.4204402  1.5105814  0.44223794],"[[ 0.49837    -0.2696797   0.65473944]
 [ 0.5102161   0.64951104  0.26094761]
 [-0.49154708  0.6626129   0.26629138]
 [-0.49968863 -0.25758994  0.6575044 ]]","[[ 0.71404964  0.20676634  0.66886544]
 [ 0.01334525  0.9511987  -0.3082907 ]
 [-0.69996816  0.22906098  0.6764436 ]]"
20200221-080810.790186,112,[2.4309723 1.5125535 0.4407139],"[[ 0.49834493 -0.27103007  0.65418345]
 [ 0.5100341   0.6490551   0.26247808]
 [-0.4917514   0.6618889   0.267701  ]
 [-0.4996982  -0.25917822  0.6568753 ]]","[[ 0.7139237   0.20649955  0.66908216]
 [ 0.01310758  0.9514181  -0.30762333]
 [-0.7001007   0.2283896   0.6765331 ]]"
20200221-080810.790186,113,[2.4412425  1.5203526  0.44017482],"[[ 0.49851587 -0.27064174  0.6540938 ]
 [ 0.50985926  0.6494128   0.2622641 ]
 [-0.49193183  0.66178006  0.26731268]
 [-0.49952844 -0.25896612  0.6572086 ]]","[[ 0.71398205  0.2080582   0.6685368 ]
 [ 0.01289109  0.9507608  -0.30965766]
 [-0.7000454   0.22970821  0.67614406]]"
20200221-080810.790186,114,[2.4518168  1.5197539  0.43996385],"[[ 0.49851155 -0.27154204  0.6537092 ]
 [ 0.50965995  0.6491422   0.26335552]
 [-0.49215418  0.6612155   0.26829815]
 [-0.4995171  -0.26014128  0.656753  ]]","[[ 0.7138531   0.2074434   0.6688655 ]
 [ 0.01262785  0.95115054 -0.30846912]
 [-0.7001816   0.22864798  0.6763623 ]]"
20200221-080810.790186,115,[2.462416  1.5229802 0.4395302],"[[ 0.49850935 -0.274544    0.6525075 ]
 [ 0.5135708   0.64628035  0.2626457 ]
 [-0.48815304  0.6635902   0.26988754]
 [-0.4994398  -0.2580605   0.6575804 ]]","[[ 0.7167183   0.20308584  0.66713667]
 [ 0.01791792  0.95097756 -0.30874047]
 [-0.697133    0.23323357  0.67794406]]"
20200221-080810.790186,116,[2.4713109  1.5301181  0.43840718],"[[ 0.49856195 -0.2733772   0.65286696]
 [ 0.5113413   0.6477547   0.26361322]
 [-0.49043325  0.6619758   0.26946118]
 [-0.49944106 -0.2597438   0.6570111 ]]","[[ 0.71518457  0.20668843  0.667676  ]
 [ 0.01494401  0.95053464 -0.31025875]
 [-0.69877607  0.23186992  0.6767189 ]]"
