Timestamp,Epoch,s,u,v
20200221-031746.320799,0,[1.8230095 1.4095818 0.7540663],"[[ 0.25203747 -0.50189495  0.6507698 ]
 [ 0.65975803 -0.50085074 -0.24695669]
 [ 0.66299176  0.5048429  -0.25322798]
 [ 0.24827087  0.49232483  0.6718532 ]]","[[ 0.4851786  -0.7175973   0.4996557 ]
 [ 0.7253188   0.01112665 -0.68832326]
 [ 0.48837957  0.69636923  0.52588534]]"
20200221-031746.320799,1,[1.7998229 1.4163166 0.7503503],"[[ 0.24393797 -0.500902    0.6547306 ]
 [ 0.6661421  -0.4973927  -0.23628   ]
 [ 0.6646386   0.50829446 -0.242014  ]
 [ 0.23453006  0.49328917  0.6759651 ]]","[[ 0.482994   -0.7158061   0.5043196 ]
 [ 0.73245496  0.01467228 -0.6806573 ]
 [ 0.47981918  0.6981448   0.5313824 ]]"
20200221-031746.320799,2,[1.7777367 1.4231124 0.74649  ],"[[ 0.22950092 -0.50197643  0.6588854 ]
 [ 0.6669039  -0.5019965  -0.2248051 ]
 [ 0.6716163   0.503669   -0.23152438]
 [ 0.2269355   0.49227694  0.6795067 ]]","[[ 0.47344983 -0.7181365   0.51002467]
 [ 0.7396821   0.00976724 -0.6728854 ]
 [ 0.4782421   0.6958336   0.5358171 ]]"
20200221-031746.320799,3,[1.7638723  1.4298726  0.74336237],"[[ 0.2166929  -0.5030473   0.66234577]
 [ 0.66589516 -0.5075058  -0.21541515]
 [ 0.6785158   0.49805996 -0.22316174]
 [ 0.22190931  0.4912405   0.68197733]]","[[ 0.4641242  -0.7208162   0.51479363]
 [ 0.7453213   0.00376177 -0.6666947 ]
 [ 0.47862792  0.69311583  0.5389857 ]]"
20200221-031746.320799,4,[1.7394234 1.4367406 0.7395341],"[[ 0.20144008 -0.5041637   0.6660941 ]
 [ 0.66520846 -0.51336205 -0.20405695]
 [ 0.6859758   0.49205604 -0.21276516]
 [ 0.21530646  0.49006036  0.6851355 ]]","[[ 0.45290005 -0.7237864   0.5205909 ]
 [ 0.7525835  -0.00270735 -0.6584915 ]
 [ 0.47801656  0.6900189   0.5434835 ]]"
20200221-031746.320799,5,[1.7286383  1.4435874  0.73534805],"[[ 0.19081925 -0.5041094   0.66905165]
 [ 0.66833043 -0.51362115 -0.19366483]
 [ 0.68905616  0.4917906  -0.20247951]
 [ 0.20524147  0.49011144  0.6883793 ]]","[[ 0.44771776 -0.72396123  0.5248133 ]
 [ 0.75867367 -0.00307327 -0.6514636 ]
 [ 0.47324723  0.68983376  0.54787433]]"
20200221-031746.320799,6,[1.7131575 1.4508024 0.7313653],"[[ 0.17996624 -0.5041409   0.67199343]
 [ 0.67035836 -0.5147799  -0.18347237]
 [ 0.69272935  0.49056822 -0.1924446 ]
 [ 0.1958511   0.4900882   0.6911787 ]]","[[ 0.4414389  -0.7245272   0.5293317 ]
 [ 0.7649418  -0.00449795 -0.6440837 ]
 [ 0.4690371   0.68923146  0.55223566]]"
20200221-031746.320799,7,[1.6969697  1.4578584  0.72826946],"[[ 0.1657703  -0.5053084   0.6745556 ]
 [ 0.66716164 -0.522313   -0.17444438]
 [ 0.70016086  0.4827291  -0.18441823]
 [ 0.19284827  0.48869747  0.69320565]]","[[ 0.42946628 -0.7283543   0.533909  ]
 [ 0.7703537  -0.01306629 -0.6374829 ]
 [ 0.47128952  0.68507624  0.5554789 ]]"
20200221-031746.320799,8,[1.6785741  1.4651368  0.72456926],"[[ 0.16516571 -0.5030939   0.67666095]
 [ 0.6780584  -0.51064265 -0.16556312]
 [ 0.6946924   0.49482286 -0.17386241]
 [ 0.17424107  0.49121407  0.6960538 ]]","[[ 4.35474694e-01 -7.22415805e-01  5.37101030e-01]
 [ 7.76687384e-01 -1.17726464e-04 -6.29886568e-01]
 [ 4.55103189e-01  6.91459119e-01  5.61039805e-01]]"
20200221-031746.320799,9,[1.6672415 1.4723419 0.7193949],"[[ 0.14713252 -0.5043207   0.67969066]
 [ 0.6743057  -0.51957625 -0.15359928]
 [ 0.70357007  0.48558775 -0.16297549]
 [ 0.16927293  0.48980206  0.6984752 ]]","[[ 0.42106283 -0.7269418   0.54245883]
 [ 0.78314114 -0.0103535  -0.62175775]
 [ 0.4575981   0.68662095  0.5649385 ]]"
20200221-031746.320799,10,[1.6556898  1.479691   0.71664333],"[[ 0.15173937 -0.5017373   0.68089145]
 [ 0.6871898  -0.5039032  -0.14722645]
 [ 0.69436467  0.5016833  -0.15477069]
 [ 0.15034351  0.4926005   0.7005406 ]]","[[ 0.4323924  -0.7188402   0.54433966]
 [ 0.787704    0.00734287 -0.61601007]
 [ 0.4388158   0.6951367   0.5694081 ]]"
20200221-031746.320799,11,[1.6422554 1.4868181 0.7133527],"[[ 0.15000206 -0.5002094   0.6825045 ]
 [ 0.69513106 -0.4950609  -0.13926822]
 [ 0.6898803   0.5105743  -0.14603284]
 [ 0.13548957  0.4939832   0.7024721 ]]","[[ 0.43635234 -0.71412754  0.5473742 ]
 [ 0.79269326  0.01727566 -0.609376  ]
 [ 0.42571586  0.6998025   0.57362247]]"
20200221-031746.320799,12,[1.6318072  1.4940618  0.70893425],"[[ 0.14025706 -0.5002527   0.6843232 ]
 [ 0.69744843 -0.49482185 -0.12936029]
 [ 0.6914456   0.5108075  -0.1363932 ]
 [ 0.12568563  0.49393776  0.7045318 ]]","[[ 0.4314846  -0.71409214  0.5512656 ]
 [ 0.79825     0.01754922 -0.60207075]
 [ 0.42025965  0.6998318   0.57759637]]"
20200221-031746.320799,13,[1.6194541  1.5012578  0.70557827],"[[ 0.12268858 -0.5020396   0.6861487 ]
 [ 0.68996966 -0.5077166  -0.12057631]
 [ 0.7020198   0.49789187 -0.12879813]
 [ 0.1267181   0.49222326  0.7057426 ]]","[[ 0.4142793  -0.72094226  0.5555313 ]
 [ 0.8033595   0.00277844 -0.59548795]
 [ 0.4277687   0.69298965  0.580327  ]]"
20200221-031746.320799,14,[1.6075988 1.5086404 0.7004351],"[[ 0.09791224 -0.50404805  0.68858737]
 [ 0.6774112  -0.52696073 -0.10911876]
 [ 0.717453    0.47788882 -0.11862843]
 [ 0.12956975  0.4897658   0.70701355]]","[[ 0.3889604  -0.73086226  0.5608477 ]
 [ 0.809192   -0.01996113 -0.5872051 ]
 [ 0.4403612   0.6822331   0.58364385]]"
20200221-031746.320799,15,[1.5962094 1.5163732 0.6952093],"[[ 0.09682392 -0.50249237  0.68984616]
 [ 0.6889266  -0.5139572  -0.09881956]
 [ 0.70994514  0.49144804 -0.1075205 ]
 [ 0.10946601  0.49175996  0.70907414]]","[[ 0.39639843 -0.724223    0.5642425 ]
 [ 0.8153491  -0.00478453 -0.57895005]
 [ 0.4219885   0.68954945  0.58859795]]"
20200221-031746.320799,16,[1.5858006 1.5235049 0.6917209],"[[ 0.06714919 -0.5050044   0.69130194]
 [ 0.66760594 -0.5431891  -0.09022088]
 [ 0.73126256  0.46045512 -0.10019732]
 [ 0.12267249  0.4877473   0.709875  ]]","[[ 0.36110896 -0.73932594  0.5683288 ]
 [ 0.818973   -0.04002647 -0.57243454]
 [ 0.44596383  0.67215705  0.5910341 ]]"
20200221-031746.320799,17,[1.5715538 1.530576  0.6868673],"[[ 0.01040706 -0.5067345   0.6929822 ]
 [ 0.6166934  -0.6022236  -0.0791299 ]
 [ 0.7713847   0.39145687 -0.09046906]
 [ 0.15667321  0.47676918  0.7108655 ]]","[[ 0.28676328 -0.76739186  0.57347757]
 [ 0.8178354  -0.11565182 -0.5637108 ]
 [ 0.4989108   0.63066185  0.5944356 ]]"
20200221-031746.320799,18,[1.5564401  1.5372666  0.68125385],"[[-0.10175326  0.49451262  0.6943702 ]
 [ 0.48526004  0.71365774 -0.06739286]
 [ 0.8352417  -0.2290946  -0.07897664]
 [ 0.23778215 -0.4400747   0.71208924]]","[[ 0.12137983  0.8067408   0.57830465]
 [ 0.78449917  0.27897763 -0.5538345 ]
 [ 0.608135   -0.5209038   0.59902513]]"
20200221-031746.320799,19,[1.5516658 1.5385662 0.6770169],"[[-0.36865586  0.34302855  0.6952788 ]
 [-0.00293534  0.86369956 -0.05842918]
 [ 0.81891763  0.28416786 -0.07012073]
 [ 0.43983865 -0.23580319  0.7129212 ]]","[[-0.3591559   0.72968644  0.5818632 ]
 [ 0.49205172  0.67781997 -0.54630154]
 [ 0.79302716 -0.09009936  0.60248655]]"
20200221-031746.320799,20,[1.5561929 1.5374743 0.6728584],"[[-0.4739115   0.16888826  0.6957354 ]
 [-0.3326558   0.79746276 -0.05116284]
 [ 0.6483757   0.57639337 -0.06192141]
 [ 0.49432498 -0.05745362  0.7137931 ]]","[[-0.61263937  0.5326956   0.5838737 ]
 [ 0.19643085  0.8181846  -0.5403601 ]
 [ 0.7655638   0.21635501  0.60589   ]]"
20200221-031746.320799,21,[1.563076   1.5281994  0.66851175],"[[-0.5011295   0.04664683  0.69587606]
 [-0.5075832   0.6994973  -0.04346209]
 [ 0.49800512  0.7114302  -0.05207114]
 [ 0.49317306  0.04893499  0.71495205]]","[[-0.72077644  0.37075993  0.58567786]
 [ 0.00227266  0.846189   -0.5328782 ]
 [ 0.693164    0.3827549   0.61075556]]"
20200221-031746.320799,22,[1.5713084  1.5294317  0.66385806],"[[-0.50290835  0.01500384  0.69611424]
 [-0.54107606  0.6742083  -0.03659357]
 [ 0.4627106   0.7354927  -0.04422915]
 [ 0.4901217   0.06533735  0.71563256]]","[[-0.7386365   0.33126846  0.5870925 ]
 [-0.03922105  0.8483281  -0.5280163 ]
 [ 0.6729621   0.41303846  0.6136134 ]]"
20200221-031746.320799,23,[1.5791019 1.5245005 0.6591192],"[[-0.50236094  0.01383963  0.6963301 ]
 [-0.53133255  0.68254185 -0.02819801]
 [ 0.47324583  0.7289956  -0.03604671]
 [ 0.4912813   0.05010376  0.7162609 ]]","[[-0.733702    0.3373868   0.5897896 ]
 [-0.02716915  0.8527507  -0.52161115]
 [ 0.67892814  0.39873117  0.6164983 ]]"
20200221-031746.320799,24,[1.5871606  1.5131936  0.65420485],"[[-0.5005757   0.02625083  0.69703126]
 [-0.5010531   0.7056486  -0.01812188]
 [ 0.50458574  0.707811   -0.0273724 ]
 [ 0.49372354  0.01935601  0.71628886]]","[[-0.7172407   0.3639811   0.59420866]
 [ 0.01008443  0.85806906 -0.51343566]
 [ 0.6967527   0.36226463  0.61911243]]"
20200221-031746.320799,25,[1.5951688  1.5043722  0.64996713],"[[-0.50043875  0.01901802  0.697302  ]
 [-0.49993885  0.7066757  -0.00994168]
 [ 0.50571793  0.7072047  -0.019415  ]
 [ 0.4938338   0.01046076  0.7164457 ]]","[[-0.71659535  0.36027884  0.5972358 ]
 [ 0.01140649  0.86220396 -0.50643325]
 [ 0.69739604  0.35609522  0.6219608 ]]"
20200221-031746.320799,26,[1.6034862 1.4974946 0.6463525],"[[-0.49936903  0.02270855  0.69774044]
 [-0.48463914  0.7175538  -0.00234604]
 [ 0.5207777   0.6960983  -0.01323213]
 [ 0.4945156  -0.00691175  0.71622425]]","[[-0.7077553   0.37191662  0.60063326]
 [ 0.02998995  0.8652552  -0.5004338 ]
 [ 0.7058208   0.3361718   0.62354285]]"
20200221-031746.320799,27,[1.6115707 1.4928721 0.6434586],"[[-0.49952793  0.01564294  0.6977791 ]
 [-0.48677534  0.71615624  0.00329701]
 [ 0.5187166   0.697677   -0.0076601 ]
 [ 0.49442393 -0.01107444  0.7162647 ]]","[[-0.7089297   0.36646006  0.60259897]
 [ 0.02746231  0.8681075  -0.49561608]
 [ 0.70474416  0.3348082   0.6254911 ]]"
20200221-031746.320799,28,[1.6198894  1.4927094  0.64012176],"[[-0.4975365   0.02700238  0.6986401 ]
 [-0.46221617  0.7324115   0.00986593]
 [ 0.54203516  0.6795235  -0.00360213]
 [ 0.49498662 -0.03304882  0.7153969 ]]","[[-0.694054    0.38860744  0.606031  ]
 [ 0.05699543  0.8688174  -0.49184132]
 [ 0.7176634   0.30682343  0.6251552 ]]"
20200221-031746.320799,29,[1.6280148 1.4954647 0.6356079],"[[-0.49891427  0.0114555   0.69806784]
 [-0.47598156  0.7234643   0.01557429]
 [ 0.5290726   0.68961895  0.00310271]
 [ 0.4945794  -0.02989955  0.7158558 ]]","[[-0.70249605  0.37213466  0.6066427 ]
 [ 0.04058097  0.87195843 -0.4878952 ]
 [ 0.71052986  0.31812626  0.627649  ]]"
20200221-031746.320799,30,[1.6366127 1.4891071 0.6320945],"[[-0.49846122  0.01004552  0.69822544]
 [-0.46847105  0.7283662   0.02259909]
 [ 0.5361548   0.68386763  0.00889703]
 [ 0.49457982 -0.04131412  0.71546614]]","[[-0.69784504  0.37587097  0.60969955]
 [ 0.04976143  0.87462544 -0.48223865]
 [ 0.7145182   0.3061883   0.629057  ]]"
20200221-031746.320799,31,[1.6449534 1.4843906 0.6267528],"[[-0.49935    -0.00651095  0.6977536 ]
 [-0.4809079   0.7198106   0.03032959]
 [ 0.5243421   0.69291127  0.01767756]
 [ 0.4944113  -0.04128376  0.7154771 ]]","[[-0.70524114  0.3587809   0.6114829 ]
 [ 0.03478798  0.878971   -0.47560465]
 [ 0.7081136   0.3141437   0.63236773]]"
20200221-031746.320799,32,[1.6532991 1.4833758 0.6227982],"[[-0.5000588  -0.0196895   0.69697607]
 [-0.4914211   0.71245563  0.03572315]
 [ 0.5140956   0.7003008   0.02411117]
 [ 0.4941179  -0.03997375  0.7157981 ]]","[[-0.7115891   0.34478503  0.61218005]
 [ 0.02190235  0.8817738  -0.47116366]
 [ 0.7022545   0.32186666  0.6350122 ]]"
20200221-031746.320799,33,[1.6618899  1.4791005  0.61751705],"[[-0.50035256 -0.03359836 -0.6963501 ]
 [-0.5002912   0.7057267  -0.04308851]
 [ 0.50529695  0.7064447  -0.03253706]
 [ 0.4939948  -0.04191631 -0.71566856]]","[[-0.7167341   0.3310385  -0.6137636 ]
 [ 0.01085118  0.88532937  0.46483794]
 [ 0.69726205  0.3265052  -0.63813794]]"
20200221-031746.320799,34,[1.6704019  1.4725665  0.61344445],"[[-0.50054026 -0.05066876 -0.69542944]
 [-0.515088    0.694361   -0.04887749]
 [ 0.49027234  0.7167948  -0.04050017]
 [ 0.49373782 -0.03874408 -0.7157855 ]]","[[-0.72525597  0.31065714 -0.6144073 ]
 [-0.00799297  0.8885525   0.4587056 ]
 [ 0.68843305  0.33758986 -0.64194477]]"
20200221-031746.320799,35,[1.6788137  1.4664165  0.60943556],"[[-0.50044435 -0.05632118 -0.6950069 ]
 [-0.5136821   0.694961   -0.0556692 ]
 [ 0.49173746  0.71533    -0.04710912]
 [ 0.49384266 -0.04647446 -0.7152951 ]]","[[-0.72448826  0.30800334 -0.6166446 ]
 [-0.00627627  0.8916274   0.45272657]
 [ 0.68925846  0.3318653  -0.6440404 ]]"
20200221-031746.320799,36,[1.6878362 1.4628838 0.6067627],"[[-0.500374   -0.06007797 -0.6946932 ]
 [-0.5124047   0.6955675  -0.06045981]
 [ 0.49302134  0.7140526  -0.05162949]
 [ 0.49396062 -0.05201331 -0.71489906]]","[[-0.7238015   0.30639753 -0.6182491 ]
 [-0.00476237  0.89376295  0.4485146 ]
 [ 0.6899919   0.32757992 -0.64544785]]"
20200221-031746.320799,37,[1.6965522 1.4614172 0.6023647],"[[ 0.5003919  -0.07447594 -0.6933896 ]
 [ 0.5241203   0.6862113  -0.06554874]
 [-0.48084217  0.72184736 -0.05880793]
 [-0.49365696 -0.05004423 -0.71516186]]","[[ 0.7306837   0.28988805 -0.61811554]
 [ 0.02003936  0.89587986  0.44384465]
 [-0.6824223   0.33669665 -0.6487955 ]]"
20200221-031746.320799,38,[1.705656   1.4644009  0.59750485],"[[ 0.5002127  -0.07923944 -0.69293886]
 [ 0.52283084  0.68666965 -0.07141573]
 [-0.48216698  0.7204135  -0.0643442 ]
 [-0.49391308 -0.05665759 -0.7145598 ]]","[[ 0.72992456  0.28889567 -0.6194751 ]
 [ 0.01848042  0.89761883  0.44038498]
 [-0.6832778   0.332896   -0.64985526]]"
20200221-031746.320799,39,[1.7145815 1.4644991 0.5938495],"[[ 0.49982026 -0.09595527 -0.69136244]
 [ 0.5394407   0.67308104 -0.07460639]
 [-0.46443257  0.73161286 -0.07088491]
 [-0.4934429  -0.04997141 -0.7151415 ]]","[[ 0.7393899   0.2671726  -0.61799794]
 [ 0.04052325  0.8985711   0.43695286]
 [-0.67205685  0.3481217  -0.6535677 ]]"
20200221-031746.320799,40,[1.7237524  1.4631099  0.58959347],"[[ 0.49936992 -0.10806138 -0.689988  ]
 [ 0.54825723  0.66528636 -0.07931656]
 [-0.4547447   0.7370691  -0.07756185]
 [-0.49320492 -0.04945773 -0.7152691 ]]","[[ 0.7444175   0.25346    -0.61773837]
 [ 0.05259108  0.9000229   0.4326581 ]
 [-0.6656401   0.3545658  -0.656663  ]]"
20200221-031746.320799,41,[1.7323776 1.459346  0.5865013],"[[ 0.4990813  -0.1144463  -0.68922997]
 [ 0.55036366  0.66292363 -0.08387663]
 [-0.45243058  0.7379857  -0.0829052 ]
 [-0.49327937 -0.05302547 -0.71488005]]","[[ 0.7457032   0.2476629  -0.6185386 ]
 [ 0.05570415  0.90192443  0.42828676]
 [-0.6639457   0.3538299  -0.658772  ]]"
20200221-031746.320799,42,[1.7416307  1.4524237  0.58215684],"[[ 0.49883777 -0.12164138 -0.6882121 ]
 [ 0.5511141   0.66142076 -0.09031048]
 [-0.45157552  0.73770136 -0.08997282]
 [-0.4934712  -0.05935302 -0.71422213]]","[[ 0.7463414   0.24204025 -0.6199928 ]
 [ 0.05713506  0.90479255  0.42200238]
 [-0.66310644  0.35038105 -0.66145515]]"
20200221-031746.320799,43,[1.7509139  1.4574685  0.57835734],"[[ 0.4984399  -0.12792008 -0.6872886 ]
 [ 0.5542839   0.65835196 -0.09390724]
 [-0.4480132   0.7392592  -0.09409882]
 [-0.49356985 -0.06087173 -0.7141157 ]]","[[ 0.7481652   0.2368193  -0.619811  ]
 [ 0.06165528  0.90528095  0.42031568]
 [-0.6606418   0.35268    -0.6626986 ]]"
20200221-031746.320799,44,[1.7584934  1.4631518  0.57469815],"[[ 0.49815738 -0.12684353 -0.68777394]
 [ 0.54807174  0.66280067 -0.09836358]
 [-0.4549075   0.73473346 -0.09701199]
 [-0.49448517 -0.06908491 -0.7126571 ]]","[[ 0.74440014  0.24348335 -0.621759  ]
 [ 0.05334769  0.9064852   0.41885385]
 [-0.6655993   0.34496427 -0.6617984 ]]"
20200221-031746.320799,45,[1.7670761  1.4612309  0.57009053],"[[ 0.49833903 -0.12709275 -0.6873552 ]
 [ 0.5402227   0.6684452  -0.10521565]
 [-0.46354467  0.72838223 -0.10204233]
 [-0.4949184  -0.08054616 -0.711379  ]]","[[ 0.7401683   0.24950597 -0.6244182 ]
 [ 0.0429504   0.909172    0.41420034]
 [-0.67104894  0.3333968  -0.6622237 ]]"
20200221-031746.320799,46,[1.7765309  1.4562013  0.56654495],"[[ 0.4978211  -0.13695861 -0.68602973]
 [ 0.5466367   0.6622981  -0.10957103]
 [-0.45649952  0.7320922  -0.10838754]
 [-0.49494493 -0.08151275 -0.71106255]]","[[ 0.7438923   0.23812336 -0.6244371 ]
 [ 0.0519651   0.9109279   0.40927994]
 [-0.66627616  0.3369091  -0.6652581 ]]"
20200221-031746.320799,47,[1.7851676 1.4632274 0.5636851],"[[ 0.49744108 -0.13870819 -0.68604016]
 [ 0.54581136  0.6624493  -0.1121951 ]
 [-0.45738342  0.731278   -0.11064267]
 [-0.49542177 -0.08457704 -0.71029556]]","[[ 0.7432084   0.23896232 -0.6249306 ]
 [ 0.050969    0.9111069   0.4090068 ]
 [-0.6671158   0.3358294  -0.6649626 ]]"
20200221-031746.320799,48,[1.793887  1.4643468 0.5605287],"[[ 0.49688858 -0.1442983  -0.68550605]
 [ 0.5485358   0.65938556 -0.11552233]
 [-0.45434645  0.73273104 -0.11487573]
 [-0.49576157 -0.08656844 -0.7096049 ]]","[[ 0.7445933   0.23387358 -0.62520707]
 [ 0.05490925  0.9119805   0.40654242]
 [-0.66525614  0.33703843 -0.6662127 ]]"
20200221-031746.320799,49,[1.8035538  1.4676416  0.55872315],"[[ 0.4965314  -0.1483785  -0.6849864 ]
 [ 0.55143565  0.65658593 -0.1171169 ]
 [-0.45109388  0.7344332  -0.11727239]
 [-0.4958728  -0.08652979 -0.70945376]]","[[ 0.7462364   0.22960249 -0.6248312 ]
 [ 0.05904665  0.9121042   0.40568414]
 [-0.6630572   0.33963048 -0.66708803]]"
20200221-031746.320799,50,[1.8123428  1.4632679  0.55540794],"[[ 0.49661818 -0.15108165  0.68422854]
 [ 0.54842526  0.65828633  0.12230748]
 [-0.4544713   0.73148215  0.1219487 ]
 [-0.49604037 -0.09363493  0.7085203 ]]","[[ 0.7447717   0.22990227  0.6264664 ]
 [ 0.05517192  0.9143529  -0.40114236]
 [-0.6650348   0.3333228   0.6682999 ]]"
20200221-031746.320799,51,[1.8210593 1.4621049 0.5510596],"[[ 0.4968426  -0.15133879  0.6837515 ]
 [ 0.5414377   0.6631527   0.12857565]
 [-0.4621857   0.7256398   0.12623696]
 [-0.4963638  -0.10378698  0.70711815]]","[[ 0.74097484  0.23537815  0.6289303 ]
 [ 0.04587231  0.9166305  -0.3970949 ]
 [-0.6699642   0.32308775  0.6684027 ]]"
20200221-031746.320799,52,[1.8299657 1.4579434 0.547879 ],"[[ 0.49688685 -0.15423852  0.6829661 ]
 [ 0.5389585   0.66431653  0.13354659]
 [-0.46490964  0.72300774  0.13066445]
 [-0.49647406 -0.11024407  0.706151  ]]","[[ 0.7397296   0.2351385   0.63048404]
 [ 0.04272113  0.9186583  -0.39273646]
 [-0.6715469   0.31745377  0.6695133 ]]"
20200221-031746.320799,53,[1.8389356 1.4552281 0.5453222],"[[ 0.49664053 -0.15940309  0.6820128 ]
 [ 0.54094064  0.6619573   0.13695925]
 [-0.4627772   0.72366583  0.13487865]
 [-0.49655655 -0.11274147  0.70562613]]","[[ 0.7409834   0.23019838  0.63083446]
 [ 0.04563477  0.91997486 -0.38931185]
 [-0.66997087  0.31726167  0.6711811 ]]"
20200221-031746.320799,54,[1.8478968  1.4515337  0.54217476],"[[ 0.4966746  -0.16227631  0.68120384]
 [ 0.53862953  0.6629543   0.14178495]
 [-0.46531427  0.72112256  0.13913909]
 [-0.4966641  -0.11891417  0.70462644]]","[[ 0.7398126   0.22988212  0.6323223 ]
 [ 0.04270108  0.9218816  -0.3851119 ]
 [-0.6714567   0.3119114   0.6722032 ]]"
20200221-031746.320799,55,[1.8569082 1.4478439 0.5391222],"[[ 0.49670535 -0.1651647   0.6803832 ]
 [ 0.536483    0.6637961   0.1464929 ]
 [-0.46765918  0.71868384  0.1432958 ]
 [-0.4967541  -0.1248545   0.7036226 ]]","[[ 0.73871785  0.22942035  0.63376844]
 [ 0.0399803   0.923718   -0.38098115]
 [-0.67282814  0.30677584  0.6731946 ]]"
20200221-031746.320799,56,[1.8659832 1.4466145 0.5373247],"[[ 0.4967297  -0.16685008  0.67988473]
 [ 0.5349249   0.66446775  0.1495095 ]
 [-0.46935618  0.7169856   0.14587851]
 [-0.49680904 -0.12874259  0.7029388 ]]","[[ 0.73791444  0.22941355  0.63470566]
 [ 0.03799656  0.9248386  -0.3784569 ]
 [-0.6738235   0.3033855   0.673735  ]]"
20200221-031746.320799,57,[1.875857  1.4437027 0.5349475],"[[ 0.49655417 -0.1715967   0.6788888 ]
 [ 0.53664035  0.6623033   0.15270624]
 [-0.46748772  0.7174287   0.14982419]
 [-0.49689677 -0.13116896  0.7023842 ]]","[[ 0.739061    0.22477543  0.6350317 ]
 [ 0.04056492  0.9261282  -0.37502185]
 [-0.67241627  0.30292398  0.67534703]]"
20200221-031746.320799,58,[1.8840772 1.4463842 0.5322316],"[[ 0.49684012 -0.17127095  0.67841774]
 [ 0.53193897  0.6655915   0.15648922]
 [-0.47258756  0.7133299   0.15178233]
 [-0.49684197 -0.13716857  0.7015859 ]]","[[ 0.7364705   0.22924389  0.6364422 ]
 [ 0.03420737  0.92700464 -0.373487  ]
 [-0.6756043   0.29683307  0.67486966]]"
20200221-031746.320799,59,[1.8929793 1.4513239 0.528664 ],"[[ 0.49671724 -0.17374985  0.6778189 ]
 [ 0.5310715   0.66557336  0.15977551]
 [-0.47348514  0.7120406   0.1546193 ]
 [-0.49703845 -0.1407907   0.700804  ]]","[[ 0.7359374   0.22951561  0.63696057]
 [ 0.03313994  0.9274498  -0.37247673]
 [-0.67623806  0.29522845  0.6749387 ]]"
20200221-031746.320799,60,[1.9016049  1.4482765  0.52585554],"[[ 0.4971525  -0.17197213  0.67759204]
 [ 0.5226821   0.67125285  0.16527808]
 [-0.48239407  0.7051198   0.15715548]
 [-0.49692944 -0.15050451  0.69918096]]","[[ 0.7310076   0.23677313  0.6399738 ]
 [ 0.02181865  0.9292801  -0.36873102]
 [-0.6820204   0.28350854  0.67414474]]"
20200221-031746.320799,61,[1.9105278  1.4505271  0.52326375],"[[ 0.49704456 -0.17643881  0.6764603 ]
 [ 0.5251449   0.66882163  0.1676113 ]
 [-0.47982335  0.7061144   0.16023873]
 [-0.49692985 -0.15149036  0.6990217 ]]","[[ 0.7326706   0.23273288  0.63955384]
 [ 0.02524834  0.9297726  -0.36726746]
 [-0.68011487  0.28523368  0.675341  ]]"
20200221-031746.320799,62,[1.9191576 1.4539053 0.5213802],"[[ 0.49721944 -0.17319034  0.6769917 ]
 [ 0.5176992   0.67397904  0.17089052]
 [-0.48759967  0.70046777  0.1607459 ]
 [-0.496998   -0.1584377   0.6975956 ]]","[[ 0.72798795  0.24096611  0.641848  ]
 [ 0.01523368  0.9302816  -0.36652955]
 [-0.6854207   0.27660674  0.6735631 ]]"
20200221-031746.320799,63,[1.928019  1.4570665 0.5195508],"[[ 0.4973775  -0.17015244  0.6774716 ]
 [ 0.51053107  0.67881125  0.17407052]
 [-0.4949689   0.6949772   0.1612771 ]
 [-0.49697027 -0.16513668  0.6962196 ]]","[[ 0.72338945  0.2487781   0.6440632 ]
 [ 0.00560799  0.9306818  -0.36578694]
 [-0.6904177   0.26821834  0.67185014]]"
20200221-031746.320799,64,[1.9377693  1.4523606  0.51628685],"[[ 0.49755377 -0.1720627   0.6766723 ]
 [ 0.50660187  0.68058884  0.17936094]
 [-0.49895814  0.69101477  0.16508529]
 [-0.49682596 -0.17231466  0.69476   ]]","[[ 7.2096825e-01  2.5011620e-01  6.4625597e-01]
 [ 3.9446619e-04  9.3244296e-01 -3.6131737e-01]
 [-6.9296807e-01  2.6075336e-01  6.7216307e-01]]"
20200221-031746.320799,65,[1.947586  1.4477308 0.5130923],"[[ 0.4976942  -0.17399089  0.6758811 ]
 [ 0.502793    0.68223226  0.1845935 ]
 [-0.5027923   0.68712443  0.16876379]
 [-0.49668851 -0.17929438  0.6932741 ]]","[[ 0.7185814   0.2513238   0.6484422 ]
 [-0.00463565  0.9341265  -0.3569124 ]
 [-0.6954276   0.25346473  0.67241085]]"
20200221-031746.320799,66,[1.9575796  1.4540375  0.51041394],"[[ 0.49752545 -0.1778344   0.67510587]
 [ 0.5058105   0.6795377   0.18589394]
 [-0.49973843  0.6888513   0.1711397 ]
 [-0.49687582 -0.17912975  0.6930992 ]]","[[ 7.2047758e-01  2.4800934e-01  6.4761358e-01]
 [-5.7156855e-04  9.3407500e-01 -3.5707638e-01]
 [-6.9347793e-01  2.5689548e-01  6.7312193e-01]]"
20200221-031746.320799,67,[1.9665639 1.4525663 0.5084075],"[[ 0.49765632 -0.17846434  0.6746717 ]
 [ 0.5024453   0.6812446   0.18944742]
 [-0.5031575   0.6856468   0.1733286 ]
 [-0.49670872 -0.18424094  0.692015  ]]","[[ 0.71832526  0.25005242  0.6492168 ]
 [-0.00508507  0.9350372  -0.35451284]
 [-0.69568866  0.2513543   0.6729325 ]]"
20200221-031746.320799,68,[1.9760897 1.4539623 0.5054311],"[[ 0.49763903 -0.18138209  0.67387176]
 [ 0.5022722   0.68054175  0.19256127]
 [-0.503339    0.68471867  0.17630465]
 [-0.4967169  -0.18741332  0.69118273]]","[[ 0.71818954  0.24893887  0.64979464]
 [-0.00532397  0.93575615 -0.35260734]
 [-0.6958271   0.24977936  0.67337567]]"
20200221-031746.320799,69,[1.985185   1.4525917  0.50346696],"[[ 0.4974918  -0.18616134  0.6727672 ]
 [ 0.50531954  0.67757225  0.19474831]
 [-0.5002989   0.6861622   0.17968851]
 [-0.49684575 -0.1882065   0.69077444]]","[[ 0.72012854  0.2437693   0.6496087 ]
 [-0.00125515  0.93670666 -0.35011297]
 [-0.69383967  0.25131106  0.67485523]]"
20200221-031746.320799,70,[1.9942203 1.4512429 0.5015761],"[[ 0.49760792 -0.18672082  0.67235374]
 [ 0.5020642   0.6791935   0.19816673]
 [-0.5036024   0.683047    0.18169911]
 [-0.4966913  -0.1930758   0.68967795]]","[[ 0.7180251   0.24577342  0.65118   ]
 [-0.00561854  0.93759656 -0.3476797 ]
 [-0.6959946   0.24598406  0.6745987 ]]"
20200221-031746.320799,71,[2.0038176 1.4506228 0.5003017],"[[ 0.49783754 -0.18478747  0.67244136]
 [ 0.4960086   0.68296254  0.20148247]
 [-0.50964254  0.67807573  0.18242934]
 [-0.49638453 -0.19906968  0.6884379 ]]","[[ 0.71406144  0.2512972   0.6534263 ]
 [-0.01371621  0.9381981  -0.34582677]
 [-0.6999488   0.23797904  0.67337793]]"
20200221-031746.320799,72,[2.0128047  1.4533848  0.49817842],"[[ 0.4977745  -0.18494765  0.6724253 ]
 [ 0.4931957   0.684242    0.20412071]
 [-0.51242393  0.6755679   0.1838831 ]
 [-0.4963874  -0.20301504  0.6872889 ]]","[[ 0.71199006  0.25392908  0.6546679 ]
 [-0.01750236  0.9384515  -0.34496668]
 [-0.70197135  0.23415455  0.67261255]]"
20200221-031746.320799,73,[2.0224655 1.4507444 0.4958176],"[[ 0.49778014 -0.18841007  0.6714431 ]
 [ 0.49349704  0.68307406  0.20737672]
 [-0.51213336  0.67485625  0.18718344]
 [-0.49638182 -0.2061078   0.68638295]]","[[ 0.71214     0.2514449   0.65546316]
 [-0.01715795  0.93961346 -0.34180745]
 [-0.7018277   0.23216847  0.67345077]]"
20200221-031746.320799,74,[2.032075   1.4523867  0.49310327],"[[ 0.49755576 -0.19491157  0.66997033]
 [ 0.49934438  0.6781284   0.20887032]
 [-0.5063458   0.678324    0.19111441]
 [-0.49669668 -0.20500706  0.6862858 ]]","[[ 0.7159676   0.2437935   0.6541827 ]
 [-0.00936401  0.94031465 -0.34017754]
 [-0.69807076  0.23743026  0.6755177 ]]"
20200221-031746.320799,75,[2.0410588  1.455389   0.49106064],"[[ 0.49724588 -0.19870165  0.6693037 ]
 [ 0.5023007   0.67532307  0.21014397]
 [-0.5033889   0.68001693  0.19365226]
 [-0.49703094 -0.20502003  0.6858359 ]]","[[ 0.71769637  0.24003394  0.65367866]
 [-0.00540927  0.94060636 -0.33945623]
 [-0.6963352   0.24009058  0.676368  ]]"
20200221-031746.320799,76,[2.0505877  1.4632922  0.48945212],"[[ 0.4970496  -0.19924921  0.6693862 ]
 [ 0.5023133   0.67502856  0.21073198]
 [-0.5033588   0.6799754   0.19419193]
 [-0.4972457  -0.20559767  0.68542236]]","[[ 0.7174943   0.24112101  0.6535002 ]
 [-0.0053887   0.94007    -0.34093973]
 [-0.6965435   0.2411008   0.6757941 ]]"
20200221-031746.320799,77,[2.060383   1.4605718  0.48726732],"[[ 0.49731073 -0.19859982  0.6691074 ]
 [ 0.4965989   0.67818093  0.2150967 ]
 [-0.5090657   0.6749112   0.19598247]
 [-0.49691403 -0.21242307  0.68382704]]","[[ 0.7137238   0.24547136  0.6560048 ]
 [-0.01306343  0.9410801  -0.3379313 ]
 [-0.7003055   0.23261993  0.6748779 ]]"
20200221-031746.320799,78,[2.070182   1.4599845  0.48620605],"[[ 0.49729756 -0.20046525  0.66853654]
 [ 0.49669933  0.6775689   0.21690762]
 [-0.50897163  0.67443293  0.19775037]
 [-0.49692374 -0.21413739  0.68330413]]","[[ 0.7137593   0.24419656  0.65644187]
 [-0.0129471   0.9416904  -0.3362315 ]
 [-0.7002716   0.23148933  0.6753017 ]]"
20200221-031746.320799,79,[2.0790286  1.4668213  0.48404464],"[[ 0.497195   -0.20343262  0.6678155 ]
 [ 0.4994197   0.6752683   0.2175144 ]
 [-0.5062495   0.6760384   0.19952753]
 [-0.4970799  -0.21354203  0.68330014]]","[[ 0.7155503   0.24171999  0.6554077 ]
 [-0.00929934  0.94143814 -0.33705786]
 [-0.69849926  0.23508699  0.6758942 ]]"
20200221-031746.320799,80,[2.0889075 1.4642941 0.4819036],"[[ 0.49693373 -0.20996825  0.6661856 ]
 [ 0.50486755  0.6704252   0.21929242]
 [-0.5007866   0.67903876  0.20370884]
 [-0.49737185 -0.21295539  0.6830888 ]]","[[ 0.71912277  0.23351602  0.6544714 ]
 [-0.00196836  0.94252455 -0.33413082]
 [-0.69488025  0.23899284  0.6782505 ]]"
20200221-031746.320799,81,[2.0993044 1.4708552 0.4798432],"[[ 0.49706042 -0.209236    0.666172  ]
 [ 0.50202274  0.67212945  0.22109672]
 [-0.5036376   0.67664194  0.20412406]
 [-0.497246   -0.21591161  0.68239623]]","[[ 0.7172295   0.23730624  0.6551854 ]
 [-0.00580553  0.9422296  -0.33491758]
 [-0.696813    0.23640904  0.6771725 ]]"
20200221-031746.320799,82,[2.1097999 1.4729264 0.4779956],"[[ 0.49693272 -0.21279517  0.6652347 ]
 [ 0.5046944   0.6696317   0.22231008]
 [-0.5009372   0.67799246  0.20652011]
 [-0.4973968  -0.21595879  0.6821956 ]]","[[ 0.71897316  0.23361646  0.6545999 ]
 [-0.00220541  0.9425811  -0.33397007]
 [-0.69503444  0.23867178  0.6782058 ]]"
20200221-031746.320799,83,[2.1203725  1.4730536  0.47509736],"[[ 0.4967841  -0.21728674  0.6639674 ]
 [ 0.5070283   0.6669739   0.2247619 ]
 [-0.49856204  0.678732    0.20998247]
 [-0.49755758 -0.21738195  0.6815691 ]]","[[ 0.7205065   0.2294364   0.6543922 ]
 [ 0.00099469  0.9433358  -0.331838  ]
 [-0.6934475   0.23974238  0.6794514 ]]"
20200221-031746.320799,84,[2.1307957  1.4729439  0.47237566],"[[ 0.4968368  -0.22160068  0.6624504 ]
 [ 0.50920963  0.6645715   0.22712298]
 [-0.49631733  0.67926085  0.2132716 ]
 [-0.49752182 -0.2187286   0.6812414 ]]","[[ 0.7221296   0.2253733   0.6540155 ]
 [ 0.00399806  0.944064   -0.32973817]
 [-0.69174653  0.24072836  0.6808353 ]]"
20200221-031746.320799,85,[2.1414464 1.4753174 0.4708305],"[[ 0.49670014 -0.2246536   0.6615996 ]
 [ 0.51156723  0.66236174  0.22806841]
 [-0.4938969   0.68044114  0.21529117]
 [-0.49764878 -0.21864954  0.68111753]]","[[ 0.72367704  0.22220527  0.65338856]
 [ 0.00722915  0.94425684 -0.32913104]
 [-0.6901011   0.24290797  0.6817305 ]]"
20200221-031746.320799,86,[2.1518822 1.473373  0.4695089],"[[ 0.4968648  -0.22482908  0.66125876]
 [ 0.5085608   0.6638556   0.23096265]
 [-0.49695602  0.67758673  0.21669526]
 [-0.49751976 -0.22276407  0.6800267 ]]","[[ 0.7217461   0.22404101  0.6548955 ]
 [ 0.00321471  0.9450696  -0.32685304]
 [-0.6921504   0.23801015  0.6813803 ]]"
20200221-031746.320799,87,[2.1624224  1.4758047  0.46804553],"[[ 0.49701244 -0.22443248  0.6611299 ]
 [ 0.50578654  0.66540664  0.23307641]
 [-0.49975863  0.6751315   0.2173913 ]
 [-0.49739316 -0.2259678   0.6792082 ]]","[[ 7.1992242e-01  2.2683167e-01  6.5594143e-01]
 [-5.1823031e-04  9.4526178e-01 -3.2631290e-01]
 [-6.9405442e-01  2.3458005e-01  6.8063271e-01]]"
20200221-031746.320799,88,[2.171688  1.4788456 0.4664213],"[[ 0.4966763  -0.22749358  0.6605408 ]
 [ 0.50827533  0.6629929   0.23394279]
 [-0.49723098  0.6765287   0.21944572]
 [-0.49772525 -0.22582477  0.67882276]]","[[ 0.721365    0.22377592  0.655406  ]
 [ 0.00285976  0.94538885 -0.3259326 ]
 [-0.6925492   0.23699068  0.6813304 ]]"
20200221-031746.320799,89,[2.1810567  1.4779758  0.46509025],"[[ 0.49680737 -0.22773398  0.66020757]
 [ 0.5055749   0.6642748   0.23663992]
 [-0.4999907   0.6739111   0.2207739 ]
 [-0.49758035 -0.22960854  0.6777806 ]]","[[ 7.1957368e-01  2.2560655e-01  6.5674609e-01]
 [-7.9842133e-04  9.4602114e-01 -3.2410380e-01]
 [-6.9441587e-01  2.3269226e-01  6.8091202e-01]]"
20200221-031746.320799,90,[2.1909325  1.4795531  0.46307337],"[[ 0.49699092 -0.22951262  0.6592885 ]
 [ 0.5051969   0.6639839   0.23877087]
 [-0.5003622   0.6728493   0.22259116]
 [-0.49740735 -0.23178436  0.6773334 ]]","[[ 0.7195072   0.22518946  0.6569618 ]
 [-0.00127112  0.9463956  -0.3230077 ]
 [-0.6944837   0.23157138  0.68122464]]"
20200221-031746.320799,91,[2.2006853  1.4830589  0.46212688],"[[ 0.4970365  -0.22707537  0.6599778 ]
 [ 0.50018954  0.6671481   0.24086653]
 [-0.5053739   0.6691124   0.22214667]
 [-0.49735567 -0.23587954  0.6760653 ]]","[[ 0.71596164  0.2309943   0.6588178 ]
 [-0.00799847  0.9463281  -0.32310885]
 [-0.698094    0.226064    0.67938226]]"
20200221-031746.320799,92,[2.2112076 1.4872524 0.459332 ],"[[ 0.49713728 -0.23060702  0.65864825]
 [ 0.50250745  0.6649121   0.24231233]
 [-0.5030235   0.66996855  0.22469181]
 [-0.49730086 -0.23633598  0.6760034 ]]","[[ 0.7176907   0.22806175  0.6579573 ]
 [-0.00487317  0.9464713  -0.3227512 ]
 [-0.6963449   0.22842915  0.6803851 ]]"
20200221-031746.320799,93,[2.2220886  1.4892774  0.45786935],"[[ 0.49700603 -0.23356539  0.6577955 ]
 [ 0.5048194   0.6627444   0.2432044 ]
 [-0.5006834   0.6711139   0.22669412]
 [-0.4974524  -0.23626974  0.67584485]]","[[ 0.7192255   0.22492306  0.65736175]
 [-0.00172567  0.9467236  -0.322043  ]
 [-0.6947747   0.23048712  0.6812958 ]]"
20200221-031746.320799,94,[2.2319682  1.4945906  0.45572624],"[[ 0.4971275  -0.23791447  0.6560954 ]
 [ 0.5093535   0.6592403   0.24341817]
 [-0.49605978  0.6736357   0.22908944]
 [-0.49734077 -0.23454978  0.67661244]]","[[ 0.7225974   0.21984746  0.6553778 ]
 [ 0.00444767  0.9465809  -0.32243595]
 [-0.69125473  0.23590636  0.68301904]]"
20200221-031746.320799,95,[2.2408845 1.501461  0.454119 ],"[[ 0.49724248 -0.23694754  0.65622103]
 [ 0.5067773   0.6608545   0.24482128]
 [-0.49865896  0.67157084  0.22907275]
 [-0.49725842 -0.23689692  0.6759898 ]]","[[ 0.7208578   0.22364438  0.6560087 ]
 [ 0.00095989  0.946185   -0.32362515]
 [-0.69308245  0.23391736  0.6818501 ]]"
20200221-031746.320799,96,[2.251395   1.511875   0.45235178],"[[ 0.49716288 -0.23539777  0.6568362 ]
 [ 0.5042235   0.6625104   0.24562164]
 [-0.50120324  0.6698532   0.22850573]
 [-0.49737647 -0.23867315  0.6752934 ]]","[[ 0.71894556  0.22833417  0.65649146]
 [-0.00246824  0.9453346  -0.32609352]
 [-0.69506216  0.23282303  0.68020743]]"
20200221-031746.320799,97,[2.2616768 1.5108999 0.4517704],"[[ 0.49716693 -0.23670916  0.6563414 ]
 [ 0.50414115  0.6620889   0.24701938]
 [-0.5012922   0.66930073  0.22983639]
 [-0.4973657  -0.24009088  0.67481285]]","[[ 0.7188796   0.22742783  0.656878  ]
 [-0.00258545  0.9458334  -0.32464194]
 [-0.69513     0.23168004  0.68052834]]"
20200221-031746.320799,98,[2.2719684 1.5101373 0.4511886],"[[ 0.4971667  -0.23797569  0.6558575 ]
 [ 0.5040295   0.6616981   0.24840418]
 [-0.5014105   0.66873413  0.2311177 ]
 [-0.49736038 -0.24149151  0.6743375 ]]","[[ 0.7187997   0.22657982  0.6572586 ]
 [-0.00272155  0.94631004 -0.32324946]
 [-0.69521207  0.2305628   0.6808237 ]]"
20200221-031746.320799,99,[2.2819877  1.5133405  0.45040515],"[[ 0.4969711  -0.23869908  0.65585387]
 [ 0.5040249   0.6613116   0.24915467]
 [-0.50139606  0.6685857   0.23184901]
 [-0.49757496 -0.24224544  0.6738128 ]]","[[ 0.7185965   0.22668931  0.65744275]
 [-0.00271651  0.94628733 -0.32331505]
 [-0.69542193  0.2305471   0.6806147 ]]"
20200221-031746.320799,100,[2.292318   1.5125962  0.44984344],"[[ 0.49697155 -0.23995411  0.6553689 ]
 [ 0.50392556  0.66091603  0.25051606]
 [-0.50150186  0.66802955  0.23311259]
 [-0.49756858 -0.24361655  0.6733439 ]]","[[ 0.7185241   0.22584116  0.6578138 ]
 [-0.00283827  0.94675565 -0.3219408 ]
 [-0.6954964   0.22945513  0.6809078 ]]"
20200221-031746.320799,101,[2.3026426  1.5117581  0.44929942],"[[ 0.49697292 -0.24119619  0.6548864 ]
 [ 0.5038031   0.66053075  0.2518847 ]
 [-0.501632    0.6674535   0.23437753]
 [-0.49755985 -0.24500898  0.6728636 ]]","[[ 0.7184415   0.22499834  0.65819275]
 [-0.00298188  0.9472278  -0.32054782]
 [-0.6955812   0.22833222  0.68119854]]"
20200221-031746.320799,102,[2.3124487 1.5170339 0.4473489],"[[ 0.4969844  -0.24227153  0.65445894]
 [ 0.50364846  0.66020626  0.2531147 ]
 [-0.50175244  0.66693026  0.23545747]
 [-0.49758354 -0.24624446  0.67244047]]","[[ 0.7183248   0.2254975   0.6581494 ]
 [-0.00317354  0.9470661  -0.32102352]
 [-0.69570094  0.22851041  0.6810165 ]]"
20200221-031746.320799,103,[2.3225338 1.5202303 0.4466245],"[[ 0.4967889  -0.24296118  0.6544633 ]
 [ 0.50366086  0.65982074  0.25381246]
 [-0.50172096  0.66680485  0.23614538]
 [-0.49779794 -0.2469364   0.67193204]]","[[ 0.7181319   0.22561076  0.6583207 ]
 [-0.00314916  0.9470335  -0.32111916]
 [-0.6958999   0.2285328   0.6808055 ]]"
20200221-031746.320799,104,[2.3329535  1.5174196  0.44516343],"[[ 0.49679816 -0.2451631   0.6536043 ]
 [ 0.5035275   0.65906376  0.2561579 ]
 [-0.5018611   0.6658589   0.23838733]
 [-0.49778256 -0.24932283  0.67108566]]","[[ 0.71803325  0.22407497  0.65895295]
 [-0.0033347   0.94785595 -0.31868184]
 [-0.6960011   0.22662675  0.68133926]]"
20200221-031746.320799,105,[2.344847  1.5157001 0.4425605],"[[ 0.49681747 -0.24783267  0.65255827]
 [ 0.5033255   0.658132    0.2590324 ]
 [-0.5020367   0.66468674  0.2411142 ]
 [-0.49779    -0.25225538  0.6700255 ]]","[[ 0.71788895  0.22260204  0.659609  ]
 [-0.003595    0.94867194 -0.31624106]
 [-0.6961487   0.22465464  0.6818414 ]]"
20200221-031746.320799,106,[2.355663   1.5237823  0.44230726],"[[ 0.49673006 -0.24587484  0.65337193]
 [ 0.5011319   0.6597788   0.25908846]
 [-0.5042034   0.66346073  0.2399355 ]
 [-0.49790025 -0.2530954   0.66963357]]","[[ 0.7161872   0.22667184  0.6600724 ]
 [-0.00654631  0.94792706 -0.3184197 ]
 [-0.6978773   0.22372708  0.6803773 ]]"
20200221-031746.320799,107,[2.3651025  1.526633   0.44113085],"[[ 0.49703932 -0.24547239  0.65302676]
 [ 0.49872276  0.66117805  0.26089305]
 [-0.506614    0.6612045   0.24034311]
 [-0.49756426 -0.2557264   0.6691238 ]]","[[ 0.71471816  0.22921766  0.6607857 ]
 [-0.00977621  0.9479539  -0.3182582 ]
 [-0.69934464  0.2210049   0.6797606 ]]"
20200221-031746.320799,108,[2.376391   1.5240525  0.44031033],"[[ 0.49714202 -0.24579401  0.6527039 ]
 [ 0.49648666  0.66206676  0.2632691 ]
 [-0.5088242   0.6589609   0.24143553]
 [-0.49744204 -0.25888938  0.66811365]]","[[ 0.71316946  0.23026724  0.6620925 ]
 [-0.0127621   0.94861674 -0.3161701 ]
 [-0.70087546  0.21703318  0.67946315]]"
20200221-031746.320799,109,[2.388437  1.5307055 0.4395647],"[[ 0.49717057 -0.24586941  0.6526473 ]
 [ 0.4965518   0.6620252   0.26327688]
 [-0.5087329   0.658992    0.24145815]
 [-0.497442   -0.2588443   0.66815805]]","[[ 0.7131913   0.2312065   0.6617417 ]
 [-0.01269683  0.94814354 -0.3175888 ]
 [-0.7008546   0.21809955  0.6791433 ]]"
20200221-031746.320799,110,[2.398343  1.5358868 0.4378018],"[[ 0.49720547 -0.24687992  0.65223134]
 [ 0.49652642  0.66164446  0.2643127 ]
 [-0.5087231   0.6585947   0.24245365]
 [-0.49744266 -0.25986582  0.6677942 ]]","[[ 0.7131627   0.23161201  0.66163045]
 [-0.01272946  0.9479632  -0.31812552]
 [-0.70088315  0.218453    0.6790002 ]]"
20200221-031746.320799,111,[2.4085267  1.5413665  0.43595102],"[[ 0.49702257 -0.24794997  0.6520837 ]
 [ 0.49656036  0.66107637  0.26536784]
 [-0.5086736   0.6583399   0.24354047]
 [-0.49764162 -0.26093584  0.66712433]]","[[ 0.71297836  0.23204592  0.6616771 ]
 [-0.0126963   0.94777167 -0.31869686]
 [-0.7010711   0.21882309  0.6786868 ]]"
20200221-031746.320799,112,[2.4187577  1.5425329  0.43444726],"[[ 0.4968451  -0.24958517  0.65171534]
 [ 0.4967207   0.6602344   0.26687258]
 [-0.50849926  0.6579815   0.24514526]
 [-0.49783695 -0.26240748  0.6662957 ]]","[[ 0.71287024  0.23135324  0.662036  ]
 [-0.01252496  0.94806755 -0.31782237]
 [-0.70118415  0.21827415  0.6787468 ]]"
20200221-031746.320799,113,[2.428163   1.5454389  0.43336326],"[[ 0.49697325 -0.25206012  0.65063053]
 [ 0.4989602   0.6584139   0.26730168]
 [-0.5062769   0.65903133  0.24677843]
 [-0.49773496 -0.26198146  0.66658086]]","[[ 0.71456885  0.22874409  0.661111  ]
 [-0.00957352  0.9481402  -0.31770834]
 [-0.6994999   0.22069532  0.6797011 ]]"
20200221-031746.320799,114,[2.4383898  1.546428   0.43192375],"[[ 0.4967868  -0.2535901   0.65028864]
 [ 0.49898034  0.65767145  0.2688325 ]
 [-0.5062401   0.65857595  0.2483099 ]
 [-0.49793828 -0.26351184  0.6657299 ]]","[[ 0.7143832   0.2281603   0.6615131 ]
 [-0.00954868  0.9484405  -0.31681165]
 [-0.69968957  0.22000831  0.67972857]]"
20200221-031746.320799,115,[2.447559  1.553181  0.4306784],"[[ 0.4968895  -0.25823414  0.6484302 ]
 [ 0.5054404   0.65320814  0.2675131 ]
 [-0.49974358  0.6626902   0.25053647]
 [-0.49788275 -0.2597622   0.66723746]]","[[ 7.1913409e-01  2.2163294e-01  6.5857810e-01]
 [-8.9615310e-04  9.4806486e-01 -3.1807616e-01]
 [-6.9487077e-01  2.2814918e-01  6.8198419e-01]]"
20200221-031746.320799,116,[2.4567685  1.5599235  0.42946514],"[[ 0.49675718 -0.2600483   0.64789826]
 [ 0.50755     0.6515289   0.26738343]
 [-0.49758667  0.66400295  0.25153086]
 [-0.4980283  -0.25881332  0.66743255]]","[[ 0.72052914  0.22011855  0.6575602 ]
 [ 0.00194888  0.94763273 -0.31935602]
 [-0.6934217   0.23138684  0.68236804]]"
