Timestamp,Epoch,s,u,v
20200220-205832.032143,0,[1.8274522  1.420677   0.76252335],"[[ 0.2549469  -0.5021639  -0.65774465]
 [ 0.6516859  -0.50776875  0.26018533]
 [ 0.6626972   0.49218556  0.2614993 ]
 [ 0.26672146  0.4977508  -0.6567298 ]]","[[ 0.48850814 -0.71111864 -0.5056385 ]
 [ 0.7135638  -0.00793269  0.70054555]
 [ 0.50218207  0.7030274  -0.5035533 ]]"
20200220-205832.032143,1,[1.8062009 1.4271938 0.7603053],"[[ 0.2556616  -0.4988203   0.6604518 ]
 [ 0.6628126  -0.49630868 -0.25287038]
 [ 0.6581245   0.50374615 -0.25217324]
 [ 0.24937642  0.5010946   0.66050625]]","[[ 0.49457362 -0.70499307  0.50831246]
 [ 0.719375    0.00383611 -0.69461125]
 [ 0.48774627  0.70920354  0.5090518 ]]"
20200220-205832.032143,2,[1.7855097  1.4339702  0.75793916],"[[ 0.25046954 -0.49762598  0.66346776]
 [ 0.6688805  -0.49204448 -0.24472404]
 [ 0.65832704  0.5079805  -0.24339917]
 [ 0.2376326   0.5022113   0.66383547]]","[[ 0.49406546 -0.7026754   0.51200235]
 [ 0.72520864  0.00825031 -0.68847966]
 [ 0.47955367  0.7114626   0.5136625 ]]"
20200220-205832.032143,3,[1.7678747 1.4408687 0.7539258],"[[ 0.23564148 -0.49885726  0.6677973 ]
 [ 0.6701366  -0.49632192 -0.23284462]
 [ 0.6653943   0.5037644  -0.23223682]
 [ 0.2294348   0.50102633  0.66775423]]","[[ 0.48471797 -0.7050069   0.5177003 ]
 [ 0.7325882   0.00385827 -0.68066114]
 [ 0.47787347  0.7091899   0.51834995]]"
20200220-205832.032143,4,[1.7424601 1.4478319 0.7504308],"[[ 0.22090344  0.50012535  0.6716965 ]
 [ 0.6703782   0.5013835  -0.22158839]
 [ 0.67253155 -0.4987292  -0.22179218]
 [ 0.22247697 -0.4997587   0.67121595]]","[[ 0.47439557  0.7077407   0.52349967]
 [ 0.7400151   0.00146943 -0.6725886 ]
 [ 0.47678736 -0.7064709   0.52304184]]"
20200220-205832.032143,5,[1.7266482 1.4546673 0.7468915],"[[ 0.21103635  0.5000778   0.67474335]
 [ 0.6743138   0.5006937  -0.21148163]
 [ 0.67513466 -0.49943778 -0.21158688]
 [ 0.21203208 -0.4997898   0.6747058 ]]","[[ 4.6989578e-01  7.0746750e-01  5.2790868e-01]
 [ 7.4650854e-01  6.7334052e-04 -6.6537547e-01]
 [ 4.7108698e-01 -7.0674556e-01  5.2781397e-01]]"
20200220-205832.032143,6,[1.7123892  1.4616444  0.74462646],"[[ 0.20347267  0.50008714  0.67704016]
 [ 0.676441    0.5009282  -0.20404989]
 [ 0.6775635  -0.49923936 -0.20419991]
 [ 0.2047768  -0.499744    0.67696553]]","[[ 0.46572635  0.7075861   0.5314328 ]
 [ 0.7514594   0.00092366 -0.65977865]
 [ 0.46734092 -0.70662653  0.5312921 ]]"
20200220-205832.032143,7,[1.6978779 1.4686174 0.7409011],"[[ 0.19295357  0.50012165  0.6802316 ]
 [ 0.6786331   0.501782   -0.19389315]
 [ 0.6813113  -0.49840122 -0.19410144]
 [ 0.19504108 -0.49968877  0.67971677]]","[[ 0.4598124   0.7079372   0.53609455]
 [ 0.7578071   0.00189243 -0.65247595]
 [ 0.46292654 -0.7062728   0.5356096 ]]"
20200220-205832.032143,8,[1.692546  1.4757581 0.7370819],"[[ 0.1893002  -0.49859038  0.6823922 ]
 [ 0.6868904  -0.4938248  -0.18499668]
 [ 0.6782025   0.50632477 -0.18427974]
 [ 0.17996788  0.50117856  0.6827576 ]]","[[ 0.46280068 -0.7037036   0.53908896]
 [ 0.7631098   0.00680767 -0.64623314]
 [ 0.4510866   0.7104611   0.5401537 ]]"
20200220-205832.032143,9,[1.6786267  1.4828887  0.73315597],"[[ 0.17958301 -0.49852243  0.68504596]
 [ 0.68988746 -0.4933428  -0.17492294]
 [ 0.680483    0.5068412  -0.17422332]
 [ 0.16955373  0.5011993   0.6853911 ]]","[[ 0.45806512 -0.70342416  0.54348046]
 [ 0.7693072   0.00738909 -0.6388365 ]
 [ 0.44535705  0.7107321   0.5445341 ]]"
20200220-205832.032143,10,[1.659561  1.4903996 0.7279838],"[[ 0.16802445 -0.49837318  0.68809384]
 [ 0.6938881  -0.49197802 -0.1624407 ]
 [ 0.68259454  0.50818485 -0.16164659]
 [ 0.15605026  0.501328    0.68848413]]","[[ 0.4527181  -0.70265895  0.5489233 ]
 [ 0.77705294  0.00897939 -0.62937135]
 [ 0.43730438  0.71147007  0.5500684 ]]"
20200220-205832.032143,11,[1.6502957 1.4979926 0.7218183],"[[ 0.15586257 -0.4983169   0.69099206]
 [ 0.697641   -0.49077496 -0.14948645]
 [ 0.68467283  0.5093664  -0.14861116]
 [ 0.14222087  0.50136393  0.69144654]]","[[ 0.44752073 -0.70202345  0.55397505]
 [ 0.78424376  0.01039605 -0.6203658 ]
 [ 0.42975217  0.7120779   0.55520993]]"
20200220-205832.032143,12,[1.644295  1.5051877 0.7171556],"[[ 0.14640884 -0.4982951   0.6930695 ]
 [ 0.7002641  -0.48998612 -0.13949445]
 [ 0.6861891   0.51014316 -0.13860974]
 [ 0.13167967  0.5013681   0.6935298 ]]","[[ 0.44341227 -0.7016025   0.55779874]
 [ 0.7896493   0.01134061 -0.6134537 ]
 [ 0.4240749   0.71247846  0.55904853]]"
20200220-205832.032143,13,[1.6443094  1.5125035  0.71356064],"[[ 0.1386536  -0.49834165  0.6947732 ]
 [ 0.7010399  -0.4907176  -0.13203381]
 [ 0.688336    0.50945246 -0.13118084]
 [ 0.12454447  0.50130826  0.6947293 ]]","[[ 0.43940338 -0.7018949   0.5605963 ]
 [ 0.7933614   0.01053339 -0.60865974]
 [ 0.42131016  0.7122026   0.5614849 ]]"
20200220-205832.032143,14,[1.6313101 1.520125  0.7102289],"[[ 0.12088846  0.5002461   0.6965336 ]
 [ 0.69346577  0.50386405 -0.12330563]
 [ 0.69902366 -0.496393   -0.12350937]
 [ 0.1259258  -0.49946865  0.695976  ]]","[[ 0.42208192  0.7090673   0.5648631 ]
 [ 0.7984515   0.00431602 -0.60204375]
 [ 0.42932758 -0.70512754  0.5643342 ]]"
20200220-205832.032143,15,[1.6188141 1.5277642 0.7068721],"[[ 0.12497721 -0.49787074  0.69768214]
 [ 0.70655566 -0.48694065 -0.11570286]
 [ 0.6884917   0.5131914  -0.11484788]
 [ 0.10554289  0.5016456   0.69761235]]","[[ 0.43380898 -0.6997013   0.56765115]
 [ 0.80326897  0.01496309 -0.5954285 ]
 [ 0.40812826  0.71427876  0.56853956]]"
20200220-205832.032143,16,[1.6064584 1.5355356 0.7018148],"[[ 0.10097644  0.50037587  0.69959956]
 [ 0.69540226  0.5054458  -0.10453276]
 [ 0.70321107 -0.4948394  -0.10467716]
 [ 0.10823115 -0.49928266  0.6990539 ]]","[[ 0.40999946  0.70993793  0.57261586]
 [ 0.80943066  0.00614768 -0.5871835 ]
 [ 0.42038402 -0.70423764  0.5721249 ]]"
20200220-205832.032143,17,[1.5955594 1.5428864 0.698446 ],"[[ 0.11224219 -0.49686348  0.70051974]
 [ 0.71506375 -0.47856963 -0.0971172 ]
 [ 0.6852076   0.5213704  -0.09629268]
 [ 0.08109241  0.50226545  0.70040566]]","[[ 0.4316448  -0.69484174  0.57521963]
 [ 0.81371486  0.02473054 -0.58073795]
 [ 0.38929555  0.71873736  0.5760778 ]]"
20200220-205832.032143,18,[1.5884126 1.5495528 0.6939492],"[[ 0.16708979 -0.48074806  0.70099276]
 [ 0.77205443 -0.38149685 -0.0889947 ]
 [ 0.61316735  0.6062128  -0.08610994]
 [ 0.00623614  0.50581384  0.7023348 ]]","[[ 0.5124142  -0.63590986  0.5771051 ]
 [ 0.8085108   0.13078992 -0.5737633 ]
 [ 0.2893822   0.76060015  0.58115864]]"
20200220-205832.032143,19,[1.5769958 1.5563046 0.6898523],"[[ 0.22879027 -0.4529548   0.702055  ]
 [ 0.8216236  -0.26096022 -0.07999744]
 [ 0.5161935   0.69172883 -0.07711021]
 [-0.07832202  0.49823987  0.7034014 ]]","[[ 0.5970585  -0.5533791   0.58076936]
 [ 0.7846568   0.25229195 -0.566271  ]
 [ 0.16683905  0.7938014   0.5848456 ]]"
20200220-205832.032143,20,[1.5707053 1.5584831 0.6857407],"[[ 0.43685734 -0.25559765  0.7029883 ]
 [ 0.8282724   0.24187244 -0.07111989]
 [ 0.04373253  0.86275095 -0.0682117 ]
 [-0.34814933  0.36308208  0.70434123]]","[[ 0.8008778  -0.13092679  0.58433974]
 [ 0.5141025   0.6507104  -0.55881536]
 [-0.307072    0.7479533   0.5884493 ]]"
20200220-205832.032143,21,[1.5766654 1.562652  0.6801919],"[[ 0.47224376 -0.17864785  0.70386773]
 [ 0.77000576  0.39093435 -0.06219086]
 [-0.11543174  0.8567631  -0.05938881]
 [-0.41322163  0.28497702  0.70510644]]","[[ 0.8094164   0.01529987  0.5870357 ]
 [ 0.38729873  0.7375151  -0.55323684]
 [-0.44141212  0.67515725  0.5910312 ]]"
20200220-205832.032143,22,[1.5820892 1.5518756 0.6754212],"[[-0.5031608  -0.00572411  0.7049098 ]
 [-0.57683545  0.6437888  -0.05185412]
 [ 0.41718245  0.7576729  -0.05020196]
 [ 0.48994806  0.10693453  0.7056155 ]]","[[-0.7476257   0.30161783  0.5916779 ]
 [-0.09514385  0.8330856  -0.5449002 ]
 [ 0.65726984  0.46367583  0.5941391 ]]"
20200220-205832.032143,23,[1.5902821 1.5415242 0.6693833],"[[-0.5021682   0.00571502  0.70561904]
 [-0.54770327  0.6695066  -0.04090399]
 [ 0.45039272  0.7390773  -0.03923514]
 [ 0.4949694   0.07411707  0.706321  ]]","[[-0.7330455   0.32833973  0.5956825 ]
 [-0.05839708  0.8421578  -0.53606   ]
 [ 0.6776683   0.4277423   0.5981658 ]]"
20200220-205832.032143,24,[1.5982459  1.529557   0.66458565],"[[-0.50031805  0.02344881  0.7063796 ]
 [-0.510412    0.69907856 -0.0308221 ]
 [ 0.49002248  0.71366227 -0.03039037]
 [ 0.49903804  0.03775159  0.70650846]]","[[-0.7129885   0.3625955   0.6001433 ]
 [-0.01242746  0.84924066 -0.5278597 ]
 [ 0.70106554  0.38381618  0.6009928 ]]"
20200220-205832.032143,25,[1.6060536 1.5267167 0.6606677],"[[-0.5012577   0.00277125  0.7060932 ]
 [-0.52949816  0.6849945  -0.02453606]
 [ 0.4702011   0.7271771  -0.02294983]
 [ 0.49727592  0.04458906  0.70732147]]","[[-0.72368187  0.33853042  0.6013999 ]
 [-0.03596912  0.85173905 -0.5227302 ]
 [ 0.68919593  0.39992204  0.60421145]]"
20200220-205832.032143,26,[1.6141995  1.519954   0.65530777],"[[-0.5001583   0.00914856  0.706647  ]
 [-0.50774807  0.7017337  -0.0147147 ]
 [ 0.49281016  0.7121017  -0.01437315]
 [ 0.49917096  0.0199306   0.7072672 ]]","[[-0.71165353  0.3564449   0.6053895 ]
 [-0.00922755  0.8569099  -0.5153837 ]
 [ 0.70247006  0.37236097  0.6065339 ]]"
20200220-205832.032143,27,[1.6225276  1.5134578  0.64998835],"[[ 4.9923906e-01  1.1426413e-02  7.0709234e-01]
 [ 4.9158445e-01  7.1346998e-01 -5.1008482e-03]
 [-5.0896806e-01  7.0059258e-01 -6.0471436e-03]
 [-5.0005645e-01 -2.8791183e-04  7.0707703e-01]]","[[ 0.70236593  0.36806276  0.6092717 ]
 [-0.01043735  0.8611729  -0.50820476]
 [-0.71173954  0.35058638  0.60870016]]"
20200220-205832.032143,28,[1.6309372  1.5118254  0.64423823],"[[ 0.49838743  0.01205465  0.7076674 ]
 [ 0.47827172  0.7224822   0.00408415]
 [-0.52186716  0.6910461   0.00194056]
 [-0.5005204  -0.01814834  0.7065311 ]]","[[ 0.6943731   0.37724096  0.61280936]
 [-0.02651822  0.86441475 -0.5020798 ]
 [-0.71912634  0.33238012  0.61023   ]]"
20200220-205832.032143,29,[1.6396259  1.5032073  0.64012927],"[[ 0.49863583  0.00239706  0.7075933 ]
 [ 0.48128718  0.72039187  0.01166042]
 [-0.5189719   0.6931611   0.00951009]
 [-0.5003933  -0.02362231  0.7064602 ]]","[[ 0.696082    0.36953804  0.61555815]
 [-0.02299368  0.86840266 -0.4953267 ]
 [-0.71759427  0.330634    0.61297643]]"
20200220-205832.032143,30,[1.6482657  1.4977349  0.63486636],"[[ 4.9825311e-01 -1.7406537e-04  7.0771110e-01]
 [ 4.7258928e-01  7.2609335e-01  2.0644804e-02]
 [-5.2727711e-01  6.8655270e-01  1.7281542e-02]
 [-5.0038153e-01 -3.7863895e-02  7.0598865e-01]]","[[ 0.690796    0.37356374  0.6190725 ]
 [-0.0336005   0.87185687 -0.48860684]
 [-0.72226846  0.31672645  0.6148274 ]]"
20200220-205832.032143,31,[1.6570114 1.496817  0.6291283],"[[ 0.49800587 -0.0028536   0.70772415]
 [ 0.4644691   0.73118395  0.02927727]
 [-0.5348989   0.68024075  0.02472394]
 [-0.5001418  -0.05132304  0.70544887]]","[[ 0.6858334   0.37762833  0.6221167 ]
 [-0.04349601  0.87458086 -0.48292476]
 [-0.72645736  0.30414632  0.6162423 ]]"
20200220-205832.032143,32,[1.6657741  1.49948    0.62485504],"[[ 0.49766955 -0.00320738  0.7079575 ]
 [ 0.45667762  0.73580784  0.03535425]
 [-0.5420911   0.6743171   0.02982923]
 [-0.49990788 -0.06223234  0.7047384 ]]","[[ 0.68087226  0.3829035   0.624338  ]
 [-0.0529418   0.87595314 -0.4794821 ]
 [-0.7304862   0.2934125   0.6166838 ]]"
20200220-205832.032143,33,[1.6746017  1.4917355  0.62094206],"[[ 0.49810746 -0.01366999 -0.70755994]
 [ 0.4620411   0.7320553  -0.04212836]
 [-0.53715235  0.6779529  -0.03681858]
 [-0.49987417 -0.06548398 -0.70443493]]","[[ 0.6839783   0.37348092 -0.6266466 ]
 [-0.04679577  0.87969905  0.47322288]
 [-0.7279999   0.29434964 -0.61917233]]"
20200220-205832.032143,34,[1.6829634 1.4892037 0.616544 ],"[[ 0.49846032 -0.0223708  -0.7070906 ]
 [ 0.46530426  0.72958326 -0.04855776]
 [-0.53416634  0.67995274 -0.04344619]
 [-0.4996959  -0.06980409 -0.7041149 ]]","[[ 0.6859068   0.3668586  -0.6284479 ]
 [-0.04308785  0.8825809   0.46818233]
 [-0.72641265  0.29405096 -0.62117547]]"
20200220-205832.032143,35,[1.6908381 1.4846101 0.6133701],"[[ 0.49895862 -0.03513668 -0.7063665 ]
 [ 0.47625995  0.7219769  -0.05336788]
 [-0.5239285   0.68767166 -0.04967017]
 [-0.49971563 -0.06798603 -0.70408195]]","[[ 0.6925168   0.35266948 -0.6293208 ]
 [-0.02995197  0.8856623   0.46336278]
 [-0.7207796   0.30203712 -0.6238991 ]]"
20200220-205832.032143,36,[1.6997375  1.4778419  0.60954446],"[[-0.49854428 -0.03342713 -0.7064325 ]
 [-0.46374977  0.72980237 -0.06105953]
 [ 0.5357112   0.6778073  -0.05492647]
 [ 0.4994027  -0.08275543 -0.702999  ]]","[[-0.68460983  0.36120456 -0.63311976]
 [ 0.04540244  0.8880293   0.4575396 ]
 [ 0.72749436  0.28449094 -0.6243532 ]]"
20200220-205832.032143,37,[1.7080988 1.4777075 0.6060019],"[[-0.49862278 -0.03518635 -0.7059996 ]
 [-0.45855254  0.7329018  -0.06665583]
 [ 0.5405237   0.67330146 -0.05930079]
 [ 0.4989379  -0.09100566 -0.70257056]]","[[-0.68142676  0.36384806 -0.635037  ]
 [ 0.0518744   0.8895003   0.4539804 ]
 [ 0.7300455   0.27641228 -0.6250038 ]]"
20200220-205832.032143,38,[1.716617  1.4702624 0.6016059],"[[-0.49909827 -0.04908395 -0.7050026 ]
 [-0.46877733  0.7255921  -0.07316449]
 [ 0.5310723   0.680258   -0.06718782]
 [ 0.49910998 -0.09140855 -0.7022136 ]]","[[-0.687684    0.3492238  -0.6365008 ]
 [ 0.03964371  0.89346534  0.447379  ]
 [ 0.7249268   0.2824221  -0.6282665 ]]"
20200220-205832.032143,39,[1.7250692 1.4689338 0.5975038],"[[-0.49947143 -0.05627101 -0.7040841 ]
 [-0.47085452  0.7237814  -0.07878656]
 [ 0.5291302   0.68105733 -0.07295398]
 [ 0.4988445  -0.0955772  -0.70195174]]","[[-0.6890886   0.34412548 -0.6377577 ]
 [ 0.03726167  0.89571875  0.44305703]
 [ 0.72371876  0.28154147 -0.6300522 ]]"
20200220-205832.032143,40,[1.7335603  1.4678427  0.59343535],"[[-0.4997754  -0.06295796 -0.70317763]
 [-0.47239104  0.72228616 -0.08432763]
 [ 0.527692    0.6814285  -0.078518  ]
 [ 0.49861068 -0.09997282 -0.70161587]]","[[-0.6901607   0.33963037 -0.6390065 ]
 [ 0.03549297  0.897849    0.43887046]
 [ 0.72278523  0.28021088 -0.63171476]]"
20200220-205832.032143,41,[1.7428563 1.4660096 0.5893398],"[[-0.49989998 -0.06951178 -0.70248514]
 [-0.47384283  0.720648   -0.08987383]
 [ 0.5263169   0.681835   -0.08413515]
 [ 0.49856168 -0.10457333 -0.70096976]]","[[-0.6909971   0.3351233  -0.6404806 ]
 [ 0.03380938  0.90005356  0.43446565]
 [ 0.7220664   0.27856034 -0.6332649 ]]"
20200220-205832.032143,42,[1.7511963 1.4611412 0.585762 ],"[[-0.50006485 -0.08378413 -0.7011114 ]
 [-0.48687968  0.711011   -0.09419933]
 [ 0.5138768   0.69074047 -0.09116602]
 [ 0.4988124  -0.10159353 -0.70089823]]","[[-0.6990213   0.31814077 -0.6404341 ]
 [ 0.01763969  0.90298426  0.42931122]
 [ 0.7148833   0.2888007  -0.636817  ]]"
20200220-205832.032143,43,[1.7596298  1.4619619  0.58251286],"[[-0.4999346  -0.08472468 -0.70108247]
 [-0.48216102  0.7135855  -0.0989266 ]
 [ 0.5184822   0.68682027 -0.0948277 ]
 [ 0.498761   -0.10906611 -0.6997889 ]]","[[-0.6958621   0.32118604 -0.6423516 ]
 [ 0.02368736  0.90419936  0.42645356]
 [ 0.71778476  0.2815373  -0.636806  ]]"
20200220-205832.032143,44,[1.7681259 1.4628172 0.5793052],"[[-0.49981728 -0.08579545 -0.7010296 ]
 [-0.47774452  0.7159007  -0.10354029]
 [ 0.52275664  0.68309397 -0.09840963]
 [ 0.49866667 -0.11622271 -0.6986793 ]]","[[-0.6928561   0.3239443  -0.6442134 ]
 [ 0.02935622  0.905337    0.42367822]
 [ 0.7204782   0.2746363  -0.63677794]]"
20200220-205832.032143,45,[1.7766805 1.4690447 0.5764038],"[[-0.4999273  -0.08870987 -0.70059586]
 [-0.47805128  0.7152942  -0.10621392]
 [ 0.522461    0.68292385 -0.10117712]
 [ 0.49857208 -0.11874358 -0.69831765]]","[[-0.69307554  0.3231215  -0.6443905 ]
 [ 0.02899937  0.9056866   0.42295495]
 [ 0.7202816   0.2744529  -0.6370794 ]]"
20200220-205832.032143,46,[1.7859375 1.4666734 0.5719828],"[[-0.4998634  -0.09188872 -0.7002493 ]
 [-0.4742607   0.71683866 -0.11246966]
 [ 0.5260644   0.67937016 -0.10642156]
 [ 0.4984675  -0.12710088 -0.6969046 ]]","[[-0.6904265   0.32394037 -0.6468183 ]
 [ 0.03387694  0.90763086  0.41840005]
 [ 0.7226089   0.2669622  -0.63762647]]"
20200220-205832.032143,47,[1.7955008  1.4685533  0.56957716],"[[-0.499954   -0.09560031 -0.69971544]
 [-0.47544602  0.7155746  -0.11528118]
 [ 0.5249362   0.6797853  -0.10948157]
 [ 0.49843648 -0.12924947 -0.6965073 ]]","[[-0.691125    0.32147923 -0.64730006]
 [ 0.03248203  0.90853673  0.4165403 ]
 [ 0.72200495  0.26685572 -0.6383548 ]]"
20200220-205832.032143,48,[1.804287  1.4680543 0.5659345],"[[-0.49987012 -0.10087069 -0.69918704]
 [-0.47663233  0.7138824  -0.11974795]
 [ 0.5238362   0.6800448  -0.1142125 ]
 [ 0.49854475 -0.13317735 -0.6955239 ]]","[[-0.6916388   0.31799993 -0.6484689 ]
 [ 0.03109774  0.91013277  0.4131482 ]
 [ 0.72157377  0.26558346 -0.6393722 ]]"
20200220-205832.032143,49,[1.8134059 1.4618577 0.5621219],"[[-0.49985558 -0.11077554 -0.69786036]
 [-0.48289925  0.70860475 -0.12481253]
 [ 0.5178536   0.6836921  -0.12072233]
 [ 0.49877906 -0.1348083  -0.6948663 ]]","[[-0.69551176  0.3076823  -0.64930356]
 [ 0.02327371  0.91284764  0.40763658]
 [ 0.71813774  0.2684043  -0.64205724]]"
20200220-205832.032143,50,[1.821633  1.4676561 0.5588269],"[[-0.4998468  -0.1170155  -0.69698393]
 [-0.48777485  0.7046826  -0.12718199]
 [ 0.51314884  0.6867371  -0.12442733]
 [ 0.49890637 -0.13461766 -0.69466275]]","[[-0.6986014   0.30191085 -0.6486957 ]
 [ 0.01708286  0.91339797  0.4067095 ]
 [ 0.7153072   0.27304623 -0.6432586 ]]"
20200220-205832.032143,51,[1.8306646 1.4632639 0.5556648],"[[-0.49983504 -0.12227806 -0.69608444]
 [-0.48853555  0.7032909  -0.13189234]
 [ 0.5124445   0.6864011  -0.12922776]
 [ 0.49889725 -0.1388636  -0.693809  ]]","[[-0.699016    0.29803765 -0.65003836]
 [ 0.01618701  0.9153716   0.40228423]
 [ 0.7149226   0.27068105 -0.64468384]]"
20200220-205832.032143,52,[1.8393432  1.4646342  0.55283475],"[[-0.5001083  -0.12313452 -0.69545704]
 [-0.48462394  0.70554507 -0.13586482]
 [ 0.5162733   0.6827216  -0.13192914]
 [ 0.49849147 -0.14469165 -0.693163  ]]","[[-0.6966773   0.30066618 -0.65133756]
 [ 0.02128201  0.916196    0.40016487]
 [ 0.71706903  0.264924   -0.6446917 ]]"
20200220-205832.032143,53,[1.8482914  1.4645625  0.54944205],"[[-0.5003226  -0.12780899 -0.69434077]
 [-0.48538983  0.7043574  -0.13989903]
 [ 0.5155407   0.6823416  -0.13606133]
 [ 0.4982887  -0.14817257 -0.69268036]]","[[-0.69730204  0.29776654 -0.65200067]
 [ 0.0203897   0.9175      0.39721256]
 [ 0.7164873   0.26368302 -0.645846  ]]"
20200220-205832.032143,54,[1.8570305 1.4671305 0.5473116],"[[-0.5002754  -0.13614349 -0.69293225]
 [-0.49423817  0.6977907  -0.14102884]
 [ 0.5069114   0.6882117  -0.13974875]
 [ 0.4984918  -0.14463006 -0.6931278 ]]","[[-0.703067    0.28735158 -0.65048134]
 [ 0.00900844  0.9182489   0.39590162]
 [ 0.7110666   0.27248552 -0.64817894]]"
20200220-205832.032143,55,[1.8660593 1.4670995 0.5440261],"[[-0.50044715 -0.14031039 -0.69184506]
 [-0.49449292  0.6969486  -0.14495997]
 [ 0.5066724   0.68744934 -0.14364491]
 [ 0.49830988 -0.1482879  -0.6926064 ]]","[[-0.7033812   0.28505135 -0.6511534 ]
 [ 0.00872323  0.91946125  0.39308387]
 [ 0.71075946  0.27080765 -0.6492182 ]]"
20200220-205832.032143,56,[1.8751116  1.4696045  0.54197884],"[[-0.50028443 -0.14268602 -0.6916112 ]
 [-0.49478564  0.6961302  -0.14715649]
 [ 0.5064016   0.6873143  -0.14600904]
 [ 0.49845785 -0.150475   -0.69188184]]","[[-0.70337164  0.28396666 -0.65163755]
 [ 0.00837134  0.919983    0.39186874]
 [ 0.7107731   0.27017435 -0.6494671 ]]"
20200220-205832.032143,57,[1.8848156 1.4681354 0.5380479],"[[-0.50041556 -0.14487198  0.69092137]
 [-0.4910238   0.6978017   0.15247078]
 [ 0.5101147   0.68354553  0.15004134]
 [ 0.49825972 -0.15764019  0.6905562 ]]","[[-0.700954    0.28547323  0.65358114]
 [ 0.01329388  0.9214689  -0.3882247 ]
 [ 0.71308243  0.26343903  0.64970237]]"
20200220-205832.032143,58,[1.8946027 1.4648951 0.5358418],"[[-0.500531   -0.14614905  0.6904467 ]
 [-0.48774722  0.6993459   0.15647192]
 [ 0.5133241   0.68037546  0.15290196]
 [ 0.49806613 -0.16323352  0.6895076 ]]","[[-0.69879115  0.28667697  0.6553681 ]
 [ 0.01762199  0.9228023  -0.38487074]
 [ 0.7151087   0.25739533  0.6498979 ]]"
20200220-205832.032143,59,[1.9035913  1.462536   0.53360415],"[[-0.5006023  -0.14737342  0.68999314]
 [-0.48451403  0.70085037  0.16041777]
 [ 0.5165122   0.6772188   0.15564811]
 [ 0.49785423 -0.16871482  0.6884398 ]]","[[-0.6966192   0.2880485   0.65707666]
 [ 0.02189861  0.92397195 -0.38183317]
 [ 0.7171068   0.25160325  0.6499643 ]]"
20200220-205832.032143,60,[1.912485  1.4653413 0.5317226],"[[-0.5005431  -0.15457098  0.68859565]
 [-0.4922968   0.6950781   0.16117597]
 [ 0.50894743  0.6823261   0.15894477]
 [ 0.49806887 -0.16554485  0.6889082 ]]","[[-0.70181346  0.27897832  0.6554608 ]
 [ 0.01182963  0.92456216 -0.38084742]
 [ 0.7122624   0.25953004  0.65217036]]"
20200220-205832.032143,61,[1.9218494 1.4615343 0.5290115],"[[-0.50051475 -0.1588036   0.68765116]
 [-0.4926879   0.6938719   0.16513447]
 [ 0.5085976   0.68166494  0.16295661]
 [ 0.4980688  -0.16928259  0.6879768 ]]","[[-0.70201963  0.27589628  0.6565441 ]
 [ 0.01136794  0.9261321  -0.37702844]
 [ 0.71206707  0.2572178   0.65329903]]"
20200220-205832.032143,62,[1.931599   1.4606398  0.52531004],"[[-0.5003856  -0.16562572  0.68627596]
 [-0.49664372  0.69003433  0.16866392]
 [ 0.5047098   0.6835251   0.16788958]
 [ 0.49822435 -0.17092173  0.68730676]]","[[-0.7045455   0.26932007  0.6565685 ]
 [ 0.00623074  0.9275009  -0.3737688 ]
 [ 0.7096315   0.25924623  0.65514463]]"
20200220-205832.032143,63,[1.9414335  1.4646933  0.52418643],"[[-0.5002311  -0.16904075  0.68568236]
 [-0.50023663  0.68719643  0.1690545 ]
 [ 0.5011501   0.68587375  0.16958554]
 [ 0.49837843 -0.16959827  0.6873872 ]]","[[-0.7068467   0.2653534   0.65570974]
 [ 0.00151161  0.9275372  -0.37372747]
 [ 0.7073651   0.26317692  0.656028  ]]"
20200220-205832.032143,64,[1.9517775  1.4693536  0.52367705],"[[-0.50022614 -0.16935019  0.6856146 ]
 [-0.5001702   0.6871482   0.16942187]
 [ 0.50120884  0.68574715  0.16992617]
 [ 0.49839047 -0.16999684  0.68727994]]","[[-0.7068101   0.26576605  0.6555822 ]
 [ 0.00157571  0.92733365 -0.37423238]
 [ 0.7074016   0.26347822  0.6558675 ]]"
20200220-205832.032143,65,[1.9604709 1.4755433 0.5210089],"[[ 0.50003463 -0.17358486  0.68482155]
 [ 0.50355476  0.684187    0.17080171]
 [-0.4978304   0.6877059   0.17253079]
 [-0.49856094 -0.16975608  0.6870803 ]]","[[ 0.7089708   0.2620072   0.6547615 ]
 [ 0.00291422  0.9273302  -0.37423274]
 [-0.705232    0.2672281   0.6566863 ]]"
20200220-205832.032143,66,[1.9698118  1.4802818  0.51769423],"[[ 0.500167   -0.17628573  0.68389404]
 [ 0.50334495  0.6837738   0.17366913]
 [-0.49805546  0.68672204  0.17520294]
 [-0.49841464 -0.17259511  0.6866089 ]]","[[ 0.7090059   0.26156092  0.6549018 ]
 [ 0.00265082  0.92767704 -0.37337428]
 [-0.7051975   0.26646066  0.6570352 ]]"
20200220-205832.032143,67,[1.9789386  1.4779763  0.51573074],"[[-0.5006497  -0.17259936  0.68407   ]
 [-0.49331617  0.6902609   0.1785118 ]
 [ 0.50807875  0.6786439   0.17628132]
 [ 0.4978399  -0.18218635  0.6849137 ]]","[[-0.70251524  0.270725    0.6581644 ]
 [ 0.0106534   0.92871547 -0.37064034]
 [ 0.711589    0.25336874  0.6553209 ]]"
20200220-205832.032143,68,[1.9880633 1.4849156 0.5137826],"[[ 0.5006718  -0.17824753  0.68260795]
 [ 0.49989024  0.6855046   0.17852794]
 [-0.5015597   0.68286824  0.17861351]
 [-0.4978709  -0.17889275  0.68576336]]","[[ 0.707134    0.263833    0.6560134 ]
 [-0.00197483  0.92851216 -0.37129673]
 [-0.7070767   0.26126105  0.6571035 ]]"
20200220-205832.032143,69,[1.9974897  1.4852557  0.51105917],"[[ 0.5008339  -0.18131095  0.6815484 ]
 [ 0.49985555  0.6848664   0.18160833]
 [-0.5016059   0.68191105  0.18158798]
 [-0.4976963  -0.18188429  0.6852269 ]]","[[ 0.70728064  0.26233557  0.65645593]
 [-0.00203111  0.92934746 -0.3692011 ]
 [-0.7069301   0.25979546  0.6578422 ]]"
20200220-205832.032143,70,[2.0074332  1.4882787  0.50744593],"[[-0.50084466 -0.18232192  0.6812858 ]
 [-0.49664837  0.68616664  0.18539475]
 [ 0.5047828   0.67886466  0.18422522]
 [ 0.497684   -0.18728912  0.68376845]]","[[-0.7050216   0.26487434  0.6578648 ]
 [ 0.00628129  0.9299298  -0.36768365]
 [ 0.709158    0.25509262  0.6572843 ]]"
20200220-205832.032143,71,[2.0164745 1.4903086 0.5053321],"[[-0.5008336  -0.18244994  0.6812645 ]
 [-0.49361828  0.6875944   0.18814991]
 [ 0.5078061   0.6761823   0.18589166]
 [ 0.49763402 -0.19158171  0.6825851 ]]","[[-0.70284814  0.267477    0.6591363 ]
 [ 0.01031871  0.93034846 -0.36653173]
 [ 0.71126515  0.25081468  0.65665364]]"
20200220-205832.032143,72,[2.0256116  1.4881657  0.50354075],"[[-0.5006231  -0.18739894  0.6801976 ]
 [-0.4970601   0.68440473  0.19020687]
 [ 0.5044627   0.6779254   0.18926518]
 [ 0.4978207  -0.19206536  0.6821523 ]]","[[-0.7050512   0.26196152  0.65899867]
 [ 0.00583375  0.93138224 -0.36399642]
 [ 0.7091326   0.2527916   0.65820026]]"
20200220-205832.032143,73,[2.0357962 1.4895235 0.5014163],"[[ 0.50043637 -0.19179063  0.67924047]
 [ 0.500312    0.68143374  0.19181888]
 [-0.50124174  0.67964876  0.19217578]
 [-0.4980042  -0.19220312  0.6818404 ]]","[[ 0.7071492   0.2573837   0.6585543 ]
 [-0.00155145  0.93195474 -0.36257106]
 [-0.70706266  0.25537002  0.6594304 ]]"
20200220-205832.032143,74,[2.0458605 1.495321  0.4992236],"[[ 0.5004144  -0.19535236  0.6782479 ]
 [ 0.5033781   0.6789114   0.19270754]
 [-0.4981629   0.6813279   0.1942296 ]
 [-0.49802607 -0.19159646  0.681996  ]]","[[ 0.7093046   0.25407878  0.65751874]
 [ 0.002529    0.931857   -0.36281693]
 [-0.7048975   0.25901064  0.6603279 ]]"
20200220-205832.032143,75,[2.0554414  1.4957409  0.49675426],"[[ 0.5005774  -0.19800544  0.6772198 ]
 [ 0.5032254   0.6783831   0.19548087]
 [-0.4983276   0.6803096   0.19685574]
 [-0.4978514  -0.19434391  0.6814753 ]]","[[ 0.70938504  0.2528812   0.6578938 ]
 [ 0.00233224  0.93257207 -0.36097682]
 [-0.7048175   0.2576059   0.66096276]]"
20200220-205832.032143,76,[2.0644689  1.4979279  0.49478903],"[[ 0.5005528  -0.1978856   0.6772688 ]
 [ 0.50013363  0.67991227  0.19809757]
 [-0.5014513   0.67762583  0.19824325]
 [-0.49785513 -0.19845411  0.6802677 ]]","[[ 0.7071858   0.2557041   0.65916884]
 [-0.00177559  0.932949   -0.3600039 ]
 [-0.7070254   0.25341922  0.66022235]]"
20200220-205832.032143,77,[2.0737882  1.4958328  0.49314648],"[[ 0.500326   -0.20232704  0.6762302 ]
 [ 0.50307804  0.67705214  0.20001653]
 [-0.49855745  0.67899734  0.20136517]
 [-0.49802294 -0.19906421  0.67982244]]","[[ 0.7090914   0.2507458   0.6590263 ]
 [ 0.00214319  0.93386394 -0.35762197]
 [-0.7051131   0.25499907  0.6616576 ]]"
20200220-205832.032143,78,[2.0833235  1.5003881  0.49048215],"[[ 0.50027263 -0.20828368  0.6744509 ]
 [ 0.5088081   0.6724976   0.20090777]
 [-0.4927625   0.68225527  0.20453699]
 [-0.49802282 -0.19721214  0.68038005]]","[[ 0.7131647   0.24388582  0.657203  ]
 [ 0.009851    0.9339474  -0.35727474]
 [-0.7009273   0.2612699   0.6636559 ]]"
20200220-205832.032143,79,[2.0936422  1.5034516  0.48727486],"[[ 0.50019836 -0.21278039  0.6730959 ]
 [ 0.51141363  0.66986394  0.2030927 ]
 [-0.49010026  0.6831883   0.20775135]
 [-0.49805537 -0.198142    0.68009883]]","[[ 0.71501666  0.24001995  0.6566137 ]
 [ 0.01340745  0.9343366  -0.35613924]
 [-0.69897896  0.2634489   0.66484827]]"
20200220-205832.032143,80,[2.1040359 1.5045019 0.4855527],"[[ 0.5001452  -0.21629664  0.67200047]
 [ 0.51378167  0.6676376   0.20448974]
 [-0.4876682   0.6841875   0.21010147]
 [-0.49805945 -0.19840306  0.6800415 ]]","[[ 0.7167396   0.23632523  0.65607536]
 [ 0.01668438  0.9347435  -0.3549314 ]
 [-0.69714135  0.26533958  0.6660246 ]]"
20200220-205832.032143,81,[2.1143339  1.504904   0.48314846],"[[ 0.4996407  -0.22232457  0.67064023]
 [ 0.5189801   0.6629094   0.20588198]
 [-0.4823288   0.68709475  0.21381459]
 [-0.49837503 -0.1975445   0.6798072 ]]","[[ 0.72005606  0.22907443  0.6550144 ]
 [ 0.0237841   0.93523747 -0.35322103]
 [-0.69350797  0.26991785  0.66797525]]"
20200220-205832.032143,82,[2.1240458  1.5098983  0.48054895],"[[ 0.49972945 -0.2239063   0.66990167]
 [ 0.518423    0.66284996  0.20798618]
 [-0.4829236   0.6859961   0.21551412]
 [-0.49829024 -0.19976258  0.67935807]]","[[ 0.71986765  0.22949518  0.6550746 ]
 [ 0.02310223  0.93531525 -0.35306042]
 [-0.6937269   0.26929042  0.66800123]]"
20200220-205832.032143,83,[2.133702   1.5078051  0.47910485],"[[ 0.49948475 -0.22752978  0.66894454]
 [ 0.5204545   0.660591    0.20979036]
 [-0.48085853  0.6867005   0.21827115]
 [-0.49841458 -0.20072842  0.67886585]]","[[ 0.7212011   0.22551417  0.6549904 ]
 [ 0.0259462   0.9360689  -0.3508588 ]
 [-0.69223976  0.27003428  0.6692427 ]]"
20200220-205832.032143,84,[2.1426463  1.5102323  0.47744814],"[[ 0.4998636  -0.22703445  0.66855466]
 [ 0.51719     0.66267437  0.21224517]
 [-0.48428312  0.6837307   0.21915656]
 [-0.49811688 -0.20452428  0.6782009 ]]","[[ 0.7193141   0.2287326   0.6559485 ]
 [ 0.02155036  0.9364372  -0.35017267]
 [-0.69435036  0.2660201   0.66866326]]"
20200220-205832.032143,85,[2.152759  1.5134856 0.4769538],"[[ 0.49990442 -0.22539224  0.6691034 ]
 [ 0.51405025  0.664704    0.2134446 ]
 [-0.48750222  0.68149984  0.21902272]
 [-0.49818632 -0.20718338  0.67732644]]","[[ 0.7171484   0.23245044  0.6570121 ]
 [ 0.01735626  0.93648684 -0.35027334]
 [-0.6967043   0.2626013   0.66756546]]"
20200220-205832.032143,86,[2.1629677  1.5125635  0.47440952],"[[ 0.49994203 -0.22603129  0.6688564 ]
 [ 0.5108731   0.66602325  0.21694826]
 [-0.49074006  0.6784663   0.22116166]
 [-0.4982379  -0.21214752  0.67576045]]","[[ 0.7149585   0.23453543  0.6586559 ]
 [ 0.01313382  0.93738675 -0.3480429 ]
 [-0.69904363  0.25748694  0.6671122 ]]"
20200220-205832.032143,87,[2.17229    1.5109354  0.47304785],"[[ 0.50011617 -0.22610427  0.6685553 ]
 [ 0.50778824  0.6676019   0.21981066]
 [-0.49392536  0.6755588   0.22259448]
 [-0.4980683  -0.21634309  0.67466176]]","[[ 0.71296513  0.23659557  0.66007805]
 [ 0.00901298  0.93818593 -0.3460144 ]
 [-0.7011415   0.25264543  0.66676146]]"
20200220-205832.032143,88,[2.1824565  1.5135907  0.47203872],"[[ 0.49987417 -0.23048382  0.66734225]
 [ 0.5127685   0.6637007   0.21971264]
 [-0.48885995  0.6786419   0.22474469]
 [-0.498207   -0.21406531  0.6751818 ]]","[[ 0.71639293  0.23062252  0.6584789 ]
 [ 0.01577507  0.9381938  -0.34575102]
 [-0.6975188   0.25808108  0.6684772 ]]"
20200220-205832.032143,89,[2.1931362  1.5146933  0.47057682],"[[ 0.49984965 -0.2335155   0.6662878 ]
 [ 0.51485276  0.6617284   0.22084321]
 [-0.48671198  0.679472    0.22680251]
 [-0.49818513 -0.2142519   0.6751665 ]]","[[ 0.7179579   0.22737285  0.6579043 ]
 [ 0.01868559  0.9385114  -0.3447423 ]
 [-0.69583577  0.2598038   0.6695631 ]]"
20200220-205832.032143,90,[2.2040904  1.5096494  0.46835893],"[[ 0.4996785  -0.23798499  0.66491926]
 [ 0.5167053   0.6592544   0.22361144]
 [-0.48481062  0.67967254  0.23054263]
 [-0.49829292 -0.21631515  0.67433757]]","[[ 0.7192285   0.22263551  0.6581367 ]
 [ 0.02129272  0.9397596  -0.34117243]
 [-0.6944474   0.25939444  0.67116135]]"
20200220-205832.032143,91,[2.2133806  1.5081656  0.46711934],"[[ 0.4998544  -0.2379367   0.66465676]
 [ 0.51363546  0.66086817  0.22638434]
 [-0.48801872  0.6768098   0.23182653]
 [-0.4981583  -0.22038001  0.6732296 ]]","[[ 0.71725833  0.22479366  0.6595516 ]
 [ 0.01717652  0.9405421  -0.33924252]
 [-0.69659555  0.25465336  0.67075056]]"
20200220-205832.032143,92,[2.2239995 1.5168513 0.4666359],"[[ 0.4999784  -0.23570159  0.6652482 ]
 [ 0.510928    0.66299766  0.22664347]
 [-0.49079868  0.67507523  0.23068702]
 [-0.49808705 -0.22170335  0.6729496 ]]","[[ 0.71546346  0.22942774  0.65990514]
 [ 0.01354896  0.9398092  -0.34143135]
 [-0.6985186   0.25322276  0.6692908 ]]"
20200220-205832.032143,93,[2.234419   1.5203928  0.46390638],"[[ 0.4999394  -0.23588464  0.66522235]
 [ 0.5080787   0.6642152   0.22943823]
 [-0.49368137  0.67248243  0.23211175]
 [-0.49819228 -0.2257087   0.6715368 ]]","[[ 0.7134212   0.23224792  0.6611287 ]
 [ 0.0097816   0.94008577 -0.34079802]
 [-0.7006673   0.24959952  0.6684053 ]]"
20200220-205832.032143,94,[2.2446413  1.5192155  0.46325153],"[[ 0.49994028 -0.23717472  0.66475743]
 [ 0.50786716  0.66386765  0.23092231]
 [-0.4939223   0.6718261   0.2335371 ]
 [-0.49816784 -0.22732614  0.670994  ]]","[[ 0.7132915   0.23139852  0.66156626]
 [ 0.0095004   0.9406459  -0.33925647]
 [-0.700803    0.24827394  0.6687565 ]]"
20200220-205832.032143,95,[2.2549124  1.5159084  0.46164963],"[[ 0.49993473 -0.23947048  0.6639225 ]
 [ 0.50756     0.66321516  0.23350675]
 [-0.49426     0.6707221   0.23599327]
 [-0.49815157 -0.23006874  0.6700665 ]]","[[ 0.71310526  0.2298483   0.66230714]
 [ 0.00910917  0.9416089  -0.33658555]
 [-0.7009979   0.24605402  0.6693725 ]]"
20200220-205832.032143,96,[2.2654676  1.5193063  0.46084762],"[[ 0.4995709  -0.24333611  0.66300255]
 [ 0.512325    0.65946764  0.23303896]
 [-0.48943383  0.67382234  0.23793004]
 [-0.49840385 -0.22771363  0.67045516]]","[[ 0.7162508   0.2245097   0.66074234]
 [ 0.01552925  0.9414728  -0.33673134]
 [-0.6976703   0.2514449   0.67084414]]"
20200220-205832.032143,97,[2.2754714  1.5223149  0.46001932],"[[ 0.4997311  -0.24392149  0.6625354 ]
 [ 0.511911    0.6595909   0.23400587]
 [-0.48986748  0.673129    0.23861298]
 [-0.49824303 -0.22877866  0.67033744]]","[[ 0.71616876  0.22483814  0.66071945]
 [ 0.01503005  0.9415003  -0.3366772 ]
 [-0.6977654   0.2510483   0.6708936 ]]"
20200220-205832.032143,98,[2.2859957  1.5234951  0.45879558],"[[ 0.4996999  -0.24342798  0.66275305]
 [ 0.50912714  0.66099465  0.23607583]
 [-0.4926888   0.6708232   0.23930617]
 [-0.49834484 -0.23200308  0.66914815]]","[[ 0.7141676   0.22742881  0.6619977 ]
 [ 0.01134127  0.9418613  -0.3358107 ]
 [-0.699883    0.24733295  0.67006725]]"
20200220-205832.032143,99,[2.2952166  1.5261506  0.45745325],"[[ 0.49962893 -0.24300699  0.662969  ]
 [ 0.5065645   0.6622534   0.23802748]
 [-0.4953072   0.6686804   0.23997366]
 [-0.49843198 -0.23502012  0.6680029 ]]","[[ 0.7122645   0.23014088  0.66310984]
 [ 0.00790414  0.94203067 -0.33543393]
 [-0.7018669   0.24415895  0.6691559 ]]"
20200220-205832.032143,100,[2.3059137  1.5320051  0.45608985],"[[ 0.4995774  -0.24202487  0.6633923 ]
 [ 0.5041052   0.66364497  0.23929563]
 [-0.49777207  0.6668481   0.24002282]
 [-0.49852148 -0.23730482  0.6671113 ]]","[[ 0.710428    0.23356289  0.6638829 ]
 [ 0.00462255  0.9417549  -0.33626866]
 [-0.70375484  0.24196354  0.6679694 ]]"
20200220-205832.032143,101,[2.3165278  1.532924   0.45423436],"[[ 0.49922937 -0.24695443  0.6620456 ]
 [ 0.5087123   0.6596142   0.24003929]
 [-0.4931394   0.6694063   0.24313834]
 [-0.49879408 -0.23625769  0.66705364]]","[[ 0.71350753  0.22750059  0.6626845 ]
 [ 0.01082571  0.9421244  -0.33508873]
 [-0.7005641   0.24626236  0.66975   ]]"
20200220-205832.032143,102,[2.326644   1.5380657  0.45219687],"[[ 0.4993948  -0.2481709   0.6613355 ]
 [ 0.5084971   0.65940607  0.24145383]
 [-0.49336496  0.66865325  0.24437256]
 [-0.49862465 -0.23769222  0.6667966 ]]","[[ 0.7135433   0.22786212  0.66252154]
 [ 0.01056439  0.9420269  -0.33537084]
 [-0.70053136  0.24630074  0.6697697 ]]"
20200220-205832.032143,103,[2.3370922  1.536699   0.45172128],"[[ 0.49939206 -0.24931015  0.66090065]
 [ 0.50825185  0.65910095  0.24282153]
 [-0.4936397   0.66799444  0.24564685]
 [-0.49860546 -0.23919314  0.66626227]]","[[ 0.7133905   0.2270892   0.6629513 ]
 [ 0.01024601  0.9425558  -0.33389115]
 [-0.7006918   0.24498735  0.67008364]]"
20200220-205832.032143,104,[2.3472474  1.5394107  0.45105034],"[[ 0.49918374 -0.2499351   0.6609553 ]
 [ 0.5081396   0.6587684   0.24355903]
 [-0.4937547   0.6677835   0.24639238]
 [-0.49881476 -0.240046    0.66566336]]","[[ 0.7131306   0.22722718  0.66318357]
 [ 0.01010535  0.94258136 -0.33382392]
 [-0.70095843  0.24476177  0.6698873 ]]"
20200220-205832.032143,105,[2.3574111  1.5422002  0.45037442],"[[ 0.49897015 -0.2505481   0.66101307]
 [ 0.5080164   0.65844756  0.2442984 ]
 [-0.49388015  0.6675659   0.24711579]
 [-0.49902943 -0.2408904   0.66506684]]","[[ 0.7128672   0.22738007  0.6634145 ]
 [ 0.00996548  0.94259936 -0.3337768 ]
 [-0.7012284   0.24454975  0.6696824 ]]"
20200220-205832.032143,106,[2.3679056  1.545669   0.44975296],"[[ 0.49894214 -0.2510269   0.66083664]
 [ 0.5078487   0.6583512   0.24495159]
 [-0.49407622  0.6672256   0.24764957]
 [-0.49903446 -0.24159724  0.66480327]]","[[ 0.71275187  0.22772612  0.6634196 ]
 [ 0.00975771  0.94251794 -0.33401302]
 [-0.7013483   0.24454188  0.6695595 ]]"
20200220-205832.032143,107,[2.3772275 1.5482383 0.4485464],"[[ 0.49886212 -0.25061315  0.6610629 ]
 [ 0.5054282   0.6595188   0.24678676]
 [-0.4965459   0.6652039   0.24822031]
 [-0.49912056 -0.24440241  0.6636863 ]]","[[ 0.71093     0.23031108  0.6644816 ]
 [ 0.0065136   0.9426582  -0.33369675]
 [-0.70323294  0.2415631   0.6686637 ]]"
20200220-205832.032143,108,[2.38845   1.5497341 0.4475509],"[[ 0.49899572 -0.2501262   0.6610188 ]
 [ 0.50293773  0.66088367  0.24859574]
 [-0.4990613   0.6630206   0.2486582 ]
 [-0.4989936  -0.24713019  0.6628903 ]]","[[ 0.709257    0.23268597  0.665441  ]
 [ 0.00321333  0.94287807 -0.33312288]
 [-0.70494264  0.23840803  0.66799515]]"
20200220-205832.032143,109,[2.3994985  1.555382   0.44635192],"[[ 0.49905956 -0.25211543  0.66019565]
 [ 0.5051065   0.6592507   0.24858508]
 [-0.49686652  0.6642215   0.2497645 ]
 [-0.49892944 -0.24624407  0.6632985 ]]","[[ 0.71091294  0.23077002  0.6643401 ]
 [ 0.00612564  0.94256353 -0.3339708 ]
 [-0.70325327  0.24149372  0.6686671 ]]"
20200220-205832.032143,110,[2.4087143  1.5617583  0.44497493],"[[ 0.49930146 -0.25419238  0.65905917]
 [ 0.50721914  0.6577487   0.24871086]
 [-0.49473593  0.66520995  0.25091112]
 [-0.49866122 -0.24545573  0.6639484 ]]","[[ 0.71270585  0.22895059  0.6630475 ]
 [ 0.0089818   0.94217914 -0.33498925]
 [-0.7014056   0.24470417  0.6694402 ]]"
20200220-205832.032143,111,[2.4199982  1.5605094  0.44511494],"[[ 0.49945655 -0.25335905  0.6591525 ]
 [ 0.5047365   0.65922964  0.2501608 ]
 [-0.4972509   0.6631665   0.25104606]
 [-0.4985233  -0.24786158  0.66325974]]","[[ 0.711046    0.23091733  0.66414654]
 [ 0.00567401  0.94262147 -0.3338151 ]
 [-0.70312244  0.24112628  0.668937  ]]"
20200220-205832.032143,112,[2.4292371 1.5668517 0.4437862],"[[ 0.4992825  -0.2553968   0.6586137 ]
 [ 0.5069243   0.65740776  0.25018936]
 [-0.49504194  0.66448724  0.25225437]
 [-0.4986764  -0.24707058  0.66332585]]","[[ 0.7125105   0.22915109  0.6631881 ]
 [ 0.00862024  0.9422382  -0.33483246]
 [-0.7016085   0.2442885   0.6693794 ]]"
20200220-205832.032143,113,[2.4388416 1.5691073 0.4426509],"[[ 0.49931493 -0.25794822  0.65756214]
 [ 0.50900966  0.6555877   0.25081667]
 [-0.4929536   0.6653695   0.25397316]
 [-0.4985885  -0.24688336  0.6634764 ]]","[[ 0.7140924   0.22646672  0.66240823]
 [ 0.01142743  0.94233114 -0.33448693]
 [-0.699958    0.24642424  0.6703236 ]]"
20200220-205832.032143,114,[2.4491253  1.5763941  0.44194356],"[[ 0.4990646  -0.25787675  0.657916  ]
 [ 0.50892913  0.6554897   0.2508425 ]
 [-0.49303526  0.6654631   0.25396398]
 [-0.49884048 -0.24696483  0.663119  ]]","[[ 0.7138341   0.22771403  0.6622593 ]
 [ 0.0113351   0.9417786  -0.3360429 ]
 [-0.7002232   0.2473857   0.6696925 ]]"
20200220-205832.032143,115,[2.4587884  1.5786166  0.44083086],"[[ 0.49908614 -0.26038757  0.65687376]
 [ 0.5109649   0.6536995   0.25147137]
 [-0.49098778  0.6663103   0.2556508 ]
 [-0.4987568  -0.24679066  0.6632656 ]]","[[ 0.7153724   0.22508055  0.6614988 ]
 [ 0.01407646  0.9418636  -0.33569992]
 [-0.6986013   0.24946202  0.670615  ]]"
20200220-205832.032143,116,[2.471073   1.5711223  0.43882486],"[[ 0.49912623 -0.26316983  0.6556937 ]
 [ 0.5103456   0.6529318   0.25482318]
 [-0.49161014  0.6646301   0.2586733 ]
 [-0.49873832 -0.2503777   0.66198134]]","[[ 0.71503955  0.22288546  0.6626014 ]
 [ 0.01336706  0.94328135 -0.33172536]
 [-0.6989562   0.2460538   0.6715043 ]]"
20200220-205832.032143,117,[2.4820504  1.5766612  0.43782082],"[[ 0.49903637 -0.26204506  0.65623665]
