Timestamp,Epoch,s,u,v
20200220-195621.505622,0,[0.02829247 0.02368801 0.00933938],"[[-0.36954367  0.10327272 -0.64735794]
 [ 0.58513874  0.15538459  0.39417252]
 [ 0.60244644  0.47868517 -0.5668712 ]
 [-0.3976294   0.85793406  0.32282066]]","[[ 0.54213303 -0.16403615  0.82412636]
 [ 0.83400047  0.22483933 -0.50387585]
 [-0.10264214  0.9604893   0.25869897]]"
20200220-195621.505622,1,[0.03689631 0.02247621 0.00950305],"[[-0.4033284   0.12930855 -0.65147203]
 [ 0.595743    0.07266972  0.3435226 ]
 [ 0.6323986   0.42051858 -0.58434576]
 [-0.28720874  0.89507705  0.34075898]]","[[ 0.57125866 -0.32057655  0.75557554]
 [ 0.80681235  0.05027731 -0.58866477]
 [ 0.15072377  0.94588757  0.28736642]]"
20200220-195621.505622,2,[0.04611376 0.02150532 0.00957207],"[[-0.43011382  0.11682896 -0.6551099 ]
 [ 0.58791685  0.06905182  0.31655648]
 [ 0.61670643  0.44413683 -0.58650005]
 [-0.29837683  0.8856217   0.35586664]]","[[ 0.5904947  -0.38960183  0.706772  ]
 [ 0.7708324   0.01289576 -0.63690746]
 [ 0.23902582  0.92089325  0.30793265]]"
20200220-195621.505622,3,[0.05572156 0.02083047 0.00959132],"[[-0.44660327  0.10546792 -0.6600053 ]
 [ 0.57902765  0.06876566  0.29970646]
 [ 0.60466504  0.46855658 -0.58231634]
 [-0.31567898  0.87441564  0.36807203]]","[[ 0.5992927  -0.4374282   0.6704514 ]
 [ 0.74387974 -0.00515915 -0.6682938 ]
 [ 0.29578948  0.8992386   0.3223021 ]]"
20200220-195621.505622,4,[0.06512925 0.02028952 0.00959347],"[[-0.45678738  0.09548885 -0.66392404]
 [ 0.5719064   0.07131886  0.2894013 ]
 [ 0.5931506   0.49223056 -0.57630855]
 [-0.33532128  0.862267    0.37857667]]","[[ 0.6037548  -0.47257897  0.6419884 ]
 [ 0.72415525 -0.01156273 -0.68953997]
 [ 0.3332852   0.8812124   0.33523962]]"
20200220-195621.505622,5,[0.07486091 0.01988505 0.0095963 ],"[[-0.4644736   0.08688746 -0.6680355 ]
 [ 0.56556356  0.07191569  0.28057563]
 [ 0.58427703  0.51100814 -0.5705719 ]
 [-0.35074618  0.852144    0.38659295]]","[[ 0.6055316  -0.5002898   0.6189037 ]
 [ 0.70824033 -0.01590203 -0.7057925 ]
 [ 0.36294255  0.865712    0.3446962 ]]"
20200220-195621.505622,6,[0.08451372 0.01957637 0.00959338],"[[-0.469323    0.08020835 -0.6714955 ]
 [ 0.56078845  0.07194863  0.27437934]
 [ 0.5772271   0.5263129  -0.5650752 ]
 [-0.36340192  0.84343624  0.39306438]]","[[ 0.605916   -0.5221458   0.60019124]
 [ 0.6956749  -0.01818039 -0.7181267 ]
 [ 0.3858786   0.8526623   0.3522279 ]]"
20200220-195621.505622,7,[0.0943725  0.01933438 0.00958506],"[[-0.4729757   0.07451532 -0.6754508 ]
 [ 0.5561101   0.07055787  0.26872477]
 [ 0.57204217  0.5393315  -0.5592916 ]
 [-0.3739028   0.8358172   0.39842957]]","[[ 0.6055153  -0.54025704  0.5843574 ]
 [ 0.6852251  -0.01950702 -0.72806996]
 [ 0.40474406  0.8412739   0.35838592]]"
20200220-195621.505622,8,[0.10395963 0.01912878 0.00957779],"[[-0.47558957  0.06938427 -0.67888707]
 [ 0.55233896  0.06934454  0.2641336 ]
 [ 0.5672141   0.5508819  -0.55403006]
 [-0.38341218  0.82879794  0.40298468]]","[[ 0.6049083  -0.55518305  0.5708396 ]
 [ 0.67677504 -0.01930002 -0.7359369 ]
 [ 0.41959694  0.8315042   0.36405927]]"
20200220-195621.505622,9,[0.11319104 0.01896429 0.00956937],"[[-0.47728702 -0.06503599 -0.6819709 ]
 [ 0.5493006  -0.06786957  0.2604469 ]
 [ 0.5632283  -0.5606973  -0.5492156 ]
 [-0.39145872 -0.822668    0.40674984]]","[[ 0.60415316  0.5674689   0.5594443 ]
 [ 0.66987944  0.01855791 -0.742238  ]
 [ 0.4315791  -0.8231857   0.36892396]]"
20200220-195621.505622,10,[0.12252998 0.01884265 0.00956447],"[[-0.4789556  -0.06083569 -0.68524736]
 [ 0.5463421  -0.0653346   0.25631413]
 [ 0.5604177  -0.56846315 -0.54510856]
 [-0.39754725 -0.8178508   0.40938464]]","[[ 0.60321105  0.5776947   0.54991406]
 [ 0.663844    0.01852307 -0.7476418 ]
 [ 0.44209474 -0.8160427   0.3723259 ]]"
20200220-195621.505622,11,[0.13180967 0.01873571 0.00956317],"[[-0.4802915  -0.05676346 -0.6880617 ]
 [ 0.54401016 -0.06305641  0.25262326]
 [ 0.5576095  -0.57536626 -0.5416559 ]
 [-0.40304446 -0.8134836   0.41153586]]","[[ 0.60230356  0.58656687  0.54145163]
 [ 0.6586116   0.01812412 -0.7522649 ]
 [ 0.451067   -0.80969816  0.3754035 ]]"
20200220-195621.505622,12,[0.14125977 0.0186456  0.00955866],"[[-0.48117796 -0.05314829 -0.69095343]
 [ 0.541828   -0.06043001  0.24923404]
 [ 0.5553972  -0.5816497  -0.53809565]
 [-0.4079513  -0.80944836  0.41342336]]","[[ 0.6013605   0.59451693  0.5337745 ]
 [ 0.6539455   0.01758832 -0.75633734]
 [ 0.45904356 -0.80389065  0.37820473]]"
20200220-195621.505622,13,[0.15042642 0.01856288 0.00955539],"[[-0.4816288  -0.04979365 -0.69330555]
 [ 0.5403059  -0.05829025  0.24658455]
 [ 0.55304134 -0.58746445 -0.53497386]
 [-0.41261202 -0.80561054  0.41512233]]","[[ 0.60052145  0.6015302   0.5268165 ]
 [ 0.6499424   0.01657796 -0.7598028 ]
 [ 0.4657778  -0.79867816  0.3810045 ]]"
20200220-195621.505622,14,[0.15942787 0.018488   0.00955492],"[[-0.48192573 -0.0464763  -0.6953034 ]
 [ 0.5392105  -0.05639755  0.24424219]
 [ 0.5506171  -0.59275556 -0.532346  ]
 [-0.41691807 -0.8020602   0.41654158]]","[[ 0.59975594  0.60775703  0.52050406]
 [ 0.64642334  0.01539535 -0.76282376]
 [ 0.47162482 -0.7939739   0.38363475]]"
20200220-195621.505622,15,[0.16787326 0.01843892 0.00955438],"[[-0.48238853 -0.04315656 -0.69763446]
 [ 0.5378056  -0.05372424  0.24140741]
 [ 0.5490563  -0.5970326  -0.52997017]
 [-0.4202425  -0.79925156  0.4173248 ]]","[[ 0.59902954  0.6127879   0.5154169 ]
 [ 0.6434525   0.01472681 -0.76534426]
 [ 0.4765843  -0.7901102   0.38547802]]"
20200220-195621.505622,16,[0.17705426 0.01839381 0.00955219],"[[-0.48243883 -0.04020089 -0.69985354]
 [ 0.53674227 -0.05105473  0.2389839 ]
 [ 0.5476851  -0.6010598  -0.5275465 ]
 [-0.42332172 -0.79655784  0.4180745 ]]","[[ 0.5982477   0.61772686  0.5104049 ]
 [ 0.6405168   0.01409786 -0.7678146 ]
 [ 0.48149535 -0.78626627  0.3872304 ]]"
20200220-195621.505622,17,[0.18485467 0.01835659 0.00955467],"[[-0.4828738  -0.03681439 -0.7018903 ]
 [ 0.5356219  -0.04853578  0.23629616]
 [ 0.54614335 -0.6047026  -0.525754  ]
 [-0.4262267  -0.7941182   0.41844603]]","[[ 0.5976786   0.6216508   0.5062911 ]
 [ 0.63824856  0.01324379 -0.76971644]
 [ 0.4852     -0.78318256  0.38885224]]"
20200220-195621.505622,18,[0.19290231 0.01833983 0.00955469],"[[-0.4831711  -0.03371519 -0.7041952 ]
 [ 0.5343915  -0.04531732  0.23346342]
 [ 0.545488   -0.60751146 -0.5239822 ]
 [-0.42826858 -0.7923002   0.4183862 ]]","[[ 0.59704405  0.6250159   0.5028853 ]
 [ 0.63609266  0.01312157 -0.7715013 ]
 [ 0.48879915 -0.78050184  0.38973394]]"
20200220-195621.505622,19,[0.20101234 0.01831876 0.00955863],"[[-0.48331723 -0.03057238 -0.7059246 ]
 [ 0.5337548  -0.04273905  0.23115876]
 [ 0.544346   -0.61019355 -0.5227392 ]
 [-0.43034655 -0.790508    0.41830617]]","[[ 0.5964693   0.6282272   0.4995549 ]
 [ 0.63407433  0.01278703 -0.7731664 ]
 [ 0.4921119  -0.777925    0.3907157 ]]"
20200220-195621.505622,20,[0.20908841 0.01830318 0.00955769],"[[-0.48297495 -0.02794579 -0.70758617]
 [ 0.5333513  -0.04021583  0.22945553]
 [ 0.54346246 -0.6128134  -0.52121073]
 [-0.43234348 -0.78870875  0.41834375]]","[[ 0.5959117   0.63126904  0.4963756 ]
 [ 0.6322269   0.01232989 -0.7746853 ]
 [ 0.49515513 -0.77546597  0.39175776]]"
20200220-195621.505622,21,[0.2166823  0.01829478 0.00956028],"[[-0.4830731  -0.02489984 -0.70940197]
 [ 0.5326385  -0.03740855  0.2271196 ]
 [ 0.54268605 -0.6150931  -0.5200387 ]
 [-0.43408397 -0.7871731   0.418002  ]]","[[ 0.5954221   0.6338113   0.4937164 ]
 [ 0.6306077   0.01207013 -0.77600795]
 [ 0.49780187 -0.7733936   0.39249948]]"
20200220-195621.505622,22,[0.22462073 0.01829277 0.00956257],"[[-0.48313084 -0.02191893 -0.71131223]
 [ 0.5319054  -0.03434932  0.22469068]
 [ 0.5422024  -0.61706686 -0.5189075 ]
 [-0.43552038 -0.7858552   0.4174735 ]]","[[ 0.59491193  0.63616705  0.49129567]
 [ 0.6290226   0.01205323 -0.77729356]
 [ 0.50041014 -0.7714573   0.3929928 ]]"
20200220-195621.505622,23,[0.2331123  0.01829425 0.00956749],"[[-0.48306835 -0.01895778 -0.71295005]
 [ 0.53154767 -0.03143496  0.22250247]
 [ 0.5417128  -0.61864156 -0.5181713 ]
 [-0.43663433 -0.7848153   0.41676554]]","[[ 0.5943809   0.6383722   0.48907322]
 [ 0.6274282   0.01229714 -0.77857757]
 [ 0.5030363  -0.7696297   0.39322346]]"
20200220-195621.505622,24,[0.24075732 0.01829344 0.00957023],"[[-0.48281035 -0.01616142 -0.71438545]
 [ 0.53134257 -0.02889741  0.22077997]
 [ 0.54100233 -0.6204666  -0.5173357 ]
 [-0.43804806 -0.78353375  0.41626164]]","[[ 0.59395605  0.6404265   0.48689857]
 [ 0.6261007   0.01207575 -0.7796488 ]
 [ 0.50518745 -0.7679246   0.39379892]]"
20200220-195621.505622,25,[0.24825732 0.01829937 0.00957606],"[[-0.48285207 -0.01308008 -0.715881  ]
 [ 0.53097624 -0.02613825  0.21863721]
 [ 0.5404201  -0.6219198  -0.5168481 ]
 [-0.43916348 -0.7825354   0.41542795]]","[[ 0.5935543   0.64214325  0.4851242 ]
 [ 0.62486964  0.01216341 -0.78063446]
 [ 0.50718    -0.76648825  0.39403602]]"
20200220-195621.505622,26,[0.25558326 0.01831374 0.00958206],"[[-0.48290747 -0.01002248 -0.7173663 ]
 [ 0.53060657 -0.02323234  0.21647692]
 [ 0.5400838  -0.62300897 -0.516536  ]
 [-0.43996167 -0.78180534  0.4143834 ]]","[[ 0.59316576  0.6435503   0.4837328 ]
 [ 0.62373644  0.01254706 -0.7815342 ]
 [ 0.509026   -0.765301    0.3939632 ]]"
20200220-195621.505622,27,[0.26335195 0.01832504 0.00958924],"[[-0.48298374 -0.00687762 -0.71885586]
 [ 0.530265   -0.02033775  0.21423341]
 [ 0.53965193 -0.6241473  -0.5162545 ]
 [-0.4408192  -0.7810115   0.41331774]]","[[ 0.59277695  0.6450187   0.48225152]
 [ 0.6225935   0.01282738 -0.7824401 ]
 [ 0.51087457 -0.7640592   0.39398062]]"
20200220-195621.505622,28,[0.27029532 0.01833616 0.00959469],"[[-0.48297107 -0.0038264  -0.7202444 ]
 [ 0.5299563  -0.01766417  0.21224585]
 [ 0.53909427 -0.62545604 -0.5158924 ]
 [-0.4418857  -0.78005     0.41237715]]","[[ 0.59246373  0.64636093  0.4808371 ]
 [ 0.6216389   0.01282984 -0.78319883]
 [ 0.51239824 -0.7629239   0.3942019 ]]"
20200220-195621.505622,29,[0.27670127 0.01834925 0.00959916],"[[-0.48289457 -0.00085163 -0.7215357 ]
 [ 0.52969724 -0.0150982   0.21045576]
 [ 0.5385293  -0.626744   -0.5155551 ]
 [-0.44296703 -0.77907854  0.41145763]]","[[ 0.5921947   0.6475552   0.4795602 ]
 [ 0.6208081   0.01276828 -0.7838586 ]
 [ 0.51371485 -0.76191175  0.3944461 ]]"
20200220-195621.505622,30,[0.28430483 0.01836679 0.00960425],"[[-0.48269206  0.00203632 -0.72288615]
 [ 0.5295704  -0.01230808  0.20863208]
 [ 0.5382346  -0.6277039  -0.5152805 ]
 [-0.44369727 -0.77835226  0.41035888]]","[[ 0.59185326  0.6487588   0.47835305]
 [ 0.61985123  0.01304043 -0.7846109 ]
 [ 0.51526123 -0.7608824   0.39441597]]"
20200220-195621.505622,31,[0.2922287  0.01838131 0.00960943],"[[-0.48234177  0.00487075 -0.7241135 ]
 [ 0.5296462  -0.00969161  0.20704202]
 [ 0.53781253 -0.6287276  -0.5150187 ]
 [-0.4444988  -0.77755004  0.40932783]]","[[ 0.5915174   0.65002406  0.4770493 ]
 [ 0.61890304  0.01317197 -0.7853572 ]
 [ 0.51678467 -0.75979954  0.3945104 ]]"
20200220-195621.505622,32,[0.29999122 0.01840732 0.00961379],"[[-0.4820444   0.00764594 -0.72545487]
 [ 0.5295754  -0.00674048  0.205312  ]
 [ 0.53781825 -0.62932706 -0.51484615]
 [-0.44489858 -0.7770735   0.40803885]]","[[ 0.59118176  0.6509625   0.47618493]
 [ 0.61802375  0.01372725 -0.7860397 ]
 [ 0.51821905 -0.7589857   0.39419496]]"
20200220-195621.505622,33,[0.3069404  0.01842464 0.00961524],"[[-0.4815884   0.0102977  -0.7267283 ]
 [ 0.529537   -0.00418382  0.20390353]
 [ 0.5374441  -0.63052887 -0.5143331 ]
 [-0.44588935 -0.7760865   0.4071258 ]]","[[ 0.59092456  0.6520624   0.47499788]
 [ 0.61728805  0.01360611 -0.7866198 ]
 [ 0.5193881  -0.7580433   0.39447004]]"
20200220-195621.505622,34,[0.31371182 0.01845068 0.00962005],"[[-0.48138398  0.01317489 -0.7279229 ]
 [ 0.52945113 -0.00146729  0.20226064]
 [ 0.53723305 -0.6312187  -0.51429045]
 [-0.44646594 -0.7754916   0.4058623 ]]","[[ 0.59067327  0.6528197   0.47426957]
 [ 0.61659706  0.01396449 -0.7871552 ]
 [ 0.5204933  -0.7573847   0.3942783 ]]"
20200220-195621.505622,35,[0.31994465 0.01847081 0.00962253],"[[-0.48102304  0.01592559 -0.7290516 ]
 [ 0.52942836  0.00094738  0.20090644]
 [ 0.5367595  -0.63232744 -0.5139969 ]
 [-0.44745022 -0.77453697  0.4048797 ]]","[[ 0.59047186  0.6537041   0.47330114]
 [ 0.6159968   0.01385329 -0.78762686]
 [ 0.52143174 -0.7566233   0.39449963]]"
20200220-195621.505622,36,[0.3270235  0.01849545 0.00962843],"[[-0.48082283  0.0188855  -0.73020947]
 [ 0.5293994   0.00361913  0.19924195]
 [ 0.5364555  -0.6330241  -0.514028  ]
 [-0.44806406 -0.7738933   0.4035736 ]]","[[ 0.5902304   0.6544632   0.47255254]
 [ 0.61532646  0.01414266 -0.78814554]
 [ 0.52249557 -0.7559615   0.3943611 ]]"
20200220-195621.505622,37,[0.33346537 0.01853174 0.00963468],"[[-0.48083428  0.02191469 -0.7314447 ]
 [ 0.5291351   0.0065716   0.19732064]
 [ 0.5364724  -0.63331825 -0.5142585 ]
 [-0.44834393 -0.7735532   0.40198472]]","[[ 0.59000826  0.65485686  0.4722846 ]
 [ 0.6147458   0.01486052 -0.78858525]
 [ 0.5234289  -0.75560683  0.39380273]]"
20200220-195621.505622,38,[0.33989182 0.01855973 0.00963815],"[[-0.48048234  0.02468444 -0.73251784]
 [ 0.5291696   0.00910188  0.19596425]
 [ 0.5361942  -0.63404846 -0.51420045]
 [-0.4490124  -0.7728453   0.40076572]]","[[ 0.58980924  0.65549886  0.47164202]
 [ 0.6141929   0.01506422 -0.7890121 ]
 [ 0.52430147 -0.7550457   0.3937178 ]]"
20200220-195621.505622,39,[0.34632167 0.01859246 0.00964246],"[[-0.48025355  0.02753872 -0.7336532 ]
 [ 0.5290866   0.01182057  0.19440645]
 [ 0.5360714  -0.63456655 -0.5142612 ]
 [-0.44950178 -0.77228713  0.39936826]]","[[ 0.5896101   0.6559944   0.471202  ]
 [ 0.61365914  0.01548231 -0.78941935]
 [ 0.52514994 -0.75460696  0.39342844]]"
20200220-195621.505622,40,[0.35242984 0.01862826 0.00964875],"[[-0.48010162  0.03049394 -0.7345871 ]
 [ 0.52911586  0.01440217  0.19294894]
 [ 0.53587407 -0.6348837  -0.51463205]
 [-0.44986436 -0.77187145  0.3978774 ]]","[[ 0.5894294   0.65633035  0.47096044]
 [ 0.6131699   0.01605672 -0.78978795]
 [ 0.52592385 -0.75430304  0.39297768]]"
20200220-195621.505622,41,[0.3585911  0.0186664  0.00965609],"[[-0.48009658  0.03357452 -0.7356124 ]
 [ 0.5289951   0.01714394  0.19122487]
 [ 0.53574276 -0.6351093  -0.51506865]
 [-0.45016786 -0.7715018   0.39624706]]","[[ 0.5892506   0.65659255  0.47081852]
 [ 0.61269087  0.01673307 -0.79014564]
 [ 0.5266819  -0.7540599   0.39242822]]"
20200220-195621.505622,42,[0.3647895  0.01870226 0.0096603 ],"[[-0.4798322   0.03640362 -0.7366448 ]
 [ 0.52897733  0.01977821  0.18980825]
 [ 0.53561103 -0.6355463  -0.5152173 ]
 [-0.45062718 -0.7709502   0.3948141 ]]","[[ 0.5890779   0.6569735   0.47050312]
 [ 0.6122289   0.01716903 -0.7904942 ]
 [ 0.5274118  -0.75371814  0.39210418]]"
20200220-195621.505622,43,[0.3702258  0.01874545 0.00966654],"[[-0.4799216   0.03948025 -0.73771083]
 [ 0.52867526  0.02260123  0.18800582]
 [ 0.5355745  -0.63572246 -0.5156454 ]
 [-0.45092946 -0.770576    0.3931235 ]]","[[ 0.5889325   0.6570747   0.47054374]
 [ 0.61184144  0.01790095 -0.7907778 ]
 [ 0.5280233  -0.75361294  0.3914831 ]]"
20200220-195621.505622,44,[0.37731045 0.01878747 0.00967236],"[[-0.47967637  0.04234549 -0.7387598 ]
 [ 0.5286992   0.02544682  0.18647334]
 [ 0.53566647 -0.6357976  -0.5159772 ]
 [-0.45105296 -0.77027303  0.39144465]]","[[ 0.58872795  0.657339    0.47043046]
 [ 0.6113352   0.01866874 -0.79115164]
 [ 0.52883714 -0.7533637   0.3908638 ]]"
20200220-195621.505622,45,[0.38249382 0.01883709 0.00967874],"[[-0.47980425  0.04540116 -0.73976976]
 [ 0.528378    0.02832709  0.18470092]
 [ 0.5357618  -0.6357492  -0.51653695]
 [-0.45118064 -0.7700383   0.3896351 ]]","[[ 0.5885927   0.6572651   0.47070268]
 [ 0.6109912   0.0196065  -0.79139453]
 [ 0.529385   -0.7534042   0.39004302]]"
20200220-195621.505622,46,[0.38893336 0.01887978 0.00968579],"[[-0.47973546  0.04842672 -0.7407514 ]
 [ 0.52829623  0.03110607  0.18306226]
 [ 0.53571737 -0.63584274 -0.51701313]
 [-0.4514025  -0.76966953  0.3879084 ]]","[[ 0.5884276   0.65743226  0.47067577]
 [ 0.61056286  0.0203295  -0.7917069 ]
 [ 0.5300624  -0.7532393   0.38944134]]"
20200220-195621.505622,47,[0.39339933 0.01892349 0.00969117],"[[-0.4797971   0.05147252 -0.74163085]
 [ 0.528044    0.03363468  0.18152398]
 [ 0.53546196 -0.6361698  -0.51747036]
 [-0.45193428 -0.7690951   0.38633817]]","[[ 0.5883384   0.6574739   0.47072926]
 [ 0.610293    0.0208562  -0.79190135]
 [ 0.5304721  -0.7531886   0.38898125]]"
20200220-195621.505622,48,[0.39784923 0.0189706  0.00969713],"[[-0.47994262  0.05456031 -0.742537  ]
 [ 0.5277121   0.03628628  0.17986211]
 [ 0.5353076  -0.6363518  -0.51800674]
 [-0.45235    -0.76861095  0.38465253]]","[[ 0.5882472   0.65742916  0.47090572]
 [ 0.61002856  0.02152441 -0.7920871 ]
 [ 0.53087723 -0.7532089   0.3883889 ]]"
20200220-195621.505622,49,[0.40410995 0.01901576 0.0097032 ],"[[-0.47971863  0.05744932 -0.74335915]
 [ 0.52780557  0.03890144  0.17856665]
 [ 0.53525215 -0.6363978  -0.51851195]
 [-0.45254463 -0.76823443  0.3829833 ]]","[[ 0.5880976   0.6575431   0.47093332]
 [ 0.6096452   0.02223303 -0.7923625 ]
 [ 0.531483   -0.7530888   0.38779286]]"
20200220-195621.505622,50,[0.40894046 0.01906355 0.00970746],"[[-0.47960526  0.06031628 -0.74417675]
 [ 0.5276957   0.04143655  0.1772722 ]
 [ 0.53514284 -0.63657856 -0.5189505 ]
 [-0.45292196 -0.7677319   0.3813993 ]]","[[ 0.5879982   0.65754586  0.47105384]
 [ 0.6093723   0.02285209 -0.79255474]
 [ 0.5319058  -0.7530678   0.38725317]]"
20200220-195621.505622,51,[0.41436675 0.01911712 0.00971397],"[[-0.47962096  0.0632924  -0.74501383]
 [ 0.5275426   0.04419757  0.17575912]
 [ 0.53521997 -0.6364124  -0.5196131 ]
 [-0.45299238 -0.76747644  0.3795591 ]]","[[ 0.5878745   0.6574162   0.47138888]
 [ 0.6090633   0.0238017  -0.7927643 ]
 [ 0.53239614 -0.7531516   0.38641566]]"
20200220-195621.505622,52,[0.4191754  0.01916555 0.00971924],"[[-0.4795424   0.06622497 -0.7457469 ]
 [ 0.5274764   0.04667476  0.17448936]
 [ 0.5350422  -0.63654494 -0.5201704 ]
 [-0.4533623  -0.7669722   0.37793913]]","[[ 0.5877823   0.6573895   0.47154108]
 [ 0.60880375  0.02443282 -0.7929444 ]
 [ 0.5327945  -0.75315464  0.38586   ]]"
20200220-195621.505622,53,[0.42381424 0.01921124 0.00972524],"[[-0.47945854  0.0692132  -0.74637234]
 [ 0.52749693  0.04897037  0.17331998]
 [ 0.5346758  -0.6367803  -0.5207858 ]
 [-0.4538596  -0.7663694   0.37639123]]","[[ 0.5877041   0.6574045   0.47161776]
 [ 0.60856044  0.02493743 -0.79311556]
 [ 0.5331586  -0.7531251   0.38541445]]"
20200220-195621.505622,54,[0.42855608 0.01925875 0.00973059],"[[-0.4793732   0.07216673 -0.74707323]
 [ 0.527446    0.05137718  0.17207858]
 [ 0.5344099  -0.63698316 -0.52133954]
 [-0.45432156 -0.7657706   0.37480074]]","[[ 0.58762187  0.65740556  0.4717188 ]
 [ 0.6083164   0.02547565 -0.7932857 ]
 [ 0.53352773 -0.75310624  0.3849405 ]]"
20200220-195621.505622,55,[0.43593484 0.01931175 0.00973558],"[[-0.47893494  0.07485318 -0.7479213 ]
 [ 0.52766997  0.05415969  0.17094207]
 [ 0.5346568  -0.6367594  -0.5217926 ]
 [-0.4542335  -0.7655073   0.37299463]]","[[ 0.58744967  0.6574524   0.47186798]
 [ 0.60791814  0.02636724 -0.7935619 ]
 [ 0.534171   -0.7530347   0.38418776]]"
20200220-195621.505622,56,[0.4418852  0.01936516 0.00974097],"[[-0.47872037  0.07767875 -0.74868035]
 [ 0.52771837  0.05677691  0.16972382]
 [ 0.5346844  -0.63667226 -0.5223476 ]
 [-0.45437086 -0.7651083   0.37124693]]","[[ 0.58732826  0.6574093   0.4720789 ]
 [ 0.6076157   0.02715322 -0.79376686]
 [ 0.53464824 -0.7530441   0.38350436]]"
20200220-195621.505622,57,[0.4475053  0.0194253  0.00974888],"[[-0.47876224  0.08067525 -0.7493492 ]
 [ 0.52765155  0.05950947  0.16832595]
 [ 0.53479385 -0.6362586  -0.52323425]
 [-0.4542756  -0.7649347   0.36928034]]","[[ 0.58721346  0.6571462   0.47258782]
 [ 0.6073376   0.02825872 -0.79394114]
 [ 0.53509015 -0.75323325  0.38251573]]"
20200220-195621.505622,58,[0.45178258 0.01947904 0.00975267],"[[-0.4786006   0.08347588 -0.7499595 ]
 [ 0.5276383   0.06183667  0.16731559]
 [ 0.5346003  -0.63638836 -0.5237781 ]
 [-0.4546888  -0.7643416   0.36772698]]","[[ 0.58714855  0.65704393  0.47281086]
 [ 0.6071466   0.02885304 -0.79406583]
 [ 0.5353781  -0.7533001   0.38198087]]"
20200220-195621.505622,59,[0.4546509  0.01953318 0.00975823],"[[-0.4787655   0.08652736 -0.75046825]
 [ 0.5274062   0.06407212  0.16609734]
 [ 0.5341847  -0.63656557 -0.52454495]
 [-0.45527232 -0.76367     0.3661442 ]]","[[ 0.5871272   0.65682834  0.47313654]
 [ 0.6070347   0.02942268 -0.7941305 ]
 [ 0.5355284  -0.75346583  0.38144267]]"
20200220-195621.505622,60,[0.4589234  0.01959386 0.00976281],"[[-0.47873637  0.08936055 -0.7511097 ]
 [ 0.5272633   0.06658743  0.16491036]
 [ 0.53416455 -0.6364535  -0.5252052 ]
 [-0.45549247 -0.76322216  0.36441562]]","[[ 0.58705693  0.65658665  0.4735594 ]
 [ 0.6068487   0.03025608 -0.7942415 ]
 [ 0.5358163  -0.75364375  0.3806866 ]]"
20200220-195621.505622,61,[0.4638397  0.01965044 0.00976857],"[[-0.47863686  0.09225329 -0.75168455]
 [ 0.52727437  0.06902354  0.16380262]
 [ 0.5340299  -0.6363772  -0.5259153 ]
 [-0.45574215 -0.76272506  0.36270148]]","[[ 0.5869773   0.6564394   0.47386202]
 [ 0.6066311   0.03099661 -0.7943791 ]
 [ 0.5361498  -0.75374186  0.38002226]]"
20200220-195621.505622,62,[0.46782526 0.01971029 0.00977326],"[[-0.47856084  0.09507745 -0.7521728 ]
 [ 0.52725655  0.07134014  0.16283377]
 [ 0.53386873 -0.63631505 -0.52664155]
 [-0.45603096 -0.76221675  0.36106792]]","[[ 0.5869208   0.65620834  0.47425157]
 [ 0.6064674   0.03174664 -0.7944743 ]
 [ 0.53639656 -0.7539116   0.37933627]]"
20200220-195621.505622,63,[0.4740033  0.01977741 0.00977919],"[[-0.47839686  0.09781376 -0.7528288 ]
 [ 0.5272941   0.07411727  0.16168295]
 [ 0.5341838  -0.6357807  -0.5273994 ]
 [-0.45579097 -0.7620509   0.35910583]]","[[ 0.5867973   0.6559233   0.4747986 ]
 [ 0.6061921   0.03290161 -0.79463744]
 [ 0.5368429  -0.7541101   0.37830883]]"
20200220-195621.505622,64,[0.4771863  0.01984112 0.00978547],"[[-0.47860134  0.10081424 -0.75328976]
 [ 0.5270509   0.07648961  0.16045214]
 [ 0.53396475 -0.63564533 -0.5283025 ]
 [-0.45611367 -0.7615384   0.35736033]]","[[ 0.5867634   0.65556866  0.47532997]
 [ 0.606074    0.03374032 -0.7946924 ]
 [ 0.5370132  -0.7543815   0.3775255 ]]"
20200220-195621.505622,65,[0.48170337 0.01990628 0.00979007],"[[-0.4785153   0.10357507 -0.7538219 ]
 [ 0.5270025   0.07897288  0.15943508]
 [ 0.53399086 -0.63540375 -0.5290305 ]
 [-0.45622906 -0.761116    0.3556119 ]]","[[ 0.5866921   0.6552854   0.4758081 ]
 [ 0.6058932   0.03463472 -0.79479176]
 [ 0.53729486 -0.75458694  0.37671313]]"
20200220-195621.505622,66,[0.48625463 0.01996975 0.00979483],"[[-0.47842416  0.1063641  -0.7543473 ]
 [ 0.5269625   0.08141313  0.15841493]
 [ 0.53394085 -0.6352388  -0.5297413 ]
 [-0.45642945 -0.76061165  0.35389096]]","[[ 0.58662474  0.6550484   0.4762176 ]
 [ 0.6057142   0.03544004 -0.79489267]
 [ 0.53757036 -0.7547554   0.375982  ]]"
20200220-195621.505622,67,[0.4914291  0.02003539 0.00980036],"[[-0.47825053  0.10911524 -0.7548031 ]
 [ 0.52708006  0.08384898  0.15752316]
 [ 0.53396    -0.6349149  -0.5305361 ]
 [-0.45645335 -0.76022774  0.3521219 ]]","[[ 0.5865411   0.6547875   0.47667903]
 [ 0.60550755  0.03636112 -0.7950084 ]
 [ 0.5378942  -0.7549379   0.37515146]]"
20200220-195621.505622,68,[0.496662   0.02010118 0.00980741],"[[-0.4781985   0.1119848  -0.75524825]
 [ 0.52713263  0.08631609  0.15647735]
 [ 0.5339216  -0.63456094 -0.5314296 ]
 [-0.4564924  -0.75983     0.3502822 ]]","[[ 0.5864602   0.6545147   0.47715315]
 [ 0.6053011   0.03729521 -0.7951226 ]
 [ 0.5382149  -0.755129    0.37430617]]"
20200220-195621.505622,69,[0.50189114 0.02017101 0.00981266],"[[-0.47807214  0.11469702 -0.75576913]
 [ 0.5271406   0.08887862  0.15547574]
 [ 0.5340582  -0.6341616  -0.5321915 ]
 [-0.45645556 -0.75946313  0.3484428 ]]","[[ 0.58637464  0.6542095   0.47767657]
 [ 0.60510004  0.03828544 -0.79522854]
 [ 0.538534   -0.75534385  0.37341255]]"
20200220-195621.505622,70,[0.505469   0.02024039 0.00981812],"[[-0.4781723   0.11754495 -0.7561836 ]
 [ 0.52696764  0.09125698  0.15440372]
 [ 0.53393966 -0.6339313  -0.5330528 ]
 [-0.45668867 -0.7589378   0.34669966]]","[[ 0.58633405  0.65384704  0.47822222]
 [ 0.6049787   0.03915334 -0.7952785 ]
 [ 0.5387144  -0.755613    0.37260655]]"
20200220-195621.505622,71,[0.5113288  0.02030883 0.00982336],"[[-0.47792712  0.1202195  -0.75667036]
 [ 0.527112    0.09377102  0.15353514]
 [ 0.53405637 -0.63354784 -0.53378654]
 [-0.45664302 -0.75853246  0.34488964]]","[[ 0.58624053  0.65361     0.47866082]
 [ 0.6047571   0.04007629 -0.7954011 ]
 [ 0.539065   -0.75576985  0.37178084]]"
20200220-195621.505622,72,[0.5171201  0.02038003 0.00982886],"[[-0.47773474  0.12289228 -0.7571595 ]
 [ 0.52720594  0.09632063  0.15261017]
 [ 0.53421056 -0.6331033  -0.53455055]
 [-0.45655492 -0.7581556   0.34303823]]","[[ 0.5861482   0.65332925  0.4791567 ]
 [ 0.60454214  0.04105857 -0.7955143 ]
 [ 0.53940624 -0.75595963  0.37089863]]"
20200220-195621.505622,73,[0.52052736 0.0204518  0.00983307],"[[-0.47776723  0.12562852 -0.7575457 ]
 [ 0.5270536   0.09865885  0.15167606]
 [ 0.53412336 -0.6328895  -0.5353438 ]
 [-0.4567987  -0.75758475  0.3413588 ]]","[[ 0.5861129   0.6529684   0.47969145]
 [ 0.6044363   0.04188778 -0.7955514 ]
 [ 0.5395631  -0.7562259   0.37012684]]"
20200220-195621.505622,74,[0.52459913 0.02052214 0.00983747],"[[-0.47769713  0.12834232 -0.7579266 ]
 [ 0.5270184   0.10097452  0.15081777]
 [ 0.5340291  -0.63268346 -0.5361097 ]
 [-0.4570228  -0.7569966   0.33968765]]","[[ 0.5860658   0.6526719   0.48015243]
 [ 0.60430324  0.04267523 -0.7956107 ]
 [ 0.53976333 -0.75643796  0.36940125]]"
20200220-195621.505622,75,[0.52699846 0.02058907 0.00984275],"[[-0.47783533  0.13124558 -0.75814825]
 [ 0.5268768   0.10300616  0.14993064]
 [ 0.53355724 -0.6327141  -0.53701156]
 [-0.4575929  -0.75619924  0.33815792]]","[[ 0.5860642   0.65236926  0.48056552]
 [ 0.6042421   0.04326601 -0.79562527]
 [ 0.5398336  -0.7566653   0.3688323 ]]"
20200220-195621.505622,76,[0.5317963  0.02067051 0.00984788],"[[-0.4778229   0.1338545  -0.75855595]
 [ 0.52678996  0.10560982  0.14899068]
 [ 0.5338273  -0.63208145 -0.53788555]
 [-0.45739058 -0.7559117   0.33626437]]","[[ 0.5859904   0.6519039   0.48128614]
 [ 0.6040812   0.04443216 -0.79568315]
 [ 0.5400936  -0.75699854  0.36776614]]"
20200220-195621.505622,77,[0.5358531  0.02074383 0.00985378],"[[-0.47788906  0.1366537  -0.75889695]
 [ 0.5266761   0.10796166  0.14799729]
 [ 0.5337025  -0.6317918  -0.53877103]
 [-0.45759815 -0.7553206   0.33451125]]","[[ 0.5859468   0.65156686  0.48179573]
 [ 0.6039534   0.04526968 -0.79573303]
 [ 0.54028404 -0.7572393   0.36699036]]"
20200220-195621.505622,78,[0.5397505  0.02082029 0.00985833],"[[-0.47788358  0.13931932 -0.75923294]
 [ 0.52658576  0.11029395  0.14713252]
 [ 0.5336589  -0.63148296 -0.5395863 ]
 [-0.45775887 -0.7547546   0.33281216]]","[[ 0.58590347  0.65120435  0.48233807]
 [ 0.6038351   0.04613409 -0.79577315]
 [ 0.5404632  -0.7574988   0.36618987]]"
20200220-195621.505622,79,[0.54448295 0.0208959  0.00986255],"[[-0.477691    0.14189737 -0.7595551 ]
 [ 0.5266899   0.11260048  0.14645764]
 [ 0.53366965 -0.6311457  -0.540346  ]
 [-0.45782754 -0.754216    0.33113807]]","[[ 0.585844    0.65090114  0.48281947]
 [ 0.6036859   0.04698054 -0.79583675]
 [ 0.5406941  -0.7577075   0.36541662]]"
20200220-195621.505622,80,[0.5490298  0.02097579 0.00986788],"[[-0.4776303   0.1445169  -0.7598263 ]
 [ 0.52672017  0.11497889  0.14570706]
 [ 0.5337375  -0.6306443  -0.5412431 ]
 [-0.45777696 -0.75377864  0.3293769 ]]","[[ 0.5857858   0.6504997   0.48343053]
 [ 0.60354424  0.04797456 -0.79588485]
 [ 0.54091537 -0.7579897   0.36450252]]"
20200220-195621.505622,81,[0.55368996 0.02105224 0.00987286],"[[-0.47747818  0.14713639 -0.7600837 ]
 [ 0.5268402   0.11723828  0.14504533]
 [ 0.5336886  -0.6302872  -0.5420758 ]
 [-0.45785367 -0.75322247  0.32770178]]","[[ 0.5857307   0.65018934  0.4839147 ]
 [ 0.6034008   0.04881343 -0.7959427 ]
 [ 0.5411349  -0.75820255  0.3637333 ]]"
20200220-195621.505622,82,[0.5575078  0.02113033 0.00987696],"[[-0.47742063  0.1497437  -0.76035833]
 [ 0.52680695  0.11948799  0.14431112]
 [ 0.53360975 -0.63000447 -0.5428711 ]
 [-0.45804432 -0.75259143  0.3260679 ]]","[[ 0.58569324  0.6498486   0.4844173 ]
 [ 0.6032934   0.0496102  -0.79597473]
 [ 0.5412952  -0.75844276  0.362993  ]]"
20200220-195621.505622,83,[0.5620844  0.02121406 0.00988268],"[[-0.4774302   0.15235251 -0.76062775]
 [ 0.526767    0.12191403  0.14348345]
 [ 0.5337116  -0.62943923 -0.54379404]
 [-0.45796156 -0.75215137  0.32426238]]","[[ 0.5856356   0.64942104  0.4850601 ]
 [ 0.60315603  0.05063761 -0.79601425]
 [ 0.5415107  -0.75874114  0.36204705]]"
20200220-195621.505622,84,[0.5647719  0.02129652 0.00988652],"[[-0.47754198  0.1549672  -0.7608349 ]
 [ 0.52656823  0.12412257  0.14270347]
 [ 0.5335852  -0.62915254 -0.54465866]
 [-0.4582207  -0.75149566  0.32266524]]","[[ 0.5856193   0.64899284  0.48565254]
 [ 0.60309356  0.05146491 -0.79600847]
 [ 0.54159784 -0.7590518   0.3612646 ]]"
20200220-195621.505622,85,[0.5692516  0.02137627 0.00989189],"[[-0.47747856  0.15760304 -0.761061  ]
 [ 0.5266064   0.12639043  0.14198048]
 [ 0.53351164 -0.62877375 -0.5455304 ]
 [-0.45832816 -0.7508861   0.32097363]]","[[ 0.58557177  0.6486622   0.48615122]
 [ 0.60296446  0.05229641 -0.79605216]
 [ 0.5417928  -0.7592775   0.36049703]]"
20200220-195621.505622,86,[0.5745042  0.02146372 0.00989772],"[[-0.4774186   0.16012116 -0.7613132 ]
 [ 0.52664644  0.12885751  0.14123881]
 [ 0.5337191  -0.62809354 -0.5464458 ]
 [-0.45810327 -0.7505035   0.3191408 ]]","[[ 0.58550185  0.64823234  0.48680842]
 [ 0.6028084   0.05337904 -0.79609835]
 [ 0.54204214 -0.75956917  0.35950634]]"
20200220-195621.505622,87,[0.5770857  0.02154853 0.00990338],"[[-0.4776507   0.16282292 -0.76142097]
 [ 0.526433    0.13102144  0.14040068]
 [ 0.53350025 -0.62774134 -0.54746056]
 [-0.45836163 -0.7498416   0.31751007]]","[[ 0.58548975  0.64777803  0.48742718]
 [ 0.60275084  0.05422953 -0.79608446]
 [ 0.5421189  -0.75989646  0.35869807]]"
20200220-195621.505622,88,[0.58139104 0.02163784 0.0099084 ],"[[-0.47764418  0.16531335 -0.7616039 ]
 [ 0.52641475  0.13335754  0.13972823]
 [ 0.5336052  -0.62715685 -0.54837173]
 [-0.4582674  -0.7493742   0.31579095]]","[[ 0.58544004  0.64732856  0.48808378]
 [ 0.6026341   0.05524096 -0.7961034 ]
 [ 0.5423027  -0.76020664  0.35776195]]"
20200220-195621.505622,89,[0.5809868  0.02172603 0.00991308],"[[-0.47822082  0.16808552 -0.76158124]
 [ 0.52585006  0.135317    0.13877735]
 [ 0.53311414 -0.6270047  -0.549478  ]
 [-0.45888507 -0.74853295  0.3143392 ]]","[[ 0.5854841   0.6467665   0.48877564]
 [ 0.6026818   0.05598949 -0.796015  ]
 [ 0.5422021  -0.76063025  0.35701337]]"
20200220-195621.505622,90,[0.5853875  0.02181634 0.00991738],"[[-0.47815573  0.17050387 -0.76180005]
 [ 0.52583945  0.13765724  0.13812944]
 [ 0.5332488  -0.6264548  -0.55030346]
 [-0.45880887 -0.7480196   0.31264526]]","[[ 0.58543205  0.6463521   0.48938572]
 [ 0.6025621   0.05695061 -0.79603726]
 [ 0.54239124 -0.7609109   0.35612655]]"
20200220-195621.505622,91,[0.58978236 0.02190219 0.00992154],"[[-0.4780322   0.17297173 -0.76199716]
 [ 0.52589095  0.13987902  0.13754243]
 [ 0.5332349  -0.62606287 -0.5510923 ]
 [-0.45889476 -0.74736863  0.3110298 ]]","[[ 0.58538777  0.64602226  0.489874  ]
 [ 0.6024468   0.05774979 -0.7960672 ]
 [ 0.5425672  -0.76113087  0.35538796]]"
20200220-195621.505622,92,[0.5920822  0.02199227 0.00992591],"[[-0.478227    0.17552218 -0.76206714]
 [ 0.5256724   0.14198036  0.13682935]
 [ 0.5330427  -0.625723   -0.55203587]
 [-0.45916525 -0.746662    0.309496  ]]","[[ 0.5853807   0.6455695   0.4904789 ]
 [ 0.60240287  0.05856276 -0.79604095]
 [ 0.5426235  -0.7614528   0.35461146]]"
20200220-195621.505622,93,[0.5962272  0.02208345 0.0099303 ],"[[-0.47814935  0.17793244 -0.7621781 ]
 [ 0.525732    0.14418426  0.13632599]
 [ 0.53307915 -0.6252084  -0.5529027 ]
 [-0.45913598 -0.74610025  0.30789348]]","[[ 0.5853377   0.64516574  0.491061  ]
 [ 0.6022968   0.05946413 -0.7960544 ]
 [ 0.54278755 -0.76172507  0.35377476]]"
20200220-195621.505622,94,[0.5985661  0.02217605 0.00993424],"[[-0.4783592   0.1804319  -0.7622901 ]
 [ 0.52544814  0.14634748  0.13555777]
 [ 0.5329459  -0.6248506  -0.5537996 ]
 [-0.45939726 -0.74537814  0.3063399 ]]","[[ 0.5853293   0.64471114  0.49166775]
 [ 0.60225374  0.06028028 -0.79602563]
 [ 0.54284436 -0.76204586  0.35299596]]"
20200220-195621.505622,95,[0.59989434 0.02226707 0.00993868],"[[-0.47863978  0.18301092 -0.76224995]
 [ 0.52518857  0.14831124  0.13489406]
 [ 0.53260183 -0.624585   -0.5548061 ]
 [-0.45980066 -0.7445835   0.30490863]]","[[ 0.58534193  0.6442514   0.4922549 ]
 [ 0.6022434   0.06100979 -0.79597795]
 [ 0.5428422  -0.76237655  0.35228464]]"
20200220-195621.505622,96,[0.6040647  0.02235919 0.00994318],"[[-0.47856852  0.18541548 -0.76234883]
 [ 0.5252412   0.15048873  0.13438123]
 [ 0.53259933 -0.6240979  -0.55566305]
 [-0.45981696 -0.74395967  0.30332258]]","[[ 0.5853016   0.643877    0.49279252]
 [ 0.6021391   0.06185297 -0.79599166]
 [ 0.54300135 -0.76262474  0.351501  ]]"
20200220-195621.505622,97,[0.6092884  0.02244949 0.00994726],"[[-0.47832334  0.18776573 -0.7625248 ]
 [ 0.5254215   0.15269613  0.13392864]
 [ 0.53265977 -0.6236371  -0.55640393]
 [-0.45979595 -0.7433066   0.30171752]]","[[ 0.58524513  0.643588    0.49323675]
 [ 0.60200286  0.06263882 -0.79603314]
 [ 0.54321325 -0.7628043   0.3507828 ]]"
20200220-195621.505622,98,[0.61439645 0.02254352 0.00995116],"[[-0.4781008   0.19005528 -0.76268035]
 [ 0.52558124  0.15492323  0.13351044]
 [ 0.5327878  -0.6231028  -0.5571574 ]
 [-0.4596971  -0.7427116   0.30011505]]","[[ 0.5851888   0.6432521   0.4937415 ]
 [ 0.6018725   0.06349126 -0.7960643 ]
 [ 0.5434183  -0.76301736  0.35000142]]"
20200220-195621.505622,99,[0.62137127 0.02264088 0.00995487],"[[-0.47766364  0.1921877  -0.7629376 ]
 [ 0.52591527  0.15733252  0.13318962]
 [ 0.5332119  -0.62236524 -0.5578077 ]
 [-0.45927736 -0.7422748   0.29839113]]","[[ 0.585097    0.6429355   0.49426243]
 [ 0.60168487  0.06447272 -0.79612726]
 [ 0.543725   -0.7632019   0.34912178]]"
20200220-195621.505622,100,[0.62336725 0.02273738 0.00995877],"[[-0.47786218  0.19462593 -0.76291937]
 [ 0.5257002   0.15934515  0.13259663]
 [ 0.53299403 -0.62202126 -0.55873895]
 [-0.4595697  -0.74149823  0.29695603]]","[[ 0.58509696  0.64249504  0.49483508]
 [ 0.60165584  0.06522286 -0.79608816]
 [ 0.54375726 -0.7635091   0.34839913]]"
20200220-195621.505622,101,[0.62721145 0.02283741 0.00996299],"[[-0.47786325  0.196928   -0.76295537]
 [ 0.52568936  0.16150981  0.13213228]
 [ 0.5330459  -0.6214472  -0.5596203 ]
 [-0.459521   -0.74090314  0.2954069 ]]","[[ 0.5850623   0.64206004  0.4954401 ]
 [ 0.60157     0.06612061 -0.7960788 ]
 [ 0.54388916 -0.7637977   0.34755942]]"
20200220-195621.505622,102,[0.6300464  0.02294118 0.00996736],"[[-0.47806454  0.19924848 -0.76296246]
 [ 0.5254762   0.16368262  0.13152091]
 [ 0.5330541  -0.620867   -0.5605663 ]
 [-0.45954573 -0.740292    0.29386455]]","[[ 0.5850424   0.6415599   0.49611118]
 [ 0.60151494  0.06704625 -0.79604316]
 [ 0.54397166 -0.76413727  0.3466829 ]]"
20200220-195621.505622,103,[0.6338422  0.02303932 0.00997191],"[[-0.47807115  0.20160216 -0.7629967 ]
 [ 0.52546185  0.16576181  0.13100755]
 [ 0.5329706  -0.620419   -0.5614287 ]
 [-0.45965222 -0.73956746  0.29235393]]","[[ 0.58501345  0.6411917   0.49662092]
 [ 0.6014313   0.06781914 -0.7960407 ]
 [ 0.5440952  -0.7643779   0.34595764]]"
20200220-195621.505622,104,[0.63571376 0.02314227 0.00997487],"[[-0.4782611   0.20388767 -0.7629846 ]
 [ 0.5252117   0.16776837  0.13045871]
 [ 0.53283274 -0.62004185 -0.5622926 ]
 [-0.4599003  -0.7388041   0.2909681 ]]","[[ 0.58501256  0.6407358   0.4972101 ]
 [ 0.6014079   0.06858447 -0.79599285]
 [ 0.54412204 -0.7646918   0.34522086]]"
20200220-195621.505622,105,[0.6416376  0.02324159 0.00997776],"[[-0.47786742  0.20600304 -0.7631468 ]
 [ 0.5255076   0.16993752  0.13022828]
 [ 0.5330397  -0.61950696 -0.5629172 ]
 [-0.459732   -0.7381702   0.28943363]]","[[ 0.5849477   0.6404604   0.4976412 ]
 [ 0.60126454  0.06937263 -0.79603297]
 [ 0.5443502  -0.7648517   0.34450674]]"
20200220-195621.505622,106,[0.6444283  0.02333806 0.00998069],"[[-0.47784162  0.20833507 -0.7631398 ]
 [ 0.525482    0.17180984  0.12982638]
 [ 0.53277177 -0.61929595 -0.5636976 ]
 [-0.4600983  -0.73725873  0.2881109 ]]","[[ 0.5849411   0.6401529   0.49804443]
 [ 0.60121655  0.06994677 -0.79601896]
 [ 0.54441047 -0.76505667  0.34395576]]"
20200220-195621.505622,107,[0.6502662 0.0234427 0.0099848],"[[-0.47761112  0.21045612 -0.7632621 ]
 [ 0.5256623   0.17405595  0.12947448]
 [ 0.5330263  -0.6186176  -0.5644302 ]
 [-0.45983648 -0.73669875  0.28650653]]","[[ 0.58487654  0.63980776  0.4985633 ]
 [ 0.60107774  0.07083768 -0.7960449 ]
 [ 0.5446328  -0.76526326  0.34314296]]"
20200220-195621.505622,108,[0.6539185  0.02354824 0.00998892],"[[-0.47763917  0.21268189 -0.76324755]
 [ 0.52563083  0.17611405  0.12904297]
 [ 0.53301036 -0.618092   -0.56528753]
 [-0.45986196 -0.7360113   0.28504598]]","[[ 0.5848493   0.63940394  0.49911308]
 [ 0.6010046   0.07164613 -0.7960279 ]
 [ 0.5447428  -0.76552564  0.3423826 ]]"
20200220-195621.505622,109,[0.6566169  0.02365468 0.00999168],"[[-0.47774056  0.21487099 -0.7632733 ]
 [ 0.52543586  0.17814803  0.12852997]
 [ 0.5329476  -0.6176875  -0.5660715 ]
 [-0.46005255 -0.7352253   0.28365082]]","[[ 0.5848373   0.6390011   0.4996431 ]
 [ 0.6009603   0.07237775 -0.79599524]
 [ 0.54480475 -0.7657932   0.341685  ]]"
20200220-195621.505622,110,[0.659183   0.0237585  0.00999437],"[[-0.47777534  0.21709597 -0.7632243 ]
 [ 0.5253566   0.18003976  0.1281589 ]
 [ 0.53276193 -0.61737037 -0.56687135]
 [-0.46032164 -0.73437667  0.28234896]]","[[ 0.5848308   0.6386395   0.5001126 ]
 [ 0.60092074  0.07302352 -0.79596615]
 [ 0.5448554  -0.7660335   0.34106526]]"
20200220-195621.505622,111,[0.6628616  0.02386399 0.00999758],"[[-0.47772342  0.21927617 -0.7632213 ]
 [ 0.52536356  0.18203874  0.12780388]
 [ 0.5327164  -0.61693156 -0.5676478 ]
 [-0.46042034 -0.73360443  0.28095397]]","[[ 0.58480626  0.6382907   0.50058615]
 [ 0.60084975  0.07373286 -0.79595417]
 [ 0.54495984 -0.766256    0.34039742]]"
20200220-195621.505622,112,[0.6641142  0.02397157 0.0100013 ],"[[-0.4779945   0.22156882 -0.76302916]
 [ 0.52514017  0.18384656  0.1273658 ]
 [ 0.5323884  -0.6165931  -0.5686174 ]
 [-0.46077272 -0.7327482   0.27971113]]","[[ 0.58481973  0.63785326  0.5011277 ]
 [ 0.60084593  0.07440308 -0.79589456]
 [ 0.5449495  -0.76655537  0.33973914]]"
20200220-195621.505622,113,[0.66428924 0.02408038 0.010005  ],"[[-0.47842067  0.22390035 -0.76279724]
 [ 0.5247602   0.18561526  0.12682298]
 [ 0.531957   -0.61631024 -0.5696383 ]
 [-0.4612614  -0.73183143  0.27851146]]","[[ 0.58484966  0.6373884   0.50168407]
 [ 0.60087144  0.07503847 -0.7958159 ]
 [ 0.54488945 -0.7668802   0.33910218]]"
20200220-195621.505622,114,[0.66683775 0.02419206 0.01000793],"[[-0.4785309   0.22602066 -0.76274115]
 [ 0.5246044   0.18756892  0.12640508]
 [ 0.5318738  -0.6158683  -0.5704522 ]
 [-0.46142012 -0.7310532   0.27718607]]","[[ 0.5848395   0.63698107  0.50221294]
 [ 0.60083234  0.075762   -0.7957768 ]
 [ 0.5449434  -0.7671474   0.3384102 ]]"
20200220-195621.505622,115,[0.67036366 0.02430644 0.01001079],"[[-0.47852084  0.22803462 -0.76271397]
 [ 0.5245698   0.18958716  0.12609363]
 [ 0.53195107 -0.61530954 -0.5712168 ]
 [-0.4613809  -0.7303775   0.27582428]]","[[ 0.5848113   0.63657963  0.50275445]
 [ 0.60076505  0.07655527 -0.7957516 ]
 [ 0.5450478  -0.7674018   0.3376644 ]]"
20200220-195621.505622,116,[0.67388314 0.02442017 0.01001405],"[[-0.4785562   0.23009785 -0.76268727]
 [ 0.5244915   0.1916086   0.12570651]
 [ 0.5319748  -0.61477876 -0.57200164]
 [-0.4614059  -0.72964936  0.2744445 ]]","[[ 0.5847863   0.63619506  0.50327003]
 [ 0.6006999   0.077311   -0.7957277 ]
 [ 0.5451464  -0.76764494  0.33695194]]"
